{
    "animation": [
        {
            "name": "Root",
            "time": [0.0, 0.0167, 0.0333, 0.05, 0.0667, 0.0833, 0.1, 0.1167, 0.1333, 0.15, 0.1667, 0.1833, 0.2, 0.2167, 0.2333, 0.25, 0.2667, 0.2833, 0.3, 0.3167, 0.3333, 0.35, 0.3667, 0.3833, 0.4, 0.4167, 0.4333, 0.45, 0.4667, 0.4833, 0.5, 0.5167, 0.5333, 0.55, 0.5667, 0.5833, 0.6, 0.6167, 0.6333, 0.65, 0.6667, 0.6833, 0.7, 0.7167, 0.7333, 0.75, 0.7667, 0.7833, 0.8, 0.8167, 0.8333, 0.85, 0.8667, 0.8833, 0.9, 0.9167, 0.9333, 0.95, 0.9667, 0.9833, 1.0],
            "transform": [
                [0.901956, 0.0, 0.431828, -5e-06, 0.431828, 0.0, -0.901956, 0.000946, 0.0, 1.0, 0.0, 0.757621, 0.0, 0.0, 0.0, 1.0],
                [0.905179, 0.0, 0.42503, -5e-06, 0.42503, 0.0, -0.905179, 0.000946, 0.0, 1.0, 0.0, 0.757621, 0.0, 0.0, 0.0, 1.0],
                [0.914637, 0.0, 0.404276, -5e-06, 0.404276, 0.0, -0.914637, 0.000946, 0.0, 1.0, 0.0, 0.757621, 0.0, 0.0, 0.0, 1.0],
                [0.929395, 0.0, 0.369086, -5e-06, 0.369086, 0.0, -0.929395, 0.000946, 0.0, 1.0, 0.0, 0.757621, 0.0, 0.0, 0.0, 1.0],
                [0.947637, 0.0, 0.319351, -5e-06, 0.319351, 0.0, -0.947637, 0.000946, 0.0, 1.0, 0.0, 0.757621, 0.0, 0.0, 0.0, 1.0],
                [0.966732, 0.0, 0.255792, -5e-06, 0.255792, 0.0, -0.966732, 0.000946, 0.0, 1.0, 0.0, 0.757621, 0.0, 0.0, 0.0, 1.0],
                [0.983584, 0.0, 0.180449, -5e-06, 0.180449, 0.0, -0.983584, 0.000946, 0.0, 1.0, 0.0, 0.757621, 0.0, 0.0, 0.0, 1.0],
                [0.99529, 0.0, 0.096945, -5e-06, 0.096945, 0.0, -0.99529, 0.000946, 0.0, 1.0, 0.0, 0.757621, 0.0, 0.0, 0.0, 1.0],
                [0.999947, 0.0, 0.010261, -5e-06, 0.010261, 0.0, -0.999947, 0.000946, 0.0, 1.0, 0.0, 0.757621, 0.0, 0.0, 0.0, 1.0],
                [0.997257, 0.0, -0.074017, -5e-06, -0.074017, 0.0, -0.997257, 0.000946, 0.0, 1.0, 0.0, 0.757621, 0.0, 0.0, 0.0, 1.0],
                [0.988575, 0.0, -0.150732, -5e-06, -0.150732, 0.0, -0.988575, 0.000946, 0.0, 1.0, 0.0, 0.757621, 0.0, 0.0, 0.0, 1.0],
                [0.9764, 0.0, -0.215971, -5e-06, -0.215971, 0.0, -0.9764, 0.000946, 0.0, 1.0, 0.0, 0.757621, 0.0, 0.0, 0.0, 1.0],
                [0.963593, 0.0, -0.267374, -5e-06, -0.267374, 0.0, -0.963593, 0.000946, 0.0, 1.0, 0.0, 0.757621, 0.0, 0.0, 0.0, 1.0],
                [0.95269, 0.0, -0.303943, -5e-06, -0.303943, 0.0, -0.95269, 0.000946, 0.0, 1.0, 0.0, 0.757621, 0.0, 0.0, 0.0, 1.0],
                [0.945511, 0.0, -0.325591, -5e-06, -0.325591, 0.0, -0.945511, 0.000946, 0.0, 1.0, 0.0, 0.757621, 0.0, 0.0, 0.0, 1.0],
                [0.943034, 0.0, -0.332695, -5e-06, -0.332695, 0.0, -0.943034, 0.000946, 0.0, 1.0, 0.0, 0.757621, 0.0, 0.0, 0.0, 1.0],
                [0.946717, 0.0, -0.322066, -5e-06, -0.322066, 0.0, -0.946717, 0.005027, 0.0, 1.0, 0.0, 0.756129, 0.0, 0.0, 0.0, 1.0],
                [0.957221, 0.0, -0.289358, -5e-06, -0.289358, 0.0, -0.957221, 0.017361, 0.0, 1.0, 0.0, 0.75162, 0.0, 0.0, 0.0, 1.0],
                [0.972428, 0.0, -0.233205, -5e-06, -0.233205, 0.0, -0.972428, 0.037885, 0.0, 1.0, 0.0, 0.744115, 0.0, 0.0, 0.0, 1.0],
                [0.988277, 0.0, -0.152671, -5e-06, -0.152671, 0.0, -0.988277, 0.066171, 0.0, 1.0, 0.0, 0.733773, 0.0, 0.0, 0.0, 1.0],
                [0.998828, 0.0, -0.048406, -5e-06, -0.048406, 0.0, -0.998828, 0.101326, 0.0, 1.0, 0.0, 0.720919, 0.0, 0.0, 0.0, 1.0],
                [0.997109, 0.0, 0.075986, -5e-06, 0.075986, 0.0, -0.997109, 0.14193, 0.0, 1.0, 0.0, 0.706073, 0.0, 0.0, 0.0, 1.0],
                [0.977028, 0.0, 0.21311, -5e-06, 0.21311, 0.0, -0.977028, 0.186054, 0.0, 1.0, 0.0, 0.689939, 0.0, 0.0, 0.0, 1.0],
                [0.935831, 0.0, 0.352448, -5e-06, 0.352448, 0.0, -0.935831, 0.231398, 0.0, 1.0, 0.0, 0.67336, 0.0, 0.0, 0.0, 1.0],
                [0.875716, 0.0, 0.482827, -5e-06, 0.482827, 0.0, -0.875716, 0.275523, 0.0, 1.0, 0.0, 0.657226, 0.0, 0.0, 0.0, 1.0],
                [0.803349, 0.0, 0.595509, -5e-06, 0.595509, 0.0, -0.803349, 0.316126, 0.0, 1.0, 0.0, 0.64238, 0.0, 0.0, 0.0, 1.0],
                [0.727521, 0.0, 0.686086, -5e-06, 0.686086, 0.0, -0.727521, 0.351282, 0.0, 1.0, 0.0, 0.629526, 0.0, 0.0, 0.0, 1.0],
                [0.656496, 0.0, 0.754329, -5e-06, 0.754329, 0.0, -0.656496, 0.379567, 0.0, 1.0, 0.0, 0.619184, 0.0, 0.0, 0.0, 1.0],
                [0.596414, 0.0, 0.802677, -5e-06, 0.802677, 0.0, -0.596414, 0.400091, 0.0, 1.0, 0.0, 0.611679, 0.0, 0.0, 0.0, 1.0],
                [0.550986, 0.0, 0.834515, -5e-06, 0.834515, 0.0, -0.550986, 0.412426, 0.0, 1.0, 0.0, 0.607169, 0.0, 0.0, 0.0, 1.0],
                [0.521967, 0.0, 0.852966, -5e-06, 0.852966, 0.0, -0.521967, 0.416506, 0.0, 1.0, 0.0, 0.605678, 0.0, 0.0, 0.0, 1.0],
                [0.502217, 0.0, 0.864741, -5e-06, 0.864741, 0.0, -0.502217, 0.416506, 0.0, 1.0, 0.0, 0.605678, 0.0, 0.0, 0.0, 1.0],
                [0.484462, 0.0, 0.874812, -5e-06, 0.874812, 0.0, -0.484462, 0.416506, 0.0, 1.0, 0.0, 0.605678, 0.0, 0.0, 0.0, 1.0],
                [0.469199, 0.0, 0.883093, -5e-06, 0.883093, 0.0, -0.469199, 0.416506, 0.0, 1.0, 0.0, 0.605678, 0.0, 0.0, 0.0, 1.0],
                [0.456837, 0.0, 0.889551, -5e-06, 0.889551, 0.0, -0.456837, 0.416506, 0.0, 1.0, 0.0, 0.605678, 0.0, 0.0, 0.0, 1.0],
                [0.447559, 0.0, 0.894254, -5e-06, 0.894254, 0.0, -0.447559, 0.416506, 0.0, 1.0, 0.0, 0.605678, 0.0, 0.0, 0.0, 1.0],
                [0.441219, 0.0, 0.8974, -5e-06, 0.8974, 0.0, -0.441219, 0.416506, 0.0, 1.0, 0.0, 0.605678, 0.0, 0.0, 0.0, 1.0],
                [0.437355, 0.0, 0.899289, -5e-06, 0.899289, 0.0, -0.437355, 0.416506, 0.0, 1.0, 0.0, 0.605678, 0.0, 0.0, 0.0, 1.0],
                [0.43533, 0.0, 0.900271, -5e-06, 0.900271, 0.0, -0.43533, 0.416506, 0.0, 1.0, 0.0, 0.605678, 0.0, 0.0, 0.0, 1.0],
                [0.434496, 0.0, 0.900674, -5e-06, 0.900674, 0.0, -0.434496, 0.416506, 0.0, 1.0, 0.0, 0.605678, 0.0, 0.0, 0.0, 1.0],
                [0.434315, 0.0, 0.900761, -5e-06, 0.900761, 0.0, -0.434315, 0.416506, 0.0, 1.0, 0.0, 0.605678, 0.0, 0.0, 0.0, 1.0],
                [0.437601, 0.0, 0.899169, -5e-06, 0.899169, 0.0, -0.437601, 0.416506, 0.0, 1.0, 0.0, 0.606515, 0.0, 0.0, 0.0, 1.0],
                [0.447509, 0.0, 0.89428, -5e-06, 0.89428, 0.0, -0.447509, 0.416506, 0.0, 1.0, 0.0, 0.609046, 0.0, 0.0, 0.0, 1.0],
                [0.463992, 0.0, 0.885839, -5e-06, 0.885839, 0.0, -0.463992, 0.416506, 0.0, 1.0, 0.0, 0.613278, 0.0, 0.0, 0.0, 1.0],
                [0.486802, 0.0, 0.873512, -5e-06, 0.873512, 0.0, -0.486802, 0.416506, 0.0, 1.0, 0.0, 0.619184, 0.0, 0.0, 0.0, 1.0],
                [0.515433, 0.0, 0.85693, -5e-06, 0.85693, 0.0, -0.515433, 0.416506, 0.0, 1.0, 0.0, 0.626689, 0.0, 0.0, 0.0, 1.0],
                [0.549085, 0.0, 0.835767, -5e-06, 0.835767, 0.0, -0.549085, 0.416506, 0.0, 1.0, 0.0, 0.635667, 0.0, 0.0, 0.0, 1.0],
                [0.586647, 0.0, 0.809843, -5e-06, 0.809843, 0.0, -0.586647, 0.416506, 0.0, 1.0, 0.0, 0.645929, 0.0, 0.0, 0.0, 1.0],
                [0.626728, 0.0, 0.779238, -5e-06, 0.779238, 0.0, -0.626728, 0.416506, 0.0, 1.0, 0.0, 0.657226, 0.0, 0.0, 0.0, 1.0],
                [0.667749, 0.0, 0.744387, -5e-06, 0.744387, 0.0, -0.667749, 0.416506, 0.0, 1.0, 0.0, 0.66925, 0.0, 0.0, 0.0, 1.0],
                [0.708082, 0.0, 0.70613, -5e-06, 0.70613, 0.0, -0.708082, 0.416506, 0.0, 1.0, 0.0, 0.681649, 0.0, 0.0, 0.0, 1.0],
                [0.746227, 0.0, 0.665692, -5e-06, 0.665692, 0.0, -0.746227, 0.416506, 0.0, 1.0, 0.0, 0.694049, 0.0, 0.0, 0.0, 1.0],
                [0.780965, 0.0, 0.624575, -5e-06, 0.624575, 0.0, -0.780965, 0.416506, 0.0, 1.0, 0.0, 0.706073, 0.0, 0.0, 0.0, 1.0],
                [0.811459, 0.0, 0.58441, -5e-06, 0.58441, 0.0, -0.811459, 0.416506, 0.0, 1.0, 0.0, 0.717369, 0.0, 0.0, 0.0, 1.0],
                [0.837279, 0.0, 0.546776, -5e-06, 0.546776, 0.0, -0.837279, 0.416506, 0.0, 1.0, 0.0, 0.727632, 0.0, 0.0, 0.0, 1.0],
                [0.858349, 0.0, 0.513066, -5e-06, 0.513066, 0.0, -0.858349, 0.416506, 0.0, 1.0, 0.0, 0.73661, 0.0, 0.0, 0.0, 1.0],
                [0.874853, 0.0, 0.484389, -5e-06, 0.484389, 0.0, -0.874853, 0.416506, 0.0, 1.0, 0.0, 0.744115, 0.0, 0.0, 0.0, 1.0],
                [0.887116, 0.0, 0.461546, -5e-06, 0.461546, 0.0, -0.887116, 0.416506, 0.0, 1.0, 0.0, 0.750021, 0.0, 0.0, 0.0, 1.0],
                [0.895511, 0.0, 0.445039, -5e-06, 0.445039, 0.0, -0.895511, 0.416506, 0.0, 1.0, 0.0, 0.754253, 0.0, 0.0, 0.0, 1.0],
                [0.900374, 0.0, 0.435118, -5e-06, 0.435118, 0.0, -0.900374, 0.416506, 0.0, 1.0, 0.0, 0.756784, 0.0, 0.0, 0.0, 1.0],
                [0.901956, 0.0, 0.431828, -5e-06, 0.431828, 0.0, -0.901956, 0.416506, 0.0, 1.0, 0.0, 0.757621, 0.0, 0.0, 0.0, 1.0]
            ]
        },
        {
            "name": "Thigh_R",
            "time": [0.0, 0.0167, 0.0333, 0.05, 0.0667, 0.0833, 0.1, 0.1167, 0.1333, 0.15, 0.1667, 0.1833, 0.2, 0.2167, 0.2333, 0.25, 0.2667, 0.2833, 0.3, 0.3167, 0.3333, 0.35, 0.3667, 0.3833, 0.4, 0.4167, 0.4333, 0.45, 0.4667, 0.4833, 0.5, 0.5167, 0.5333, 0.55, 0.5667, 0.5833, 0.6, 0.6167, 0.6333, 0.65, 0.6667, 0.6833, 0.7, 0.7167, 0.7333, 0.75, 0.7667, 0.7833, 0.8, 0.8167, 0.8333, 0.85, 0.8667, 0.8833, 0.9, 0.9167, 0.9333, 0.95, 0.9667, 0.9833, 1.0],
            "transform": [
                [0.994115, 0.092701, -0.056047, 0.124994, 0.09895, -0.987641, 0.12155, -0.002831, -0.044087, -0.126381, -0.991002, -1.2e-05, 0.0, 0.0, 0.0, 1.0],
                [0.994115, 0.092701, -0.056047, 0.124994, 0.09895, -0.987641, 0.12155, -0.002831, -0.044087, -0.12638, -0.991001, -1.2e-05, 0.0, 0.0, 0.0, 1.0],
                [0.994115, 0.092701, -0.056047, 0.124994, 0.09895, -0.987641, 0.121549, -0.002831, -0.044087, -0.12638, -0.991002, -1.2e-05, 0.0, 0.0, 0.0, 1.0],
                [0.994115, 0.092701, -0.056048, 0.124994, 0.09895, -0.98764, 0.121552, -0.002831, -0.044087, -0.126382, -0.991001, -1.2e-05, 0.0, 0.0, 0.0, 1.0],
                [0.994115, 0.092701, -0.056048, 0.124994, 0.09895, -0.98764, 0.121552, -0.002831, -0.044087, -0.126382, -0.991001, -1.2e-05, 0.0, 0.0, 0.0, 1.0],
                [0.994115, 0.092701, -0.056047, 0.124994, 0.09895, -0.987641, 0.121551, -0.002831, -0.044087, -0.126381, -0.991002, -1.2e-05, 0.0, 0.0, 0.0, 1.0],
                [0.994115, 0.092701, -0.056048, 0.124994, 0.09895, -0.98764, 0.121552, -0.002831, -0.044087, -0.126383, -0.991002, -1.2e-05, 0.0, 0.0, 0.0, 1.0],
                [0.994115, 0.092701, -0.056047, 0.124994, 0.09895, -0.987641, 0.121551, -0.002831, -0.044087, -0.126381, -0.991002, -1.2e-05, 0.0, 0.0, 0.0, 1.0],
                [0.994115, 0.092701, -0.056047, 0.124994, 0.09895, -0.987641, 0.121549, -0.002831, -0.044087, -0.12638, -0.991002, -1.2e-05, 0.0, 0.0, 0.0, 1.0],
                [0.994115, 0.092701, -0.056047, 0.124994, 0.09895, -0.987641, 0.121551, -0.002831, -0.044087, -0.126381, -0.991001, -1.2e-05, 0.0, 0.0, 0.0, 1.0],
                [0.994115, 0.092701, -0.056048, 0.124994, 0.09895, -0.98764, 0.121552, -0.002831, -0.044087, -0.126382, -0.991001, -1.2e-05, 0.0, 0.0, 0.0, 1.0],
                [0.994115, 0.092701, -0.056048, 0.124994, 0.09895, -0.98764, 0.121552, -0.002831, -0.044087, -0.126382, -0.991002, -1.2e-05, 0.0, 0.0, 0.0, 1.0],
                [0.994115, 0.092701, -0.056047, 0.124994, 0.09895, -0.987641, 0.12155, -0.002831, -0.044087, -0.126381, -0.991002, -1.2e-05, 0.0, 0.0, 0.0, 1.0],
                [0.994115, 0.092701, -0.056048, 0.124994, 0.09895, -0.98764, 0.121552, -0.002831, -0.044087, -0.126383, -0.991001, -1.2e-05, 0.0, 0.0, 0.0, 1.0],
                [0.994115, 0.092701, -0.056047, 0.124994, 0.09895, -0.987641, 0.121551, -0.002831, -0.044087, -0.126381, -0.991002, -1.2e-05, 0.0, 0.0, 0.0, 1.0],
                [0.994115, 0.092701, -0.056047, 0.124994, 0.09895, -0.987641, 0.12155, -0.002831, -0.044087, -0.12638, -0.991002, -1.2e-05, 0.0, 0.0, 0.0, 1.0],
                [0.993745, 0.094431, -0.059609, 0.124994, 0.10228, -0.983922, 0.146413, -0.002831, -0.044824, -0.151594, -0.987426, -1.2e-05, 0.0, 0.0, 0.0, 1.0],
                [0.992681, 0.099981, -0.067733, 0.124994, 0.111194, -0.975535, 0.189649, -0.002831, -0.047115, -0.195792, -0.979513, -1.2e-05, 0.0, 0.0, 0.0, 1.0],
                [0.990857, 0.109446, -0.078889, 0.124994, 0.124942, -0.965023, 0.230476, -0.002831, -0.050905, -0.238225, -0.969875, -1.2e-05, 0.0, 0.0, 0.0, 1.0],
                [0.988116, 0.122708, -0.092567, 0.124994, 0.14316, -0.953944, 0.26362, -0.002831, -0.055956, -0.273739, -0.960175, -1.2e-05, 0.0, 0.0, 0.0, 1.0],
                [0.984291, 0.139629, -0.108047, 0.124994, 0.165352, -0.943561, 0.286969, -0.002831, -0.06188, -0.300327, -0.951827, -1.2e-05, 0.0, 0.0, 0.0, 1.0],
                [0.979264, 0.16002, -0.124236, 0.124994, 0.190765, -0.934791, 0.299624, -0.002831, -0.068188, -0.317111, -0.945934, -1.2e-05, 0.0, 0.0, 0.0, 1.0],
                [0.973032, 0.183504, -0.13977, 0.124994, 0.218357, -0.928074, 0.301658, -0.002831, -0.074361, -0.324043, -0.943116, -1.2e-05, 0.0, 0.0, 0.0, 1.0],
                [0.965754, 0.209354, -0.153264, 0.124994, 0.246839, -0.923337, 0.294143, -0.002831, -0.079935, -0.321901, -0.943392, -1.2e-05, 0.0, 0.0, 0.0, 1.0],
                [0.95778, 0.236364, -0.163673, 0.124994, 0.274778, -0.920058, 0.279267, -0.002831, -0.08458, -0.31245, -0.946161, -1.2e-05, 0.0, 0.0, 0.0, 1.0],
                [0.949621, 0.262924, -0.170559, 0.124994, 0.300747, -0.917586, 0.259975, -0.002831, -0.088149, -0.298173, -0.950433, -1.2e-05, 0.0, 0.0, 0.0, 1.0],
                [0.941883, 0.287225, -0.174235, 0.124994, 0.323474, -0.915394, 0.239622, -0.002831, -0.090668, -0.282056, -0.955104, -1.2e-05, 0.0, 0.0, 0.0, 1.0],
                [0.93518, 0.30766, -0.175453, 0.124994, 0.341935, -0.913392, 0.220896, -0.002831, -0.092297, -0.266571, -0.959386, -1.2e-05, 0.0, 0.0, 0.0, 1.0],
                [0.930037, 0.322952, -0.175307, 0.124994, 0.355437, -0.911684, 0.206147, -0.002831, -0.093249, -0.254035, -0.962689, -1.2e-05, 0.0, 0.0, 0.0, 1.0],
                [0.92683, 0.332323, -0.17478, 0.124994, 0.363596, -0.910522, 0.196845, -0.002831, -0.093725, -0.245992, -0.96473, -1.2e-05, 0.0, 0.0, 0.0, 1.0],
                [0.925749, 0.335451, -0.174531, 0.124994, 0.366303, -0.910111, 0.193699, -0.002831, -0.093867, -0.243248, -0.965412, -1.2e-05, 0.0, 0.0, 0.0, 1.0],
                [0.925749, 0.335451, -0.174532, 0.124994, 0.366303, -0.910111, 0.193699, -0.002831, -0.093866, -0.243248, -0.965412, -1.2e-05, 0.0, 0.0, 0.0, 1.0],
                [0.925749, 0.335451, -0.174532, 0.124994, 0.366302, -0.910111, 0.193699, -0.002831, -0.093867, -0.243248, -0.965411, -1.2e-05, 0.0, 0.0, 0.0, 1.0],
                [0.925749, 0.335451, -0.174531, 0.124994, 0.366303, -0.910111, 0.193699, -0.002831, -0.093867, -0.243248, -0.965412, -1.2e-05, 0.0, 0.0, 0.0, 1.0],
                [0.925749, 0.335451, -0.174531, 0.124994, 0.366303, -0.910111, 0.193699, -0.002831, -0.093867, -0.243248, -0.965412, -1.2e-05, 0.0, 0.0, 0.0, 1.0],
                [0.925749, 0.335451, -0.174532, 0.124994, 0.366302, -0.910111, 0.193699, -0.002831, -0.093867, -0.243248, -0.965411, -1.2e-05, 0.0, 0.0, 0.0, 1.0],
                [0.925749, 0.335451, -0.174531, 0.124994, 0.366302, -0.910111, 0.193699, -0.002831, -0.093867, -0.243248, -0.965411, -1.2e-05, 0.0, 0.0, 0.0, 1.0],
                [0.925749, 0.335451, -0.174531, 0.124994, 0.366302, -0.910111, 0.193699, -0.002831, -0.093867, -0.243248, -0.965412, -1.2e-05, 0.0, 0.0, 0.0, 1.0],
                [0.925749, 0.335451, -0.174531, 0.124994, 0.366303, -0.910111, 0.193699, -0.002831, -0.093867, -0.243248, -0.965411, -1.2e-05, 0.0, 0.0, 0.0, 1.0],
                [0.925749, 0.335451, -0.174531, 0.124994, 0.366302, -0.910112, 0.193699, -0.002831, -0.093867, -0.243248, -0.965412, -1.2e-05, 0.0, 0.0, 0.0, 1.0],
                [0.925749, 0.335451, -0.174531, 0.124994, 0.366302, -0.910112, 0.193699, -0.002831, -0.093867, -0.243248, -0.965412, -1.2e-05, 0.0, 0.0, 0.0, 1.0],
                [0.926357, 0.333693, -0.174676, 0.124994, 0.364783, -0.910343, 0.195469, -0.002831, -0.093788, -0.244793, -0.965029, -1.2e-05, 0.0, 0.0, 0.0, 1.0],
                [0.928175, 0.328408, -0.17504, 0.124994, 0.360197, -0.911019, 0.200755, -0.002831, -0.093536, -0.249384, -0.963877, -1.2e-05, 0.0, 0.0, 0.0, 1.0],
                [0.931153, 0.319662, -0.175413, 0.124994, 0.352553, -0.91207, 0.209367, -0.002831, -0.093062, -0.256796, -0.961975, -1.2e-05, 0.0, 0.0, 0.0, 1.0],
                [0.93518, 0.30766, -0.175453, 0.124994, 0.341935, -0.913392, 0.220896, -0.002831, -0.092297, -0.266571, -0.959386, -1.2e-05, 0.0, 0.0, 0.0, 1.0],
                [0.940087, 0.292755, -0.174727, 0.124994, 0.328522, -0.914877, 0.234678, -0.002831, -0.091151, -0.27802, -0.956241, -1.2e-05, 0.0, 0.0, 0.0, 1.0],
                [0.94566, 0.275457, -0.172775, 0.124994, 0.312589, -0.916454, 0.2498, -0.002831, -0.089531, -0.290234, -0.952758, -1.2e-05, 0.0, 0.0, 0.0, 1.0],
                [0.951646, 0.256422, -0.169167, 0.124994, 0.294514, -0.918157, 0.265045, -0.002831, -0.087359, -0.302051, -0.949281, -1.2e-05, 0.0, 0.0, 0.0, 1.0],
                [0.95778, 0.236364, -0.163673, 0.124994, 0.274778, -0.920058, 0.279267, -0.002831, -0.08458, -0.31245, -0.946161, -1.2e-05, 0.0, 0.0, 0.0, 1.0],
                [0.963808, 0.216055, -0.156184, 0.124994, 0.253931, -0.922407, 0.291004, -0.002831, -0.081192, -0.320132, -0.943887, -1.2e-05, 0.0, 0.0, 0.0, 1.0],
                [0.969506, 0.196195, -0.146853, 0.124994, 0.232575, -0.925477, 0.298999, -0.002831, -0.077247, -0.324036, -0.942886, -1.2e-05, 0.0, 0.0, 0.0, 1.0],
                [0.974697, 0.177374, -0.136029, 0.124994, 0.211323, -0.929551, 0.302122, -0.002831, -0.072857, -0.323223, -0.943514, -1.2e-05, 0.0, 0.0, 0.0, 1.0],
                [0.979264, 0.16002, -0.124236, 0.124994, 0.190765, -0.934791, 0.299624, -0.002831, -0.068188, -0.317111, -0.945934, -1.2e-05, 0.0, 0.0, 0.0, 1.0],
                [0.983149, 0.144407, -0.112086, 0.124994, 0.171441, -0.941173, 0.291204, -0.002831, -0.06344, -0.305514, -0.950072, -1.2e-05, 0.0, 0.0, 0.0, 1.0],
                [0.986348, 0.130719, -0.100145, 0.124994, 0.153801, -0.948591, 0.276623, -0.002831, -0.058837, -0.288249, -0.955746, -1.2e-05, 0.0, 0.0, 0.0, 1.0],
                [0.988898, 0.119048, -0.088934, 0.124994, 0.138207, -0.956715, 0.256114, -0.002831, -0.054595, -0.265562, -0.962547, -1.2e-05, 0.0, 0.0, 0.0, 1.0],
                [0.990857, 0.109446, -0.078889, 0.124994, 0.124942, -0.965023, 0.230476, -0.002831, -0.050905, -0.238225, -0.969875, -1.2e-05, 0.0, 0.0, 0.0, 1.0],
                [0.992302, 0.101983, -0.07026, 0.124994, 0.114193, -0.973037, 0.200396, -0.002831, -0.047928, -0.206876, -0.977193, -1.2e-05, 0.0, 0.0, 0.0, 1.0],
                [0.993301, 0.096712, -0.063252, 0.124994, 0.106107, -0.980108, 0.167716, -0.002831, -0.045773, -0.173304, -0.983804, -1.2e-05, 0.0, 0.0, 0.0, 1.0],
                [0.993904, 0.093656, -0.058164, 0.124994, 0.100869, -0.985438, 0.13688, -0.002831, -0.044498, -0.141912, -0.988879, -1.2e-05, 0.0, 0.0, 0.0, 1.0],
                [0.994115, 0.092701, -0.056047, 0.124994, 0.09895, -0.987641, 0.12155, -0.002831, -0.044087, -0.126381, -0.991002, -1.2e-05, 0.0, 0.0, 0.0, 1.0]
            ]
        },
        {
            "name": "Leg_R",
            "time": [0.0, 0.0167, 0.0333, 0.05, 0.0667, 0.0833, 0.1, 0.1167, 0.1333, 0.15, 0.1667, 0.1833, 0.2, 0.2167, 0.2333, 0.25, 0.2667, 0.2833, 0.3, 0.3167, 0.3333, 0.35, 0.3667, 0.3833, 0.4, 0.4167, 0.4333, 0.45, 0.4667, 0.4833, 0.5, 0.5167, 0.5333, 0.55, 0.5667, 0.5833, 0.6, 0.6167, 0.6333, 0.65, 0.6667, 0.6833, 0.7, 0.7167, 0.7333, 0.75, 0.7667, 0.7833, 0.8, 0.8167, 0.8333, 0.85, 0.8667, 0.8833, 0.9, 0.9167, 0.9333, 0.95, 0.9667, 0.9833, 1.0],
            "transform": [
                [0.999992, -0.004059, -0.000341, 0.0, 0.004072, 0.993813, 0.11099, 0.374721, -0.000112, -0.11099, 0.993821, 0.0, 0.0, 0.0, 0.0, 1.0],
                [0.999992, -0.004059, -0.000341, -0.0, 0.004071, 0.993813, 0.110989, 0.374721, -0.000112, -0.110989, 0.993822, -0.0, 0.0, 0.0, 0.0, 1.0],
                [0.999992, -0.004059, -0.000341, 0.0, 0.004071, 0.993814, 0.110987, 0.374721, -0.000112, -0.110988, 0.993822, 0.0, 0.0, 0.0, 0.0, 1.0],
                [0.999992, -0.004059, -0.000341, 0.0, 0.004072, 0.993813, 0.110993, 0.374721, -0.000112, -0.110993, 0.993821, 0.0, 0.0, 0.0, 0.0, 1.0],
                [0.999992, -0.004059, -0.000341, 0.0, 0.004072, 0.993813, 0.110993, 0.374721, -0.000112, -0.110993, 0.993821, -0.0, 0.0, 0.0, 0.0, 1.0],
                [0.999992, -0.004059, -0.000341, -0.0, 0.004072, 0.993813, 0.110991, 0.374721, -0.000112, -0.110991, 0.993822, -0.0, 0.0, 0.0, 0.0, 1.0],
                [0.999992, -0.004059, -0.000341, 0.0, 0.004072, 0.993813, 0.110993, 0.374721, -0.000112, -0.110993, 0.993822, -0.0, 0.0, 0.0, 0.0, 1.0],
                [0.999992, -0.004059, -0.000341, -0.0, 0.004072, 0.993813, 0.110991, 0.374721, -0.000112, -0.110991, 0.993821, -0.0, 0.0, 0.0, 0.0, 1.0],
                [0.999992, -0.004059, -0.000341, -0.0, 0.004071, 0.993813, 0.110988, 0.374721, -0.000112, -0.110988, 0.993822, 0.0, 0.0, 0.0, 0.0, 1.0],
                [0.999992, -0.004059, -0.000341, -0.0, 0.004072, 0.993813, 0.110991, 0.374721, -0.000112, -0.110991, 0.993821, 0.0, 0.0, 0.0, 0.0, 1.0],
                [0.999992, -0.004059, -0.000341, 0.0, 0.004072, 0.993813, 0.110993, 0.374721, -0.000112, -0.110993, 0.993821, -0.0, 0.0, 0.0, 0.0, 1.0],
                [0.999992, -0.004059, -0.000341, 0.0, 0.004072, 0.993813, 0.110992, 0.374721, -0.000112, -0.110993, 0.993821, -0.0, 0.0, 0.0, 0.0, 1.0],
                [0.999992, -0.004059, -0.000341, 0.0, 0.004072, 0.993813, 0.11099, 0.374721, -0.000112, -0.11099, 0.993821, -0.0, 0.0, 0.0, 0.0, 1.0],
                [0.999992, -0.004059, -0.000341, -0.0, 0.004072, 0.993813, 0.110994, 0.374721, -0.000112, -0.110994, 0.993821, -0.0, 0.0, 0.0, 0.0, 1.0],
                [0.999992, -0.004059, -0.000341, 0.0, 0.004072, 0.993813, 0.11099, 0.374721, -0.000112, -0.110991, 0.993822, 0.0, 0.0, 0.0, 0.0, 1.0],
                [0.999992, -0.004059, -0.000341, -0.0, 0.004071, 0.993814, 0.110988, 0.374721, -0.000112, -0.110989, 0.993822, 0.0, 0.0, 0.0, 0.0, 1.0],
                [0.999981, -0.006098, -0.000627, 0.0, 0.006117, 0.98598, 0.16675, 0.374721, -0.000399, -0.166751, 0.985999, 0.0, 0.0, 0.0, 0.0, 1.0],
                [0.99995, -0.009888, -0.001477, 0.0, 0.009919, 0.962698, 0.270395, 0.374721, -0.001251, -0.270396, 0.962748, 0.0, 0.0, 0.0, 0.0, 1.0],
                [0.9999, -0.01386, -0.002844, 0.0, 0.013904, 0.925287, 0.379011, 0.374721, -0.002622, -0.379013, 0.925387, -0.0, 0.0, 0.0, 0.0, 1.0],
                [0.999835, -0.017588, -0.004623, -0.0, 0.017643, 0.876571, 0.480949, 0.374721, -0.004407, -0.480951, 0.876737, 0.0, 0.0, 0.0, 0.0, 1.0],
                [0.99976, -0.020885, -0.006667, 0.0, 0.020951, 0.820601, 0.571118, 0.374721, -0.006457, -0.571121, 0.820841, -0.0, 0.0, 0.0, 0.0, 1.0],
                [0.999681, -0.023658, -0.0088, 0.0, 0.023732, 0.762174, 0.646937, 0.374721, -0.008598, -0.64694, 0.762492, -0.0, 0.0, 0.0, 0.0, 1.0],
                [0.999606, -0.025874, -0.010844, 0.0, 0.025955, 0.706202, 0.707535, 0.374721, -0.010648, -0.707537, 0.706595, -0.0, 0.0, 0.0, 0.0, 1.0],
                [0.99954, -0.027552, -0.012643, -0.0, 0.027639, 0.656956, 0.753422, 0.374721, -0.012452, -0.753425, 0.657416, 0.0, 0.0, 0.0, 0.0, 1.0],
                [0.999487, -0.028756, -0.014098, 0.0, 0.028846, 0.617108, 0.786349, 0.374721, -0.013912, -0.786352, 0.617621, 0.0, 0.0, 0.0, 0.0, 1.0],
                [0.999447, -0.029573, -0.01518, 0.0, 0.029666, 0.587492, 0.808686, 0.374721, -0.014997, -0.808689, 0.588045, 0.0, 0.0, 0.0, 0.0, 1.0],
                [0.99942, -0.030101, -0.015926, 0.0, 0.030196, 0.567051, 0.823129, 0.374721, -0.015746, -0.823132, 0.567631, 0.0, 0.0, 0.0, 0.0, 1.0],
                [0.999403, -0.030415, -0.016389, 0.0, 0.030511, 0.554371, 0.83171, 0.374721, -0.016211, -0.831714, 0.554968, -0.0, 0.0, 0.0, 0.0, 1.0],
                [0.999394, -0.030588, -0.016651, 0.0, 0.030684, 0.547204, 0.836437, 0.374721, -0.016473, -0.83644, 0.54781, 0.0, 0.0, 0.0, 0.0, 1.0],
                [0.999388, -0.030671, -0.016778, -0.0, 0.030767, 0.543719, 0.838703, 0.374721, -0.016601, -0.838707, 0.54433, -0.0, 0.0, 0.0, 0.0, 1.0],
                [0.999387, -0.030695, -0.016816, -0.0, 0.030791, 0.542702, 0.83936, 0.374721, -0.016638, -0.839364, 0.543315, -0.0, 0.0, 0.0, 0.0, 1.0],
                [0.999387, -0.030695, -0.016815, -0.0, 0.030791, 0.542702, 0.839361, 0.374721, -0.016638, -0.839364, 0.543315, 0.0, 0.0, 0.0, 0.0, 1.0],
                [0.999387, -0.030695, -0.016816, 0.0, 0.030791, 0.542702, 0.839361, 0.374721, -0.016638, -0.839365, 0.543315, 0.0, 0.0, 0.0, 0.0, 1.0],
                [0.999387, -0.030695, -0.016816, 0.0, 0.030791, 0.542702, 0.839361, 0.374721, -0.016638, -0.839364, 0.543315, 0.0, 0.0, 0.0, 0.0, 1.0],
                [0.999387, -0.030695, -0.016815, 0.0, 0.030791, 0.542702, 0.839361, 0.374721, -0.016638, -0.839364, 0.543315, 0.0, 0.0, 0.0, 0.0, 1.0],
                [0.999387, -0.030695, -0.016816, 0.0, 0.030791, 0.542702, 0.839361, 0.374721, -0.016638, -0.839364, 0.543315, 0.0, 0.0, 0.0, 0.0, 1.0],
                [0.999387, -0.030695, -0.016815, 0.0, 0.030791, 0.542702, 0.839361, 0.374721, -0.016638, -0.839364, 0.543315, 0.0, 0.0, 0.0, 0.0, 1.0],
                [0.999387, -0.030695, -0.016816, 0.0, 0.030791, 0.542702, 0.839361, 0.374721, -0.016638, -0.839364, 0.543315, 0.0, 0.0, 0.0, 0.0, 1.0],
                [0.999388, -0.030695, -0.016816, -0.0, 0.030791, 0.542702, 0.839361, 0.374721, -0.016638, -0.839365, 0.543315, 0.0, 0.0, 0.0, 0.0, 1.0],
                [0.999387, -0.030694, -0.016816, 0.0, 0.030791, 0.542702, 0.839361, 0.374721, -0.016638, -0.839364, 0.543315, -0.0, 0.0, 0.0, 0.0, 1.0],
                [0.999387, -0.030695, -0.016816, 0.0, 0.030791, 0.542702, 0.83936, 0.374721, -0.016638, -0.839364, 0.543315, 0.0, 0.0, 0.0, 0.0, 1.0],
                [0.999388, -0.030681, -0.016795, 0.0, 0.030778, 0.543265, 0.838997, 0.374721, -0.016618, -0.839, 0.543876, -0.0, 0.0, 0.0, 0.0, 1.0],
                [0.999391, -0.030638, -0.016728, -0.0, 0.030734, 0.545094, 0.837812, 0.374721, -0.01655, -0.837815, 0.545703, 0.0, 0.0, 0.0, 0.0, 1.0],
                [0.999395, -0.030554, -0.016601, -0.0, 0.030651, 0.548587, 0.835531, 0.374721, -0.016422, -0.835535, 0.549192, 0.0, 0.0, 0.0, 0.0, 1.0],
                [0.999403, -0.030415, -0.016389, -0.0, 0.030511, 0.554371, 0.831711, 0.374721, -0.016211, -0.831714, 0.554968, -0.0, 0.0, 0.0, 0.0, 1.0],
                [0.999415, -0.030196, -0.016065, -0.0, 0.030291, 0.56325, 0.825731, 0.374721, -0.015885, -0.825734, 0.563835, -0.0, 0.0, 0.0, 0.0, 1.0],
                [0.999432, -0.02987, -0.015595, 0.0, 0.029964, 0.576116, 0.816818, 0.374721, -0.015414, -0.816822, 0.576684, -0.0, 0.0, 0.0, 0.0, 1.0],
                [0.999456, -0.0294, -0.014944, 0.0, 0.029493, 0.593942, 0.803967, 0.374721, -0.014761, -0.80397, 0.594486, 0.0, 0.0, 0.0, 0.0, 1.0],
                [0.999487, -0.028756, -0.014098, -0.0, 0.028846, 0.617108, 0.78635, 0.374721, -0.013912, -0.786353, 0.617621, -0.0, 0.0, 0.0, 0.0, 1.0],
                [0.999526, -0.027894, -0.013041, 0.0, 0.027982, 0.646057, 0.762777, 0.374721, -0.012852, -0.76278, 0.646531, 0.0, 0.0, 0.0, 0.0, 1.0],
                [0.999572, -0.026778, -0.011783, -0.0, 0.026862, 0.6805, 0.732256, 0.374721, -0.01159, -0.732259, 0.680928, 0.0, 0.0, 0.0, 0.0, 1.0],
                [0.999624, -0.025373, -0.010352, 0.0, 0.025452, 0.719688, 0.693831, 0.374721, -0.010154, -0.693835, 0.720063, 0.0, 0.0, 0.0, 0.0, 1.0],
                [0.999681, -0.023658, -0.008801, -0.0, 0.023732, 0.762174, 0.646937, 0.374721, -0.008598, -0.64694, 0.762492, -0.0, 0.0, 0.0, 0.0, 1.0],
                [0.99974, -0.021633, -0.007201, -0.0, 0.021701, 0.805962, 0.591571, 0.374721, -0.006993, -0.591573, 0.806221, 0.0, 0.0, 0.0, 0.0, 1.0],
                [0.999798, -0.019299, -0.005623, 0.0, 0.01936, 0.849177, 0.527754, 0.374721, -0.00541, -0.527756, 0.849379, -0.0, 0.0, 0.0, 0.0, 1.0],
                [0.999852, -0.016685, -0.004144, 0.0, 0.016738, 0.889683, 0.456273, 0.374721, -0.003926, -0.456274, 0.88983, -0.0, 0.0, 0.0, 0.0, 1.0],
                [0.9999, -0.01386, -0.002844, -0.0, 0.013904, 0.925288, 0.379011, 0.374721, -0.002622, -0.379012, 0.925388, -0.0, 0.0, 0.0, 0.0, 1.0],
                [0.999939, -0.010889, -0.001774, -0.0, 0.010923, 0.954578, 0.29776, 0.374721, -0.001549, -0.297761, 0.954639, -0.0, 0.0, 0.0, 0.0, 1.0],
                [0.999968, -0.007922, -0.000984, 0.0, 0.007947, 0.976219, 0.216641, 0.374721, -0.000756, -0.216642, 0.976251, 0.0, 0.0, 0.0, 0.0, 1.0],
                [0.999986, -0.005305, -0.000502, 0.0, 0.005322, 0.989407, 0.145072, 0.374721, -0.000273, -0.145073, 0.989421, -0.0, 0.0, 0.0, 0.0, 1.0],
                [0.999992, -0.004059, -0.000341, -0.0, 0.004072, 0.993813, 0.11099, 0.374721, -0.000112, -0.11099, 0.993821, -0.0, 0.0, 0.0, 0.0, 1.0]
            ]
        },
        {
            "name": "Knee_R",
            "time": [0.0, 0.0167, 0.0333, 0.05, 0.0667, 0.0833, 0.1, 0.1167, 0.1333, 0.15, 0.1667, 0.1833, 0.2, 0.2167, 0.2333, 0.25, 0.2667, 0.2833, 0.3, 0.3167, 0.3333, 0.35, 0.3667, 0.3833, 0.4, 0.4167, 0.4333, 0.45, 0.4667, 0.4833, 0.5, 0.5167, 0.5333, 0.55, 0.5667, 0.5833, 0.6, 0.6167, 0.6333, 0.65, 0.6667, 0.6833, 0.7, 0.7167, 0.7333, 0.75, 0.7667, 0.7833, 0.8, 0.8167, 0.8333, 0.85, 0.8667, 0.8833, 0.9, 0.9167, 0.9333, 0.95, 0.9667, 0.9833, 1.0],
            "transform": [
                [1.0, -5.7e-05, 5.7e-05, 0.0, 5.7e-05, 0.001565, -0.999999, 0.374721, 5.7e-05, 0.999999, 0.001565, 0.0, 0.0, 0.0, 0.0, 1.0],
                [1.0, -5.7e-05, 5.7e-05, -0.0, 5.7e-05, 0.001565, -0.999999, 0.374721, 5.7e-05, 0.999999, 0.001565, 0.0, 0.0, 0.0, 0.0, 1.0],
                [1.0, -5.7e-05, 5.7e-05, 0.0, 5.7e-05, 0.001565, -0.999999, 0.374721, 5.7e-05, 0.999999, 0.001565, 0.0, 0.0, 0.0, 0.0, 1.0],
                [1.0, -5.7e-05, 5.7e-05, 0.0, 5.7e-05, 0.001565, -0.999999, 0.374721, 5.7e-05, 0.999999, 0.001565, 0.0, 0.0, 0.0, 0.0, 1.0],
                [1.0, -5.7e-05, 5.7e-05, -0.0, 5.7e-05, 0.001565, -0.999999, 0.374721, 5.7e-05, 0.999999, 0.001565, -0.0, 0.0, 0.0, 0.0, 1.0],
                [1.0, -5.7e-05, 5.7e-05, -0.0, 5.7e-05, 0.001565, -0.999999, 0.374721, 5.7e-05, 0.999999, 0.001565, -0.0, 0.0, 0.0, 0.0, 1.0],
                [1.0, -5.7e-05, 5.7e-05, 0.0, 5.7e-05, 0.001565, -0.999999, 0.374721, 5.7e-05, 0.999999, 0.001565, -0.0, 0.0, 0.0, 0.0, 1.0],
                [1.0, -5.7e-05, 5.7e-05, 0.0, 5.7e-05, 0.001565, -0.999999, 0.374721, 5.7e-05, 0.999999, 0.001565, 0.0, 0.0, 0.0, 0.0, 1.0],
                [1.0, -5.7e-05, 5.7e-05, -0.0, 5.7e-05, 0.001565, -0.999999, 0.374721, 5.7e-05, 0.999999, 0.001565, 0.0, 0.0, 0.0, 0.0, 1.0],
                [1.0, -5.7e-05, 5.7e-05, -0.0, 5.7e-05, 0.001565, -0.999999, 0.374721, 5.7e-05, 0.999999, 0.001565, 0.0, 0.0, 0.0, 0.0, 1.0],
                [1.0, -5.7e-05, 5.7e-05, 0.0, 5.7e-05, 0.001565, -0.999999, 0.374721, 5.7e-05, 0.999999, 0.001565, -0.0, 0.0, 0.0, 0.0, 1.0],
                [1.0, -5.7e-05, 5.7e-05, 0.0, 5.7e-05, 0.001565, -0.999999, 0.374721, 5.7e-05, 0.999999, 0.001565, 0.0, 0.0, 0.0, 0.0, 1.0],
                [1.0, -5.7e-05, 5.7e-05, -0.0, 5.7e-05, 0.001565, -0.999999, 0.374721, 5.7e-05, 0.999999, 0.001565, 0.0, 0.0, 0.0, 0.0, 1.0],
                [1.0, -5.7e-05, 5.7e-05, -0.0, 5.7e-05, 0.001565, -0.999999, 0.374721, 5.7e-05, 0.999999, 0.001565, -0.0, 0.0, 0.0, 0.0, 1.0],
                [1.0, -5.7e-05, 5.7e-05, 0.0, 5.7e-05, 0.001565, -0.999999, 0.374721, 5.7e-05, 0.999999, 0.001565, 0.0, 0.0, 0.0, 0.0, 1.0],
                [1.0, -5.7e-05, 5.7e-05, -0.0, 5.7e-05, 0.001565, -0.999999, 0.374721, 5.7e-05, 0.999999, 0.001565, 0.0, 0.0, 0.0, 0.0, 1.0],
                [1.0, -5.7e-05, 5.7e-05, 0.0, 5.7e-05, 0.001565, -0.999999, 0.374721, 5.7e-05, 0.999999, 0.001565, 0.0, 0.0, 0.0, 0.0, 1.0],
                [1.0, -5.7e-05, 5.7e-05, 0.0, 5.7e-05, 0.001565, -0.999999, 0.374721, 5.7e-05, 0.999999, 0.001565, -0.0, 0.0, 0.0, 0.0, 1.0],
                [1.0, -5.7e-05, 5.7e-05, 0.0, 5.7e-05, 0.001565, -0.999999, 0.374721, 5.7e-05, 0.999999, 0.001565, -0.0, 0.0, 0.0, 0.0, 1.0],
                [1.0, -5.7e-05, 5.7e-05, 0.0, 5.7e-05, 0.001565, -0.999999, 0.374721, 5.7e-05, 0.999999, 0.001565, 0.0, 0.0, 0.0, 0.0, 1.0],
                [1.0, -5.7e-05, 5.7e-05, -0.0, 5.7e-05, 0.001565, -0.999999, 0.381695, 5.7e-05, 0.999999, 0.001565, -1.1e-05, 0.0, 0.0, 0.0, 1.0],
                [1.0, -5.7e-05, 5.7e-05, -1e-06, 5.7e-05, 0.001565, -0.999999, 0.389921, 5.7e-05, 0.999999, 0.001565, -2.4e-05, 0.0, 0.0, 0.0, 1.0],
                [1.0, -5.7e-05, 5.7e-05, -1e-06, 5.7e-05, 0.001565, -0.999999, 0.397009, 5.7e-05, 0.999999, 0.001565, -3.5e-05, 0.0, 0.0, 0.0, 1.0],
                [1.0, -5.7e-05, 5.7e-05, -2e-06, 5.7e-05, 0.001565, -0.999999, 0.402791, 5.7e-05, 0.999999, 0.001565, -4.4e-05, 0.0, 0.0, 0.0, 1.0],
                [1.0, -5.7e-05, 5.7e-05, -2e-06, 5.7e-05, 0.001565, -0.999999, 0.407231, 5.7e-05, 0.999999, 0.001565, -5.1e-05, 0.0, 0.0, 0.0, 1.0],
                [1.0, -5.7e-05, 5.7e-05, -2e-06, 5.7e-05, 0.001565, -0.999999, 0.410417, 5.7e-05, 0.999999, 0.001565, -5.6e-05, 0.0, 0.0, 0.0, 1.0],
                [1.0, -5.7e-05, 5.7e-05, -2e-06, 5.7e-05, 0.001565, -0.999999, 0.412566, 5.7e-05, 0.999999, 0.001565, -5.9e-05, 0.0, 0.0, 0.0, 1.0],
                [1.0, -5.7e-05, 5.7e-05, -2e-06, 5.7e-05, 0.001565, -0.999999, 0.413881, 5.7e-05, 0.999999, 0.001565, -6.1e-05, 0.0, 0.0, 0.0, 1.0],
                [1.0, -5.7e-05, 5.7e-05, -2e-06, 5.7e-05, 0.001565, -0.999999, 0.414619, 5.7e-05, 0.999999, 0.001565, -6.2e-05, 0.0, 0.0, 0.0, 1.0],
                [1.0, -5.7e-05, 5.7e-05, -2e-06, 5.7e-05, 0.001565, -0.999999, 0.414975, 5.7e-05, 0.999999, 0.001565, -6.3e-05, 0.0, 0.0, 0.0, 1.0],
                [1.0, -5.7e-05, 5.7e-05, -2e-06, 5.7e-05, 0.001565, -0.999999, 0.415079, 5.7e-05, 0.999999, 0.001565, -6.3e-05, 0.0, 0.0, 0.0, 1.0],
                [1.0, -5.7e-05, 5.7e-05, -2e-06, 5.7e-05, 0.001565, -0.999999, 0.415079, 5.7e-05, 0.999999, 0.001565, -6.3e-05, 0.0, 0.0, 0.0, 1.0],
                [1.0, -5.7e-05, 5.7e-05, -2e-06, 5.7e-05, 0.001565, -0.999999, 0.41508, 5.7e-05, 0.999999, 0.001565, -6.3e-05, 0.0, 0.0, 0.0, 1.0],
                [1.0, -5.7e-05, 5.7e-05, -2e-06, 5.7e-05, 0.001565, -0.999999, 0.415079, 5.7e-05, 0.999999, 0.001565, -6.3e-05, 0.0, 0.0, 0.0, 1.0],
                [1.0, -5.7e-05, 5.7e-05, -2e-06, 5.7e-05, 0.001565, -0.999999, 0.415079, 5.7e-05, 0.999999, 0.001565, -6.3e-05, 0.0, 0.0, 0.0, 1.0],
                [1.0, -5.7e-05, 5.7e-05, -2e-06, 5.7e-05, 0.001565, -0.999999, 0.41508, 5.7e-05, 0.999999, 0.001565, -6.3e-05, 0.0, 0.0, 0.0, 1.0],
                [1.0, -5.7e-05, 5.7e-05, -2e-06, 5.7e-05, 0.001565, -0.999999, 0.415079, 5.7e-05, 0.999999, 0.001565, -6.3e-05, 0.0, 0.0, 0.0, 1.0],
                [1.0, -5.7e-05, 5.7e-05, -2e-06, 5.7e-05, 0.001565, -0.999999, 0.415079, 5.7e-05, 0.999999, 0.001565, -6.3e-05, 0.0, 0.0, 0.0, 1.0],
                [1.0, -5.7e-05, 5.7e-05, -2e-06, 5.7e-05, 0.001565, -0.999999, 0.415079, 5.7e-05, 0.999999, 0.001565, -6.3e-05, 0.0, 0.0, 0.0, 1.0],
                [1.0, -5.7e-05, 5.7e-05, -2e-06, 5.7e-05, 0.001565, -0.999999, 0.41508, 5.7e-05, 0.999999, 0.001565, -6.3e-05, 0.0, 0.0, 0.0, 1.0],
                [1.0, -5.7e-05, 5.7e-05, -2e-06, 5.7e-05, 0.001565, -0.999999, 0.415079, 5.7e-05, 0.999999, 0.001565, -6.3e-05, 0.0, 0.0, 0.0, 1.0],
                [1.0, -5.7e-05, 5.7e-05, -2e-06, 5.7e-05, 0.001565, -0.999999, 0.415022, 5.7e-05, 0.999999, 0.001565, -6.3e-05, 0.0, 0.0, 0.0, 1.0],
                [1.0, -5.7e-05, 5.7e-05, -2e-06, 5.7e-05, 0.001565, -0.999999, 0.414835, 5.7e-05, 0.999999, 0.001565, -6.3e-05, 0.0, 0.0, 0.0, 1.0],
                [1.0, -5.7e-05, 5.7e-05, -2e-06, 5.7e-05, 0.001565, -0.999999, 0.414476, 5.7e-05, 0.999999, 0.001565, -6.2e-05, 0.0, 0.0, 0.0, 1.0],
                [1.0, -5.7e-05, 5.7e-05, -2e-06, 5.7e-05, 0.001565, -0.999999, 0.413881, 5.7e-05, 0.999999, 0.001565, -6.1e-05, 0.0, 0.0, 0.0, 1.0],
                [1.0, -5.7e-05, 5.7e-05, -2e-06, 5.7e-05, 0.001565, -0.999999, 0.412962, 5.7e-05, 0.999999, 0.001565, -6e-05, 0.0, 0.0, 0.0, 1.0],
                [1.0, -5.7e-05, 5.7e-05, -2e-06, 5.7e-05, 0.001565, -0.999999, 0.411618, 5.7e-05, 0.999999, 0.001565, -5.8e-05, 0.0, 0.0, 0.0, 1.0],
                [1.0, -5.7e-05, 5.7e-05, -2e-06, 5.7e-05, 0.001565, -0.999999, 0.409731, 5.7e-05, 0.999999, 0.001565, -5.5e-05, 0.0, 0.0, 0.0, 1.0],
                [1.0, -5.7e-05, 5.7e-05, -2e-06, 5.7e-05, 0.001565, -0.999999, 0.407231, 5.7e-05, 0.999999, 0.001565, -5.1e-05, 0.0, 0.0, 0.0, 1.0],
                [1.0, -5.7e-05, 5.7e-05, -1e-06, 5.7e-05, 0.001565, -0.999999, 0.404025, 5.7e-05, 0.999999, 0.001565, -4.6e-05, 0.0, 0.0, 0.0, 1.0],
                [1.0, -5.7e-05, 5.7e-05, -2e-06, 5.7e-05, 0.001565, -0.999999, 0.400072, 5.7e-05, 0.999999, 0.001565, -4e-05, 0.0, 0.0, 0.0, 1.0],
                [1.0, -5.7e-05, 5.7e-05, -1e-06, 5.7e-05, 0.001565, -0.999999, 0.395357, 5.7e-05, 0.999999, 0.001565, -3.2e-05, 0.0, 0.0, 0.0, 1.0],
                [1.0, -5.7e-05, 5.7e-05, -1e-06, 5.7e-05, 0.001565, -0.999999, 0.389921, 5.7e-05, 0.999999, 0.001565, -2.4e-05, 0.0, 0.0, 0.0, 1.0],
                [1.0, -5.7e-05, 5.7e-05, -1e-06, 5.7e-05, 0.001565, -0.999999, 0.383856, 5.7e-05, 0.999999, 0.001565, -1.4e-05, 0.0, 0.0, 0.0, 1.0],
                [1.0, -5.7e-05, 5.7e-05, -0.0, 5.7e-05, 0.001565, -0.999999, 0.377233, 5.7e-05, 0.999999, 0.001565, -4e-06, 0.0, 0.0, 0.0, 1.0],
                [1.0, -5.7e-05, 5.7e-05, -0.0, 5.7e-05, 0.001565, -0.999999, 0.374721, 5.7e-05, 0.999999, 0.001565, -0.0, 0.0, 0.0, 0.0, 1.0],
                [1.0, -5.7e-05, 5.7e-05, 0.0, 5.7e-05, 0.001565, -0.999999, 0.374721, 5.7e-05, 0.999999, 0.001565, -0.0, 0.0, 0.0, 0.0, 1.0],
                [1.0, -5.7e-05, 5.7e-05, -0.0, 5.7e-05, 0.001565, -0.999999, 0.374721, 5.7e-05, 0.999999, 0.001565, 0.0, 0.0, 0.0, 0.0, 1.0],
                [1.0, -5.7e-05, 5.7e-05, -0.0, 5.7e-05, 0.001565, -0.999999, 0.374721, 5.7e-05, 0.999999, 0.001565, -0.0, 0.0, 0.0, 0.0, 1.0],
                [1.0, -5.7e-05, 5.7e-05, -0.0, 5.7e-05, 0.001565, -0.999999, 0.374721, 5.7e-05, 0.999999, 0.001565, -0.0, 0.0, 0.0, 0.0, 1.0],
                [1.0, -5.7e-05, 5.7e-05, 0.0, 5.7e-05, 0.001565, -0.999999, 0.374721, 5.7e-05, 0.999999, 0.001565, -0.0, 0.0, 0.0, 0.0, 1.0]
            ]
        },
        {
            "name": "Thigh_L",
            "time": [0.0, 0.0167, 0.0333, 0.05, 0.0667, 0.0833, 0.1, 0.1167, 0.1333, 0.15, 0.1667, 0.1833, 0.2, 0.2167, 0.2333, 0.25, 0.2667, 0.2833, 0.3, 0.3167, 0.3333, 0.35, 0.3667, 0.3833, 0.4, 0.4167, 0.4333, 0.45, 0.4667, 0.4833, 0.5, 0.5167, 0.5333, 0.55, 0.5667, 0.5833, 0.6, 0.6167, 0.6333, 0.65, 0.6667, 0.6833, 0.7, 0.7167, 0.7333, 0.75, 0.7667, 0.7833, 0.8, 0.8167, 0.8333, 0.85, 0.8667, 0.8833, 0.9, 0.9167, 0.9333, 0.95, 0.9667, 0.9833, 1.0],
            "transform": [
                [0.994503, -0.095774, 0.042316, -0.125006, -0.095227, -0.995346, -0.014756, -0.002831, 0.043532, 0.010646, -0.998995, -1.2e-05, 0.0, 0.0, 0.0, 1.0],
                [0.994503, -0.095774, 0.042316, -0.125006, -0.095227, -0.995346, -0.014755, -0.002831, 0.043532, 0.010644, -0.998995, -1.2e-05, 0.0, 0.0, 0.0, 1.0],
                [0.994504, -0.095774, 0.042316, -0.125006, -0.095227, -0.995346, -0.01476, -0.002831, 0.043532, 0.010649, -0.998996, -1.2e-05, 0.0, 0.0, 0.0, 1.0],
                [0.994503, -0.095774, 0.042316, -0.125006, -0.095227, -0.995346, -0.014755, -0.002831, 0.043532, 0.010644, -0.998995, -1.2e-05, 0.0, 0.0, 0.0, 1.0],
                [0.994503, -0.095774, 0.042316, -0.125006, -0.095227, -0.995346, -0.014755, -0.002831, 0.043532, 0.010644, -0.998995, -1.2e-05, 0.0, 0.0, 0.0, 1.0],
                [0.994503, -0.095774, 0.042316, -0.125006, -0.095227, -0.995346, -0.014756, -0.002831, 0.043532, 0.010646, -0.998995, -1.2e-05, 0.0, 0.0, 0.0, 1.0],
