{
    "animation": [
        {
            "name": "Root",
            "time": [0.0, 0.0167, 0.0333, 0.05, 0.0667, 0.0833, 0.1, 0.1167, 0.1333, 0.15, 0.1667, 0.1833, 0.2, 0.2167, 0.2333, 0.25, 0.2667, 0.2833, 0.3, 0.3167, 0.3333, 0.35, 0.3667, 0.3833, 0.4, 0.4167, 0.4333, 0.45, 0.4667, 0.4833, 0.5, 0.5167, 0.5333, 0.55, 0.5667, 0.5833, 0.6, 0.6167, 0.6333, 0.65, 0.6667, 0.6833, 0.7, 0.7167, 0.7333, 0.75, 0.7667, 0.7833, 0.8, 0.8167, 0.8333, 0.85, 0.8667, 0.8833, 0.9, 0.9167, 0.9333, 0.95, 0.9667, 0.9833, 1.0, 1.0167, 1.0333, 1.05, 1.0667, 1.0833, 1.1, 1.1167, 1.1333, 1.15, 1.1667, 1.1833, 1.2, 1.2167, 1.2333, 1.25, 1.2667, 1.2833, 1.3, 1.3167, 1.3333],
            "transform": [
                [0.829422, 0.0, -0.558622, -5e-06, -0.558622, 0.0, -0.829422, 0.000946, 0.0, 1.0, 0.0, 0.5805, 0.0, 0.0, 0.0, 1.0],
                [0.826256, 0.0, -0.563294, -5e-06, -0.563294, 0.0, -0.826256, 0.000946, 0.0, 1.0, 0.0, 0.581213, 0.0, 0.0, 0.0, 1.0],
                [0.816398, 0.0, -0.577489, -5e-06, -0.577489, 0.0, -0.816398, 0.000946, 0.0, 1.0, 0.0, 0.583386, 0.0, 0.0, 0.0, 1.0],
                [0.799146, 0.0, -0.601137, -5e-06, -0.601137, 0.0, -0.799146, 0.000946, 0.0, 1.0, 0.0, 0.587041, 0.0, 0.0, 0.0, 1.0],
                [0.773675, 0.0, -0.633583, -5e-06, -0.633583, 0.0, -0.773675, 0.000946, 0.0, 1.0, 0.0, 0.592144, 0.0, 0.0, 0.0, 1.0],
                [0.739251, 0.0, -0.673429, -5e-06, -0.673429, 0.0, -0.739251, 0.000946, 0.0, 1.0, 0.0, 0.598587, 0.0, 0.0, 0.0, 1.0],
                [0.695551, 0.0, -0.718477, -5e-06, -0.718477, 0.0, -0.695551, 0.000946, 0.0, 1.0, 0.0, 0.606175, 0.0, 0.0, 0.0, 1.0],
                [0.643008, 0.0, -0.76586, -5e-06, -0.76586, 0.0, -0.643008, 0.000946, 0.0, 1.0, 0.0, 0.614626, 0.0, 0.0, 0.0, 1.0],
                [0.583059, 0.0, -0.81243, -5e-06, -0.81243, 0.0, -0.583059, 0.000946, 0.0, 1.0, 0.0, 0.623582, 0.0, 0.0, 0.0, 1.0],
                [0.518123, 0.0, -0.855306, -5e-06, -0.855306, 0.0, -0.518123, 0.000946, 0.0, 1.0, 0.0, 0.632653, 0.0, 0.0, 0.0, 1.0],
                [0.45127, 0.0, -0.892387, -5e-06, -0.892387, 0.0, -0.45127, 0.000946, 0.0, 1.0, 0.0, 0.641456, 0.0, 0.0, 0.0, 1.0],
                [0.385692, 0.0, -0.922627, -5e-06, -0.922627, 0.0, -0.385692, 0.000946, 0.0, 1.0, 0.0, 0.649655, 0.0, 0.0, 0.0, 1.0],
                [0.324205, 0.0, -0.945987, -5e-06, -0.945987, 0.0, -0.324205, 0.000946, 0.0, 1.0, 0.0, 0.65699, 0.0, 0.0, 0.0, 1.0],
                [0.268933, 0.0, -0.963159, -5e-06, -0.963159, 0.0, -0.268933, 0.000946, 0.0, 1.0, 0.0, 0.663282, 0.0, 0.0, 0.0, 1.0],
                [0.221239, 0.0, -0.97522, -5e-06, -0.97522, 0.0, -0.221239, 0.000946, 0.0, 1.0, 0.0, 0.668426, 0.0, 0.0, 0.0, 1.0],
                [0.181811, 0.0, -0.983333, -5e-06, -0.983333, 0.0, -0.181811, 0.000946, 0.0, 1.0, 0.0, 0.672382, 0.0, 0.0, 0.0, 1.0],
                [0.147147, 0.0, -0.989115, -5e-06, -0.989115, 0.0, -0.147147, 0.000946, 0.0, 1.0, 0.0, 0.675716, 0.0, 0.0, 0.0, 1.0],
                [0.114138, 0.0, -0.993465, -5e-06, -0.993465, 0.0, -0.114138, 0.000946, 0.0, 1.0, 0.0, 0.678999, 0.0, 0.0, 0.0, 1.0],
                [0.083856, 0.0, -0.996478, -5e-06, -0.996478, 0.0, -0.083856, 0.000946, 0.0, 1.0, 0.0, 0.682229, 0.0, 0.0, 0.0, 1.0],
                [0.057525, 0.0, -0.998344, -5e-06, -0.998344, 0.0, -0.057525, 0.000946, 0.0, 1.0, 0.0, 0.685404, 0.0, 0.0, 0.0, 1.0],
                [0.036209, 0.0, -0.999344, -5e-06, -0.999344, 0.0, -0.036209, 0.000946, 0.0, 1.0, 0.0, 0.688524, 0.0, 0.0, 0.0, 1.0],
                [0.020457, 0.0, -0.999791, -5e-06, -0.999791, 0.0, -0.020457, 0.000946, 0.0, 1.0, 0.0, 0.691586, 0.0, 0.0, 0.0, 1.0],
                [0.010137, 0.0, -0.999949, -5e-06, -0.999949, 0.0, -0.010137, 0.000946, 0.0, 1.0, 0.0, 0.694589, 0.0, 0.0, 0.0, 1.0],
                [0.004593, 0.0, -0.999989, -5e-06, -0.999989, 0.0, -0.004593, 0.000946, 0.0, 1.0, 0.0, 0.69753, 0.0, 0.0, 0.0, 1.0],
                [0.002943, 0.0, -0.999996, -5e-06, -0.999996, 0.0, -0.002943, 0.000946, 0.0, 1.0, 0.0, 0.700409, 0.0, 0.0, 0.0, 1.0],
                [0.037873, 0.0, -0.999283, -0.002533, -0.999283, 0.0, -0.037873, 0.009773, 0.0, 1.0, 0.0, 0.703224, 0.0, 0.0, 0.0, 1.0],
                [0.149221, 0.0, -0.988804, -0.010158, -0.988804, 0.0, -0.149221, 0.036388, 0.0, 1.0, 0.0, 0.705973, 0.0, 0.0, 0.0, 1.0],
                [0.348037, 0.0, -0.937481, -0.022659, -0.937481, 0.0, -0.348037, 0.080023, 0.0, 1.0, 0.0, 0.708654, 0.0, 0.0, 0.0, 1.0],
                [0.624047, 0.0, -0.781387, -0.039316, -0.781387, 0.0, -0.624047, 0.138166, 0.0, 1.0, 0.0, 0.711266, 0.0, 0.0, 0.0, 1.0],
                [0.892996, 0.0, -0.450064, -0.058813, -0.450064, 0.0, -0.892996, 0.206225, 0.0, 1.0, 0.0, 0.713807, 0.0, 0.0, 0.0, 1.0],
                [0.999777, 0.0, 0.021118, -0.079326, 0.021118, 0.0, -0.999777, 0.277828, 0.0, 1.0, 0.0, 0.716277, 0.0, 0.0, 0.0, 1.0],
                [0.890529, 0.0, 0.454926, -0.098824, 0.454926, 0.0, -0.890529, 0.345887, 0.0, 1.0, 0.0, 0.718673, 0.0, 0.0, 0.0, 1.0],
                [0.682226, 0.0, 0.731142, -0.115481, 0.731142, 0.0, -0.682226, 0.40403, 0.0, 1.0, 0.0, 0.720994, 0.0, 0.0, 0.0, 1.0],
                [0.494182, 0.0, 0.869359, -0.127981, 0.869359, 0.0, -0.494182, 0.447665, 0.0, 1.0, 0.0, 0.72324, 0.0, 0.0, 0.0, 1.0],
                [0.370373, 0.0, 0.928883, -0.135606, 0.928883, 0.0, -0.370373, 0.47428, 0.0, 1.0, 0.0, 0.725408, 0.0, 0.0, 0.0, 1.0],
                [0.314164, 0.0, 0.949369, -0.138135, 0.949369, 0.0, -0.314164, 0.483106, 0.0, 1.0, 0.0, 0.727499, 0.0, 0.0, 0.0, 1.0],
                [0.290086, 0.0, 0.957001, -0.138135, 0.957001, 0.0, -0.290086, 0.483106, 0.0, 1.0, 0.0, 0.729512, 0.0, 0.0, 0.0, 1.0],
                [0.266424, 0.0, 0.963856, -0.138135, 0.963856, 0.0, -0.266424, 0.483106, 0.0, 1.0, 0.0, 0.731445, 0.0, 0.0, 0.0, 1.0],
                [0.243517, 0.0, 0.969897, -0.138135, 0.969897, 0.0, -0.243517, 0.483106, 0.0, 1.0, 0.0, 0.733298, 0.0, 0.0, 0.0, 1.0],
                [0.221857, 0.0, 0.975079, -0.138135, 0.975079, 0.0, -0.221857, 0.483106, 0.0, 1.0, 0.0, 0.735072, 0.0, 0.0, 0.0, 1.0],
                [0.202063, 0.0, 0.979373, -0.138135, 0.979373, 0.0, -0.202063, 0.483106, 0.0, 1.0, 0.0, 0.736766, 0.0, 0.0, 0.0, 1.0],
                [0.184791, 0.0, 0.982778, -0.138135, 0.982778, 0.0, -0.184791, 0.483106, 0.0, 1.0, 0.0, 0.73838, 0.0, 0.0, 0.0, 1.0],
                [0.170583, 0.0, 0.985343, -0.138135, 0.985343, 0.0, -0.170583, 0.483106, 0.0, 1.0, 0.0, 0.739914, 0.0, 0.0, 0.0, 1.0],
                [0.159749, 0.0, 0.987158, -0.138135, 0.987158, 0.0, -0.159749, 0.483106, 0.0, 1.0, 0.0, 0.74137, 0.0, 0.0, 0.0, 1.0],
                [0.152328, 0.0, 0.98833, -0.138135, 0.98833, 0.0, -0.152328, 0.483106, 0.0, 1.0, 0.0, 0.742747, 0.0, 0.0, 0.0, 1.0],
                [0.148128, 0.0, 0.988968, -0.138135, 0.988968, 0.0, -0.148128, 0.483106, 0.0, 1.0, 0.0, 0.744047, 0.0, 0.0, 0.0, 1.0],
                [0.146815, 0.0, 0.989164, -0.138135, 0.989164, 0.0, -0.146815, 0.483106, 0.0, 1.0, 0.0, 0.745271, 0.0, 0.0, 0.0, 1.0],
                [0.14858, 0.0, 0.9889, -0.137872, 0.9889, 0.0, -0.14858, 0.48298, 0.0, 1.0, 0.0, 0.746419, 0.0, 0.0, 0.0, 1.0],
                [0.153907, 0.0, 0.988085, -0.13708, 0.988085, 0.0, -0.153907, 0.482598, 0.0, 1.0, 0.0, 0.747495, 0.0, 0.0, 0.0, 1.0],
                [0.162832, 0.0, 0.986654, -0.135753, 0.986654, 0.0, -0.162832, 0.481958, 0.0, 1.0, 0.0, 0.748499, 0.0, 0.0, 0.0, 1.0],
                [0.175375, 0.0, 0.984502, -0.133891, 0.984502, 0.0, -0.175375, 0.48106, 0.0, 1.0, 0.0, 0.749434, 0.0, 0.0, 0.0, 1.0],
                [0.191526, 0.0, 0.981487, -0.131494, 0.981487, 0.0, -0.191526, 0.479904, 0.0, 1.0, 0.0, 0.750301, 0.0, 0.0, 0.0, 1.0],
                [0.211245, 0.0, 0.977433, -0.128569, 0.977433, 0.0, -0.211245, 0.478494, 0.0, 1.0, 0.0, 0.751103, 0.0, 0.0, 0.0, 1.0],
                [0.234448, 0.0, 0.972129, -0.125128, 0.972129, 0.0, -0.234448, 0.476835, 0.0, 1.0, 0.0, 0.751842, 0.0, 0.0, 0.0, 1.0],
                [0.260998, 0.0, 0.965339, -0.121185, 0.965339, 0.0, -0.260998, 0.474934, 0.0, 1.0, 0.0, 0.752521, 0.0, 0.0, 0.0, 1.0],
                [0.290693, 0.0, 0.956817, -0.116765, 0.956817, 0.0, -0.290693, 0.472803, 0.0, 1.0, 0.0, 0.753142, 0.0, 0.0, 0.0, 1.0],
                [0.323262, 0.0, 0.946309, -0.111896, 0.946309, 0.0, -0.323262, 0.470455, 0.0, 1.0, 0.0, 0.753708, 0.0, 0.0, 0.0, 1.0],
                [0.358357, 0.0, 0.933585, -0.106614, 0.933585, 0.0, -0.358357, 0.467909, 0.0, 1.0, 0.0, 0.754222, 0.0, 0.0, 0.0, 1.0],
                [0.395552, 0.0, 0.918444, -0.100962, 0.918444, 0.0, -0.395552, 0.465183, 0.0, 1.0, 0.0, 0.754686, 0.0, 0.0, 0.0, 1.0],
                [0.434347, 0.0, 0.900746, -0.094988, 0.900746, 0.0, -0.434347, 0.462303, 0.0, 1.0, 0.0, 0.755104, 0.0, 0.0, 0.0, 1.0],
                [0.474182, 0.0, 0.880427, -0.088749, 0.880427, 0.0, -0.474182, 0.459295, 0.0, 1.0, 0.0, 0.755477, 0.0, 0.0, 0.0, 1.0],
                [0.514454, 0.0, 0.857518, -0.082305, 0.857518, 0.0, -0.514454, 0.456188, 0.0, 1.0, 0.0, 0.755809, 0.0, 0.0, 0.0, 1.0],
                [0.554541, 0.0, 0.832156, -0.075722, 0.832156, 0.0, -0.554541, 0.453014, 0.0, 1.0, 0.0, 0.756103, 0.0, 0.0, 0.0, 1.0],
                [0.593832, 0.0, 0.804589, -0.06907, 0.804589, 0.0, -0.593832, 0.449806, 0.0, 1.0, 0.0, 0.756362, 0.0, 0.0, 0.0, 1.0],
                [0.631754, 0.0, 0.775169, -0.062417, 0.775169, 0.0, -0.631754, 0.446599, 0.0, 1.0, 0.0, 0.756587, 0.0, 0.0, 0.0, 1.0],
                [0.667804, 0.0, 0.744337, -0.055834, 0.744337, 0.0, -0.667804, 0.443425, 0.0, 1.0, 0.0, 0.756783, 0.0, 0.0, 0.0, 1.0],
                [0.701565, 0.0, 0.712606, -0.049391, 0.712606, 0.0, -0.701565, 0.440318, 0.0, 1.0, 0.0, 0.75695, 0.0, 0.0, 0.0, 1.0],
                [0.732721, 0.0, 0.680529, -0.043151, 0.680529, 0.0, -0.732721, 0.43731, 0.0, 1.0, 0.0, 0.757092, 0.0, 0.0, 0.0, 1.0],
                [0.761067, 0.0, 0.648673, -0.037178, 0.648673, 0.0, -0.761067, 0.434429, 0.0, 1.0, 0.0, 0.757212, 0.0, 0.0, 0.0, 1.0],
                [0.786498, 0.0, 0.617593, -0.031525, 0.617593, 0.0, -0.786498, 0.431704, 0.0, 1.0, 0.0, 0.757311, 0.0, 0.0, 0.0, 1.0],
                [0.809001, 0.0, 0.587807, -0.026243, 0.587807, 0.0, -0.809001, 0.429157, 0.0, 1.0, 0.0, 0.757392, 0.0, 0.0, 0.0, 1.0],
                [0.82864, 0.0, 0.559781, -0.021374, 0.559781, 0.0, -0.82864, 0.426809, 0.0, 1.0, 0.0, 0.757457, 0.0, 0.0, 0.0, 1.0],
                [0.845537, 0.0, 0.533917, -0.016954, 0.533917, 0.0, -0.845537, 0.424678, 0.0, 1.0, 0.0, 0.757508, 0.0, 0.0, 0.0, 1.0],
                [0.859849, 0.0, 0.510548, -0.013012, 0.510548, 0.0, -0.859849, 0.422778, 0.0, 1.0, 0.0, 0.757547, 0.0, 0.0, 0.0, 1.0],
                [0.871757, 0.0, 0.489939, -0.00957, 0.489939, 0.0, -0.871757, 0.421118, 0.0, 1.0, 0.0, 0.757575, 0.0, 0.0, 0.0, 1.0],
                [0.881443, 0.0, 0.472291, -0.006645, 0.472291, 0.0, -0.881443, 0.419708, 0.0, 1.0, 0.0, 0.757595, 0.0, 0.0, 0.0, 1.0],
                [0.889084, 0.0, 0.457745, -0.004249, 0.457745, 0.0, -0.889084, 0.418552, 0.0, 1.0, 0.0, 0.757608, 0.0, 0.0, 0.0, 1.0],
                [0.894836, 0.0, 0.446394, -0.002386, 0.446394, 0.0, -0.894836, 0.417654, 0.0, 1.0, 0.0, 0.757616, 0.0, 0.0, 0.0, 1.0],
                [0.898835, 0.0, 0.438287, -0.001059, 0.438287, 0.0, -0.898835, 0.417015, 0.0, 1.0, 0.0, 0.75762, 0.0, 0.0, 0.0, 1.0],
                [0.901184, 0.0, 0.433437, -0.000267, 0.433437, 0.0, -0.901184, 0.416633, 0.0, 1.0, 0.0, 0.757621, 0.0, 0.0, 0.0, 1.0],
                [0.901956, 0.0, 0.431828, -5e-06, 0.431828, 0.0, -0.901956, 0.416506, 0.0, 1.0, 0.0, 0.757621, 0.0, 0.0, 0.0, 1.0]
            ]
        },
        {
            "name": "Thigh_R",
            "time": [0.0, 0.0167, 0.0333, 0.05, 0.0667, 0.0833, 0.1, 0.1167, 0.1333, 0.15, 0.1667, 0.1833, 0.2, 0.2167, 0.2333, 0.25, 0.2667, 0.2833, 0.3, 0.3167, 0.3333, 0.35, 0.3667, 0.3833, 0.4, 0.4167, 0.4333, 0.45, 0.4667, 0.4833, 0.5, 0.5167, 0.5333, 0.55, 0.5667, 0.5833, 0.6, 0.6167, 0.6333, 0.65, 0.6667, 0.6833, 0.7, 0.7167, 0.7333, 0.75, 0.7667, 0.7833, 0.8, 0.8167, 0.8333, 0.85, 0.8667, 0.8833, 0.9, 0.9167, 0.9333, 0.95, 0.9667, 0.9833, 1.0, 1.0167, 1.0333, 1.05, 1.0667, 1.0833, 1.1, 1.1167, 1.1333, 1.15, 1.1667, 1.1833, 1.2, 1.2167, 1.2333, 1.25, 1.2667, 1.2833, 1.3, 1.3167, 1.3333],
            "transform": [
                [0.828612, 0.502584, -0.246596, 0.124994, 0.545569, -0.823717, 0.154414, -0.002831, -0.125519, -0.262485, -0.956738, -1.2e-05, 0.0, 0.0, 0.0, 1.0],
                [0.830384, 0.497879, -0.250159, 0.124994, 0.542939, -0.823907, 0.162463, -0.002831, -0.125221, -0.270728, -0.954477, -1.2e-05, 0.0, 0.0, 0.0, 1.0],
                [0.835745, 0.483574, -0.260164, 0.124994, 0.53487, -0.824119, 0.186392, -0.002831, -0.124272, -0.29493, -0.947403, -1.2e-05, 0.0, 0.0, 0.0, 1.0],
                [0.844675, 0.459597, -0.2744, 0.124994, 0.521068, -0.823332, 0.224972, -0.002831, -0.122526, -0.333009, -0.934929, -1.2e-05, 0.0, 0.0, 0.0, 1.0],
                [0.856951, 0.426466, -0.289415, 0.124994, 0.501287, -0.820168, 0.275744, -0.002831, -0.119774, -0.381379, -0.916626, -1.2e-05, 0.0, 0.0, 0.0, 1.0],
                [0.872076, 0.385626, -0.301292, 0.124994, 0.475477, -0.813354, 0.335228, -0.002831, -0.115785, -0.435601, -0.892662, -1.2e-05, 0.0, 0.0, 0.0, 1.0],
                [0.88923, 0.339763, -0.306317, 0.124994, 0.443941, -0.802509, 0.398616, -0.002831, -0.110388, -0.490448, -0.864451, -1.2e-05, 0.0, 0.0, 0.0, 1.0],
                [0.907297, 0.292395, -0.302186, 0.124994, 0.40754, -0.78845, 0.460714, -0.002831, -0.103547, -0.541158, -0.834521, -1.2e-05, 0.0, 0.0, 0.0, 1.0],
                [0.925003, 0.247235, -0.288519, 0.124994, 0.367777, -0.773329, 0.516432, -0.002831, -0.09544, -0.583812, -0.80626, -1.2e-05, 0.0, 0.0, 0.0, 1.0],
                [0.941144, 0.207251, -0.267011, 0.124994, 0.326754, -0.759985, 0.561831, -0.002831, -0.086484, -0.616011, -0.782976, -1.2e-05, 0.0, 0.0, 0.0, 1.0],
                [0.954822, 0.174083, -0.240851, 0.124994, 0.286946, -0.750893, 0.594828, -0.002831, -0.077303, -0.637067, -0.766923, -1.2e-05, 0.0, 0.0, 0.0, 1.0],
                [0.965589, 0.148104, -0.213783, 0.124994, 0.25085, -0.747338, 0.615272, -0.002831, -0.068644, -0.647727, -0.758774, -1.2e-05, 0.0, 0.0, 0.0, 1.0],
                [0.97343, 0.128888, -0.189265, 0.124994, 0.220641, -0.749026, 0.624721, -0.002831, -0.061246, -0.649882, -0.757563, -1.2e-05, 0.0, 0.0, 0.0, 1.0],
                [0.978629, 0.115845, -0.169899, 0.124994, 0.197936, -0.754631, 0.625582, -0.002831, -0.05574, -0.645842, -0.761433, -1.2e-05, 0.0, 0.0, 0.0, 1.0],
                [0.981575, 0.108511, -0.157279, 0.124994, 0.183704, -0.762384, 0.620502, -0.002831, -0.052575, -0.637962, -0.768271, -1.2e-05, 0.0, 0.0, 0.0, 1.0],
                [0.982601, 0.106591, -0.152093, 0.124994, 0.178301, -0.77062, 0.611844, -0.002831, -0.051989, -0.628317, -0.776218, -1.2e-05, 0.0, 0.0, 0.0, 1.0],
                [0.982745, 0.10733, -0.150643, 0.124994, 0.177297, -0.778707, 0.601815, -0.002831, -0.052714, -0.618139, -0.784299, -1.2e-05, 0.0, 0.0, 0.0, 1.0],
                [0.982885, 0.108092, -0.149171, 0.124994, 0.176298, -0.786794, 0.591501, -0.002831, -0.05343, -0.607676, -0.792385, -1.2e-05, 0.0, 0.0, 0.0, 1.0],
                [0.983024, 0.108858, -0.147693, 0.124994, 0.175308, -0.794774, 0.581035, -0.002831, -0.054132, -0.597063, -0.800366, -1.2e-05, 0.0, 0.0, 0.0, 1.0],
                [0.983161, 0.109645, -0.146191, 0.124994, 0.174323, -0.802736, 0.570285, -0.002831, -0.054824, -0.586167, -0.808333, -1.2e-05, 0.0, 0.0, 0.0, 1.0],
                [0.983296, 0.110452, -0.144667, 0.124994, 0.173342, -0.810661, 0.559268, -0.002831, -0.055504, -0.575003, -0.816267, -1.2e-05, 0.0, 0.0, 0.0, 1.0],
                [0.98343, 0.111284, -0.143111, 0.124994, 0.172364, -0.818584, 0.547915, -0.002831, -0.056174, -0.563504, -0.824201, -1.2e-05, 0.0, 0.0, 0.0, 1.0],
                [0.983562, 0.112131, -0.141533, 0.124994, 0.171391, -0.82644, 0.536304, -0.002831, -0.056832, -0.551746, -0.832074, -1.2e-05, 0.0, 0.0, 0.0, 1.0],
                [0.983693, 0.113005, -0.139918, 0.124994, 0.170421, -0.834287, 0.524329, -0.002831, -0.05748, -0.539624, -0.839942, -1.2e-05, 0.0, 0.0, 0.0, 1.0],
                [0.983824, 0.113911, -0.138257, 0.124994, 0.169449, -0.842149, 0.51193, -0.002831, -0.058118, -0.527076, -0.847828, -1.2e-05, 0.0, 0.0, 0.0, 1.0],
                [0.983964, 0.1148, -0.13651, 0.124994, 0.168423, -0.84995, 0.499218, -0.002831, -0.058717, -0.514203, -0.855656, -1.2e-05, 0.0, 0.0, 0.0, 1.0],
                [0.984126, 0.115644, -0.134616, 0.124994, 0.167285, -0.857739, 0.486107, -0.002831, -0.05925, -0.50091, -0.863469, -1.2e-05, 0.0, 0.0, 0.0, 1.0],
                [0.984308, 0.116415, -0.132609, 0.124994, 0.166048, -0.865375, 0.472815, -0.002831, -0.059714, -0.487414, -0.871127, -1.2e-05, 0.0, 0.0, 0.0, 1.0],
                [0.984509, 0.117138, -0.130464, 0.124994, 0.164708, -0.87298, 0.459105, -0.002831, -0.060114, -0.473481, -0.87875, -1.2e-05, 0.0, 0.0, 0.0, 1.0],
                [0.984726, 0.117781, -0.128224, 0.124994, 0.163279, -0.880392, 0.445252, -0.002831, -0.060446, -0.459387, -0.886177, -1.2e-05, 0.0, 0.0, 0.0, 1.0],
                [0.98496, 0.118369, -0.125861, 0.124994, 0.161758, -0.887739, 0.430992, -0.002831, -0.060716, -0.444869, -0.893535, -1.2e-05, 0.0, 0.0, 0.0, 1.0],
                [0.985209, 0.118873, -0.123417, 0.124994, 0.16016, -0.894875, 0.41659, -0.002831, -0.060922, -0.430195, -0.900678, -1.2e-05, 0.0, 0.0, 0.0, 1.0],
                [0.985471, 0.119319, -0.120866, 0.124994, 0.158481, -0.90191, 0.401798, -0.002831, -0.061068, -0.415115, -0.907717, -1.2e-05, 0.0, 0.0, 0.0, 1.0],
                [0.985746, 0.119691, -0.118232, 0.124994, 0.156732, -0.908769, 0.386748, -0.002831, -0.061155, -0.399766, -0.914575, -1.2e-05, 0.0, 0.0, 0.0, 1.0],
                [0.986031, 0.119988, -0.115527, 0.124994, 0.154919, -0.91543, 0.371467, -0.002831, -0.061185, -0.384175, -0.92123, -1.2e-05, 0.0, 0.0, 0.0, 1.0],
                [0.986325, 0.120224, -0.112732, 0.124994, 0.153042, -0.921957, 0.355772, -0.002831, -0.061162, -0.36816, -0.927749, -1.2e-05, 0.0, 0.0, 0.0, 1.0],
                [0.986628, 0.120397, -0.109859, 0.124994, 0.151105, -0.928322, 0.339683, -0.002831, -0.061088, -0.351741, -0.934102, -1.2e-05, 0.0, 0.0, 0.0, 1.0],
                [0.986939, 0.120515, -0.1069, 0.124994, 0.149112, -0.934548, 0.323086, -0.002831, -0.060967, -0.334806, -0.940312, -1.2e-05, 0.0, 0.0, 0.0, 1.0],
                [0.987257, 0.12059, -0.103836, 0.124994, 0.147061, -0.940677, 0.305777, -0.002831, -0.060803, -0.317151, -0.946424, -1.2e-05, 0.0, 0.0, 0.0, 1.0],
                [0.987583, 0.120648, -0.100619, 0.124994, 0.14494, -0.946804, 0.287322, -0.002831, -0.060602, -0.298338, -0.952534, -1.2e-05, 0.0, 0.0, 0.0, 1.0],
                [0.987919, 0.120736, -0.097148, 0.124994, 0.142723, -0.953112, 0.266848, -0.002831, -0.060375, -0.277489, -0.95883, -1.2e-05, 0.0, 0.0, 0.0, 1.0],
                [0.988283, 0.12106, -0.092954, 0.124994, 0.140276, -0.960447, 0.240551, -0.002831, -0.060157, -0.250771, -0.966175, -1.2e-05, 0.0, 0.0, 0.0, 1.0],
                [0.988656, 0.121346, -0.088516, 0.124994, 0.137739, -0.967491, 0.212108, -0.002831, -0.0599, -0.221894, -0.973229, -1.2e-05, 0.0, 0.0, 0.0, 1.0],
                [0.98892, 0.120283, -0.086998, 0.124994, 0.136042, -0.968866, 0.206858, -0.002831, -0.059408, -0.216401, -0.974495, -1.2e-05, 0.0, 0.0, 0.0, 1.0],
                [0.989183, 0.119214, -0.085464, 0.124994, 0.134341, -0.970226, 0.201526, -0.002831, -0.058895, -0.210827, -0.975747, -1.2e-05, 0.0, 0.0, 0.0, 1.0],
                [0.989444, 0.118139, -0.083919, 0.124994, 0.132639, -0.971566, 0.196128, -0.002831, -0.058362, -0.205189, -0.976981, -1.2e-05, 0.0, 0.0, 0.0, 1.0],
                [0.989703, 0.117062, -0.082369, 0.124994, 0.130941, -0.97288, 0.190678, -0.002831, -0.057814, -0.1995, -0.97819, -1.2e-05, 0.0, 0.0, 0.0, 1.0],
                [0.989957, 0.115984, -0.08082, 0.124994, 0.129253, -0.974165, 0.185193, -0.002831, -0.057253, -0.193779, -0.979373, -1.2e-05, 0.0, 0.0, 0.0, 1.0],
                [0.990208, 0.114908, -0.079277, 0.124994, 0.127578, -0.975416, 0.179685, -0.002831, -0.056681, -0.18804, -0.980525, -1.2e-05, 0.0, 0.0, 0.0, 1.0],
                [0.990453, 0.113837, -0.077745, 0.124994, 0.12592, -0.976631, 0.174171, -0.002831, -0.056101, -0.182298, -0.981642, -1.2e-05, 0.0, 0.0, 0.0, 1.0],
                [0.990692, 0.112772, -0.076228, 0.124994, 0.124283, -0.977807, 0.168664, -0.002831, -0.055516, -0.176568, -0.982722, -1.2e-05, 0.0, 0.0, 0.0, 1.0],
                [0.990926, 0.111716, -0.074731, 0.124994, 0.122671, -0.97894, 0.163179, -0.002831, -0.054928, -0.170866, -0.983762, -1.2e-05, 0.0, 0.0, 0.0, 1.0],
                [0.991153, 0.110672, -0.073259, 0.124994, 0.121088, -0.98003, 0.157731, -0.002831, -0.054339, -0.165206, -0.984761, -1.2e-05, 0.0, 0.0, 0.0, 1.0],
                [0.991373, 0.109641, -0.071814, 0.124994, 0.119537, -0.981074, 0.152333, -0.002831, -0.053753, -0.159603, -0.985717, -1.2e-05, 0.0, 0.0, 0.0, 1.0],
                [0.991586, 0.108626, -0.0704, 0.124994, 0.11802, -0.98207, 0.146998, -0.002831, -0.05317, -0.15407, -0.986628, -1.2e-05, 0.0, 0.0, 0.0, 1.0],
                [0.991792, 0.107629, -0.069021, 0.124994, 0.116541, -0.98302, 0.141741, -0.002831, -0.052593, -0.148621, -0.987495, -1.2e-05, 0.0, 0.0, 0.0, 1.0],
                [0.99199, 0.106652, -0.067679, 0.124994, 0.115102, -0.98392, 0.136574, -0.002831, -0.052025, -0.14327, -0.988315, -1.2e-05, 0.0, 0.0, 0.0, 1.0],
                [0.992181, 0.105697, -0.066377, 0.124994, 0.113705, -0.984772, 0.131511, -0.002831, -0.051466, -0.13803, -0.98909, -1.2e-05, 0.0, 0.0, 0.0, 1.0],
                [0.992362, 0.104765, -0.065118, 0.124994, 0.112354, -0.985575, 0.126562, -0.002831, -0.050919, -0.132912, -0.989819, -1.2e-05, 0.0, 0.0, 0.0, 1.0],
                [0.992537, 0.103861, -0.063903, 0.124994, 0.111049, -0.98633, 0.121742, -0.002831, -0.050385, -0.12793, -0.990503, -1.2e-05, 0.0, 0.0, 0.0, 1.0],
                [0.992702, 0.102984, -0.062735, 0.124994, 0.109794, -0.987037, 0.11706, -0.002831, -0.049866, -0.123094, -0.991141, -1.2e-05, 0.0, 0.0, 0.0, 1.0],
                [0.99286, 0.102137, -0.061615, 0.124994, 0.108589, -0.987697, 0.112529, -0.002831, -0.049364, -0.118417, -0.991736, -1.2e-05, 0.0, 0.0, 0.0, 1.0],
                [0.993009, 0.101321, -0.060546, 0.124994, 0.107437, -0.988311, 0.10816, -0.002831, -0.048879, -0.113908, -0.992288, -1.2e-05, 0.0, 0.0, 0.0, 1.0],
                [0.99315, 0.100539, -0.059528, 0.124994, 0.106338, -0.98888, 0.103961, -0.002831, -0.048414, -0.109579, -0.992798, -1.2e-05, 0.0, 0.0, 0.0, 1.0],
                [0.993283, 0.099793, -0.058562, 0.124994, 0.105296, -0.989406, 0.099944, -0.002831, -0.047968, -0.10544, -0.993268, -1.2e-05, 0.0, 0.0, 0.0, 1.0],
                [0.993408, 0.099082, -0.05765, 0.124994, 0.104309, -0.989889, 0.096119, -0.002831, -0.047544, -0.101498, -0.993699, -1.2e-05, 0.0, 0.0, 0.0, 1.0],
                [0.993524, 0.09841, -0.056794, 0.124994, 0.103381, -0.990332, 0.092493, -0.002831, -0.047142, -0.097765, -0.994092, -1.2e-05, 0.0, 0.0, 0.0, 1.0],
                [0.993632, 0.097777, -0.055992, 0.124994, 0.102511, -0.990735, 0.089075, -0.002831, -0.046764, -0.094248, -0.99445, -1.2e-05, 0.0, 0.0, 0.0, 1.0],
                [0.993674, 0.096861, -0.05684, 0.124994, 0.102296, -0.989496, 0.102136, -0.002831, -0.04635, -0.107304, -0.993145, -1.2e-05, 0.0, 0.0, 0.0, 1.0],
                [0.993733, 0.096135, -0.057035, 0.124994, 0.101883, -0.98888, 0.108334, -0.002831, -0.045986, -0.113466, -0.992477, -1.2e-05, 0.0, 0.0, 0.0, 1.0],
                [0.993794, 0.095513, -0.057009, 0.124994, 0.10143, -0.988519, 0.111988, -0.002831, -0.045658, -0.117075, -0.992073, -1.2e-05, 0.0, 0.0, 0.0, 1.0],
                [0.993853, 0.094967, -0.0569, 0.124994, 0.100988, -0.98828, 0.114466, -0.002831, -0.045363, -0.119509, -0.991796, -1.2e-05, 0.0, 0.0, 0.0, 1.0],
                [0.993907, 0.094486, -0.056765, 0.124994, 0.100578, -0.988104, 0.116334, -0.002831, -0.045098, -0.121335, -0.991587, -1.2e-05, 0.0, 0.0, 0.0, 1.0],
                [0.993954, 0.094065, -0.056621, 0.124994, 0.100207, -0.987973, 0.117758, -0.002831, -0.044863, -0.122719, -0.991427, -1.2e-05, 0.0, 0.0, 0.0, 1.0],
                [0.993997, 0.093703, -0.056478, 0.124994, 0.099878, -0.98788, 0.118818, -0.002831, -0.044659, -0.123746, -0.991308, -1.2e-05, 0.0, 0.0, 0.0, 1.0],
                [0.994033, 0.093397, -0.056354, 0.124994, 0.099598, -0.9878, 0.119713, -0.002831, -0.044486, -0.124611, -0.991208, -1.2e-05, 0.0, 0.0, 0.0, 1.0],
                [0.994062, 0.093147, -0.056246, 0.124994, 0.099366, -0.987742, 0.120381, -0.002831, -0.044343, -0.125255, -0.991133, -1.2e-05, 0.0, 0.0, 0.0, 1.0],
                [0.994086, 0.092952, -0.05616, 0.124994, 0.099184, -0.987697, 0.120897, -0.002831, -0.044232, -0.125752, -0.991075, -1.2e-05, 0.0, 0.0, 0.0, 1.0],
                [0.994102, 0.092812, -0.056098, 0.124994, 0.099055, -0.987665, 0.121264, -0.002831, -0.044151, -0.126106, -0.991033, -1.2e-05, 0.0, 0.0, 0.0, 1.0],
                [0.994112, 0.092729, -0.05606, 0.124994, 0.098976, -0.987648, 0.121472, -0.002831, -0.044103, -0.126306, -0.991011, -1.2e-05, 0.0, 0.0, 0.0, 1.0],
                [0.994115, 0.092701, -0.056047, 0.124994, 0.09895, -0.987641, 0.12155, -0.002831, -0.044087, -0.126381, -0.991002, -1.2e-05, 0.0, 0.0, 0.0, 1.0]
            ]
        },
        {
            "name": "Leg_R",
            "time": [0.0, 0.0167, 0.0333, 0.05, 0.0667, 0.0833, 0.1, 0.1167, 0.1333, 0.15, 0.1667, 0.1833, 0.2, 0.2167, 0.2333, 0.25, 0.2667, 0.2833, 0.3, 0.3167, 0.3333, 0.35, 0.3667, 0.3833, 0.4, 0.4167, 0.4333, 0.45, 0.4667, 0.4833, 0.5, 0.5167, 0.5333, 0.55, 0.5667, 0.5833, 0.6, 0.6167, 0.6333, 0.65, 0.6667, 0.6833, 0.7, 0.7167, 0.7333, 0.75, 0.7667, 0.7833, 0.8, 0.8167, 0.8333, 0.85, 0.8667, 0.8833, 0.9, 0.9167, 0.9333, 0.95, 0.9667, 0.9833, 1.0, 1.0167, 1.0333, 1.05, 1.0667, 1.0833, 1.1, 1.1167, 1.1333, 1.15, 1.1667, 1.1833, 1.2, 1.2167, 1.2333, 1.25, 1.2667, 1.2833, 1.3, 1.3167, 1.3333],
            "transform": [
                [0.999569, -0.026845, -0.011855, 0.0, 0.026929, 0.678523, 0.734086, 0.374721, -0.011662, -0.734089, 0.678953, 0.0, 0.0, 0.0, 0.0, 1.0],
                [0.999561, -0.027061, -0.012092, 0.0, 0.027146, 0.672052, 0.740006, 0.374721, -0.011899, -0.740009, 0.672491, 0.0, 0.0, 0.0, 0.0, 1.0],
                [0.999536, -0.027668, -0.012776, 0.0, 0.027755, 0.653299, 0.756591, 0.374721, -0.012586, -0.756594, 0.653764, -0.0, 0.0, 0.0, 0.0, 1.0],
                [0.999497, -0.028536, -0.013821, -0.0, 0.028626, 0.624706, 0.780336, 0.374721, -0.013634, -0.780339, 0.625208, -0.0, 0.0, 0.0, 0.0, 1.0],
                [0.999452, -0.029489, -0.015064, -0.0, 0.029581, 0.59065, 0.806386, 0.374721, -0.014881, -0.806389, 0.591198, -0.0, 0.0, 0.0, 0.0, 1.0],
                [0.999406, -0.030358, -0.016305, -0.0, 0.030454, 0.556694, 0.830159, 0.374721, -0.016125, -0.830163, 0.557288, 0.0, 0.0, 0.0, 0.0, 1.0],
                [0.99937, -0.031001, -0.017298, 0.0, 0.031099, 0.529481, 0.847751, 0.374721, -0.017122, -0.847755, 0.530112, -0.0, 0.0, 0.0, 0.0, 1.0],
                [0.99935, -0.031338, -0.017847, 0.0, 0.031436, 0.514448, 0.856945, 0.374721, -0.017673, -0.856949, 0.515098, 0.0, 0.0, 0.0, 0.0, 1.0],
                [0.99935, -0.031325, -0.017826, 0.0, 0.031423, 0.515044, 0.856587, 0.374721, -0.017651, -0.856591, 0.515694, -0.0, 0.0, 0.0, 0.0, 1.0],
                [0.999373, -0.030951, -0.017218, 0.0, 0.031048, 0.531686, 0.846373, 0.374721, -0.017042, -0.846376, 0.532313, 0.0, 0.0, 0.0, 0.0, 1.0],
                [0.999413, -0.030235, -0.016122, -0.0, 0.03033, 0.561697, 0.826787, 0.374721, -0.015942, -0.826791, 0.562284, -0.0, 0.0, 0.0, 0.0, 1.0],
                [0.999465, -0.029229, -0.014715, 0.0, 0.029321, 0.600226, 0.799293, 0.374721, -0.014531, -0.799296, 0.600761, 0.0, 0.0, 0.0, 0.0, 1.0],
                [0.999519, -0.028042, -0.013217, -0.0, 0.028131, 0.641227, 0.766835, 0.374721, -0.013028, -0.766838, 0.641708, 0.0, 0.0, 0.0, 0.0, 1.0],
                [0.99957, -0.026821, -0.01183, -0.0, 0.026906, 0.679216, 0.733445, 0.374721, -0.011637, -0.733448, 0.679646, -0.0, 0.0, 0.0, 0.0, 1.0],
                [0.999611, -0.025734, -0.010705, -0.0, 0.025815, 0.710019, 0.703709, 0.374721, -0.010508, -0.703712, 0.710407, -0.0, 0.0, 0.0, 0.0, 1.0],
                [0.99964, -0.024937, -0.009939, -0.0, 0.025016, 0.730994, 0.681925, 0.374721, -0.00974, -0.681928, 0.731355, 0.0, 0.0, 0.0, 0.0, 1.0],
                [0.99966, -0.024311, -0.009368, -0.0, 0.024387, 0.746632, 0.66479, 0.374721, -0.009167, -0.664792, 0.746971, -0.0, 0.0, 0.0, 0.0, 1.0],
                [0.999681, -0.023657, -0.008799, -0.0, 0.023731, 0.762202, 0.646904, 0.374721, -0.008597, -0.646907, 0.762521, 0.0, 0.0, 0.0, 0.0, 1.0],
                [0.999702, -0.022984, -0.008242, 0.0, 0.023056, 0.777459, 0.628512, 0.374721, -0.008038, -0.628514, 0.777756, -0.0, 0.0, 0.0, 0.0, 1.0],
                [0.999722, -0.022284, -0.00769, 0.0, 0.022354, 0.792578, 0.609361, 0.374721, -0.007484, -0.609363, 0.792856, -0.0, 0.0, 0.0, 0.0, 1.0],
                [0.999742, -0.021556, -0.007145, 0.0, 0.021624, 0.807498, 0.589474, 0.374721, -0.006937, -0.589476, 0.807756, 0.0, 0.0, 0.0, 0.0, 1.0],
                [0.999762, -0.020797, -0.006606, -0.0, 0.020863, 0.822268, 0.568718, 0.374721, -0.006396, -0.56872, 0.822506, 0.0, 0.0, 0.0, 0.0, 1.0],
                [0.999781, -0.020012, -0.006077, -0.0, 0.020075, 0.836738, 0.547235, 0.374721, -0.005866, -0.547237, 0.836957, 0.0, 0.0, 0.0, 0.0, 1.0],
                [0.9998, -0.019192, -0.005557, 0.0, 0.019252, 0.850998, 0.524816, 0.374721, -0.005344, -0.524818, 0.851198, -0.0, 0.0, 0.0, 0.0, 1.0],
                [0.999819, -0.018333, -0.005043, 0.0, 0.018391, 0.86506, 0.501331, 0.374721, -0.004828, -0.501333, 0.865241, 0.0, 0.0, 0.0, 0.0, 1.0],
                [0.999837, -0.017457, -0.004551, 0.0, 0.017512, 0.878531, 0.477365, 0.37472, -0.004335, -0.477366, 0.878694, 0.0, 0.0, 0.0, 0.0, 1.0],
                [0.999854, -0.01657, -0.004085, 0.0, 0.016622, 0.891304, 0.453103, 0.374721, -0.003867, -0.453105, 0.891449, 0.0, 0.0, 0.0, 0.0, 1.0],
                [0.99987, -0.015688, -0.003651, 0.0, 0.015737, 0.903169, 0.428997, 0.374721, -0.003432, -0.428998, 0.903299, 0.0, 0.0, 0.0, 0.0, 1.0],
                [0.999885, -0.014794, -0.003242, 0.0, 0.014841, 0.914391, 0.404562, 0.374721, -0.003021, -0.404563, 0.914505, 0.0, 0.0, 0.0, 0.0, 1.0],
                [0.999899, -0.01391, -0.002864, 0.0, 0.013953, 0.924731, 0.380366, 0.374721, -0.002642, -0.380368, 0.924832, 0.0, 0.0, 0.0, 0.0, 1.0],
                [0.999912, -0.013013, -0.002509, 0.0, 0.013054, 0.934449, 0.355859, 0.374721, -0.002286, -0.35586, 0.934537, -0.0, 0.0, 0.0, 0.0, 1.0],
                [0.999924, -0.012126, -0.002184, 0.0, 0.012164, 0.943346, 0.331588, 0.374721, -0.001961, -0.331589, 0.943421, 0.0, 0.0, 0.0, 0.0, 1.0],
                [0.999935, -0.011228, -0.001881, -0.0, 0.011263, 0.951635, 0.307026, 0.374721, -0.001657, -0.307027, 0.9517, 0.0, 0.0, 0.0, 0.0, 1.0],
                [0.999945, -0.010329, -0.001604, 0.0, 0.010361, 0.959229, 0.28244, 0.374721, -0.001379, -0.282441, 0.959284, -0.0, 0.0, 0.0, 0.0, 1.0],
                [0.999954, -0.00943, -0.001352, 0.0, 0.00946, 0.966132, 0.257875, 0.374721, -0.001126, -0.257876, 0.966177, -0.0, 0.0, 0.0, 0.0, 1.0],
                [0.999963, -0.008518, -0.001121, 0.0, 0.008545, 0.972455, 0.232933, 0.374721, -0.000894, -0.232934, 0.972492, 0.0, 0.0, 0.0, 0.0, 1.0],
                [0.999971, -0.007593, -0.000912, -0.0, 0.007617, 0.978176, 0.20764, 0.374721, -0.000685, -0.207641, 0.978205, 0.0, 0.0, 0.0, 0.0, 1.0],
                [0.999978, -0.006646, -0.000724, 0.0, 0.006667, 0.983324, 0.18174, 0.374721, -0.000496, -0.18174, 0.983347, 0.0, 0.0, 0.0, 0.0, 1.0],
                [0.999984, -0.00566, -0.000556, 0.0, 0.005678, 0.987931, 0.15479, 0.374721, -0.000327, -0.154791, 0.987947, -0.0, 0.0, 0.0, 0.0, 1.0],
                [0.999989, -0.004603, -0.000406, 0.0, 0.004617, 0.992036, 0.12587, 0.374721, -0.000177, -0.125871, 0.992047, 0.0, 0.0, 0.0, 0.0, 1.0],
                [0.999995, -0.003406, -0.000274, -0.0, 0.003417, 0.995647, 0.093151, 0.374721, -4.4e-05, -0.093152, 0.995652, -0.0, 0.0, 0.0, 0.0, 1.0],
                [0.999998, -0.001783, -0.000159, -0.0, 0.001788, 0.99881, 0.048748, 0.374721, 7.1e-05, -0.048748, 0.998811, -0.0, 0.0, 0.0, 0.0, 1.0],
                [1.0, -1.6e-05, -0.000115, 0.0, 1.6e-05, 1.0, 0.000435, 0.374721, 0.000115, -0.000435, 1.0, -0.0, 0.0, 0.0, 0.0, 1.0],
                [1.0, -1.6e-05, -0.000115, -0.0, 1.6e-05, 1.0, 0.000435, 0.374721, 0.000115, -0.000435, 1.0, -0.0, 0.0, 0.0, 0.0, 1.0],
                [1.0, -1.6e-05, -0.000115, 0.0, 1.6e-05, 1.0, 0.000435, 0.374721, 0.000115, -0.000435, 1.0, 0.0, 0.0, 0.0, 0.0, 1.0],
                [1.0, -1.6e-05, -0.000115, 0.0, 1.6e-05, 1.0, 0.000435, 0.374721, 0.000115, -0.000435, 1.0, -0.0, 0.0, 0.0, 0.0, 1.0],
                [1.0, -1.6e-05, -0.000115, -0.0, 1.6e-05, 1.0, 0.000435, 0.374721, 0.000115, -0.000435, 1.0, -0.0, 0.0, 0.0, 0.0, 1.0],
                [1.0, -1.6e-05, -0.000115, 0.0, 1.6e-05, 1.0, 0.000435, 0.374721, 0.000115, -0.000435, 1.0, -0.0, 0.0, 0.0, 0.0, 1.0],
                [1.0, -1.6e-05, -0.000115, 0.0, 1.6e-05, 1.0, 0.000435, 0.374721, 0.000115, -0.000435, 1.0, -0.0, 0.0, 0.0, 0.0, 1.0],
                [1.0, -1.6e-05, -0.000115, -0.0, 1.6e-05, 1.0, 0.000435, 0.374721, 0.000115, -0.000435, 1.0, -0.0, 0.0, 0.0, 0.0, 1.0],
                [1.0, -1.6e-05, -0.000115, -0.0, 1.6e-05, 1.0, 0.000435, 0.374721, 0.000115, -0.000435, 1.0, 0.0, 0.0, 0.0, 0.0, 1.0],
                [1.0, -1.6e-05, -0.000115, 0.0, 1.6e-05, 1.0, 0.000435, 0.374721, 0.000115, -0.000435, 1.0, 0.0, 0.0, 0.0, 0.0, 1.0],
                [1.0, -1.6e-05, -0.000115, 0.0, 1.6e-05, 1.0, 0.000435, 0.374721, 0.000115, -0.000435, 1.0, -0.0, 0.0, 0.0, 0.0, 1.0],
                [1.0, -1.6e-05, -0.000115, 0.0, 1.6e-05, 1.0, 0.000435, 0.374721, 0.000115, -0.000435, 1.0, 0.0, 0.0, 0.0, 0.0, 1.0],
                [1.0, -1.6e-05, -0.000115, -0.0, 1.6e-05, 1.0, 0.000435, 0.374721, 0.000115, -0.000435, 1.0, 0.0, 0.0, 0.0, 0.0, 1.0],
                [1.0, -1.6e-05, -0.000115, 0.0, 1.6e-05, 1.0, 0.000435, 0.374721, 0.000115, -0.000435, 1.0, -0.0, 0.0, 0.0, 0.0, 1.0],
                [1.0, -1.6e-05, -0.000115, 0.0, 1.6e-05, 1.0, 0.000435, 0.374721, 0.000115, -0.000435, 1.0, 0.0, 0.0, 0.0, 0.0, 1.0],
                [1.0, -1.6e-05, -0.000115, -0.0, 1.6e-05, 1.0, 0.000435, 0.374721, 0.000115, -0.000435, 1.0, 0.0, 0.0, 0.0, 0.0, 1.0],
                [1.0, -1.6e-05, -0.000115, 0.0, 1.6e-05, 1.0, 0.000435, 0.374721, 0.000115, -0.000435, 1.0, -0.0, 0.0, 0.0, 0.0, 1.0],
                [1.0, -1.6e-05, -0.000115, -0.0, 1.6e-05, 1.0, 0.000435, 0.374721, 0.000115, -0.000435, 1.0, 0.0, 0.0, 0.0, 0.0, 1.0],
                [1.0, -1.6e-05, -0.000115, 0.0, 1.6e-05, 1.0, 0.000435, 0.374721, 0.000115, -0.000435, 1.0, -0.0, 0.0, 0.0, 0.0, 1.0],
                [1.0, -1.6e-05, -0.000115, -0.0, 1.6e-05, 1.0, 0.000435, 0.374721, 0.000115, -0.000435, 1.0, -0.0, 0.0, 0.0, 0.0, 1.0],
                [1.0, -1.6e-05, -0.000115, 0.0, 1.6e-05, 1.0, 0.000435, 0.374721, 0.000115, -0.000435, 1.0, 0.0, 0.0, 0.0, 0.0, 1.0],
                [1.0, -1.6e-05, -0.000115, 0.0, 1.6e-05, 1.0, 0.000435, 0.374721, 0.000115, -0.000435, 1.0, 0.0, 0.0, 0.0, 0.0, 1.0],
                [1.0, -1.6e-05, -0.000115, 0.0, 1.6e-05, 1.0, 0.000434, 0.374721, 0.000115, -0.000435, 1.0, -0.0, 0.0, 0.0, 0.0, 1.0],
                [1.0, -1.6e-05, -0.000115, -0.0, 1.6e-05, 1.0, 0.000435, 0.374721, 0.000115, -0.000435, 1.0, 0.0, 0.0, 0.0, 0.0, 1.0],
                [1.0, -1.6e-05, -0.000115, -0.0, 1.6e-05, 1.0, 0.000435, 0.374721, 0.000115, -0.000435, 1.0, 0.0, 0.0, 0.0, 0.0, 1.0],
                [1.0, -1.6e-05, -0.000115, 0.0, 1.6e-05, 1.0, 0.000435, 0.374721, 0.000115, -0.000435, 1.0, 0.0, 0.0, 0.0, 0.0, 1.0],
                [0.999999, -0.001216, -0.000135, -0.0, 0.00122, 0.999446, 0.033258, 0.374721, 9.5e-05, -0.033258, 0.999447, 0.0, 0.0, 0.0, 0.0, 1.0],
                [0.999998, -0.001893, -0.000164, 0.0, 0.001899, 0.998657, 0.051768, 0.374721, 6.6e-05, -0.051768, 0.998659, -0.0, 0.0, 0.0, 0.0, 1.0],
                [0.999997, -0.002365, -0.000192, 0.0, 0.002372, 0.997904, 0.064667, 0.374721, 3.8e-05, -0.064667, 0.997907, 0.0, 0.0, 0.0, 0.0, 1.0],
                [0.999996, -0.002732, -0.000217, -0.0, 0.002741, 0.997202, 0.074707, 0.374721, 1.2e-05, -0.074707, 0.997205, -0.0, 0.0, 0.0, 0.0, 1.0],
                [0.999996, -0.003036, -0.000241, -0.0, 0.003045, 0.996544, 0.083018, 0.374721, -1.2e-05, -0.083018, 0.996548, -0.0, 0.0, 0.0, 0.0, 1.0],
                [0.999995, -0.003288, -0.000263, -0.0, 0.003299, 0.995943, 0.089926, 0.37472, -3.4e-05, -0.089926, 0.995949, 0.0, 0.0, 0.0, 0.0, 1.0],
                [0.999994, -0.003496, -0.000283, -0.0, 0.003506, 0.995415, 0.095587, 0.374721, -5.3e-05, -0.095587, 0.995421, -0.0, 0.0, 0.0, 0.0, 1.0],
                [0.999993, -0.003671, -0.0003, 0.0, 0.003683, 0.994942, 0.100389, 0.374721, -7e-05, -0.100389, 0.994948, 0.0, 0.0, 0.0, 0.0, 1.0],
                [0.999993, -0.003811, -0.000314, 0.0, 0.003823, 0.994548, 0.104204, 0.374721, -8.5e-05, -0.104205, 0.994556, 0.0, 0.0, 0.0, 0.0, 1.0],
                [0.999992, -0.003919, -0.000326, 0.0, 0.003932, 0.994233, 0.107173, 0.374721, -9.6e-05, -0.107174, 0.99424, -0.0, 0.0, 0.0, 0.0, 1.0],
                [0.999992, -0.003997, -0.000334, -0.0, 0.004009, 0.994001, 0.109298, 0.374721, -0.000105, -0.109299, 0.994009, -0.0, 0.0, 0.0, 0.0, 1.0],
                [0.999992, -0.004043, -0.000339, -0.0, 0.004056, 0.993862, 0.110554, 0.374721, -0.00011, -0.110554, 0.99387, 0.0, 0.0, 0.0, 0.0, 1.0],
                [0.999992, -0.004059, -0.000341, -0.0, 0.004072, 0.993813, 0.11099, 0.374721, -0.000112, -0.11099, 0.993821, -0.0, 0.0, 0.0, 0.0, 1.0]
            ]
        },
        {
            "name": "Knee_R",
            "time": [0.0, 0.0167, 0.0333, 0.05, 0.0667, 0.0833, 0.1, 0.1167, 0.1333, 0.15, 0.1667, 0.1833, 0.2, 0.2167, 0.2333, 0.25, 0.2667, 0.2833, 0.3, 0.3167, 0.3333, 0.35, 0.3667, 0.3833, 0.4, 0.4167, 0.4333, 0.45, 0.4667, 0.4833, 0.5, 0.5167, 0.5333, 0.55, 0.5667, 0.5833, 0.6, 0.6167, 0.6333, 0.65, 0.6667, 0.6833, 0.7, 0.7167, 0.7333, 0.75, 0.7667, 0.7833, 0.8, 0.8167, 0.8333, 0.85, 0.8667, 0.8833, 0.9, 0.9167, 0.9333, 0.95, 0.9667, 0.9833, 1.0, 1.0167, 1.0333, 1.05, 1.0667, 1.0833, 1.1, 1.1167, 1.1333, 1.15, 1.1667, 1.1833, 1.2, 1.2167, 1.2333, 1.25, 1.2667, 1.2833, 1.3, 1.3167, 1.3333],
            "transform": [
                [1.0, -5.7e-05, 5.7e-05, -1e-06, 5.7e-05, 0.001565, -0.999999, 0.400303, 5.7e-05, 0.999999, 0.001565, -4e-05, 0.0, 0.0, 0.0, 1.0],
                [1.0, -5.7e-05, 5.7e-05, -2e-06, 5.7e-05, 0.001565, -0.999999, 0.401057, 5.7e-05, 0.999999, 0.001565, -4.1e-05, 0.0, 0.0, 0.0, 1.0],
                [1.0, -5.7e-05, 5.7e-05, -2e-06, 5.7e-05, 0.001565, -0.999999, 0.403207, 5.7e-05, 0.999999, 0.001565, -4.5e-05, 0.0, 0.0, 0.0, 1.0],
                [1.0, -5.7e-05, 5.7e-05, -2e-06, 5.7e-05, 0.001565, -0.999999, 0.406399, 5.7e-05, 0.999999, 0.001565, -5e-05, 0.0, 0.0, 0.0, 1.0],
                [1.0, -5.7e-05, 5.7e-05, -2e-06, 5.7e-05, 0.001565, -0.999999, 0.410081, 5.7e-05, 0.999999, 0.001565, -5.5e-05, 0.0, 0.0, 0.0, 1.0],
                [1.0, -5.7e-05, 5.7e-05, -2e-06, 5.7e-05, 0.001565, -0.999999, 0.413641, 5.7e-05, 0.999999, 0.001565, -6.1e-05, 0.0, 0.0, 0.0, 1.0],
                [1.0, -5.7e-05, 5.7e-05, -2e-06, 5.7e-05, 0.001565, -0.999999, 0.416424, 5.7e-05, 0.999999, 0.001565, -6.5e-05, 0.0, 0.0, 0.0, 1.0],
                [1.0, -5.7e-05, 5.7e-05, -2e-06, 5.7e-05, 0.001565, -0.999999, 0.417937, 5.7e-05, 0.999999, 0.001565, -6.8e-05, 0.0, 0.0, 0.0, 1.0],
