{
    "animation": [
        {
            "name": "Root",
            "time": [0.0, 0.0167, 0.0333, 0.05, 0.0667, 0.0833, 0.1, 0.1167, 0.1333, 0.15, 0.1667, 0.1833, 0.2, 0.2167, 0.2333, 0.25, 0.2667, 0.2833, 0.3, 0.3167, 0.3333, 0.35, 0.3667, 0.3833, 0.4, 0.4167, 0.4333, 0.45, 0.4667, 0.4833, 0.5, 0.5167, 0.5333, 0.55, 0.5667, 0.5833, 0.6, 0.6167, 0.6333, 0.65, 0.6667, 0.6833, 0.7, 0.7167, 0.7333, 0.75, 0.7667, 0.7833, 0.8, 0.8167, 0.8333, 0.85, 0.8667, 0.8833, 0.9, 0.9167, 0.9333, 0.95, 0.9667, 0.9833, 1.0],
            "transform": [
                [0.901956, 0.0, 0.431828, -5e-06, 0.431828, 0.0, -0.901956, 0.000946, 0.0, 1.0, 0.0, 0.757621, 0.0, 0.0, 0.0, 1.0],
                [0.907364, 0.0, 0.420345, -5e-06, 0.420345, 0.0, -0.907364, 0.000946, 0.0, 1.0, 0.0, 0.757134, 0.0, 0.0, 0.0, 1.0],
                [0.922942, 0.0, 0.384939, -5e-06, 0.384939, 0.0, -0.922942, 0.000946, 0.0, 1.0, 0.0, 0.755622, 0.0, 0.0, 0.0, 1.0],
                [0.946117, 0.0, 0.323826, -5e-06, 0.323826, 0.0, -0.946117, 0.000946, 0.0, 1.0, 0.0, 0.753022, 0.0, 0.0, 0.0, 1.0],
                [0.971865, 0.0, 0.23554, -5e-06, 0.23554, 0.0, -0.971865, 0.000946, 0.0, 1.0, 0.0, 0.749294, 0.0, 0.0, 0.0, 1.0],
                [0.992714, 0.0, 0.120491, -5e-06, 0.120491, 0.0, -0.992714, 0.000946, 0.0, 1.0, 0.0, 0.744438, 0.0, 0.0, 0.0, 1.0],
                [0.999853, 0.0, -0.017161, -5e-06, -0.017161, 0.0, -0.999853, 0.000946, 0.0, 1.0, 0.0, 0.73851, 0.0, 0.0, 0.0, 1.0],
                [0.985722, 0.0, -0.168381, -5e-06, -0.168381, 0.0, -0.985722, 0.000946, 0.0, 1.0, 0.0, 0.731621, 0.0, 0.0, 0.0, 1.0],
                [0.947313, 0.0, -0.320309, -5e-06, -0.320309, 0.0, -0.947313, 0.000946, 0.0, 1.0, 0.0, 0.723945, 0.0, 0.0, 0.0, 1.0],
                [0.888065, 0.0, -0.459719, -5e-06, -0.459719, 0.0, -0.888065, 0.000946, 0.0, 1.0, 0.0, 0.715697, 0.0, 0.0, 0.0, 1.0],
                [0.816746, 0.0, -0.576997, -5e-06, -0.576997, 0.0, -0.816746, 0.000946, 0.0, 1.0, 0.0, 0.70711, 0.0, 0.0, 0.0, 1.0],
                [0.744087, 0.0, -0.668083, -5e-06, -0.668083, 0.0, -0.744087, 0.000946, 0.0, 1.0, 0.0, 0.698411, 0.0, 0.0, 0.0, 1.0],
                [0.679498, 0.0, -0.733678, -5e-06, -0.733678, 0.0, -0.679498, 0.000946, 0.0, 1.0, 0.0, 0.689797, 0.0, 0.0, 0.0, 1.0],
                [0.629482, 0.0, -0.777015, -5e-06, -0.777015, 0.0, -0.629482, 0.000946, 0.0, 1.0, 0.0, 0.681424, 0.0, 0.0, 0.0, 1.0],
                [0.597646, 0.0, -0.80176, -5e-06, -0.80176, 0.0, -0.597646, 0.000946, 0.0, 1.0, 0.0, 0.673406, 0.0, 0.0, 0.0, 1.0],
                [0.585446, 0.0, -0.810711, -5e-06, -0.810711, 0.0, -0.585446, 0.000946, 0.0, 1.0, 0.0, 0.665821, 0.0, 0.0, 0.0, 1.0],
                [0.595838, 0.0, -0.803105, -5e-06, -0.803105, 0.0, -0.595838, 0.005027, 0.0, 1.0, 0.0, 0.657872, 0.0, 0.0, 0.0, 1.0],
                [0.631794, 0.0, -0.775137, -5e-06, -0.775137, 0.0, -0.631794, 0.017361, 0.0, 1.0, 0.0, 0.648756, 0.0, 0.0, 0.0, 1.0],
                [0.692108, 0.0, -0.721794, -5e-06, -0.721794, 0.0, -0.692108, 0.037885, 0.0, 1.0, 0.0, 0.638556, 0.0, 0.0, 0.0, 1.0],
                [0.772011, 0.0, -0.635609, -5e-06, -0.635609, 0.0, -0.772011, 0.066171, 0.0, 1.0, 0.0, 0.627424, 0.0, 0.0, 0.0, 1.0],
                [0.860919, 0.0, -0.508741, -5e-06, -0.508741, 0.0, -0.860919, 0.101326, 0.0, 1.0, 0.0, 0.615595, 0.0, 0.0, 0.0, 1.0],
                [0.941284, 0.0, -0.337615, -5e-06, -0.337615, 0.0, -0.941284, 0.14193, 0.0, 1.0, 0.0, 0.603393, 0.0, 0.0, 0.0, 1.0],
                [0.99163, 0.0, -0.129109, -5e-06, -0.129109, 0.0, -0.99163, 0.186054, 0.0, 1.0, 0.0, 0.591217, 0.0, 0.0, 0.0, 1.0],
                [0.99532, 0.0, 0.09663, -5e-06, 0.09663, 0.0, -0.99532, 0.231398, 0.0, 1.0, 0.0, 0.579504, 0.0, 0.0, 0.0, 1.0],
                [0.950047, 0.0, 0.312107, -5e-06, 0.312107, 0.0, -0.950047, 0.275523, 0.0, 1.0, 0.0, 0.568688, 0.0, 0.0, 0.0, 1.0],
                [0.869169, 0.0, 0.494516, -5e-06, 0.494516, 0.0, -0.869169, 0.316126, 0.0, 1.0, 0.0, 0.559144, 0.0, 0.0, 0.0, 1.0],
                [0.773502, 0.0, 0.633794, -5e-06, 0.633794, 0.0, -0.773502, 0.351282, 0.0, 1.0, 0.0, 0.551159, 0.0, 0.0, 0.0, 1.0],
                [0.681712, 0.0, 0.731621, -5e-06, 0.731621, 0.0, -0.681712, 0.379567, 0.0, 1.0, 0.0, 0.544913, 0.0, 0.0, 0.0, 1.0],
                [0.605886, 0.0, 0.795552, -5e-06, 0.795552, 0.0, -0.605886, 0.400091, 0.0, 1.0, 0.0, 0.540485, 0.0, 0.0, 0.0, 1.0],
                [0.551967, 0.0, 0.833866, -5e-06, 0.833866, 0.0, -0.551967, 0.412426, 0.0, 1.0, 0.0, 0.537875, 0.0, 0.0, 0.0, 1.0],
                [0.521967, 0.0, 0.852966, -5e-06, 0.852966, 0.0, -0.521967, 0.416506, 0.0, 1.0, 0.0, 0.537025, 0.0, 0.0, 0.0, 1.0],
                [0.504571, 0.0, 0.86337, -5e-06, 0.86337, 0.0, -0.504571, 0.416506, 0.0, 1.0, 0.0, 0.537941, 0.0, 0.0, 0.0, 1.0],
                [0.488481, 0.0, 0.872574, -5e-06, 0.872574, 0.0, -0.488481, 0.416506, 0.0, 1.0, 0.0, 0.540793, 0.0, 0.0, 0.0, 1.0],
                [0.474092, 0.0, 0.880475, -5e-06, 0.880475, 0.0, -0.474092, 0.416506, 0.0, 1.0, 0.0, 0.545656, 0.0, 0.0, 0.0, 1.0],
                [0.4618, 0.0, 0.886984, -5e-06, 0.886984, 0.0, -0.4618, 0.416506, 0.0, 1.0, 0.0, 0.552427, 0.0, 0.0, 0.0, 1.0],
                [0.451901, 0.0, 0.892068, -5e-06, 0.892068, 0.0, -0.451901, 0.416506, 0.0, 1.0, 0.0, 0.560764, 0.0, 0.0, 0.0, 1.0],
                [0.44449, 0.0, 0.895784, -5e-06, 0.895784, 0.0, -0.44449, 0.416506, 0.0, 1.0, 0.0, 0.570105, 0.0, 0.0, 0.0, 1.0],
                [0.43941, 0.0, 0.898287, -5e-06, 0.898287, 0.0, -0.43941, 0.416506, 0.0, 1.0, 0.0, 0.579788, 0.0, 0.0, 0.0, 1.0],
                [0.436309, 0.0, 0.899797, -5e-06, 0.899797, 0.0, -0.436309, 0.416506, 0.0, 1.0, 0.0, 0.589206, 0.0, 0.0, 0.0, 1.0],
                [0.434752, 0.0, 0.90055, -5e-06, 0.90055, 0.0, -0.434752, 0.416506, 0.0, 1.0, 0.0, 0.597921, 0.0, 0.0, 0.0, 1.0],
                [0.434315, 0.0, 0.900761, -5e-06, 0.900761, 0.0, -0.434315, 0.416506, 0.0, 1.0, 0.0, 0.605678, 0.0, 0.0, 0.0, 1.0],
                [0.437601, 0.0, 0.899169, -5e-06, 0.899169, 0.0, -0.437601, 0.416506, 0.0, 1.0, 0.0, 0.613256, 0.0, 0.0, 0.0, 1.0],
                [0.447509, 0.0, 0.89428, -5e-06, 0.89428, 0.0, -0.447509, 0.416506, 0.0, 1.0, 0.0, 0.621515, 0.0, 0.0, 0.0, 1.0],
                [0.463992, 0.0, 0.885839, -5e-06, 0.885839, 0.0, -0.463992, 0.416506, 0.0, 1.0, 0.0, 0.630422, 0.0, 0.0, 0.0, 1.0],
                [0.486802, 0.0, 0.873512, -5e-06, 0.873512, 0.0, -0.486802, 0.416506, 0.0, 1.0, 0.0, 0.639922, 0.0, 0.0, 0.0, 1.0],
                [0.515433, 0.0, 0.85693, -5e-06, 0.85693, 0.0, -0.515433, 0.416506, 0.0, 1.0, 0.0, 0.649933, 0.0, 0.0, 0.0, 1.0],
                [0.549085, 0.0, 0.835767, -5e-06, 0.835767, 0.0, -0.549085, 0.416506, 0.0, 1.0, 0.0, 0.660347, 0.0, 0.0, 0.0, 1.0],
                [0.586647, 0.0, 0.809843, -5e-06, 0.809843, 0.0, -0.586647, 0.416506, 0.0, 1.0, 0.0, 0.671021, 0.0, 0.0, 0.0, 1.0],
                [0.626728, 0.0, 0.779238, -5e-06, 0.779238, 0.0, -0.626728, 0.416506, 0.0, 1.0, 0.0, 0.681788, 0.0, 0.0, 0.0, 1.0],
                [0.667749, 0.0, 0.744387, -5e-06, 0.744387, 0.0, -0.667749, 0.416506, 0.0, 1.0, 0.0, 0.692456, 0.0, 0.0, 0.0, 1.0],
                [0.708082, 0.0, 0.70613, -5e-06, 0.70613, 0.0, -0.708082, 0.416506, 0.0, 1.0, 0.0, 0.702823, 0.0, 0.0, 0.0, 1.0],
                [0.746227, 0.0, 0.665692, -5e-06, 0.665692, 0.0, -0.746227, 0.416506, 0.0, 1.0, 0.0, 0.712684, 0.0, 0.0, 0.0, 1.0],
                [0.780965, 0.0, 0.624575, -5e-06, 0.624575, 0.0, -0.780965, 0.416506, 0.0, 1.0, 0.0, 0.72185, 0.0, 0.0, 0.0, 1.0],
                [0.811459, 0.0, 0.58441, -5e-06, 0.58441, 0.0, -0.811459, 0.416506, 0.0, 1.0, 0.0, 0.730155, 0.0, 0.0, 0.0, 1.0],
                [0.837279, 0.0, 0.546776, -5e-06, 0.546776, 0.0, -0.837279, 0.416506, 0.0, 1.0, 0.0, 0.737469, 0.0, 0.0, 0.0, 1.0],
                [0.858349, 0.0, 0.513066, -5e-06, 0.513066, 0.0, -0.858349, 0.416506, 0.0, 1.0, 0.0, 0.743697, 0.0, 0.0, 0.0, 1.0],
                [0.874853, 0.0, 0.484389, -5e-06, 0.484389, 0.0, -0.874853, 0.416506, 0.0, 1.0, 0.0, 0.748784, 0.0, 0.0, 0.0, 1.0],
                [0.887116, 0.0, 0.461546, -5e-06, 0.461546, 0.0, -0.887116, 0.416506, 0.0, 1.0, 0.0, 0.752705, 0.0, 0.0, 0.0, 1.0],
                [0.895511, 0.0, 0.445039, -5e-06, 0.445039, 0.0, -0.895511, 0.416506, 0.0, 1.0, 0.0, 0.755465, 0.0, 0.0, 0.0, 1.0],
                [0.900374, 0.0, 0.435118, -5e-06, 0.435118, 0.0, -0.900374, 0.416506, 0.0, 1.0, 0.0, 0.757091, 0.0, 0.0, 0.0, 1.0],
                [0.901956, 0.0, 0.431828, -5e-06, 0.431828, 0.0, -0.901956, 0.416506, 0.0, 1.0, 0.0, 0.757621, 0.0, 0.0, 0.0, 1.0]
            ]
        },
        {
            "name": "Thigh_R",
            "time": [0.0, 0.0167, 0.0333, 0.05, 0.0667, 0.0833, 0.1, 0.1167, 0.1333, 0.15, 0.1667, 0.1833, 0.2, 0.2167, 0.2333, 0.25, 0.2667, 0.2833, 0.3, 0.3167, 0.3333, 0.35, 0.3667, 0.3833, 0.4, 0.4167, 0.4333, 0.45, 0.4667, 0.4833, 0.5, 0.5167, 0.5333, 0.55, 0.5667, 0.5833, 0.6, 0.6167, 0.6333, 0.65, 0.6667, 0.6833, 0.7, 0.7167, 0.7333, 0.75, 0.7667, 0.7833, 0.8, 0.8167, 0.8333, 0.85, 0.8667, 0.8833, 0.9, 0.9167, 0.9333, 0.95, 0.9667, 0.9833, 1.0],
            "transform": [
                [0.994115, 0.092701, -0.056047, 0.124994, 0.09895, -0.987641, 0.12155, -0.002831, -0.044087, -0.126381, -0.991002, -1.2e-05, 0.0, 0.0, 0.0, 1.0],
                [0.993849, 0.094421, -0.057869, 0.124994, 0.101243, -0.986427, 0.129269, -0.002831, -0.044878, -0.134333, -0.989919, -1.2e-05, 0.0, 0.0, 0.0, 1.0],
                [0.993031, 0.099638, -0.062936, 0.124994, 0.107957, -0.983271, 0.146704, -0.002831, -0.047266, -0.152477, -0.987176, -1.2e-05, 0.0, 0.0, 0.0, 1.0],
                [0.991602, 0.108305, -0.07068, 0.124994, 0.118759, -0.978933, 0.16609, -0.002831, -0.051203, -0.173089, -0.983574, -1.2e-05, 0.0, 0.0, 0.0, 1.0],
                [0.989468, 0.120207, -0.080639, 0.124994, 0.133259, -0.974002, 0.1832, -0.002831, -0.056521, -0.192016, -0.979763, -1.2e-05, 0.0, 0.0, 0.0, 1.0],
                [0.986543, 0.134984, -0.092262, 0.124994, 0.150908, -0.968905, 0.196084, -0.002831, -0.062925, -0.207369, -0.976237, -1.2e-05, 0.0, 0.0, 0.0, 1.0],
                [0.982793, 0.152148, -0.104735, 0.124994, 0.170931, -0.96404, 0.203493, -0.002831, -0.070007, -0.217893, -0.973459, -1.2e-05, 0.0, 0.0, 0.0, 1.0],
                [0.978278, 0.171061, -0.117092, 0.124994, 0.192356, -0.959646, 0.205128, -0.002831, -0.077278, -0.223196, -0.971706, -1.2e-05, 0.0, 0.0, 0.0, 1.0],
                [0.973175, 0.190952, -0.128321, 0.124994, 0.214089, -0.95586, 0.201238, -0.002831, -0.08423, -0.223312, -0.971101, -1.2e-05, 0.0, 0.0, 0.0, 1.0],
                [0.967771, 0.210943, -0.137557, 0.124994, 0.235041, -0.952703, 0.192647, -0.002831, -0.090413, -0.218769, -0.971579, -1.2e-05, 0.0, 0.0, 0.0, 1.0],
                [0.962414, 0.230113, -0.14425, 0.124994, 0.254249, -0.950118, 0.180648, -0.002831, -0.095485, -0.210533, -0.972912, -1.2e-05, 0.0, 0.0, 0.0, 1.0],
                [0.95746, 0.247591, -0.148219, 0.124994, 0.270965, -0.948041, 0.166721, -0.002831, -0.09924, -0.199791, -0.9748, -1.2e-05, 0.0, 0.0, 0.0, 1.0],
                [0.953221, 0.262623, -0.149657, 0.124994, 0.284684, -0.946422, 0.152448, -0.002831, -0.101602, -0.187922, -0.976915, -1.2e-05, 0.0, 0.0, 0.0, 1.0],
                [0.94994, 0.274677, -0.148883, 0.124994, 0.295105, -0.94532, 0.138864, -0.002831, -0.102599, -0.175849, -0.979056, -1.2e-05, 0.0, 0.0, 0.0, 1.0],
                [0.947769, 0.283392, -0.146363, 0.124994, 0.302099, -0.944792, 0.126903, -0.002831, -0.10232, -0.164491, -0.981057, -1.2e-05, 0.0, 0.0, 0.0, 1.0],
                [0.946786, 0.288579, -0.142544, 0.124994, 0.305646, -0.944909, 0.11716, -0.002831, -0.100881, -0.154493, -0.98283, -1.2e-05, 0.0, 0.0, 0.0, 1.0],
                [0.946386, 0.292327, -0.137472, 0.124994, 0.307577, -0.945504, 0.106855, -0.002831, -0.098744, -0.143409, -0.984725, -1.2e-05, 0.0, 0.0, 0.0, 1.0],
                [0.945938, 0.296793, -0.130825, 0.124994, 0.309722, -0.946301, 0.092659, -0.002831, -0.0963, -0.128169, -0.987066, -1.2e-05, 0.0, 0.0, 0.0, 1.0],
                [0.945428, 0.301979, -0.122371, 0.124994, 0.312102, -0.947169, 0.07391, -0.002831, -0.093586, -0.108069, -0.989729, -1.2e-05, 0.0, 0.0, 0.0, 1.0],
                [0.944841, 0.307793, -0.111974, 0.124994, 0.314733, -0.947846, 0.050297, -0.002831, -0.090653, -0.082765, -0.992437, -1.2e-05, 0.0, 0.0, 0.0, 1.0],
                [0.944169, 0.314055, -0.099564, 0.124994, 0.317611, -0.947972, 0.021722, -0.002831, -0.087562, -0.052132, -0.994794, -1.2e-05, 0.0, 0.0, 0.0, 1.0],
                [0.94341, 0.320468, -0.085312, 0.124994, 0.320713, -0.94711, -0.011194, -0.002831, -0.084387, -0.0168, -0.996291, -1.2e-05, 0.0, 0.0, 0.0, 1.0],
                [0.942571, 0.326674, -0.069601, 0.124994, 0.323982, -0.94488, -0.047286, -0.002831, -0.081212, 0.022021, -0.996454, -1.2e-05, 0.0, 0.0, 0.0, 1.0],
                [0.941676, 0.332312, -0.053057, 0.124994, 0.327325, -0.941094, -0.084854, -0.002831, -0.07813, 0.062538, -0.99498, -1.2e-05, 0.0, 0.0, 0.0, 1.0],
                [0.940762, 0.337096, -0.036495, 0.124994, 0.330613, -0.935864, -0.121872, -0.002831, -0.075237, 0.102586, -0.991875, -1.2e-05, 0.0, 0.0, 0.0, 1.0],
                [0.939879, 0.340873, -0.020825, 0.124994, 0.333696, -0.929637, -0.156278, -0.002831, -0.072631, 0.139933, -0.987494, -1.2e-05, 0.0, 0.0, 0.0, 1.0],
                [0.939078, 0.343633, -0.006898, 0.124994, 0.336415, -0.923095, -0.186336, -0.002831, -0.070399, 0.172663, -0.982462, -1.2e-05, 0.0, 0.0, 0.0, 1.0],
                [0.938409, 0.345496, 0.004483, 0.124994, 0.338645, -0.917067, -0.210492, -0.002831, -0.068614, 0.199046, -0.977585, -1.2e-05, 0.0, 0.0, 0.0, 1.0],
                [0.937911, 0.346637, 0.012842, 0.124994, 0.340279, -0.91226, -0.228016, -0.002831, -0.067324, 0.218229, -0.973572, -1.2e-05, 0.0, 0.0, 0.0, 1.0],
                [0.937609, 0.347231, 0.01788, 0.124994, 0.341262, -0.909211, -0.238486, -0.002831, -0.066553, 0.229709, -0.970981, -1.2e-05, 0.0, 0.0, 0.0, 1.0],
                [0.937509, 0.347412, 0.01954, 0.124994, 0.341586, -0.908181, -0.24192, -0.002831, -0.0663, 0.233477, -0.970099, -1.2e-05, 0.0, 0.0, 0.0, 1.0],
                [0.937768, 0.3467, 0.019747, 0.124994, 0.340831, -0.908021, -0.243579, -0.002831, -0.066519, 0.235151, -0.96968, -1.2e-05, 0.0, 0.0, 0.0, 1.0],
                [0.938566, 0.344494, 0.020424, 0.124994, 0.338494, -0.907467, -0.248847, -0.002831, -0.067192, 0.240473, -0.968327, -1.2e-05, 0.0, 0.0, 0.0, 1.0],
                [0.939898, 0.340765, 0.021706, 0.124994, 0.334552, -0.906316, -0.258196, -0.002831, -0.068312, 0.24994, -0.965848, -1.2e-05, 0.0, 0.0, 0.0, 1.0],
                [0.941694, 0.335627, 0.023794, 0.124994, 0.329148, -0.904224, -0.272105, -0.002831, -0.06981, 0.264071, -0.961974, -1.2e-05, 0.0, 0.0, 0.0, 1.0],
                [0.943821, 0.32936, 0.026886, 0.124994, 0.322615, -0.900756, -0.29079, -0.002831, -0.071557, 0.283128, -0.956409, -1.2e-05, 0.0, 0.0, 0.0, 1.0],
                [0.94611, 0.322336, 0.031218, 0.124994, 0.315422, -0.89537, -0.314357, -0.002831, -0.073377, 0.307264, -0.948791, -1.2e-05, 0.0, 0.0, 0.0, 1.0],
                [0.948398, 0.314917, 0.036988, 0.124994, 0.308062, -0.887501, -0.342694, -0.002831, -0.075093, 0.336405, -0.938718, -1.2e-05, 0.0, 0.0, 0.0, 1.0],
                [0.950575, 0.307289, 0.044506, 0.124994, 0.300909, -0.876374, -0.376062, -0.002831, -0.076555, 0.370867, -0.925525, -1.2e-05, 0.0, 0.0, 0.0, 1.0],
                [0.9526, 0.299321, 0.054403, 0.124994, 0.294151, -0.860575, -0.415794, -0.002831, -0.077638, 0.412088, -0.90783, -1.2e-05, 0.0, 0.0, 0.0, 1.0],
                [0.954556, 0.289832, 0.069416, 0.124994, 0.28761, -0.8348, -0.469456, -0.002831, -0.078115, 0.468087, -0.880223, -1.2e-05, 0.0, 0.0, 0.0, 1.0],
                [0.956807, 0.277046, 0.088127, 0.124994, 0.280114, -0.797365, -0.534551, -0.002831, -0.077826, 0.536147, -0.840529, -1.2e-05, 0.0, 0.0, 0.0, 1.0],
                [0.958607, 0.273264, 0.079989, 0.124994, 0.273604, -0.806283, -0.52445, -0.002831, -0.07882, 0.524627, -0.847675, -1.2e-05, 0.0, 0.0, 0.0, 1.0],
                [0.960805, 0.268275, 0.069877, 0.124994, 0.265599, -0.818549, -0.509347, -0.002831, -0.079448, 0.507942, -0.857719, -1.2e-05, 0.0, 0.0, 0.0, 1.0],
                [0.963332, 0.261958, 0.058054, 0.124994, 0.256216, -0.833869, -0.488893, -0.002831, -0.079659, 0.48584, -0.87041, -1.2e-05, 0.0, 0.0, 0.0, 1.0],
                [0.965228, 0.26059, 0.020649, 0.124994, 0.248594, -0.890623, -0.380778, -0.002831, -0.080837, 0.372671, -0.924436, -1.2e-05, 0.0, 0.0, 0.0, 1.0],
                [0.967714, 0.25197, -0.006382, 0.124994, 0.23882, -0.924717, -0.296417, -0.002831, -0.08059, 0.285323, -0.955037, -1.2e-05, 0.0, 0.0, 0.0, 1.0],
                [0.97046, 0.239493, -0.029168, 0.124994, 0.227815, -0.949445, -0.215995, -0.002831, -0.079422, 0.20297, -0.975959, -1.2e-05, 0.0, 0.0, 0.0, 1.0],
                [0.973349, 0.224248, -0.048011, 0.124994, 0.215862, -0.966572, -0.138353, -0.002831, -0.077431, 0.124302, -0.989218, -1.2e-05, 0.0, 0.0, 0.0, 1.0],
                [0.976285, 0.207221, -0.062663, 0.124994, 0.203188, -0.976973, -0.065108, -0.002831, -0.074712, 0.050831, -0.995909, -1.2e-05, 0.0, 0.0, 0.0, 1.0],
                [0.979178, 0.189425, -0.072997, 0.124994, 0.190035, -0.981776, 0.001435, -0.002831, -0.071395, -0.015277, -0.997331, -1.2e-05, 0.0, 0.0, 0.0, 1.0],
                [0.981939, 0.171824, -0.079189, 0.124994, 0.176685, -0.982493, 0.05907, -0.002831, -0.067652, -0.071995, -0.995108, -1.2e-05, 0.0, 0.0, 0.0, 1.0],
                [0.984493, 0.155223, -0.081718, 0.124994, 0.163453, -0.980828, 0.106108, -0.002831, -0.063681, -0.11782, -0.990991, -1.2e-05, 0.0, 0.0, 0.0, 1.0],
                [0.98678, 0.140215, -0.081263, 0.124994, 0.15067, -0.978422, 0.141381, -0.002831, -0.059685, -0.151756, -0.986614, -1.2e-05, 0.0, 0.0, 0.0, 1.0],
                [0.988761, 0.127155, -0.078629, 0.124994, 0.138672, -0.976576, 0.164524, -0.002831, -0.055867, -0.173579, -0.983234, -1.2e-05, 0.0, 0.0, 0.0, 1.0],
                [0.990418, 0.116209, -0.07462, 0.124994, 0.127777, -0.976089, 0.175848, -0.002831, -0.052401, -0.183697, -0.981586, -1.2e-05, 0.0, 0.0, 0.0, 1.0],
                [0.991751, 0.107416, -0.069948, 0.124994, 0.118267, -0.977232, 0.176153, -0.002831, -0.049433, -0.182973, -0.981875, -1.2e-05, 0.0, 0.0, 0.0, 1.0],
                [0.992773, 0.100741, -0.065218, 0.124994, 0.110392, -0.979755, 0.167011, -0.002831, -0.047073, -0.173003, -0.983796, -1.2e-05, 0.0, 0.0, 0.0, 1.0],
                [0.993504, 0.096137, -0.06089, 0.124994, 0.104354, -0.983082, 0.15053, -0.002831, -0.045388, -0.155906, -0.986729, -1.2e-05, 0.0, 0.0, 0.0, 1.0],
                [0.993956, 0.093517, -0.057492, 0.124994, 0.100395, -0.986219, 0.1315, -0.002831, -0.044402, -0.136477, -0.989648, -1.2e-05, 0.0, 0.0, 0.0, 1.0],
                [0.994115, 0.092701, -0.056047, 0.124994, 0.09895, -0.987641, 0.12155, -0.002831, -0.044087, -0.126381, -0.991002, -1.2e-05, 0.0, 0.0, 0.0, 1.0]
            ]
        },
        {
            "name": "Leg_R",
            "time": [0.0, 0.0167, 0.0333, 0.05, 0.0667, 0.0833, 0.1, 0.1167, 0.1333, 0.15, 0.1667, 0.1833, 0.2, 0.2167, 0.2333, 0.25, 0.2667, 0.2833, 0.3, 0.3167, 0.3333, 0.35, 0.3667, 0.3833, 0.4, 0.4167, 0.4333, 0.45, 0.4667, 0.4833, 0.5, 0.5167, 0.5333, 0.55, 0.5667, 0.5833, 0.6, 0.6167, 0.6333, 0.65, 0.6667, 0.6833, 0.7, 0.7167, 0.7333, 0.75, 0.7667, 0.7833, 0.8, 0.8167, 0.8333, 0.85, 0.8667, 0.8833, 0.9, 0.9167, 0.9333, 0.95, 0.9667, 0.9833, 1.0],
            "transform": [
                [0.999992, -0.004059, -0.000341, 0.0, 0.004072, 0.993813, 0.11099, 0.374721, -0.000112, -0.11099, 0.993821, 0.0, 0.0, 0.0, 0.0, 1.0],
                [0.999989, -0.004741, -0.000424, -0.0, 0.004756, 0.991548, 0.129655, 0.374721, -0.000195, -0.129655, 0.991559, 0.0, 0.0, 0.0, 0.0, 1.0],
                [0.999979, -0.006377, -0.000675, 0.0, 0.006397, 0.984656, 0.174389, 0.374721, -0.000447, -0.174389, 0.984677, 0.0, 0.0, 0.0, 0.0, 1.0],
                [0.999964, -0.008406, -0.001094, 0.0, 0.008432, 0.973188, 0.22986, 0.374721, -0.000867, -0.229861, 0.973224, 0.0, 0.0, 0.0, 0.0, 1.0],
                [0.999943, -0.010524, -0.001662, -0.0, 0.010557, 0.95764, 0.287773, 0.374721, -0.001437, -0.287774, 0.957697, -0.0, 0.0, 0.0, 0.0, 1.0],
                [0.999918, -0.012589, -0.00235, 0.0, 0.012628, 0.938795, 0.344244, 0.374721, -0.002127, -0.344246, 0.938877, -0.0, 0.0, 0.0, 0.0, 1.0],
                [0.99989, -0.014501, -0.003113, 0.0, 0.014546, 0.917904, 0.396536, 0.374721, -0.002892, -0.396537, 0.918014, 0.0, 0.0, 0.0, 0.0, 1.0],
                [0.999861, -0.016215, -0.003907, 0.0, 0.016266, 0.896174, 0.443404, 0.374721, -0.003689, -0.443405, 0.896313, 0.0, 0.0, 0.0, 0.0, 1.0],
                [0.999832, -0.017708, -0.004689, -0.0, 0.017764, 0.87476, 0.484231, 0.374721, -0.004473, -0.484234, 0.874928, -0.0, 0.0, 0.0, 0.0, 1.0],
                [0.999805, -0.018984, -0.005429, -0.0, 0.019044, 0.854485, 0.519127, 0.374721, -0.005216, -0.519129, 0.85468, -0.0, 0.0, 0.0, 0.0, 1.0],
                [0.99978, -0.020072, -0.006117, -0.0, 0.020135, 0.835664, 0.548872, 0.374721, -0.005905, -0.548874, 0.835884, -0.0, 0.0, 0.0, 0.0, 1.0],
                [0.999757, -0.021013, -0.006756, 0.0, 0.021079, 0.818161, 0.574602, 0.374721, -0.006547, -0.574604, 0.818405, -0.0, 0.0, 0.0, 0.0, 1.0],
                [0.999734, -0.021862, -0.00737, -0.0, 0.02193, 0.801329, 0.597822, 0.374721, -0.007163, -0.597824, 0.801596, 0.0, 0.0, 0.0, 0.0, 1.0],
                [0.999712, -0.022651, -0.007976, 0.0, 0.022722, 0.784751, 0.619394, 0.374721, -0.007771, -0.619397, 0.785039, 0.0, 0.0, 0.0, 0.0, 1.0],
                [0.999689, -0.023416, -0.008597, -0.0, 0.023489, 0.767753, 0.640315, 0.374721, -0.008393, -0.640318, 0.768064, -0.0, 0.0, 0.0, 0.0, 1.0],
                [0.999665, -0.024181, -0.009253, 0.0, 0.024257, 0.749774, 0.66125, 0.374721, -0.009052, -0.661253, 0.750108, -0.0, 0.0, 0.0, 0.0, 1.0],
                [0.999639, -0.024944, -0.009946, -0.0, 0.025023, 0.730815, 0.682117, 0.374721, -0.009746, -0.682119, 0.731175, -0.0, 0.0, 0.0, 0.0, 1.0],
                [0.999614, -0.025673, -0.010645, 0.0, 0.025754, 0.711666, 0.702046, 0.374721, -0.010448, -0.702049, 0.712052, 0.0, 0.0, 0.0, 0.0, 1.0],
                [0.99959, -0.026324, -0.011304, -0.0, 0.026407, 0.693624, 0.719853, 0.374721, -0.011109, -0.719856, 0.694034, -0.0, 0.0, 0.0, 0.0, 1.0],
                [0.999569, -0.026864, -0.011876, 0.0, 0.026948, 0.677959, 0.734606, 0.374721, -0.011683, -0.734609, 0.67839, -0.0, 0.0, 0.0, 0.0, 1.0],
                [0.999553, -0.027255, -0.012307, -0.0, 0.027341, 0.666153, 0.745314, 0.374721, -0.012115, -0.745317, 0.666601, -0.0, 0.0, 0.0, 0.0, 1.0],
                [0.999543, -0.027482, -0.012564, 0.0, 0.027569, 0.659128, 0.751526, 0.374721, -0.012373, -0.751529, 0.659584, -0.0, 0.0, 0.0, 0.0, 1.0],
                [0.999541, -0.027539, -0.012629, -0.0, 0.027626, 0.657347, 0.753082, 0.374721, -0.012438, -0.753084, 0.657806, 0.0, 0.0, 0.0, 0.0, 1.0],
                [0.999545, -0.027436, -0.012511, 0.0, 0.027523, 0.660568, 0.750262, 0.374721, -0.01232, -0.750265, 0.661022, -0.0, 0.0, 0.0, 0.0, 1.0],
                [0.999555, -0.0272, -0.012245, -0.0, 0.027286, 0.66784, 0.743805, 0.374721, -0.012054, -0.743808, 0.668285, -0.0, 0.0, 0.0, 0.0, 1.0],
                [0.999568, -0.026873, -0.011886, -0.0, 0.026958, 0.67768, 0.734863, 0.374721, -0.011693, -0.734866, 0.678111, -0.0, 0.0, 0.0, 0.0, 1.0],
                [0.999583, -0.026504, -0.011492, -0.0, 0.026587, 0.688485, 0.724763, 0.374721, -0.011297, -0.724766, 0.688902, 0.0, 0.0, 0.0, 0.0, 1.0],
                [0.999596, -0.026157, -0.011131, 0.0, 0.026239, 0.698363, 0.715263, 0.374721, -0.010935, -0.715266, 0.698767, 0.0, 0.0, 0.0, 0.0, 1.0],
                [0.999606, -0.025873, -0.010844, -0.0, 0.025954, 0.706224, 0.707512, 0.374721, -0.010647, -0.707516, 0.706618, -0.0, 0.0, 0.0, 0.0, 1.0],
                [0.999613, -0.025691, -0.010663, -0.0, 0.025772, 0.711173, 0.702545, 0.374721, -0.010466, -0.702548, 0.71156, 0.0, 0.0, 0.0, 0.0, 1.0],
                [0.999615, -0.02563, -0.010602, 0.0, 0.02571, 0.712835, 0.70086, 0.374721, -0.010405, -0.700863, 0.71322, 0.0, 0.0, 0.0, 0.0, 1.0],
                [0.99962, -0.025503, -0.010478, -0.0, 0.025583, 0.716242, 0.697383, 0.374721, -0.01028, -0.697386, 0.716622, 0.0, 0.0, 0.0, 0.0, 1.0],
                [0.999634, -0.025097, -0.010089, 0.0, 0.025176, 0.726892, 0.68629, 0.374721, -0.00989, -0.686293, 0.727258, -0.0, 0.0, 0.0, 0.0, 1.0],
                [0.999658, -0.02437, -0.009421, -0.0, 0.024447, 0.74518, 0.666415, 0.374721, -0.00922, -0.666418, 0.745522, -0.0, 0.0, 0.0, 0.0, 1.0],
                [0.999693, -0.023274, -0.008479, 0.0, 0.023347, 0.77097, 0.636443, 0.374721, -0.008276, -0.636446, 0.771277, -0.0, 0.0, 0.0, 0.0, 1.0],
                [0.999736, -0.021774, -0.007305, 0.0, 0.021842, 0.80312, 0.595416, 0.374721, -0.007098, -0.595419, 0.803384, -0.0, 0.0, 0.0, 0.0, 1.0],
                [0.999785, -0.019842, -0.005967, 0.0, 0.019904, 0.839762, 0.542589, 0.374721, -0.005755, -0.542592, 0.839977, 0.0, 0.0, 0.0, 0.0, 1.0],
                [0.999837, -0.017466, -0.004556, 0.0, 0.017521, 0.878385, 0.477631, 0.374721, -0.00434, -0.477633, 0.878548, 0.0, 0.0, 0.0, 0.0, 1.0],
                [0.999888, -0.014606, -0.003159, 0.0, 0.014652, 0.916653, 0.399415, 0.374721, -0.002938, -0.399416, 0.916765, -0.0, 0.0, 0.0, 0.0, 1.0],
                [0.999936, -0.011124, -0.001848, 0.0, 0.011159, 0.952549, 0.304182, 0.374721, -0.001623, -0.304183, 0.952612, 0.0, 0.0, 0.0, 0.0, 1.0],
                [0.999979, -0.006317, -0.000665, 0.0, 0.006336, 0.984948, 0.172731, 0.374721, -0.000436, -0.172731, 0.984969, 0.0, 0.0, 0.0, 0.0, 1.0],
                [1.0, -1.6e-05, -0.000115, -0.0, 1.6e-05, 1.0, 0.000435, 0.374721, 0.000115, -0.000435, 1.0, 0.0, 0.0, 0.0, 0.0, 1.0],
                [1.0, -1.6e-05, -0.000115, 0.0, 1.6e-05, 1.0, 0.000435, 0.374721, 0.000115, -0.000435, 1.0, -0.0, 0.0, 0.0, 0.0, 1.0],
                [1.0, -1.6e-05, -0.000115, -0.0, 1.6e-05, 1.0, 0.000435, 0.374721, 0.000115, -0.000435, 1.0, -0.0, 0.0, 0.0, 0.0, 1.0],
                [1.0, -1.6e-05, -0.000115, 0.0, 1.6e-05, 1.0, 0.000435, 0.374721, 0.000115, -0.000435, 1.0, 0.0, 0.0, 0.0, 0.0, 1.0],
                [0.999976, -0.006851, -0.000762, -0.0, 0.006872, 0.982271, 0.187337, 0.374721, -0.000534, -0.187338, 0.982295, 0.0, 0.0, 0.0, 0.0, 1.0],
                [0.999941, -0.010771, -0.001737, -0.0, 0.010805, 0.955577, 0.294543, 0.374721, -0.001512, -0.294544, 0.955637, 0.0, 0.0, 0.0, 0.0, 1.0],
                [0.999902, -0.013684, -0.002772, -0.0, 0.013727, 0.927243, 0.374209, 0.374721, -0.00255, -0.37421, 0.92734, -0.0, 0.0, 0.0, 0.0, 1.0],
                [0.999867, -0.015858, -0.003732, -0.0, 0.015908, 0.900947, 0.433638, 0.374721, -0.003514, -0.43364, 0.901079, -0.0, 0.0, 0.0, 0.0, 1.0],
                [0.999839, -0.01736, -0.004499, -0.0, 0.017415, 0.87996, 0.474729, 0.374721, -0.004283, -0.474731, 0.880121, -0.0, 0.0, 0.0, 0.0, 1.0],
                [0.999822, -0.018224, -0.00498, 0.0, 0.018281, 0.866788, 0.498341, 0.374721, -0.004765, -0.498343, 0.866967, 0.0, 0.0, 0.0, 0.0, 1.0],
                [0.999816, -0.018477, -0.005127, -0.0, 0.018536, 0.862757, 0.505279, 0.374721, -0.004913, -0.505281, 0.862941, 0.0, 0.0, 0.0, 0.0, 1.0],
                [0.999823, -0.018157, -0.004942, 0.0, 0.018214, 0.86784, 0.496511, 0.374721, -0.004727, -0.496513, 0.868016, -0.0, 0.0, 0.0, 0.0, 1.0],
                [0.99984, -0.017294, -0.004463, 0.0, 0.017348, 0.880941, 0.472909, 0.374721, -0.004247, -0.472911, 0.8811, -0.0, 0.0, 0.0, 0.0, 1.0],
                [0.999866, -0.015935, -0.00377, 0.0, 0.015985, 0.899926, 0.435749, 0.374721, -0.003551, -0.435751, 0.90006, -0.0, 0.0, 0.0, 0.0, 1.0],
                [0.999895, -0.014142, -0.002961, 0.0, 0.014187, 0.922082, 0.386735, 0.374721, -0.002739, -0.386737, 0.922186, 0.0, 0.0, 0.0, 0.0, 1.0],
                [0.999926, -0.011995, -0.002139, 0.0, 0.012033, 0.944593, 0.328022, 0.374721, -0.001915, -0.328023, 0.944668, 0.0, 0.0, 0.0, 0.0, 1.0],
                [0.999953, -0.009619, -0.001403, 0.0, 0.00965, 0.964734, 0.26305, 0.374721, -0.001177, -0.263051, 0.964781, -0.0, 0.0, 0.0, 0.0, 1.0],
                [0.999974, -0.00718, -0.000827, 0.0, 0.007202, 0.98051, 0.196335, 0.374721, -0.000599, -0.196335, 0.980536, -0.0, 0.0, 0.0, 0.0, 1.0],
                [0.999987, -0.005038, -0.000464, 0.0, 0.005054, 0.99045, 0.137777, 0.374721, -0.000235, -0.137777, 0.990463, -0.0, 0.0, 0.0, 0.0, 1.0],
                [0.999992, -0.004059, -0.000341, -0.0, 0.004072, 0.993813, 0.11099, 0.374721, -0.000112, -0.11099, 0.993821, -0.0, 0.0, 0.0, 0.0, 1.0]
            ]
        },
        {
            "name": "Knee_R",
            "time": [0.0, 0.0167, 0.0333, 0.05, 0.0667, 0.0833, 0.1, 0.1167, 0.1333, 0.15, 0.1667, 0.1833, 0.2, 0.2167, 0.2333, 0.25, 0.2667, 0.2833, 0.3, 0.3167, 0.3333, 0.35, 0.3667, 0.3833, 0.4, 0.4167, 0.4333, 0.45, 0.4667, 0.4833, 0.5, 0.5167, 0.5333, 0.55, 0.5667, 0.5833, 0.6, 0.6167, 0.6333, 0.65, 0.6667, 0.6833, 0.7, 0.7167, 0.7333, 0.75, 0.7667, 0.7833, 0.8, 0.8167, 0.8333, 0.85, 0.8667, 0.8833, 0.9, 0.9167, 0.9333, 0.95, 0.9667, 0.9833, 1.0],
            "transform": [
                [1.0, -5.7e-05, 5.7e-05, 0.0, 5.7e-05, 0.001565, -0.999999, 0.374721, 5.7e-05, 0.999999, 0.001565, 0.0, 0.0, 0.0, 0.0, 1.0],
                [1.0, -5.7e-05, 5.7e-05, -0.0, 5.7e-05, 0.001565, -0.999999, 0.374721, 5.7e-05, 0.999999, 0.001565, 0.0, 0.0, 0.0, 0.0, 1.0],
                [1.0, -5.7e-05, 5.7e-05, 0.0, 5.7e-05, 0.001565, -0.999999, 0.374721, 5.7e-05, 0.999999, 0.001565, -0.0, 0.0, 0.0, 0.0, 1.0],
                [1.0, -5.7e-05, 5.7e-05, -0.0, 5.7e-05, 0.001565, -0.999999, 0.374721, 5.7e-05, 0.999999, 0.001565, 0.0, 0.0, 0.0, 0.0, 1.0],
                [1.0, -5.7e-05, 5.7e-05, -0.0, 5.7e-05, 0.001565, -0.999999, 0.374721, 5.7e-05, 0.999999, 0.001565, -0.0, 0.0, 0.0, 0.0, 1.0],
                [1.0, -5.7e-05, 5.7e-05, -0.0, 5.7e-05, 0.001565, -0.999999, 0.374721, 5.7e-05, 0.999999, 0.001565, -0.0, 0.0, 0.0, 0.0, 1.0],
                [1.0, -5.7e-05, 5.7e-05, 0.0, 5.7e-05, 0.001565, -0.999999, 0.374721, 5.7e-05, 0.999999, 0.001565, 0.0, 0.0, 0.0, 0.0, 1.0],
                [1.0, -5.7e-05, 5.7e-05, -0.0, 5.7e-05, 0.001565, -0.999999, 0.374721, 5.7e-05, 0.999999, 0.001565, 0.0, 0.0, 0.0, 0.0, 1.0],
                [1.0, -5.7e-05, 5.7e-05, -0.0, 5.7e-05, 0.001565, -0.999999, 0.374721, 5.7e-05, 0.999999, 0.001565, -0.0, 0.0, 0.0, 0.0, 1.0],
                [1.0, -5.7e-05, 5.7e-05, -0.0, 5.7e-05, 0.001565, -0.999999, 0.376363, 5.7e-05, 0.999999, 0.001565, -3e-06, 0.0, 0.0, 0.0, 1.0],
                [1.0, -5.7e-05, 5.7e-05, -0.0, 5.7e-05, 0.001565, -0.999999, 0.379387, 5.7e-05, 0.999999, 0.001565, -7e-06, 0.0, 0.0, 0.0, 1.0],
                [1.0, -5.7e-05, 5.7e-05, -0.0, 5.7e-05, 0.001565, -0.999999, 0.382061, 5.7e-05, 0.999999, 0.001565, -1.1e-05, 0.0, 0.0, 0.0, 1.0],
                [1.0, -5.7e-05, 5.7e-05, -1e-06, 5.7e-05, 0.001565, -0.999999, 0.384525, 5.7e-05, 0.999999, 0.001565, -1.5e-05, 0.0, 0.0, 0.0, 1.0],
                [1.0, -5.7e-05, 5.7e-05, -1e-06, 5.7e-05, 0.001565, -0.999999, 0.386862, 5.7e-05, 0.999999, 0.001565, -1.9e-05, 0.0, 0.0, 0.0, 1.0],
                [1.0, -5.7e-05, 5.7e-05, -1e-06, 5.7e-05, 0.001565, -0.999999, 0.389177, 5.7e-05, 0.999999, 0.001565, -2.3e-05, 0.0, 0.0, 0.0, 1.0],
                [1.0, -5.7e-05, 5.7e-05, -1e-06, 5.7e-05, 0.001565, -0.999999, 0.391548, 5.7e-05, 0.999999, 0.001565, -2.6e-05, 0.0, 0.0, 0.0, 1.0],
                [1.0, -5.7e-05, 5.7e-05, -1e-06, 5.7e-05, 0.001565, -0.999999, 0.39397, 5.7e-05, 0.999999, 0.001565, -3e-05, 0.0, 0.0, 0.0, 1.0],
                [1.0, -5.7e-05, 5.7e-05, -1e-06, 5.7e-05, 0.001565, -0.999999, 0.396344, 5.7e-05, 0.999999, 0.001565, -3.4e-05, 0.0, 0.0, 0.0, 1.0],
                [1.0, -5.7e-05, 5.7e-05, -1e-06, 5.7e-05, 0.001565, -0.999999, 0.398521, 5.7e-05, 0.999999, 0.001565, -3.7e-05, 0.0, 0.0, 0.0, 1.0],
                [1.0, -5.7e-05, 5.7e-05, -1e-06, 5.7e-05, 0.001565, -0.999999, 0.400369, 5.7e-05, 0.999999, 0.001565, -4e-05, 0.0, 0.0, 0.0, 1.0],
                [1.0, -5.7e-05, 5.7e-05, -2e-06, 5.7e-05, 0.001565, -0.999999, 0.401738, 5.7e-05, 0.999999, 0.001565, -4.2e-05, 0.0, 0.0, 0.0, 1.0],
                [1.0, -5.7e-05, 5.7e-05, -2e-06, 5.7e-05, 0.001565, -0.999999, 0.402543, 5.7e-05, 0.999999, 0.001565, -4.4e-05, 0.0, 0.0, 0.0, 1.0],
                [1.0, -5.7e-05, 5.7e-05, -2e-06, 5.7e-05, 0.001565, -0.999999, 0.402747, 5.7e-05, 0.999999, 0.001565, -4.4e-05, 0.0, 0.0, 0.0, 1.0],
                [1.0, -5.7e-05, 5.7e-05, -2e-06, 5.7e-05, 0.001565, -0.999999, 0.402379, 5.7e-05, 0.999999, 0.001565, -4.3e-05, 0.0, 0.0, 0.0, 1.0],
                [1.0, -5.7e-05, 5.7e-05, -2e-06, 5.7e-05, 0.001565, -0.999999, 0.401544, 5.7e-05, 0.999999, 0.001565, -4.2e-05, 0.0, 0.0, 0.0, 1.0],
                [1.0, -5.7e-05, 5.7e-05, -1e-06, 5.7e-05, 0.001565, -0.999999, 0.400402, 5.7e-05, 0.999999, 0.001565, -4e-05, 0.0, 0.0, 0.0, 1.0],
                [1.0, -5.7e-05, 5.7e-05, -1e-06, 5.7e-05, 0.001565, -0.999999, 0.399131, 5.7e-05, 0.999999, 0.001565, -3.8e-05, 0.0, 0.0, 0.0, 1.0],
                [1.0, -5.7e-05, 5.7e-05, -1e-06, 5.7e-05, 0.001565, -0.999999, 0.397954, 5.7e-05, 0.999999, 0.001565, -3.6e-05, 0.0, 0.0, 0.0, 1.0],
                [1.0, -5.7e-05, 5.7e-05, -1e-06, 5.7e-05, 0.001565, -0.999999, 0.397006, 5.7e-05, 0.999999, 0.001565, -3.5e-05, 0.0, 0.0, 0.0, 1.0],
                [1.0, -5.7e-05, 5.7e-05, -1e-06, 5.7e-05, 0.001565, -0.999999, 0.396404, 5.7e-05, 0.999999, 0.001565, -3.4e-05, 0.0, 0.0, 0.0, 1.0],
                [1.0, -5.7e-05, 5.7e-05, -1e-06, 5.7e-05, 0.001565, -0.999999, 0.396201, 5.7e-05, 0.999999, 0.001565, -3.4e-05, 0.0, 0.0, 0.0, 1.0],
                [1.0, -5.7e-05, 5.7e-05, -1e-06, 5.7e-05, 0.001565, -0.999999, 0.395782, 5.7e-05, 0.999999, 0.001565, -3.3e-05, 0.0, 0.0, 0.0, 1.0],
                [1.0, -5.7e-05, 5.7e-05, -1e-06, 5.7e-05, 0.001565, -0.999999, 0.394462, 5.7e-05, 0.999999, 0.001565, -3.1e-05, 0.0, 0.0, 0.0, 1.0],
                [1.0, -5.7e-05, 5.7e-05, -1e-06, 5.7e-05, 0.001565, -0.999999, 0.392142, 5.7e-05, 0.999999, 0.001565, -2.7e-05, 0.0, 0.0, 0.0, 1.0],
                [1.0, -5.7e-05, 5.7e-05, -1e-06, 5.7e-05, 0.001565, -0.999999, 0.388745, 5.7e-05, 0.999999, 0.001565, -2.2e-05, 0.0, 0.0, 0.0, 1.0],
                [1.0, -5.7e-05, 5.7e-05, -0.0, 5.7e-05, 0.001565, -0.999999, 0.384267, 5.7e-05, 0.999999, 0.001565, -1.5e-05, 0.0, 0.0, 0.0, 1.0],
                [1.0, -5.7e-05, 5.7e-05, -0.0, 5.7e-05, 0.001565, -0.999999, 0.378743, 5.7e-05, 0.999999, 0.001565, -6e-06, 0.0, 0.0, 0.0, 1.0],
                [1.0, -5.7e-05, 5.7e-05, 0.0, 5.7e-05, 0.001565, -0.999999, 0.374721, 5.7e-05, 0.999999, 0.001565, 0.0, 0.0, 0.0, 0.0, 1.0],
                [1.0, -5.7e-05, 5.7e-05, 0.0, 5.7e-05, 0.001565, -0.999999, 0.374721, 5.7e-05, 0.999999, 0.001565, 0.0, 0.0, 0.0, 0.0, 1.0],
                [1.0, -5.7e-05, 5.7e-05, 0.0, 5.7e-05, 0.001565, -0.999999, 0.374721, 5.7e-05, 0.999999, 0.001565, 0.0, 0.0, 0.0, 0.0, 1.0],
                [1.0, -5.7e-05, 5.7e-05, 0.0, 5.7e-05, 0.001565, -0.999999, 0.374721, 5.7e-05, 0.999999, 0.001565, 0.0, 0.0, 0.0, 0.0, 1.0],
                [1.0, -5.7e-05, 5.7e-05, -0.0, 5.7e-05, 0.001565, -0.999999, 0.374721, 5.7e-05, 0.999999, 0.001565, -0.0, 0.0, 0.0, 0.0, 1.0],
                [1.0, -5.7e-05, 5.7e-05, 0.0, 5.7e-05, 0.001565, -0.999999, 0.374721, 5.7e-05, 0.999999, 0.001565, -0.0, 0.0, 0.0, 0.0, 1.0],
                [1.0, -5.7e-05, 5.7e-05, -0.0, 5.7e-05, 0.001565, -0.999999, 0.374721, 5.7e-05, 0.999999, 0.001565, 0.0, 0.0, 0.0, 0.0, 1.0],
                [1.0, -5.7e-05, 5.7e-05, 0.0, 5.7e-05, 0.001565, -0.999999, 0.374721, 5.7e-05, 0.999999, 0.001565, 0.0, 0.0, 0.0, 0.0, 1.0],
                [1.0, -5.7e-05, 5.7e-05, -0.0, 5.7e-05, 0.001565, -0.999999, 0.374721, 5.7e-05, 0.999999, 0.001565, -0.0, 0.0, 0.0, 0.0, 1.0],
                [1.0, -5.7e-05, 5.7e-05, 0.0, 5.7e-05, 0.001565, -0.999999, 0.374721, 5.7e-05, 0.999999, 0.001565, 0.0, 0.0, 0.0, 0.0, 1.0],
                [1.0, -5.7e-05, 5.7e-05, -0.0, 5.7e-05, 0.001565, -0.999999, 0.374721, 5.7e-05, 0.999999, 0.001565, -0.0, 0.0, 0.0, 0.0, 1.0],
                [1.0, -5.7e-05, 5.7e-05, -0.0, 5.7e-05, 0.001565, -0.999999, 0.374721, 5.7e-05, 0.999999, 0.001565, -0.0, 0.0, 0.0, 0.0, 1.0],
                [1.0, -5.7e-05, 5.7e-05, 0.0, 5.7e-05, 0.001565, -0.999999, 0.374721, 5.7e-05, 0.999999, 0.001565, 0.0, 0.0, 0.0, 0.0, 1.0],
                [1.0, -5.7e-05, 5.7e-05, 0.0, 5.7e-05, 0.001565, -0.999999, 0.374721, 5.7e-05, 0.999999, 0.001565, 0.0, 0.0, 0.0, 0.0, 1.0],
                [1.0, -5.7e-05, 5.7e-05, -0.0, 5.7e-05, 0.001565, -0.999999, 0.374977, 5.7e-05, 0.999999, 0.001565, -0.0, 0.0, 0.0, 0.0, 1.0],
                [1.0, -5.7e-05, 5.7e-05, 0.0, 5.7e-05, 0.001565, -0.999999, 0.374721, 5.7e-05, 0.999999, 0.001565, -0.0, 0.0, 0.0, 0.0, 1.0],
                [1.0, -5.7e-05, 5.7e-05, 0.0, 5.7e-05, 0.001565, -0.999999, 0.374721, 5.7e-05, 0.999999, 0.001565, 0.0, 0.0, 0.0, 0.0, 1.0],
                [1.0, -5.7e-05, 5.7e-05, 0.0, 5.7e-05, 0.001565, -0.999999, 0.374721, 5.7e-05, 0.999999, 0.001565, -0.0, 0.0, 0.0, 0.0, 1.0],
                [1.0, -5.7e-05, 5.7e-05, 0.0, 5.7e-05, 0.001565, -0.999999, 0.374721, 5.7e-05, 0.999999, 0.001565, 0.0, 0.0, 0.0, 0.0, 1.0],
                [1.0, -5.7e-05, 5.7e-05, 0.0, 5.7e-05, 0.001565, -0.999999, 0.374721, 5.7e-05, 0.999999, 0.001565, 0.0, 0.0, 0.0, 0.0, 1.0],
                [1.0, -5.7e-05, 5.7e-05, 0.0, 5.7e-05, 0.001565, -0.999999, 0.374721, 5.7e-05, 0.999999, 0.001565, -0.0, 0.0, 0.0, 0.0, 1.0],
                [1.0, -5.7e-05, 5.7e-05, -0.0, 5.7e-05, 0.001565, -0.999999, 0.374721, 5.7e-05, 0.999999, 0.001565, 0.0, 0.0, 0.0, 0.0, 1.0],
                [1.0, -5.7e-05, 5.7e-05, 0.0, 5.7e-05, 0.001565, -0.999999, 0.374721, 5.7e-05, 0.999999, 0.001565, -0.0, 0.0, 0.0, 0.0, 1.0],
                [1.0, -5.7e-05, 5.7e-05, 0.0, 5.7e-05, 0.001565, -0.999999, 0.374721, 5.7e-05, 0.999999, 0.001565, -0.0, 0.0, 0.0, 0.0, 1.0]
            ]
        },
        {
            "name": "Thigh_L",
            "time": [0.0, 0.0167, 0.0333, 0.05, 0.0667, 0.0833, 0.1, 0.1167, 0.1333, 0.15, 0.1667, 0.1833, 0.2, 0.2167, 0.2333, 0.25, 0.2667, 0.2833, 0.3, 0.3167, 0.3333, 0.35, 0.3667, 0.3833, 0.4, 0.4167, 0.4333, 0.45, 0.4667, 0.4833, 0.5, 0.5167, 0.5333, 0.55, 0.5667, 0.5833, 0.6, 0.6167, 0.6333, 0.65, 0.6667, 0.6833, 0.7, 0.7167, 0.7333, 0.75, 0.7667, 0.7833, 0.8, 0.8167, 0.8333, 0.85, 0.8667, 0.8833, 0.9, 0.9167, 0.9333, 0.95, 0.9667, 0.9833, 1.0],
            "transform": [
                [0.994503, -0.095774, 0.042316, -0.125006, -0.095227, -0.995346, -0.014756, -0.002831, 0.043532, 0.010646, -0.998995, -1.2e-05, 0.0, 0.0, 0.0, 1.0],
                [0.994396, -0.096081, 0.044102, -0.125006, -0.096171, -0.995365, -7.9e-05, -0.002831, 0.043905, -0.004163, -0.999027, -1.2e-05, 0.0, 0.0, 0.0, 1.0],
                [0.99406, -0.097307, 0.048748, -0.125006, -0.099076, -0.994454, 0.035286, -0.002831, 0.045044, -0.039906, -0.998188, -1.2e-05, 0.0, 0.0, 0.0, 1.0],
                [0.993463, -0.099715, 0.055576, -0.125006, -0.104048, -0.99123, 0.081464, -0.002831, 0.046966, -0.086714, -0.995125, -1.2e-05, 0.0, 0.0, 0.0, 1.0],
                [0.992561, -0.1033, 0.064441, -0.125006, -0.111163, -0.984783, 0.133588, -0.002831, 0.04966, -0.139757, -0.98894, -1.2e-05, 0.0, 0.0, 0.0, 1.0],
                [0.991301, -0.107874, 0.075408, -0.125006, -0.120441, -0.974523, 0.189205, -0.002831, 0.053076, -0.196642, -0.979038, -1.2e-05, 0.0, 0.0, 0.0, 1.0],
                [0.98963, -0.11319, 0.088438, -0.125006, -0.131802, -0.960325, 0.245773, -0.002831, 0.05711, -0.25488, -0.965285, -1.2e-05, 0.0, 0.0, 0.0, 1.0],
