{
    "animation": [
        {
            "name": "Root",
            "time": [0.0, 0.0167, 0.0333, 0.05, 0.0667, 0.0833, 0.1, 0.1167, 0.1333, 0.15, 0.1667, 0.1833, 0.2, 0.2167, 0.2333, 0.25, 0.2667, 0.2833, 0.3, 0.3167, 0.3333, 0.35, 0.3667, 0.3833, 0.4, 0.4167, 0.4333, 0.45, 0.4667, 0.4833, 0.5, 0.5167, 0.5333, 0.55, 0.5667, 0.5833, 0.6, 0.6167, 0.6333, 0.65, 0.6667, 0.6833, 0.7, 0.7167, 0.7333, 0.75, 0.7667, 0.7833, 0.8, 0.8167, 0.8333, 0.85, 0.8667, 0.8833, 0.9, 0.9167, 0.9333, 0.95, 0.9667, 0.9833, 1.0, 1.0167, 1.0333, 1.05, 1.0667, 1.0833, 1.1, 1.1167, 1.1333, 1.15, 1.1667, 1.1833, 1.2, 1.2167, 1.2333, 1.25, 1.2667, 1.2833, 1.3, 1.3167, 1.3333],
            "transform": [
                [0.434315, 0.0, 0.900761, -5e-06, 0.900761, 0.0, -0.434315, 0.000946, 0.0, 1.0, 0.0, 0.605678, 0.0, 0.0, 0.0, 1.0],
                [0.427006, 0.0, 0.904249, -5e-06, 0.904249, 0.0, -0.427006, 0.000946, 0.0, 1.0, 0.0, 0.607632, 0.0, 0.0, 0.0, 1.0],
                [0.404727, 0.0, 0.914437, -5e-06, 0.914437, 0.0, -0.404727, 0.000946, 0.0, 1.0, 0.0, 0.613532, 0.0, 0.0, 0.0, 1.0],
                [0.367327, 0.0, 0.930092, -5e-06, 0.930092, 0.0, -0.367327, 0.000946, 0.0, 1.0, 0.0, 0.62326, 0.0, 0.0, 0.0, 1.0],
                [0.315666, 0.0, 0.94887, -5e-06, 0.94887, 0.0, -0.315666, 0.000946, 0.0, 1.0, 0.0, 0.636391, 0.0, 0.0, 0.0, 1.0],
                [0.252301, 0.0, 0.967649, -5e-06, 0.967649, 0.0, -0.252301, 0.000946, 0.0, 1.0, 0.0, 0.652115, 0.0, 0.0, 0.0, 1.0],
                [0.181821, 0.0, 0.983332, -5e-06, 0.983332, 0.0, -0.181821, 0.000946, 0.0, 1.0, 0.0, 0.669253, 0.0, 0.0, 0.0, 1.0],
                [0.110393, 0.0, 0.993888, -5e-06, 0.993888, 0.0, -0.110393, 0.000946, 0.0, 1.0, 0.0, 0.686391, 0.0, 0.0, 0.0, 1.0],
                [0.044502, 0.0, 0.999009, -5e-06, 0.999009, 0.0, -0.044502, 0.000946, 0.0, 1.0, 0.0, 0.702114, 0.0, 0.0, 0.0, 1.0],
                [-0.010458, 0.0, 0.999945, -5e-06, 0.999945, 0.0, 0.010458, 0.000946, 0.0, 1.0, 0.0, 0.715245, 0.0, 0.0, 0.0, 1.0],
                [-0.050983, 0.0, 0.9987, -5e-06, 0.9987, 0.0, 0.050983, 0.000946, 0.0, 1.0, 0.0, 0.724974, 0.0, 0.0, 0.0, 1.0],
                [-0.075432, 0.0, 0.997151, -5e-06, 0.997151, 0.0, 0.075432, 0.000946, 0.0, 1.0, 0.0, 0.730874, 0.0, 0.0, 0.0, 1.0],
                [-0.083505, 0.0, 0.996507, -5e-06, 0.996507, 0.0, 0.083505, 0.000946, 0.0, 1.0, 0.0, 0.732828, 0.0, 0.0, 0.0, 1.0],
                [-0.082954, 0.0, 0.996553, -5e-06, 0.996553, 0.0, 0.082954, 0.000946, 0.0, 1.0, 0.0, 0.732828, 0.0, 0.0, 0.0, 1.0],
                [-0.080877, 0.0, 0.996724, -5e-06, 0.996724, 0.0, 0.080877, 0.000946, 0.0, 1.0, 0.0, 0.732828, 0.0, 0.0, 0.0, 1.0],
                [-0.076521, 0.0, 0.997068, -5e-06, 0.997068, 0.0, 0.076521, 0.000946, 0.0, 1.0, 0.0, 0.732828, 0.0, 0.0, 0.0, 1.0],
                [-0.069004, 0.0, 0.997616, -5e-06, 0.997616, 0.0, 0.069004, 0.000946, 0.0, 1.0, 0.0, 0.732828, 0.0, 0.0, 0.0, 1.0],
                [-0.057403, 0.0, 0.998351, -5e-06, 0.998351, 0.0, 0.057403, 0.000946, 0.0, 1.0, 0.0, 0.732828, 0.0, 0.0, 0.0, 1.0],
                [-0.040887, 0.0, 0.999164, -5e-06, 0.999164, 0.0, 0.040887, 0.000946, 0.0, 1.0, 0.0, 0.732828, 0.0, 0.0, 0.0, 1.0],
                [-0.018886, 0.0, 0.999822, -5e-06, 0.999822, 0.0, 0.018886, 0.000946, 0.0, 1.0, 0.0, 0.732828, 0.0, 0.0, 0.0, 1.0],
                [0.008797, 0.0, 0.999961, -5e-06, 0.999961, 0.0, -0.008797, 0.000946, 0.0, 1.0, 0.0, 0.732828, 0.0, 0.0, 0.0, 1.0],
                [0.041969, 0.0, 0.999119, -5e-06, 0.999119, 0.0, -0.041969, 0.000946, 0.0, 1.0, 0.0, 0.732828, 0.0, 0.0, 0.0, 1.0],
                [0.080128, 0.0, 0.996785, -5e-06, 0.996785, 0.0, -0.080128, 0.000946, 0.0, 1.0, 0.0, 0.732828, 0.0, 0.0, 0.0, 1.0],
                [0.12259, 0.0, 0.992457, -5e-06, 0.992457, 0.0, -0.12259, 0.000946, 0.0, 1.0, 0.0, 0.732828, 0.0, 0.0, 0.0, 1.0],
                [0.168589, 0.0, 0.985687, -5e-06, 0.985687, 0.0, -0.168589, 0.000946, 0.0, 1.0, 0.0, 0.732828, 0.0, 0.0, 0.0, 1.0],
                [0.24172, 0.0, 0.970346, -0.003052, 0.970346, 0.0, -0.24172, 0.014023, 0.0, 1.0, 0.0, 0.729451, 0.0, 0.0, 0.0, 1.0],
                [0.366732, 0.0, 0.930327, -0.012225, 0.930327, 0.0, -0.366732, 0.05338, 0.0, 1.0, 0.0, 0.719288, 0.0, 0.0, 0.0, 1.0],
                [0.536892, 0.0, 0.843651, -0.027139, 0.843651, 0.0, -0.536892, 0.117371, 0.0, 1.0, 0.0, 0.702763, 0.0, 0.0, 0.0, 1.0],
                [0.726216, 0.0, 0.687467, -0.046646, 0.687467, 0.0, -0.726216, 0.201068, 0.0, 1.0, 0.0, 0.681149, 0.0, 0.0, 0.0, 1.0],
                [0.88808, 0.0, 0.459688, -0.068744, 0.459688, 0.0, -0.88808, 0.295884, 0.0, 1.0, 0.0, 0.656664, 0.0, 0.0, 0.0, 1.0],
                [0.980538, 0.0, 0.196331, -0.090843, 0.196331, 0.0, -0.980538, 0.390699, 0.0, 1.0, 0.0, 0.632179, 0.0, 0.0, 0.0, 1.0],
                [0.998889, 0.0, -0.047122, -0.11035, -0.047122, 0.0, -0.998889, 0.474397, 0.0, 1.0, 0.0, 0.610565, 0.0, 0.0, 0.0, 1.0],
                [0.972407, 0.0, -0.23329, -0.125264, -0.23329, 0.0, -0.972407, 0.538388, 0.0, 1.0, 0.0, 0.59404, 0.0, 0.0, 0.0, 1.0],
                [0.935283, 0.0, -0.353901, -0.134436, -0.353901, 0.0, -0.935283, 0.577744, 0.0, 1.0, 0.0, 0.583877, 0.0, 0.0, 0.0, 1.0],
                [0.909355, 0.0, -0.416021, -0.137484, -0.416021, 0.0, -0.909355, 0.590821, 0.0, 1.0, 0.0, 0.5805, 0.0, 0.0, 0.0, 1.0],
                [0.893056, 0.0, -0.449946, -0.137484, -0.449946, 0.0, -0.893056, 0.590821, 0.0, 1.0, 0.0, 0.5805, 0.0, 0.0, 0.0, 1.0],
                [0.877602, 0.0, -0.479389, -0.137484, -0.479389, 0.0, -0.877602, 0.590821, 0.0, 1.0, 0.0, 0.5805, 0.0, 0.0, 0.0, 1.0],
                [0.86372, 0.0, -0.503973, -0.137484, -0.503973, 0.0, -0.86372, 0.590821, 0.0, 1.0, 0.0, 0.5805, 0.0, 0.0, 0.0, 1.0],
                [0.852052, 0.0, -0.523458, -0.137484, -0.523458, 0.0, -0.852052, 0.590821, 0.0, 1.0, 0.0, 0.5805, 0.0, 0.0, 0.0, 1.0],
                [0.843013, 0.0, -0.537893, -0.137484, -0.537893, 0.0, -0.843013, 0.590821, 0.0, 1.0, 0.0, 0.5805, 0.0, 0.0, 0.0, 1.0],
                [0.83666, 0.0, -0.547722, -0.137484, -0.547722, 0.0, -0.83666, 0.590821, 0.0, 1.0, 0.0, 0.5805, 0.0, 0.0, 0.0, 1.0],
                [0.832686, 0.0, -0.553746, -0.137484, -0.553746, 0.0, -0.832686, 0.590821, 0.0, 1.0, 0.0, 0.5805, 0.0, 0.0, 0.0, 1.0],
                [0.830543, 0.0, -0.556954, -0.137484, -0.556954, 0.0, -0.830543, 0.590821, 0.0, 1.0, 0.0, 0.5805, 0.0, 0.0, 0.0, 1.0],
                [0.82963, 0.0, -0.558313, -0.137484, -0.558313, 0.0, -0.82963, 0.590821, 0.0, 1.0, 0.0, 0.5805, 0.0, 0.0, 0.0, 1.0],
                [0.829422, 0.0, -0.558622, -0.137484, -0.558622, 0.0, -0.829422, 0.590821, 0.0, 1.0, 0.0, 0.5805, 0.0, 0.0, 0.0, 1.0],
                [0.830362, 0.0, -0.557225, -0.137345, -0.557225, 0.0, -0.830362, 0.591421, 0.0, 1.0, 0.0, 0.5808, 0.0, 0.0, 0.0, 1.0],
                [0.833184, 0.0, -0.552996, -0.136927, -0.552996, 0.0, -0.833184, 0.593232, 0.0, 1.0, 0.0, 0.581706, 0.0, 0.0, 0.0, 1.0],
                [0.837869, 0.0, -0.545871, -0.136227, -0.545871, 0.0, -0.837869, 0.596265, 0.0, 1.0, 0.0, 0.583223, 0.0, 0.0, 0.0, 1.0],
                [0.844363, 0.0, -0.535772, -0.135244, -0.535772, 0.0, -0.844363, 0.600523, 0.0, 1.0, 0.0, 0.585352, 0.0, 0.0, 0.0, 1.0],
                [0.85257, 0.0, -0.522613, -0.133978, -0.522613, 0.0, -0.85257, 0.606004, 0.0, 1.0, 0.0, 0.588093, 0.0, 0.0, 0.0, 1.0],
                [0.862355, 0.0, -0.506304, -0.132433, -0.506304, 0.0, -0.862355, 0.612698, 0.0, 1.0, 0.0, 0.591441, 0.0, 0.0, 0.0, 1.0],
                [0.873535, 0.0, -0.486761, -0.130612, -0.486761, 0.0, -0.873535, 0.620584, 0.0, 1.0, 0.0, 0.595385, 0.0, 0.0, 0.0, 1.0],
                [0.885879, 0.0, -0.463916, -0.128523, -0.463916, 0.0, -0.885879, 0.629631, 0.0, 1.0, 0.0, 0.59991, 0.0, 0.0, 0.0, 1.0],
                [0.899109, 0.0, -0.437725, -0.126176, -0.437725, 0.0, -0.899109, 0.639796, 0.0, 1.0, 0.0, 0.604993, 0.0, 0.0, 0.0, 1.0],
                [0.912899, 0.0, -0.408185, -0.123584, -0.408185, 0.0, -0.912899, 0.651022, 0.0, 1.0, 0.0, 0.610608, 0.0, 0.0, 0.0, 1.0],
                [0.926885, 0.0, -0.375345, -0.120762, -0.375345, 0.0, -0.926885, 0.663241, 0.0, 1.0, 0.0, 0.616719, 0.0, 0.0, 0.0, 1.0],
                [0.940671, 0.0, -0.339319, -0.117731, -0.339319, 0.0, -0.940671, 0.676369, 0.0, 1.0, 0.0, 0.623284, 0.0, 0.0, 0.0, 1.0],
                [0.953845, 0.0, -0.300301, -0.114513, -0.300301, 0.0, -0.953845, 0.690309, 0.0, 1.0, 0.0, 0.630256, 0.0, 0.0, 0.0, 1.0],
                [0.965993, 0.0, -0.258569, -0.111132, -0.258569, 0.0, -0.965993, 0.704948, 0.0, 1.0, 0.0, 0.637577, 0.0, 0.0, 0.0, 1.0],
                [0.976726, 0.0, -0.21449, -0.107619, -0.21449, 0.0, -0.976726, 0.720166, 0.0, 1.0, 0.0, 0.645188, 0.0, 0.0, 0.0, 1.0],
                [0.985699, 0.0, -0.168515, -0.104003, -0.168515, 0.0, -0.985699, 0.735826, 0.0, 1.0, 0.0, 0.65302, 0.0, 0.0, 0.0, 1.0],
                [0.992632, 0.0, -0.12117, -0.100318, -0.12117, 0.0, -0.992632, 0.751787, 0.0, 1.0, 0.0, 0.661002, 0.0, 0.0, 0.0, 1.0],
                [0.997329, 0.0, -0.073038, -0.096597, -0.073038, 0.0, -0.997329, 0.7679, 0.0, 1.0, 0.0, 0.669061, 0.0, 0.0, 0.0, 1.0],
                [0.999694, 0.0, -0.024734, -0.092877, -0.024734, 0.0, -0.999694, 0.784013, 0.0, 1.0, 0.0, 0.677119, 0.0, 0.0, 0.0, 1.0],
                [0.999733, 0.0, 0.023115, -0.089191, 0.023115, 0.0, -0.999733, 0.799975, 0.0, 1.0, 0.0, 0.685102, 0.0, 0.0, 0.0, 1.0],
                [0.997554, 0.0, 0.069907, -0.085575, 0.069907, 0.0, -0.997554, 0.815635, 0.0, 1.0, 0.0, 0.692934, 0.0, 0.0, 0.0, 1.0],
                [0.993356, 0.0, 0.11508, -0.082062, 0.11508, 0.0, -0.993356, 0.830852, 0.0, 1.0, 0.0, 0.700544, 0.0, 0.0, 0.0, 1.0],
                [0.987417, 0.0, 0.158136, -0.078681, 0.158136, 0.0, -0.987417, 0.845492, 0.0, 1.0, 0.0, 0.707866, 0.0, 0.0, 0.0, 1.0],
                [0.980069, 0.0, 0.198657, -0.075463, 0.198657, 0.0, -0.980069, 0.859432, 0.0, 1.0, 0.0, 0.714837, 0.0, 0.0, 0.0, 1.0],
                [0.971678, 0.0, 0.236307, -0.072432, 0.236307, 0.0, -0.971678, 0.87256, 0.0, 1.0, 0.0, 0.721403, 0.0, 0.0, 0.0, 1.0],
                [0.962626, 0.0, 0.270834, -0.06961, 0.270834, 0.0, -0.962626, 0.884779, 0.0, 1.0, 0.0, 0.727514, 0.0, 0.0, 0.0, 1.0],
                [0.953286, 0.0, 0.302069, -0.067018, 0.302069, 0.0, -0.953286, 0.896005, 0.0, 1.0, 0.0, 0.733128, 0.0, 0.0, 0.0, 1.0],
                [0.944013, 0.0, 0.329907, -0.064671, 0.329907, 0.0, -0.944013, 0.90617, 0.0, 1.0, 0.0, 0.738212, 0.0, 0.0, 0.0, 1.0],
                [0.935129, 0.0, 0.354307, -0.062582, 0.354307, 0.0, -0.935129, 0.915217, 0.0, 1.0, 0.0, 0.742736, 0.0, 0.0, 0.0, 1.0],
                [0.926916, 0.0, 0.37527, -0.060762, 0.37527, 0.0, -0.926916, 0.923103, 0.0, 1.0, 0.0, 0.74668, 0.0, 0.0, 0.0, 1.0],
                [0.919611, 0.0, 0.39283, -0.059216, 0.39283, 0.0, -0.919611, 0.929797, 0.0, 1.0, 0.0, 0.750028, 0.0, 0.0, 0.0, 1.0],
                [0.913408, 0.0, 0.407045, -0.05795, 0.407045, 0.0, -0.913408, 0.935278, 0.0, 1.0, 0.0, 0.752769, 0.0, 0.0, 0.0, 1.0],
                [0.908455, 0.0, 0.417982, -0.056967, 0.417982, 0.0, -0.908455, 0.939536, 0.0, 1.0, 0.0, 0.754899, 0.0, 0.0, 0.0, 1.0],
                [0.904858, 0.0, 0.425714, -0.056267, 0.425714, 0.0, -0.904858, 0.942568, 0.0, 1.0, 0.0, 0.756415, 0.0, 0.0, 0.0, 1.0],
                [0.902682, 0.0, 0.430308, -0.055849, 0.430308, 0.0, -0.902682, 0.944379, 0.0, 1.0, 0.0, 0.757321, 0.0, 0.0, 0.0, 1.0],
                [0.901956, 0.0, 0.431828, -0.05571, 0.431828, 0.0, -0.901956, 0.94498, 0.0, 1.0, 0.0, 0.757621, 0.0, 0.0, 0.0, 1.0]
            ]
        },
        {
            "name": "Thigh_R",
            "time": [0.0, 0.0167, 0.0333, 0.05, 0.0667, 0.0833, 0.1, 0.1167, 0.1333, 0.15, 0.1667, 0.1833, 0.2, 0.2167, 0.2333, 0.25, 0.2667, 0.2833, 0.3, 0.3167, 0.3333, 0.35, 0.3667, 0.3833, 0.4, 0.4167, 0.4333, 0.45, 0.4667, 0.4833, 0.5, 0.5167, 0.5333, 0.55, 0.5667, 0.5833, 0.6, 0.6167, 0.6333, 0.65, 0.6667, 0.6833, 0.7, 0.7167, 0.7333, 0.75, 0.7667, 0.7833, 0.8, 0.8167, 0.8333, 0.85, 0.8667, 0.8833, 0.9, 0.9167, 0.9333, 0.95, 0.9667, 0.9833, 1.0, 1.0167, 1.0333, 1.05, 1.0667, 1.0833, 1.1, 1.1167, 1.1333, 1.15, 1.1667, 1.1833, 1.2, 1.2167, 1.2333, 1.25, 1.2667, 1.2833, 1.3, 1.3167, 1.3333],
            "transform": [
                [0.925749, 0.335451, -0.174531, 0.124994, 0.366302, -0.910112, 0.193699, -0.002831, -0.093867, -0.243248, -0.965412, -1.2e-05, 0.0, 0.0, 0.0, 1.0],
                [0.926068, 0.335128, -0.173455, 0.124994, 0.365325, -0.911358, 0.189642, -0.002831, -0.094526, -0.238989, -0.966411, -1.2e-05, 0.0, 0.0, 0.0, 1.0],
                [0.927016, 0.334216, -0.170122, 0.124994, 0.362394, -0.915054, 0.177047, -0.002831, -0.096499, -0.225777, -0.969388, -1.2e-05, 0.0, 0.0, 0.0, 1.0],
                [0.928522, 0.332951, -0.164287, 0.124994, 0.357638, -0.920917, 0.15494, -0.002831, -0.099708, -0.202621, -0.974168, -1.2e-05, 0.0, 0.0, 0.0, 1.0],
                [0.930439, 0.33174, -0.155666, 0.124994, 0.35139, -0.928223, 0.122172, -0.002831, -0.103964, -0.168373, -0.980225, -1.2e-05, 0.0, 0.0, 0.0, 1.0],
                [0.932569, 0.331178, -0.143652, 0.124994, 0.344151, -0.935764, 0.076851, -0.002831, -0.108973, -0.121107, -0.98664, -1.2e-05, 0.0, 0.0, 0.0, 1.0],
                [0.934705, 0.331859, -0.127266, 0.124994, 0.336526, -0.94153, 0.016482, -0.002831, -0.114355, -0.058234, -0.991732, -1.2e-05, 0.0, 0.0, 0.0, 1.0],
                [0.936742, 0.334437, -0.103271, 0.124994, 0.328924, -0.941979, -0.06696, -0.002831, -0.119673, 0.028755, -0.992397, -1.2e-05, 0.0, 0.0, 0.0, 1.0],
                [0.939494, 0.339608, -0.044918, 0.124994, 0.319365, -0.915737, -0.243786, -0.002831, -0.123924, 0.21469, -0.968788, -1.2e-05, 0.0, 0.0, 0.0, 1.0],
                [0.939235, 0.339433, -0.051205, 0.124994, 0.318245, -0.916927, -0.240759, -0.002831, -0.128673, 0.209834, -0.969233, -1.2e-05, 0.0, 0.0, 0.0, 1.0],
                [0.938328, 0.341145, -0.056223, 0.124994, 0.319183, -0.917213, -0.238417, -0.002831, -0.132903, 0.205768, -0.969534, -1.2e-05, 0.0, 0.0, 0.0, 1.0],
                [0.936756, 0.344821, -0.059886, 0.124994, 0.32225, -0.916562, -0.236787, -0.002831, -0.136538, 0.202514, -0.969714, -1.2e-05, 0.0, 0.0, 0.0, 1.0],
                [0.934515, 0.35045, -0.062168, 0.124994, 0.327433, -0.914972, -0.235827, -0.002831, -0.139528, 0.200028, -0.969804, -1.2e-05, 0.0, 0.0, 0.0, 1.0],
                [0.931849, 0.35719, -0.063817, 0.124994, 0.333803, -0.912846, -0.235132, -0.002831, -0.142242, 0.197805, -0.969866, -1.2e-05, 0.0, 0.0, 0.0, 1.0],
                [0.929016, 0.364182, -0.065582, 0.124994, 0.340421, -0.910603, -0.234342, -0.002831, -0.145062, 0.195382, -0.96994, -1.2e-05, 0.0, 0.0, 0.0, 1.0],
                [0.926038, 0.371352, -0.067454, 0.124994, 0.347219, -0.908261, -0.233452, -0.002831, -0.147959, 0.192764, -0.970026, -1.2e-05, 0.0, 0.0, 0.0, 1.0],
                [0.922943, 0.378625, -0.069425, 0.124994, 0.354125, -0.905847, -0.232457, -0.002831, -0.150902, 0.18996, -0.970126, -1.2e-05, 0.0, 0.0, 0.0, 1.0],
                [0.919758, 0.385921, -0.071484, 0.124994, 0.36107, -0.903385, -0.231352, -0.002831, -0.153861, 0.186977, -0.97024, -1.2e-05, 0.0, 0.0, 0.0, 1.0],
                [0.916516, 0.393163, -0.073622, 0.124994, 0.36798, -0.900905, -0.230132, -0.002831, -0.156806, 0.183828, -0.970371, -1.2e-05, 0.0, 0.0, 0.0, 1.0],
                [0.913251, 0.400278, -0.075828, 0.124994, 0.374788, -0.898436, -0.228792, -0.002831, -0.159707, 0.180525, -0.970517, -1.2e-05, 0.0, 0.0, 0.0, 1.0],
                [0.909997, 0.407195, -0.078091, 0.124994, 0.381428, -0.89601, -0.227328, -0.002831, -0.162537, 0.177081, -0.970682, -1.2e-05, 0.0, 0.0, 0.0, 1.0],
                [0.906788, 0.413849, -0.080399, 0.124994, 0.387841, -0.893657, -0.225736, -0.002831, -0.165269, 0.173513, -0.970865, -1.2e-05, 0.0, 0.0, 0.0, 1.0],
                [0.90366, 0.420182, -0.082741, 0.124994, 0.393973, -0.891405, -0.224013, -0.002831, -0.167882, 0.169833, -0.971068, -1.2e-05, 0.0, 0.0, 0.0, 1.0],
                [0.900642, 0.426145, -0.085108, 0.124994, 0.399777, -0.889283, -0.222155, -0.002831, -0.170356, 0.166058, -0.971289, -1.2e-05, 0.0, 0.0, 0.0, 1.0],
                [0.897767, 0.431695, -0.087488, 0.124994, 0.405214, -0.887316, -0.220162, -0.002831, -0.172673, 0.162202, -0.971532, -1.2e-05, 0.0, 0.0, 0.0, 1.0],
                [0.894423, 0.438411, -0.088339, 0.124994, 0.412046, -0.884623, -0.218313, -0.002831, -0.173858, 0.158864, -0.971872, -1.2e-05, 0.0, 0.0, 0.0, 1.0],
                [0.889885, 0.448005, -0.085997, 0.124994, 0.422184, -0.880208, -0.216781, -0.002831, -0.172814, 0.156604, -0.972425, -1.2e-05, 0.0, 0.0, 0.0, 1.0],
                [0.884017, 0.460489, -0.080387, 0.124994, 0.435676, -0.87397, -0.215318, -0.002831, -0.169407, 0.155322, -0.973229, -1.2e-05, 0.0, 0.0, 0.0, 1.0],
                [0.876775, 0.475517, -0.071762, 0.124994, 0.452181, -0.865978, -0.213576, -0.002831, -0.163704, 0.154809, -0.974287, -1.2e-05, 0.0, 0.0, 0.0, 1.0],
                [0.868351, 0.492196, -0.060917, 0.124994, 0.470736, -0.856627, -0.211182, -0.002831, -0.156126, 0.154705, -0.975547, -1.2e-05, 0.0, 0.0, 0.0, 1.0],
                [0.855077, 0.491489, -0.16517, 0.124994, 0.496963, -0.867722, -0.009286, -0.002831, -0.147885, -0.074143, -0.986222, -1.2e-05, 0.0, 0.0, 0.0, 1.0],
                [0.844635, 0.495693, -0.202187, 0.124994, 0.516947, -0.85336, 0.067397, -0.002831, -0.13913, -0.161446, -0.977025, -1.2e-05, 0.0, 0.0, 0.0, 1.0],
                [0.836244, 0.499863, -0.225462, 0.124994, 0.532272, -0.838784, 0.114577, -0.002831, -0.131842, -0.215822, -0.967491, -1.2e-05, 0.0, 0.0, 0.0, 1.0],
                [0.830734, 0.502419, -0.239701, 0.124994, 0.541962, -0.828291, 0.142167, -0.002831, -0.127115, -0.248012, -0.960381, -1.2e-05, 0.0, 0.0, 0.0, 1.0],
                [0.828613, 0.502584, -0.246596, 0.124994, 0.545569, -0.823717, 0.154414, -0.002831, -0.12552, -0.262484, -0.956738, -1.2e-05, 0.0, 0.0, 0.0, 1.0],
                [0.828463, 0.500699, -0.250896, 0.124994, 0.545814, -0.822202, 0.161463, -0.002831, -0.125443, -0.270709, -0.954453, -1.2e-05, 0.0, 0.0, 0.0, 1.0],
                [0.828775, 0.497156, -0.25684, 0.124994, 0.545409, -0.820316, 0.172078, -0.002831, -0.12514, -0.282696, -0.951011, -1.2e-05, 0.0, 0.0, 0.0, 1.0],
                [0.829577, 0.491888, -0.264289, 0.124994, 0.544314, -0.817961, 0.186178, -0.002831, -0.124599, -0.298305, -0.946303, -1.2e-05, 0.0, 0.0, 0.0, 1.0],
                [0.830897, 0.484841, -0.273018, 0.124994, 0.542477, -0.815026, 0.203594, -0.002831, -0.123806, -0.317272, -0.940218, -1.2e-05, 0.0, 0.0, 0.0, 1.0],
                [0.832768, 0.475989, -0.282722, 0.124994, 0.539844, -0.811395, 0.224068, -0.002831, -0.122745, -0.339222, -0.932664, -1.2e-05, 0.0, 0.0, 0.0, 1.0],
                [0.835217, 0.465309, -0.293087, 0.124994, 0.536352, -0.806932, 0.24736, -0.002831, -0.121403, -0.363797, -0.923533, -1.2e-05, 0.0, 0.0, 0.0, 1.0],
                [0.838273, 0.452867, -0.30366, 0.124994, 0.531934, -0.801567, 0.273012, -0.002831, -0.119765, -0.390386, -0.912828, -1.2e-05, 0.0, 0.0, 0.0, 1.0],
                [0.841954, 0.438717, -0.31407, 0.124994, 0.526527, -0.795199, 0.300711, -0.002831, -0.117821, -0.418552, -0.900518, -1.2e-05, 0.0, 0.0, 0.0, 1.0],
                [0.846266, 0.422958, -0.323943, 0.124994, 0.520076, -0.787747, 0.330115, -0.002831, -0.115561, -0.44784, -0.886614, -1.2e-05, 0.0, 0.0, 0.0, 1.0],
                [0.851206, 0.405794, -0.332835, 0.124994, 0.512526, -0.779233, 0.360712, -0.002831, -0.112981, -0.477627, -0.871268, -1.2e-05, 0.0, 0.0, 0.0, 1.0],
                [0.856871, 0.38734, -0.340206, 0.124994, 0.503611, -0.770007, 0.391747, -0.002831, -0.110222, -0.507008, -0.854865, -1.2e-05, 0.0, 0.0, 0.0, 1.0],
                [0.863325, 0.367786, -0.345546, 0.124994, 0.493083, -0.76052, 0.422467, -0.002831, -0.107417, -0.53511, -0.837925, -1.2e-05, 0.0, 0.0, 0.0, 1.0],
                [0.870478, 0.347406, -0.348678, 0.124994, 0.480973, -0.750855, 0.452639, -0.002831, -0.104557, -0.561717, -0.820696, -1.2e-05, 0.0, 0.0, 0.0, 1.0],
                [0.878213, 0.326599, -0.349391, 0.124994, 0.467343, -0.741266, 0.481782, -0.002831, -0.101642, -0.586393, -0.803624, -1.2e-05, 0.0, 0.0, 0.0, 1.0],
                [0.886385, 0.305693, -0.347667, 0.124994, 0.452311, -0.731907, 0.509634, -0.002831, -0.098669, -0.608986, -0.78702, -1.2e-05, 0.0, 0.0, 0.0, 1.0],
                [0.894831, 0.285046, -0.343548, 0.124994, 0.436038, -0.723, 0.535856, -0.002831, -0.095642, -0.629301, -0.771254, -1.2e-05, 0.0, 0.0, 0.0, 1.0],
                [0.903377, 0.264999, -0.337172, 0.124994, 0.418736, -0.714787, 0.560124, -0.002831, -0.092574, -0.64719, -0.756687, -1.2e-05, 0.0, 0.0, 0.0, 1.0],
                [0.911848, 0.245856, -0.328766, 0.124994, 0.400656, -0.707517, 0.582146, -0.002831, -0.089483, -0.662551, -0.743652, -1.2e-05, 0.0, 0.0, 0.0, 1.0],
                [0.920081, 0.227871, -0.318631, 0.124994, 0.382082, -0.701433, 0.601668, -0.002831, -0.086395, -0.675327, -0.732441, -1.2e-05, 0.0, 0.0, 0.0, 1.0],
                [0.927929, 0.211204, -0.307148, 0.124994, 0.363319, -0.696686, 0.618569, -0.002831, -0.083341, -0.685581, -0.723211, -1.2e-05, 0.0, 0.0, 0.0, 1.0],
                [0.935278, 0.196052, -0.294651, 0.124994, 0.344669, -0.693617, 0.632534, -0.002831, -0.080365, -0.693152, -0.716297, -1.2e-05, 0.0, 0.0, 0.0, 1.0],
                [0.942038, 0.182449, -0.28156, 0.124994, 0.326429, -0.692299, 0.643557, -0.002831, -0.077508, -0.698165, -0.711729, -1.2e-05, 0.0, 0.0, 0.0, 1.0],
                [0.948157, 0.170439, -0.26823, 0.124994, 0.308867, -0.692913, 0.651515, -0.002831, -0.074816, -0.700586, -0.709634, -1.2e-05, 0.0, 0.0, 0.0, 1.0],
                [0.95361, 0.159939, -0.255043, 0.124994, 0.292226, -0.695348, 0.656579, -0.002831, -0.072331, -0.70065, -0.709829, -1.2e-05, 0.0, 0.0, 0.0, 1.0],
                [0.958398, 0.150921, -0.242273, 0.124994, 0.276694, -0.699671, 0.658711, -0.002831, -0.070097, -0.698343, -0.712322, -1.2e-05, 0.0, 0.0, 0.0, 1.0],
                [0.962544, 0.143309, -0.230156, 0.124994, 0.26242, -0.705827, 0.657984, -0.002831, -0.068155, -0.693736, -0.716997, -1.2e-05, 0.0, 0.0, 0.0, 1.0],
                [0.966288, 0.136669, -0.218193, 0.124994, 0.248779, -0.713872, 0.654595, -0.002831, -0.066299, -0.68681, -0.723808, -1.2e-05, 0.0, 0.0, 0.0, 1.0],
                [0.969824, 0.130616, -0.205866, 0.124994, 0.235169, -0.723914, 0.64857, -0.002831, -0.064316, -0.677412, -0.732786, -1.2e-05, 0.0, 0.0, 0.0, 1.0],
                [0.973118, 0.125127, -0.193348, 0.124994, 0.221735, -0.73591, 0.639741, -0.002831, -0.062237, -0.665416, -0.743873, -1.2e-05, 0.0, 0.0, 0.0, 1.0],
                [0.976148, 0.120176, -0.180812, 0.124994, 0.208621, -0.749773, 0.627946, -0.002831, -0.060104, -0.65069, -0.756961, -1.2e-05, 0.0, 0.0, 0.0, 1.0],
                [0.978898, 0.115741, -0.168416, 0.124994, 0.195959, -0.765426, 0.612962, -0.002831, -0.057965, -0.63303, -0.771954, -1.2e-05, 0.0, 0.0, 0.0, 1.0],
                [0.98136, 0.111762, -0.156338, 0.124994, 0.183879, -0.782552, 0.594811, -0.002831, -0.055865, -0.612471, -0.788516, -1.2e-05, 0.0, 0.0, 0.0, 1.0],
                [0.983538, 0.108219, -0.144711, 0.124994, 0.172488, -0.800941, 0.57336, -0.002831, -0.053857, -0.588882, -0.806423, -1.2e-05, 0.0, 0.0, 0.0, 1.0],
                [0.985441, 0.10509, -0.133647, 0.124994, 0.161873, -0.820312, 0.54853, -0.002831, -0.051987, -0.562178, -0.825381, -1.2e-05, 0.0, 0.0, 0.0, 1.0],
                [0.987084, 0.102337, -0.123254, 0.124994, 0.152103, -0.840204, 0.520501, -0.002831, -0.050292, -0.532525, -0.844919, -1.2e-05, 0.0, 0.0, 0.0, 1.0],
                [0.988488, 0.099953, -0.113582, 0.124994, 0.143213, -0.860267, 0.489316, -0.002831, -0.048802, -0.499949, -0.864679, -1.2e-05, 0.0, 0.0, 0.0, 1.0],
                [0.989675, 0.097922, -0.104664, 0.124994, 0.135217, -0.880053, 0.455217, -0.002831, -0.047534, -0.464669, -0.884207, -1.2e-05, 0.0, 0.0, 0.0, 1.0],
                [0.99067, 0.096219, -0.096517, 0.124994, 0.128111, -0.899049, 0.418687, -0.002831, -0.046488, -0.427145, -0.902987, -1.2e-05, 0.0, 0.0, 0.0, 1.0],
                [0.991497, 0.09485, -0.089091, 0.124994, 0.121856, -0.916966, 0.379899, -0.002831, -0.04566, -0.387525, -0.920728, -1.2e-05, 0.0, 0.0, 0.0, 1.0],
                [0.992179, 0.093796, -0.08235, 0.124994, 0.11641, -0.933417, 0.339383, -0.002831, -0.045035, -0.346315, -0.937036, -1.2e-05, 0.0, 0.0, 0.0, 1.0],
                [0.992739, 0.093048, -0.076229, 0.124994, 0.111716, -0.948144, 0.297559, -0.002831, -0.044589, -0.303914, -0.951656, -1.2e-05, 0.0, 0.0, 0.0, 1.0],
                [0.993193, 0.092577, -0.070694, 0.124994, 0.107731, -0.960856, 0.255245, -0.002831, -0.044296, -0.261124, -0.964288, -1.2e-05, 0.0, 0.0, 0.0, 1.0],
                [0.993556, 0.092371, -0.065686, 0.124994, 0.1044, -0.971451, 0.213033, -0.002831, -0.044132, -0.218518, -0.974835, -1.2e-05, 0.0, 0.0, 0.0, 1.0],
                [0.993837, 0.092394, -0.061245, 0.124994, 0.101714, -0.979745, 0.17249, -0.002831, -0.044068, -0.177657, -0.983105, -1.2e-05, 0.0, 0.0, 0.0, 1.0],
                [0.994035, 0.09257, -0.057664, 0.124994, 0.09976, -0.985427, 0.137772, -0.002831, -0.04407, -0.142703, -0.988784, -1.2e-05, 0.0, 0.0, 0.0, 1.0],
                [0.994115, 0.092701, -0.056047, 0.124994, 0.09895, -0.987641, 0.12155, -0.002831, -0.044087, -0.126381, -0.991002, -1.2e-05, 0.0, 0.0, 0.0, 1.0]
            ]
        },
        {
            "name": "Leg_R",
            "time": [0.0, 0.0167, 0.0333, 0.05, 0.0667, 0.0833, 0.1, 0.1167, 0.1333, 0.15, 0.1667, 0.1833, 0.2, 0.2167, 0.2333, 0.25, 0.2667, 0.2833, 0.3, 0.3167, 0.3333, 0.35, 0.3667, 0.3833, 0.4, 0.4167, 0.4333, 0.45, 0.4667, 0.4833, 0.5, 0.5167, 0.5333, 0.55, 0.5667, 0.5833, 0.6, 0.6167, 0.6333, 0.65, 0.6667, 0.6833, 0.7, 0.7167, 0.7333, 0.75, 0.7667, 0.7833, 0.8, 0.8167, 0.8333, 0.85, 0.8667, 0.8833, 0.9, 0.9167, 0.9333, 0.95, 0.9667, 0.9833, 1.0, 1.0167, 1.0333, 1.05, 1.0667, 1.0833, 1.1, 1.1167, 1.1333, 1.15, 1.1667, 1.1833, 1.2, 1.2167, 1.2333, 1.25, 1.2667, 1.2833, 1.3, 1.3167, 1.3333],
            "transform": [
                [0.999387, -0.030695, -0.016815, -0.0, 0.030791, 0.542702, 0.83936, 0.374721, -0.016638, -0.839364, 0.543315, -0.0, 0.0, 0.0, 0.0, 1.0],
                [0.999399, -0.030488, -0.0165, -0.0, 0.030584, 0.551332, 0.833725, 0.374721, -0.016322, -0.833728, 0.551933, -0.0, 0.0, 0.0, 0.0, 1.0],
                [0.999434, -0.029833, -0.015543, -0.0, 0.029927, 0.577544, 0.815811, 0.374721, -0.015362, -0.815814, 0.57811, -0.0, 0.0, 0.0, 0.0, 1.0],
                [0.999493, -0.028631, -0.01394, 0.0, 0.028721, 0.621437, 0.782938, 0.374721, -0.013754, -0.782941, 0.621944, -0.0, 0.0, 0.0, 0.0, 1.0],
                [0.999573, -0.026736, -0.011738, -0.0, 0.02682, 0.681742, 0.731101, 0.374721, -0.011544, -0.731104, 0.682168, 0.0, 0.0, 0.0, 0.0, 1.0],
                [0.999673, -0.023919, -0.009024, 0.0, 0.023994, 0.756046, 0.654079, 0.374721, -0.008822, -0.654081, 0.756373, 0.0, 0.0, 0.0, 0.0, 1.0],
                [0.999785, -0.019868, -0.005984, 0.0, 0.019931, 0.839293, 0.543315, 0.374721, -0.005772, -0.543317, 0.839508, -0.0, 0.0, 0.0, 0.0, 1.0],
                [0.9999, -0.013834, -0.002833, -0.0, 0.013877, 0.925585, 0.378285, 0.374721, -0.002611, -0.378287, 0.925685, -0.0, 0.0, 0.0, 0.0, 1.0],
                [1.0, -1.6e-05, -0.000115, 0.0, 1.6e-05, 1.0, 0.000435, 0.374721, 0.000115, -0.000435, 1.0, -0.0, 0.0, 0.0, 0.0, 1.0],
                [1.0, -1.6e-05, -0.000115, 0.0, 1.6e-05, 1.0, 0.000435, 0.374721, 0.000115, -0.000435, 1.0, -0.0, 0.0, 0.0, 0.0, 1.0],
                [1.0, -1.6e-05, -0.000115, 0.0, 1.6e-05, 1.0, 0.000435, 0.374721, 0.000115, -0.000435, 1.0, 0.0, 0.0, 0.0, 0.0, 1.0],
                [1.0, -1.6e-05, -0.000115, -0.0, 1.6e-05, 1.0, 0.000435, 0.374721, 0.000115, -0.000435, 1.0, -0.0, 0.0, 0.0, 0.0, 1.0],
                [1.0, -1.6e-05, -0.000115, -0.0, 1.6e-05, 1.0, 0.000435, 0.374721, 0.000115, -0.000435, 1.0, -0.0, 0.0, 0.0, 0.0, 1.0],
                [1.0, -1.6e-05, -0.000115, -0.0, 1.6e-05, 1.0, 0.000435, 0.374721, 0.000115, -0.000435, 1.0, 0.0, 0.0, 0.0, 0.0, 1.0],
                [1.0, -1.6e-05, -0.000115, -0.0, 1.6e-05, 1.0, 0.000435, 0.374721, 0.000115, -0.000436, 1.0, 0.0, 0.0, 0.0, 0.0, 1.0],
                [1.0, -1.6e-05, -0.000115, -0.0, 1.6e-05, 1.0, 0.000436, 0.374721, 0.000115, -0.000436, 1.0, 0.0, 0.0, 0.0, 0.0, 1.0],
                [1.0, -1.6e-05, -0.000115, -0.0, 1.6e-05, 1.0, 0.000436, 0.374721, 0.000115, -0.000436, 1.0, 0.0, 0.0, 0.0, 0.0, 1.0],
                [1.0, -1.6e-05, -0.000115, 0.0, 1.6e-05, 1.0, 0.000436, 0.374721, 0.000115, -0.000436, 1.0, 0.0, 0.0, 0.0, 0.0, 1.0],
                [1.0, -1.6e-05, -0.000115, -0.0, 1.6e-05, 1.0, 0.000436, 0.374721, 0.000115, -0.000436, 1.0, 0.0, 0.0, 0.0, 0.0, 1.0],
                [1.0, -1.6e-05, -0.000115, 0.0, 1.6e-05, 1.0, 0.000436, 0.374721, 0.000115, -0.000436, 1.0, -0.0, 0.0, 0.0, 0.0, 1.0],
                [1.0, -1.6e-05, -0.000115, 0.0, 1.6e-05, 1.0, 0.000436, 0.374721, 0.000115, -0.000436, 1.0, -0.0, 0.0, 0.0, 0.0, 1.0],
                [1.0, -1.6e-05, -0.000115, 0.0, 1.6e-05, 1.0, 0.000436, 0.374721, 0.000115, -0.000436, 1.0, -0.0, 0.0, 0.0, 0.0, 1.0],
                [1.0, -1.6e-05, -0.000115, 0.0, 1.6e-05, 1.0, 0.000436, 0.374721, 0.000115, -0.000436, 1.0, -0.0, 0.0, 0.0, 0.0, 1.0],
                [1.0, -1.6e-05, -0.000115, -0.0, 1.6e-05, 1.0, 0.000436, 0.374721, 0.000115, -0.000436, 1.0, -0.0, 0.0, 0.0, 0.0, 1.0],
                [1.0, -1.6e-05, -0.000115, -0.0, 1.6e-05, 1.0, 0.000436, 0.374721, 0.000115, -0.000436, 1.0, -0.0, 0.0, 0.0, 0.0, 1.0],
                [1.0, -1.6e-05, -0.000115, 0.0, 1.6e-05, 1.0, 0.000436, 0.374721, 0.000115, -0.000436, 1.0, -0.0, 0.0, 0.0, 0.0, 1.0],
                [1.0, -1.6e-05, -0.000115, -0.0, 1.6e-05, 1.0, 0.000436, 0.374721, 0.000115, -0.000436, 1.0, -0.0, 0.0, 0.0, 0.0, 1.0],
                [1.0, -1.6e-05, -0.000115, -0.0, 1.6e-05, 1.0, 0.000435, 0.374721, 0.000115, -0.000435, 1.0, 0.0, 0.0, 0.0, 0.0, 1.0],
                [1.0, -1.6e-05, -0.000115, 0.0, 1.6e-05, 1.0, 0.000435, 0.374721, 0.000115, -0.000435, 1.0, 0.0, 0.0, 0.0, 0.0, 1.0],
                [1.0, -1.6e-05, -0.000115, -0.0, 1.6e-05, 1.0, 0.000435, 0.374721, 0.000115, -0.000435, 1.0, 0.0, 0.0, 0.0, 0.0, 1.0],
                [0.99986, -0.016285, -0.003942, 0.0, 0.016336, 0.89522, 0.445324, 0.374721, -0.003724, -0.445326, 0.895361, -0.0, 0.0, 0.0, 0.0, 1.0],
                [0.999738, -0.021725, -0.007269, 0.0, 0.021794, 0.804105, 0.594087, 0.374721, -0.007062, -0.59409, 0.804368, 0.0, 0.0, 0.0, 0.0, 1.0],
                [0.999646, -0.024743, -0.009759, -0.0, 0.024821, 0.735914, 0.67662, 0.374721, -0.00956, -0.676622, 0.736268, 0.0, 0.0, 0.0, 0.0, 1.0],
                [0.99959, -0.026311, -0.01129, -0.0, 0.026394, 0.693989, 0.719503, 0.374721, -0.011096, -0.719505, 0.694398, -0.0, 0.0, 0.0, 0.0, 1.0],
                [0.99957, -0.026845, -0.011855, 0.0, 0.026929, 0.678523, 0.734086, 0.374721, -0.011662, -0.734089, 0.678954, -0.0, 0.0, 0.0, 0.0, 1.0],
                [0.999562, -0.027019, -0.012046, 0.0, 0.027105, 0.673311, 0.738862, 0.374721, -0.011853, -0.738865, 0.673749, 0.0, 0.0, 0.0, 0.0, 1.0],
                [0.999548, -0.027375, -0.012442, 0.0, 0.027462, 0.662458, 0.748596, 0.374721, -0.012251, -0.748598, 0.66291, 0.0, 0.0, 0.0, 0.0, 1.0],
                [0.999526, -0.027897, -0.013045, 0.0, 0.027985, 0.645952, 0.762865, 0.374721, -0.012855, -0.762868, 0.646426, 0.0, 0.0, 0.0, 0.0, 1.0],
                [0.999496, -0.02856, -0.013851, -0.0, 0.02865, 0.623874, 0.781, 0.374721, -0.013664, -0.781003, 0.624378, 0.0, 0.0, 0.0, 0.0, 1.0],
                [0.99946, -0.029333, -0.014853, 0.0, 0.029425, 0.596437, 0.802121, 0.374721, -0.014669, -0.802124, 0.596978, -0.0, 0.0, 0.0, 0.0, 1.0],
                [0.999415, -0.030181, -0.016044, -0.0, 0.030276, 0.563836, 0.825331, 0.374721, -0.015864, -0.825335, 0.56442, 0.0, 0.0, 0.0, 0.0, 1.0],
                [0.999366, -0.031064, -0.017399, 0.0, 0.031162, 0.526726, 0.849464, 0.374721, -0.017223, -0.849467, 0.52736, -0.0, 0.0, 0.0, 0.0, 1.0],
                [0.999311, -0.031947, -0.018902, -0.0, 0.032048, 0.485572, 0.873609, 0.374721, -0.018731, -0.873612, 0.486261, 0.0, 0.0, 0.0, 0.0, 1.0],
                [0.999251, -0.032799, -0.020531, -0.0, 0.032903, 0.440975, 0.896916, 0.374721, -0.020365, -0.89692, 0.441724, 0.0, 0.0, 0.0, 0.0, 1.0],
                [0.999188, -0.033589, -0.022248, -0.0, 0.033695, 0.393961, 0.91851, 0.374721, -0.022087, -0.918513, 0.394773, 0.0, 0.0, 0.0, 0.0, 1.0],
                [0.999124, -0.034282, -0.023984, 0.0, 0.034389, 0.346418, 0.93745, 0.374721, -0.023829, -0.937454, 0.347294, -0.0, 0.0, 0.0, 0.0, 1.0],
                [0.999063, -0.034856, -0.025664, -0.0, 0.034966, 0.3004, 0.953172, 0.374721, -0.025515, -0.953176, 0.301337, 0.0, 0.0, 0.0, 0.0, 1.0],
                [0.999004, -0.035321, -0.027263, 0.0, 0.035432, 0.256616, 0.965864, 0.374721, -0.027119, -0.965869, 0.257612, 0.0, 0.0, 0.0, 0.0, 1.0],
                [0.99895, -0.03568, -0.028738, 0.0, 0.035792, 0.216228, 0.975687, 0.374721, -0.028598, -0.975691, 0.217278, -0.0, 0.0, 0.0, 0.0, 1.0],
                [0.998901, -0.035949, -0.030068, -0.0, 0.036062, 0.179826, 0.983037, 0.374721, -0.029932, -0.983041, 0.180925, 0.0, 0.0, 0.0, 0.0, 1.0],
                [0.998859, -0.036142, -0.031228, 0.0, 0.036255, 0.14806, 0.988313, 0.374721, -0.031096, -0.988318, 0.149201, 0.0, 0.0, 0.0, 0.0, 1.0],
                [0.998823, -0.036274, -0.0322, 0.0, 0.036388, 0.121448, 0.991931, 0.374721, -0.032071, -0.991934, 0.122625, 0.0, 0.0, 0.0, 0.0, 1.0],
                [0.998795, -0.03636, -0.032969, 0.0, 0.036474, 0.100372, 0.994281, 0.374721, -0.032843, -0.994285, 0.101577, -0.0, 0.0, 0.0, 0.0, 1.0],
                [0.998774, -0.036412, -0.033528, -0.0, 0.036526, 0.085074, 0.995705, 0.374721, -0.033403, -0.995709, 0.0863, 0.0, 0.0, 0.0, 0.0, 1.0],
                [0.998761, -0.03644, -0.033878, 0.0, 0.036555, 0.075486, 0.996477, 0.374721, -0.033754, -0.996481, 0.076724, -0.0, 0.0, 0.0, 0.0, 1.0],
                [0.998757, -0.03645, -0.034006, 0.0, 0.036564, 0.071987, 0.996735, 0.374721, -0.033883, -0.996739, 0.073231, -0.0, 0.0, 0.0, 0.0, 1.0],
                [0.99876, -0.036443, -0.033922, 0.0, 0.036558, 0.074295, 0.996566, 0.374721, -0.033798, -0.99657, 0.075535, -0.0, 0.0, 0.0, 0.0, 1.0],
                [0.998771, -0.03642, -0.033624, -0.0, 0.036535, 0.082431, 0.995927, 0.374721, -0.0335, -0.995931, 0.08366, -0.0, 0.0, 0.0, 0.0, 1.0],
                [0.998789, -0.036376, -0.033137, -0.0, 0.036491, 0.095792, 0.994732, 0.374721, -0.03301, -0.994737, 0.097003, 0.0, 0.0, 0.0, 0.0, 1.0],
                [0.998814, -0.036305, -0.032461, -0.0, 0.036419, 0.114284, 0.992781, 0.374721, -0.032333, -0.992785, 0.115471, -0.0, 0.0, 0.0, 0.0, 1.0],
                [0.998845, -0.036197, -0.03161, 0.0, 0.036311, 0.137592, 0.989824, 0.374721, -0.031479, -0.989828, 0.138747, 0.0, 0.0, 0.0, 0.0, 1.0],
                [0.998883, -0.036038, -0.030578, -0.0, 0.036152, 0.165855, 0.985487, 0.374721, -0.030444, -0.985491, 0.166972, 0.0, 0.0, 0.0, 0.0, 1.0],
                [0.998927, -0.03581, -0.029352, -0.0, 0.035923, 0.199416, 0.979256, 0.374721, -0.029214, -0.979261, 0.200488, -0.0, 0.0, 0.0, 0.0, 1.0],
                [0.998979, -0.035493, -0.027936, -0.0, 0.035604, 0.238191, 0.970566, 0.374721, -0.027794, -0.97057, 0.239211, -0.0, 0.0, 0.0, 0.0, 1.0],
                [0.999038, -0.035061, -0.026336, -0.0, 0.035171, 0.282005, 0.958768, 0.374721, -0.026189, -0.958772, 0.282967, 0.0, 0.0, 0.0, 0.0, 1.0],
                [0.999103, -0.034488, -0.024557, -0.0, 0.034596, 0.330734, 0.94309, 0.374721, -0.024403, -0.943093, 0.331631, -0.0, 0.0, 0.0, 0.0, 1.0],
                [0.999174, -0.033748, -0.022625, 0.0, 0.033855, 0.38362, 0.922871, 0.374721, -0.022466, -0.922874, 0.384446, 0.0, 0.0, 0.0, 0.0, 1.0],
                [0.99925, -0.032814, -0.02056, 0.0, 0.032917, 0.440158, 0.897317, 0.374721, -0.020395, -0.89732, 0.440908, 0.0, 0.0, 0.0, 0.0, 1.0],
                [0.99933, -0.031656, -0.018388, -0.0, 0.031756, 0.499637, 0.865653, 0.374721, -0.018216, -0.865656, 0.500307, -0.0, 0.0, 0.0, 0.0, 1.0],
                [0.999412, -0.030258, -0.016156, 0.0, 0.030353, 0.560767, 0.827418, 0.374721, -0.015976, -0.827421, 0.561355, 0.0, 0.0, 0.0, 0.0, 1.0],
                [0.999494, -0.0286, -0.013901, 0.0, 0.02869, 0.622502, 0.782093, 0.374721, -0.013715, -0.782096, 0.623008, 0.0, 0.0, 0.0, 0.0, 1.0],
                [0.999576, -0.026678, -0.011676, 0.0, 0.026762, 0.683437, 0.729518, 0.374721, -0.011482, -0.729522, 0.683861, -0.0, 0.0, 0.0, 0.0, 1.0],
                [0.999654, -0.024504, -0.009542, -0.0, 0.024581, 0.741878, 0.670084, 0.374721, -0.009341, -0.670087, 0.742224, 0.0, 0.0, 0.0, 0.0, 1.0],
                [0.999728, -0.022084, -0.007538, 0.0, 0.022154, 0.796746, 0.603908, 0.374721, -0.007331, -0.60391, 0.797019, -0.0, 0.0, 0.0, 0.0, 1.0],
                [0.999794, -0.019449, -0.005717, -0.0, 0.01951, 0.846612, 0.531853, 0.374721, -0.005504, -0.531855, 0.846817, 0.0, 0.0, 0.0, 0.0, 1.0],
                [0.999853, -0.016632, -0.004116, -0.0, 0.016684, 0.890435, 0.454805, 0.374721, -0.003899, -0.454807, 0.890582, -0.0, 0.0, 0.0, 0.0, 1.0],
                [0.999902, -0.013698, -0.002777, 0.0, 0.013741, 0.927098, 0.374568, 0.374721, -0.002556, -0.374569, 0.927195, 0.0, 0.0, 0.0, 0.0, 1.0],
                [0.999942, -0.010703, -0.001716, 0.0, 0.010737, 0.956149, 0.292683, 0.374721, -0.001491, -0.292684, 0.956208, 0.0, 0.0, 0.0, 0.0, 1.0],
                [0.999969, -0.007779, -0.000952, -0.0, 0.007803, 0.977083, 0.212714, 0.374721, -0.000724, -0.212715, 0.977114, 0.0, 0.0, 0.0, 0.0, 1.0],
                [0.999987, -0.005247, -0.000494, -0.0, 0.005264, 0.989637, 0.143495, 0.374721, -0.000265, -0.143495, 0.989651, -0.0, 0.0, 0.0, 0.0, 1.0],
                [0.999992, -0.004059, -0.000341, -0.0, 0.004072, 0.993813, 0.110989, 0.374721, -0.000112, -0.11099, 0.993822, 0.0, 0.0, 0.0, 0.0, 1.0]
            ]
        },
        {
            "name": "Knee_R",
            "time": [0.0, 0.0167, 0.0333, 0.05, 0.0667, 0.0833, 0.1, 0.1167, 0.1333, 0.15, 0.1667, 0.1833, 0.2, 0.2167, 0.2333, 0.25, 0.2667, 0.2833, 0.3, 0.3167, 0.3333, 0.35, 0.3667, 0.3833, 0.4, 0.4167, 0.4333, 0.45, 0.4667, 0.4833, 0.5, 0.5167, 0.5333, 0.55, 0.5667, 0.5833, 0.6, 0.6167, 0.6333, 0.65, 0.6667, 0.6833, 0.7, 0.7167, 0.7333, 0.75, 0.7667, 0.7833, 0.8, 0.8167, 0.8333, 0.85, 0.8667, 0.8833, 0.9, 0.9167, 0.9333, 0.95, 0.9667, 0.9833, 1.0, 1.0167, 1.0333, 1.05, 1.0667, 1.0833, 1.1, 1.1167, 1.1333, 1.15, 1.1667, 1.1833, 1.2, 1.2167, 1.2333, 1.25, 1.2667, 1.2833, 1.3, 1.3167, 1.3333],
            "transform": [
                [1.0, -5.7e-05, 5.7e-05, -2e-06, 5.7e-05, 0.001565, -0.999999, 0.415079, 5.7e-05, 0.999999, 0.001565, -6.3e-05, 0.0, 0.0, 0.0, 1.0],
                [1.0, -5.7e-05, 5.7e-05, -2e-06, 5.7e-05, 0.001565, -0.999999, 0.414194, 5.7e-05, 0.999999, 0.001565, -6.2e-05, 0.0, 0.0, 0.0, 1.0],
                [1.0, -5.7e-05, 5.7e-05, -2e-06, 5.7e-05, 0.001565, -0.999999, 0.411468, 5.7e-05, 0.999999, 0.001565, -5.8e-05, 0.0, 0.0, 0.0, 1.0],
                [1.0, -5.7e-05, 5.7e-05, -2e-06, 5.7e-05, 0.001565, -0.999999, 0.406758, 5.7e-05, 0.999999, 0.001565, -5e-05, 0.0, 0.0, 0.0, 1.0],
                [1.0, -5.7e-05, 5.7e-05, -1e-06, 5.7e-05, 0.001565, -0.999999, 0.399926, 5.7e-05, 0.999999, 0.001565, -3.9e-05, 0.0, 0.0, 0.0, 1.0],
                [1.0, -5.7e-05, 5.7e-05, -1e-06, 5.7e-05, 0.001565, -0.999999, 0.39073, 5.7e-05, 0.999999, 0.001565, -2.5e-05, 0.0, 0.0, 0.0, 1.0],
                [1.0, -5.7e-05, 5.7e-05, -0.0, 5.7e-05, 0.001565, -0.999999, 0.378817, 5.7e-05, 0.999999, 0.001565, -6e-06, 0.0, 0.0, 0.0, 1.0],
                [1.0, -5.7e-05, 5.7e-05, -0.0, 5.7e-05, 0.001565, -0.999999, 0.374721, 5.7e-05, 0.999999, 0.001565, -0.0, 0.0, 0.0, 0.0, 1.0],
