{
    "animation": [
        {
            "name": "Root",
            "time": [0.0, 0.0167, 0.0333, 0.05, 0.0667, 0.0833, 0.1, 0.1167, 0.1333, 0.15, 0.1667, 0.1833, 0.2, 0.2167, 0.2333, 0.25, 0.2667, 0.2833, 0.3, 0.3167, 0.3333, 0.35, 0.3667, 0.3833, 0.4, 0.4167, 0.4333, 0.45, 0.4667, 0.4833, 0.5, 0.5167, 0.5333, 0.55, 0.5667, 0.5833, 0.6, 0.6167, 0.6333, 0.65, 0.6667, 0.6833, 0.7, 0.7167, 0.7333, 0.75, 0.7667, 0.7833, 0.8, 0.8167, 0.8333, 0.85, 0.8667, 0.8833, 0.9, 0.9167, 0.9333, 0.95, 0.9667, 0.9833, 1.0, 1.0167, 1.0333, 1.05, 1.0667, 1.0833, 1.1, 1.1167, 1.1333, 1.15, 1.1667, 1.1833, 1.2, 1.2167, 1.2333, 1.25, 1.2667, 1.2833, 1.3, 1.3167, 1.3333],
            "transform": [
                [0.434315, 0.0, 0.900761, -5e-06, 0.900761, 0.0, -0.434315, 0.000946, 0.0, 1.0, 0.0, 0.605678, 0.0, 0.0, 0.0, 1.0],
                [0.427006, 0.0, 0.904249, -5e-06, 0.904249, 0.0, -0.427006, 0.000946, 0.0, 1.0, 0.0, 0.607632, 0.0, 0.0, 0.0, 1.0],
                [0.404727, 0.0, 0.914437, -5e-06, 0.914437, 0.0, -0.404727, 0.000946, 0.0, 1.0, 0.0, 0.613532, 0.0, 0.0, 0.0, 1.0],
                [0.367327, 0.0, 0.930092, -5e-06, 0.930092, 0.0, -0.367327, 0.000946, 0.0, 1.0, 0.0, 0.62326, 0.0, 0.0, 0.0, 1.0],
                [0.315666, 0.0, 0.94887, -5e-06, 0.94887, 0.0, -0.315666, 0.000946, 0.0, 1.0, 0.0, 0.636391, 0.0, 0.0, 0.0, 1.0],
                [0.252301, 0.0, 0.967649, -5e-06, 0.967649, 0.0, -0.252301, 0.000946, 0.0, 1.0, 0.0, 0.652115, 0.0, 0.0, 0.0, 1.0],
                [0.181821, 0.0, 0.983332, -5e-06, 0.983332, 0.0, -0.181821, 0.000946, 0.0, 1.0, 0.0, 0.669253, 0.0, 0.0, 0.0, 1.0],
                [0.110393, 0.0, 0.993888, -5e-06, 0.993888, 0.0, -0.110393, 0.000946, 0.0, 1.0, 0.0, 0.686391, 0.0, 0.0, 0.0, 1.0],
                [0.044502, 0.0, 0.999009, -5e-06, 0.999009, 0.0, -0.044502, 0.000946, 0.0, 1.0, 0.0, 0.702114, 0.0, 0.0, 0.0, 1.0],
                [-0.010458, 0.0, 0.999945, -5e-06, 0.999945, 0.0, 0.010458, 0.000946, 0.0, 1.0, 0.0, 0.715245, 0.0, 0.0, 0.0, 1.0],
                [-0.050983, 0.0, 0.9987, -5e-06, 0.9987, 0.0, 0.050983, 0.000946, 0.0, 1.0, 0.0, 0.724974, 0.0, 0.0, 0.0, 1.0],
                [-0.075432, 0.0, 0.997151, -5e-06, 0.997151, 0.0, 0.075432, 0.000946, 0.0, 1.0, 0.0, 0.730874, 0.0, 0.0, 0.0, 1.0],
                [-0.083505, 0.0, 0.996507, -5e-06, 0.996507, 0.0, 0.083505, 0.000946, 0.0, 1.0, 0.0, 0.732828, 0.0, 0.0, 0.0, 1.0],
                [-0.082954, 0.0, 0.996553, -5e-06, 0.996553, 0.0, 0.082954, 0.000946, 0.0, 1.0, 0.0, 0.731875, 0.0, 0.0, 0.0, 1.0],
                [-0.080877, 0.0, 0.996724, -5e-06, 0.996724, 0.0, 0.080877, 0.000946, 0.0, 1.0, 0.0, 0.728939, 0.0, 0.0, 0.0, 1.0],
                [-0.076521, 0.0, 0.997068, -5e-06, 0.997068, 0.0, 0.076521, 0.000946, 0.0, 1.0, 0.0, 0.723961, 0.0, 0.0, 0.0, 1.0],
                [-0.069004, 0.0, 0.997616, -5e-06, 0.997616, 0.0, 0.069004, 0.000946, 0.0, 1.0, 0.0, 0.717005, 0.0, 0.0, 0.0, 1.0],
                [-0.057403, 0.0, 0.998351, -5e-06, 0.998351, 0.0, 0.057403, 0.000946, 0.0, 1.0, 0.0, 0.708296, 0.0, 0.0, 0.0, 1.0],
                [-0.040887, 0.0, 0.999164, -5e-06, 0.999164, 0.0, 0.040887, 0.000946, 0.0, 1.0, 0.0, 0.698242, 0.0, 0.0, 0.0, 1.0],
                [-0.018886, 0.0, 0.999822, -5e-06, 0.999822, 0.0, 0.018886, 0.000946, 0.0, 1.0, 0.0, 0.687394, 0.0, 0.0, 0.0, 1.0],
                [0.008797, 0.0, 0.999961, -5e-06, 0.999961, 0.0, -0.008797, 0.000946, 0.0, 1.0, 0.0, 0.676361, 0.0, 0.0, 0.0, 1.0],
                [0.041969, 0.0, 0.999119, -5e-06, 0.999119, 0.0, -0.041969, 0.000946, 0.0, 1.0, 0.0, 0.665703, 0.0, 0.0, 0.0, 1.0],
                [0.080128, 0.0, 0.996785, -5e-06, 0.996785, 0.0, -0.080128, 0.000946, 0.0, 1.0, 0.0, 0.655858, 0.0, 0.0, 0.0, 1.0],
                [0.12259, 0.0, 0.992457, -5e-06, 0.992457, 0.0, -0.12259, 0.000946, 0.0, 1.0, 0.0, 0.647113, 0.0, 0.0, 0.0, 1.0],
                [0.168589, 0.0, 0.985687, -5e-06, 0.985687, 0.0, -0.168589, 0.000946, 0.0, 1.0, 0.0, 0.639622, 0.0, 0.0, 0.0, 1.0],
                [0.23736, 0.0, 0.971422, -0.003052, 0.971422, 0.0, -0.23736, 0.014023, 0.0, 1.0, 0.0, 0.632415, 0.0, 0.0, 0.0, 1.0],
                [0.349533, 0.0, 0.936924, -0.012225, 0.936924, 0.0, -0.349533, 0.05338, 0.0, 1.0, 0.0, 0.62456, 0.0, 0.0, 0.0, 1.0],
                [0.500995, 0.0, 0.86545, -0.027139, 0.86545, 0.0, -0.500995, 0.117371, 0.0, 1.0, 0.0, 0.616282, 0.0, 0.0, 0.0, 1.0],
                [0.674303, 0.0, 0.738454, -0.046646, 0.738454, 0.0, -0.674303, 0.201068, 0.0, 1.0, 0.0, 0.607949, 0.0, 0.0, 0.0, 1.0],
                [0.835951, 0.0, 0.548805, -0.068744, 0.548805, 0.0, -0.835951, 0.295884, 0.0, 1.0, 0.0, 0.600048, 0.0, 0.0, 0.0, 1.0],
                [0.949199, 0.0, 0.314678, -0.090843, 0.314678, 0.0, -0.949199, 0.390699, 0.0, 1.0, 0.0, 0.593096, 0.0, 0.0, 0.0, 1.0],
                [0.997203, 0.0, 0.074742, -0.11035, 0.074742, 0.0, -0.997203, 0.474397, 0.0, 1.0, 0.0, 0.587517, 0.0, 0.0, 0.0, 1.0],
                [0.9908, 0.0, -0.135332, -0.125264, -0.135332, 0.0, -0.9908, 0.538388, 0.0, 1.0, 0.0, 0.583548, 0.0, 0.0, 0.0, 1.0],
                [0.954276, 0.0, -0.298927, -0.134436, -0.298927, 0.0, -0.954276, 0.577744, 0.0, 1.0, 0.0, 0.581237, 0.0, 0.0, 0.0, 1.0],
                [0.909355, 0.0, -0.416021, -0.137484, -0.416021, 0.0, -0.909355, 0.590821, 0.0, 1.0, 0.0, 0.5805, 0.0, 0.0, 0.0, 1.0],
                [0.863059, 0.0, -0.505103, -0.137484, -0.505103, 0.0, -0.863059, 0.590821, 0.0, 1.0, 0.0, 0.5805, 0.0, 0.0, 0.0, 1.0],
                [0.814476, 0.0, -0.580197, -0.137484, -0.580197, 0.0, -0.814476, 0.590821, 0.0, 1.0, 0.0, 0.5805, 0.0, 0.0, 0.0, 1.0],
                [0.767098, 0.0, -0.64153, -0.137484, -0.64153, 0.0, -0.767098, 0.590821, 0.0, 1.0, 0.0, 0.5805, 0.0, 0.0, 0.0, 1.0],
                [0.724046, 0.0, -0.689752, -0.137484, -0.689752, 0.0, -0.724046, 0.590821, 0.0, 1.0, 0.0, 0.5805, 0.0, 0.0, 0.0, 1.0],
                [0.687761, 0.0, -0.725937, -0.137484, -0.725937, 0.0, -0.687761, 0.590821, 0.0, 1.0, 0.0, 0.5805, 0.0, 0.0, 0.0, 1.0],
                [0.659636, 0.0, -0.751585, -0.137484, -0.751585, 0.0, -0.659636, 0.590821, 0.0, 1.0, 0.0, 0.5805, 0.0, 0.0, 0.0, 1.0],
                [0.639845, 0.0, -0.768504, -0.137484, -0.768504, 0.0, -0.639845, 0.590821, 0.0, 1.0, 0.0, 0.5805, 0.0, 0.0, 0.0, 1.0],
                [0.627535, 0.0, -0.778588, -0.137484, -0.778588, 0.0, -0.627535, 0.590821, 0.0, 1.0, 0.0, 0.5805, 0.0, 0.0, 0.0, 1.0],
                [0.621279, 0.0, -0.78359, -0.137484, -0.78359, 0.0, -0.621279, 0.590821, 0.0, 1.0, 0.0, 0.5805, 0.0, 0.0, 0.0, 1.0],
                [0.619519, 0.0, -0.784982, -0.137484, -0.784982, 0.0, -0.619519, 0.590821, 0.0, 1.0, 0.0, 0.5805, 0.0, 0.0, 0.0, 1.0],
                [0.62118, 0.0, -0.783668, -0.137345, -0.783668, 0.0, -0.62118, 0.591421, 0.0, 1.0, 0.0, 0.5808, 0.0, 0.0, 0.0, 1.0],
                [0.626183, 0.0, -0.779676, -0.136927, -0.779676, 0.0, -0.626183, 0.593232, 0.0, 1.0, 0.0, 0.581706, 0.0, 0.0, 0.0, 1.0],
                [0.634525, 0.0, -0.772902, -0.136227, -0.772902, 0.0, -0.634525, 0.596265, 0.0, 1.0, 0.0, 0.583223, 0.0, 0.0, 0.0, 1.0],
                [0.646167, 0.0, -0.763196, -0.135244, -0.763196, 0.0, -0.646167, 0.600523, 0.0, 1.0, 0.0, 0.585352, 0.0, 0.0, 0.0, 1.0],
                [0.66102, 0.0, -0.750369, -0.133978, -0.750369, 0.0, -0.66102, 0.606004, 0.0, 1.0, 0.0, 0.588093, 0.0, 0.0, 0.0, 1.0],
                [0.678935, 0.0, -0.734198, -0.132433, -0.734198, 0.0, -0.678935, 0.612698, 0.0, 1.0, 0.0, 0.591441, 0.0, 0.0, 0.0, 1.0],
                [0.699698, 0.0, -0.714439, -0.130612, -0.714439, 0.0, -0.699698, 0.620584, 0.0, 1.0, 0.0, 0.595385, 0.0, 0.0, 0.0, 1.0],
                [0.723013, 0.0, -0.690834, -0.128523, -0.690834, 0.0, -0.723013, 0.629631, 0.0, 1.0, 0.0, 0.59991, 0.0, 0.0, 0.0, 1.0],
                [0.748499, 0.0, -0.663136, -0.126176, -0.663136, 0.0, -0.748499, 0.639796, 0.0, 1.0, 0.0, 0.604993, 0.0, 0.0, 0.0, 1.0],
                [0.775679, 0.0, -0.631127, -0.123584, -0.631127, 0.0, -0.775679, 0.651022, 0.0, 1.0, 0.0, 0.610608, 0.0, 0.0, 0.0, 1.0],
                [0.803984, 0.0, -0.594651, -0.120762, -0.594651, 0.0, -0.803984, 0.663241, 0.0, 1.0, 0.0, 0.616719, 0.0, 0.0, 0.0, 1.0],
                [0.832757, 0.0, -0.553638, -0.117731, -0.553638, 0.0, -0.832757, 0.676369, 0.0, 1.0, 0.0, 0.623284, 0.0, 0.0, 0.0, 1.0],
                [0.861275, 0.0, -0.508139, -0.114513, -0.508139, 0.0, -0.861275, 0.690309, 0.0, 1.0, 0.0, 0.630256, 0.0, 0.0, 0.0, 1.0],
                [0.88877, 0.0, -0.458353, -0.111132, -0.458353, 0.0, -0.88877, 0.704948, 0.0, 1.0, 0.0, 0.637577, 0.0, 0.0, 0.0, 1.0],
                [0.914476, 0.0, -0.404641, -0.107619, -0.404641, 0.0, -0.914476, 0.720166, 0.0, 1.0, 0.0, 0.645188, 0.0, 0.0, 0.0, 1.0],
                [0.937665, 0.0, -0.34754, -0.104003, -0.34754, 0.0, -0.937665, 0.735826, 0.0, 1.0, 0.0, 0.65302, 0.0, 0.0, 0.0, 1.0],
                [0.957706, 0.0, -0.287748, -0.100318, -0.287748, 0.0, -0.957706, 0.751787, 0.0, 1.0, 0.0, 0.661002, 0.0, 0.0, 0.0, 1.0],
                [0.974104, 0.0, -0.226102, -0.096597, -0.226102, 0.0, -0.974104, 0.7679, 0.0, 1.0, 0.0, 0.669061, 0.0, 0.0, 0.0, 1.0],
                [0.986537, 0.0, -0.163536, -0.092877, -0.163536, 0.0, -0.986537, 0.784013, 0.0, 1.0, 0.0, 0.677119, 0.0, 0.0, 0.0, 1.0],
                [0.994883, 0.0, -0.10103, -0.089191, -0.10103, 0.0, -0.994883, 0.799975, 0.0, 1.0, 0.0, 0.685102, 0.0, 0.0, 0.0, 1.0],
                [0.999218, 0.0, -0.039552, -0.085575, -0.039552, 0.0, -0.999218, 0.815635, 0.0, 1.0, 0.0, 0.692934, 0.0, 0.0, 0.0, 1.0],
                [0.9998, 0.0, 0.019991, -0.082062, 0.019991, 0.0, -0.9998, 0.830852, 0.0, 1.0, 0.0, 0.700544, 0.0, 0.0, 0.0, 1.0],
                [0.997047, 0.0, 0.076799, -0.078681, 0.076799, 0.0, -0.997047, 0.845492, 0.0, 1.0, 0.0, 0.707866, 0.0, 0.0, 0.0, 1.0],
                [0.991487, 0.0, 0.130207, -0.075463, 0.130207, 0.0, -0.991487, 0.859432, 0.0, 1.0, 0.0, 0.714837, 0.0, 0.0, 0.0, 1.0],
                [0.983721, 0.0, 0.179702, -0.072432, 0.179702, 0.0, -0.983721, 0.87256, 0.0, 1.0, 0.0, 0.721403, 0.0, 0.0, 0.0, 1.0],
                [0.974378, 0.0, 0.224917, -0.06961, 0.224917, 0.0, -0.974378, 0.884779, 0.0, 1.0, 0.0, 0.727514, 0.0, 0.0, 0.0, 1.0],
                [0.964076, 0.0, 0.265625, -0.067018, 0.265625, 0.0, -0.964076, 0.896005, 0.0, 1.0, 0.0, 0.733128, 0.0, 0.0, 0.0, 1.0],
                [0.953397, 0.0, 0.301718, -0.064671, 0.301718, 0.0, -0.953397, 0.90617, 0.0, 1.0, 0.0, 0.738212, 0.0, 0.0, 0.0, 1.0],
                [0.942863, 0.0, 0.333179, -0.062582, 0.333179, 0.0, -0.942863, 0.915217, 0.0, 1.0, 0.0, 0.742736, 0.0, 0.0, 0.0, 1.0],
                [0.932927, 0.0, 0.360064, -0.060762, 0.360064, 0.0, -0.932927, 0.923103, 0.0, 1.0, 0.0, 0.74668, 0.0, 0.0, 0.0, 1.0],
                [0.923967, 0.0, 0.382473, -0.059216, 0.382473, 0.0, -0.923967, 0.929797, 0.0, 1.0, 0.0, 0.750028, 0.0, 0.0, 0.0, 1.0],
                [0.916283, 0.0, 0.400531, -0.05795, 0.400531, 0.0, -0.916283, 0.935278, 0.0, 1.0, 0.0, 0.752769, 0.0, 0.0, 0.0, 1.0],
                [0.910107, 0.0, 0.414373, -0.056967, 0.414373, 0.0, -0.910107, 0.939536, 0.0, 1.0, 0.0, 0.754899, 0.0, 0.0, 0.0, 1.0],
                [0.905602, 0.0, 0.424129, -0.056267, 0.424129, 0.0, -0.905602, 0.942568, 0.0, 1.0, 0.0, 0.756415, 0.0, 0.0, 0.0, 1.0],
                [0.902869, 0.0, 0.429916, -0.055849, 0.429916, 0.0, -0.902869, 0.944379, 0.0, 1.0, 0.0, 0.757321, 0.0, 0.0, 0.0, 1.0],
                [0.901956, 0.0, 0.431828, -0.05571, 0.431828, 0.0, -0.901956, 0.94498, 0.0, 1.0, 0.0, 0.757621, 0.0, 0.0, 0.0, 1.0]
            ]
        },
        {
            "name": "Thigh_R",
            "time": [0.0, 0.0167, 0.0333, 0.05, 0.0667, 0.0833, 0.1, 0.1167, 0.1333, 0.15, 0.1667, 0.1833, 0.2, 0.2167, 0.2333, 0.25, 0.2667, 0.2833, 0.3, 0.3167, 0.3333, 0.35, 0.3667, 0.3833, 0.4, 0.4167, 0.4333, 0.45, 0.4667, 0.4833, 0.5, 0.5167, 0.5333, 0.55, 0.5667, 0.5833, 0.6, 0.6167, 0.6333, 0.65, 0.6667, 0.6833, 0.7, 0.7167, 0.7333, 0.75, 0.7667, 0.7833, 0.8, 0.8167, 0.8333, 0.85, 0.8667, 0.8833, 0.9, 0.9167, 0.9333, 0.95, 0.9667, 0.9833, 1.0, 1.0167, 1.0333, 1.05, 1.0667, 1.0833, 1.1, 1.1167, 1.1333, 1.15, 1.1667, 1.1833, 1.2, 1.2167, 1.2333, 1.25, 1.2667, 1.2833, 1.3, 1.3167, 1.3333],
            "transform": [
                [0.925749, 0.335451, -0.174531, 0.124994, 0.366302, -0.910112, 0.193699, -0.002831, -0.093867, -0.243248, -0.965412, -1.2e-05, 0.0, 0.0, 0.0, 1.0],
                [0.926064, 0.335381, -0.172986, 0.124994, 0.365476, -0.911261, 0.189817, -0.002831, -0.093975, -0.239005, -0.96646, -1.2e-05, 0.0, 0.0, 0.0, 1.0],
                [0.927007, 0.335199, -0.168222, 0.124994, 0.362997, -0.914679, 0.177751, -0.002831, -0.094287, -0.22584, -0.969591, -1.2e-05, 0.0, 0.0, 0.0, 1.0],
                [0.928526, 0.33505, -0.159942, 0.124994, 0.358982, -0.920125, 0.156531, -0.002831, -0.094721, -0.202759, -0.974637, -1.2e-05, 0.0, 0.0, 0.0, 1.0],
                [0.930495, 0.335168, -0.147786, 0.124994, 0.353746, -0.926949, 0.125017, -0.002831, -0.095089, -0.168607, -0.981086, -1.2e-05, 0.0, 0.0, 0.0, 1.0],
                [0.932745, 0.33587, -0.131066, 0.124994, 0.347767, -0.934047, 0.081326, -0.002831, -0.095107, -0.121437, -0.988032, -1.2e-05, 0.0, 0.0, 0.0, 1.0],
                [0.935082, 0.33734, -0.108731, 0.124994, 0.341625, -0.939555, 0.022978, -0.002831, -0.094407, -0.058631, -0.993806, -1.2e-05, 0.0, 0.0, 0.0, 1.0],
                [0.937405, 0.339505, -0.077504, 0.124994, 0.335711, -0.940176, -0.058031, -0.002831, -0.09257, 0.028379, -0.995302, -1.2e-05, 0.0, 0.0, 0.0, 1.0],
                [0.940503, 0.339615, -0.010716, 0.124994, 0.328028, -0.915734, -0.232008, -0.002831, -0.088606, 0.214689, -0.972655, -1.2e-05, 0.0, 0.0, 0.0, 1.0],
                [0.940592, 0.339443, -0.008086, 0.124994, 0.328959, -0.916923, -0.225915, -0.002831, -0.0841, 0.209833, -0.974114, -1.2e-05, 0.0, 0.0, 0.0, 1.0],
                [0.940001, 0.341157, -0.00326, 0.124994, 0.332122, -0.917208, -0.220053, -0.002831, -0.078063, 0.205767, -0.975483, -1.2e-05, 0.0, 0.0, 0.0, 1.0],
                [0.938655, 0.344835, 0.003785, 0.124994, 0.337581, -0.916557, -0.214386, -0.002831, -0.070459, 0.202513, -0.976741, -1.2e-05, 0.0, 0.0, 0.0, 1.0],
                [0.936485, 0.350467, 0.012993, 0.124994, 0.34531, -0.914965, -0.208803, -0.002831, -0.06129, 0.200027, -0.977871, -1.2e-05, 0.0, 0.0, 0.0, 1.0],
                [0.933567, 0.357604, 0.023888, 0.124994, 0.354782, -0.912637, -0.203036, -0.002831, -0.050805, 0.198022, -0.97888, -1.2e-05, 0.0, 0.0, 0.0, 1.0],
                [0.929978, 0.365845, 0.036035, 0.124994, 0.365515, -0.909746, -0.196876, -0.002831, -0.039243, 0.196262, -0.979766, -1.2e-05, 0.0, 0.0, 0.0, 1.0],
                [0.92563, 0.375192, 0.049379, 0.124994, 0.37749, -0.906258, -0.190255, -0.002831, -0.026631, 0.194746, -0.980492, -1.2e-05, 0.0, 0.0, 0.0, 1.0],
                [0.920454, 0.385606, 0.063812, 0.124994, 0.390633, -0.902155, -0.183088, -0.002831, -0.013032, 0.193451, -0.981023, -1.2e-05, 0.0, 0.0, 0.0, 1.0],
                [0.91441, 0.396977, 0.079144, 0.124994, 0.404787, -0.897452, -0.175291, -0.002831, 0.001441, 0.192324, -0.98133, -1.2e-05, 0.0, 0.0, 0.0, 1.0],
                [0.90752, 0.409104, 0.095089, 0.124994, 0.419681, -0.892215, -0.166792, -0.002831, 0.016605, 0.191274, -0.981396, -1.2e-05, 0.0, 0.0, 0.0, 1.0],
                [0.899882, 0.421699, 0.111269, 0.124994, 0.434941, -0.886567, -0.15756, -0.002831, 0.032205, 0.190181, -0.981221, -1.2e-05, 0.0, 0.0, 0.0, 1.0],
                [0.891679, 0.434414, 0.127252, 0.124994, 0.450123, -0.880678, -0.147629, -0.002831, 0.047935, 0.188917, -0.980823, -1.2e-05, 0.0, 0.0, 0.0, 1.0],
                [0.881233, 0.46399, 0.090227, 0.124994, 0.468475, -0.882741, -0.036047, -0.002831, 0.062922, 0.074035, -0.995268, -1.2e-05, 0.0, 0.0, 0.0, 1.0],
                [0.871556, 0.484566, 0.074739, 0.124994, 0.484073, -0.874647, 0.025792, -0.002831, 0.077869, 0.0137, -0.99687, -1.2e-05, 0.0, 0.0, 0.0, 1.0],
                [0.862407, 0.501801, 0.066702, 0.124994, 0.497756, -0.86459, 0.068723, -0.002831, 0.092155, -0.026066, -0.995403, -1.2e-05, 0.0, 0.0, 0.0, 1.0],
                [0.853893, 0.516715, 0.062233, 0.124994, 0.509645, -0.854405, 0.101261, -0.002831, 0.105495, -0.054749, -0.992912, -1.2e-05, 0.0, 0.0, 0.0, 1.0],
                [0.845614, 0.530658, 0.057786, 0.124994, 0.520569, -0.843764, 0.13065, -0.002831, 0.118089, -0.080398, -0.989743, -1.2e-05, 0.0, 0.0, 0.0, 1.0],
                [0.837152, 0.544556, 0.051334, 0.124994, 0.531251, -0.831842, 0.160661, -0.002831, 0.130191, -0.107227, -0.985674, -1.2e-05, 0.0, 0.0, 0.0, 1.0],
                [0.828671, 0.558057, 0.043315, 0.124994, 0.541515, -0.818876, 0.190272, -0.002831, 0.141652, -0.134217, -0.980775, -1.2e-05, 0.0, 0.0, 0.0, 1.0],
                [0.820434, 0.570708, 0.034352, 0.124994, 0.551091, -0.805376, 0.218331, -0.002831, 0.152269, -0.160195, -0.97527, -1.2e-05, 0.0, 0.0, 0.0, 1.0],
                [0.812793, 0.58201, 0.025116, 0.124994, 0.559635, -0.792066, 0.243804, -0.002831, 0.161791, -0.184107, -0.969499, -1.2e-05, 0.0, 0.0, 0.0, 1.0],
                [0.806149, 0.591486, 0.016363, 0.124994, 0.56678, -0.779829, 0.265758, -0.002831, 0.169952, -0.204966, -0.963901, -1.2e-05, 0.0, 0.0, 0.0, 1.0],
                [0.800858, 0.598792, 0.008608, 0.124994, 0.572243, -0.769429, 0.283753, -0.002831, 0.176532, -0.22232, -0.958859, -1.2e-05, 0.0, 0.0, 0.0, 1.0],
                [0.797155, 0.60377, 0.002153, 0.124994, 0.575882, -0.761396, 0.297716, -0.002831, 0.181391, -0.236086, -0.954652, -1.2e-05, 0.0, 0.0, 0.0, 1.0],
                [0.795129, 0.606432, -0.00295, 0.124994, 0.577698, -0.755956, 0.307888, -0.002831, 0.184484, -0.246515, -0.951418, -1.2e-05, 0.0, 0.0, 0.0, 1.0],
                [0.794742, 0.606908, -0.006922, 0.124994, 0.577798, -0.753031, 0.31479, -0.002831, 0.185836, -0.254177, -0.949136, -1.2e-05, 0.0, 0.0, 0.0, 1.0],
                [0.795425, 0.605944, -0.011446, 0.124994, 0.576739, -0.751014, 0.32148, -0.002831, 0.186203, -0.262314, -0.946847, -1.2e-05, 0.0, 0.0, 0.0, 1.0],
                [0.796684, 0.604121, -0.01823, 0.124994, 0.574963, -0.748246, 0.330976, -0.002831, 0.186309, -0.274165, -0.943463, -1.2e-05, 0.0, 0.0, 0.0, 1.0],
                [0.798542, 0.601327, -0.027135, 0.124994, 0.572427, -0.744677, 0.343196, -0.002831, 0.186166, -0.28959, -0.938872, -1.2e-05, 0.0, 0.0, 0.0, 1.0],
                [0.801023, 0.597431, -0.037932, 0.124994, 0.569075, -0.740275, 0.357974, -0.002831, 0.185784, -0.308332, -0.932961, -1.2e-05, 0.0, 0.0, 0.0, 1.0],
                [0.80415, 0.592294, -0.050305, 0.124994, 0.564847, -0.735031, 0.375069, -0.002831, 0.185175, -0.330027, -0.925631, -1.2e-05, 0.0, 0.0, 0.0, 1.0],
                [0.807945, 0.585779, -0.063932, 0.124994, 0.559678, -0.728916, 0.394262, -0.002831, 0.184349, -0.354323, -0.916771, -1.2e-05, 0.0, 0.0, 0.0, 1.0],
                [0.812428, 0.577777, -0.078324, 0.124994, 0.553497, -0.722009, 0.415143, -0.002831, 0.18331, -0.380626, -0.906378, -1.2e-05, 0.0, 0.0, 0.0, 1.0],
                [0.817604, 0.568205, -0.093095, 0.124994, 0.54624, -0.714327, 0.437445, -0.002831, 0.182058, -0.408509, -0.894413, -1.2e-05, 0.0, 0.0, 0.0, 1.0],
                [0.82347, 0.557015, -0.107846, 0.124994, 0.537852, -0.705906, 0.460882, -0.002831, 0.180589, -0.437528, -0.880884, -1.2e-05, 0.0, 0.0, 0.0, 1.0],
                [0.83001, 0.544224, -0.122085, 0.124994, 0.528284, -0.696895, 0.485029, -0.002831, 0.178884, -0.467074, -0.865935, -1.2e-05, 0.0, 0.0, 0.0, 1.0],
                [0.837345, 0.529713, -0.135117, 0.124994, 0.517295, -0.687827, 0.509215, -0.002831, 0.1768, -0.496284, -0.849967, -1.2e-05, 0.0, 0.0, 0.0, 1.0],
                [0.84556, 0.51345, -0.146277, 0.124994, 0.504664, -0.679305, 0.532784, -0.002831, 0.174191, -0.524322, -0.833513, -1.2e-05, 0.0, 0.0, 0.0, 1.0],
                [0.854531, 0.495614, -0.155385, 0.124994, 0.490434, -0.671411, 0.555591, -0.002831, 0.171032, -0.550976, -0.816807, -1.2e-05, 0.0, 0.0, 0.0, 1.0],
                [0.86411, 0.476454, -0.162187, 0.124994, 0.474687, -0.6644, 0.577273, -0.002831, 0.167287, -0.575816, -0.800282, -1.2e-05, 0.0, 0.0, 0.0, 1.0],
                [0.874121, 0.456216, -0.166673, 0.124994, 0.457566, -0.658361, 0.597658, -0.002831, 0.16293, -0.598689, -0.784236, -1.2e-05, 0.0, 0.0, 0.0, 1.0],
                [0.884367, 0.435172, -0.168881, 0.124994, 0.439264, -0.653432, 0.616501, -0.002831, 0.157932, -0.619396, -0.769029, -1.2e-05, 0.0, 0.0, 0.0, 1.0],
                [0.894644, 0.413602, -0.168952, 0.124994, 0.420029, -0.649742, 0.63357, -0.002831, 0.15227, -0.637784, -0.755013, -1.2e-05, 0.0, 0.0, 0.0, 1.0],
                [0.904755, 0.391778, -0.167116, 0.124994, 0.400151, -0.647406, 0.648648, -0.002831, 0.145934, -0.653739, -0.742515, -1.2e-05, 0.0, 0.0, 0.0, 1.0],
                [0.914515, 0.36996, -0.163683, 0.124994, 0.379951, -0.64652, 0.66155, -0.002831, 0.138922, -0.66719, -0.731819, -1.2e-05, 0.0, 0.0, 0.0, 1.0],
                [0.923764, 0.348368, -0.159057, 0.124994, 0.359767, -0.647077, 0.672205, -0.002831, 0.131253, -0.678182, -0.723078, -1.2e-05, 0.0, 0.0, 0.0, 1.0],
                [0.932381, 0.327246, -0.153542, 0.124994, 0.339925, -0.649288, 0.680349, -0.002831, 0.122948, -0.686538, -0.716623, -1.2e-05, 0.0, 0.0, 0.0, 1.0],
                [0.940275, 0.306762, -0.147578, 0.124994, 0.320739, -0.653096, 0.685997, -0.002831, 0.114055, -0.69236, -0.712481, -1.2e-05, 0.0, 0.0, 0.0, 1.0],
                [0.947395, 0.287088, -0.141501, 0.124994, 0.302482, -0.65858, 0.68904, -0.002831, 0.104626, -0.695595, -0.710775, -1.2e-05, 0.0, 0.0, 0.0, 1.0],
                [0.953717, 0.268336, -0.135714, 0.124994, 0.285391, -0.665542, 0.689642, -0.002831, 0.094732, -0.696455, -0.71132, -1.2e-05, 0.0, 0.0, 0.0, 1.0],
                [0.959251, 0.250633, -0.130458, 0.124994, 0.26964, -0.674006, 0.687757, -0.002831, 0.084445, -0.694909, -0.714122, -1.2e-05, 0.0, 0.0, 0.0, 1.0],
                [0.964024, 0.234081, -0.125952, 0.124994, 0.255353, -0.683891, 0.683438, -0.002831, 0.073843, -0.691013, -0.719061, -1.2e-05, 0.0, 0.0, 0.0, 1.0],
                [0.968246, 0.218437, -0.121591, 0.124994, 0.241853, -0.695312, 0.676793, -0.002831, 0.063293, -0.684709, -0.726063, -1.2e-05, 0.0, 0.0, 0.0, 1.0],
                [0.972093, 0.203464, -0.116775, 0.124994, 0.228495, -0.70842, 0.66778, -0.002831, 0.053143, -0.675827, -0.735141, -1.2e-05, 0.0, 0.0, 0.0, 1.0],
                [0.975557, 0.18925, -0.11168, 0.124994, 0.215411, -0.723158, 0.656232, -0.002831, 0.043429, -0.664248, -0.746249, -1.2e-05, 0.0, 0.0, 0.0, 1.0],
                [0.978638, 0.175871, -0.106474, 0.124994, 0.20273, -0.739432, 0.641981, -0.002831, 0.034176, -0.649853, -0.759291, -1.2e-05, 0.0, 0.0, 0.0, 1.0],
                [0.981346, 0.163399, -0.101294, 0.124994, 0.190564, -0.757171, 0.624802, -0.002831, 0.025395, -0.63245, -0.774185, -1.2e-05, 0.0, 0.0, 0.0, 1.0],
                [0.983696, 0.151878, -0.096311, 0.124994, 0.179027, -0.77607, 0.604702, -0.002831, 0.017097, -0.612085, -0.790607, -1.2e-05, 0.0, 0.0, 0.0, 1.0],
                [0.985708, 0.141362, -0.091624, 0.124994, 0.168203, -0.79594, 0.581539, -0.002831, 0.00928, -0.588639, -0.808342, -1.2e-05, 0.0, 0.0, 0.0, 1.0],
                [0.987411, 0.131895, -0.087305, 0.124994, 0.158161, -0.816528, 0.555218, -0.002831, 0.001944, -0.562037, -0.82711, -1.2e-05, 0.0, 0.0, 0.0, 1.0],
                [0.988832, 0.123497, -0.083422, 0.124994, 0.148952, -0.837401, 0.525901, -0.002831, -0.00491, -0.532454, -0.846444, -1.2e-05, 0.0, 0.0, 0.0, 1.0],
                [0.990002, 0.11619, -0.079968, 0.124994, 0.140598, -0.85824, 0.493614, -0.002831, -0.011279, -0.499923, -0.865996, -1.2e-05, 0.0, 0.0, 0.0, 1.0],
                [0.990954, 0.109971, -0.076918, 0.124994, 0.133101, -0.878629, 0.45858, -0.002831, -0.017152, -0.464669, -0.885318, -1.2e-05, 0.0, 0.0, 0.0, 1.0],
                [0.991718, 0.104812, -0.074228, 0.124994, 0.126446, -0.898081, 0.421261, -0.002831, -0.02251, -0.427158, -0.903897, -1.2e-05, 0.0, 0.0, 0.0, 1.0],
                [0.992325, 0.10068, -0.071783, 0.124994, 0.12059, -0.916337, 0.381816, -0.002831, -0.027336, -0.387542, -0.921446, -1.2e-05, 0.0, 0.0, 0.0, 1.0],
                [0.992806, 0.09751, -0.069485, 0.124994, 0.115488, -0.933031, 0.340757, -0.002831, -0.031604, -0.346331, -0.93758, -1.2e-05, 0.0, 0.0, 0.0, 1.0],
                [0.993184, 0.095222, -0.067212, 0.124994, 0.111083, -0.947925, 0.298494, -0.002831, -0.035289, -0.303925, -0.952042, -1.2e-05, 0.0, 0.0, 0.0, 1.0],
                [0.993483, 0.093709, -0.064884, 0.124994, 0.107329, -0.960744, 0.255834, -0.002831, -0.038364, -0.261131, -0.96454, -1.2e-05, 0.0, 0.0, 0.0, 1.0],
                [0.993721, 0.092863, -0.062405, 0.124994, 0.104177, -0.971403, 0.21336, -0.002831, -0.040807, -0.218521, -0.974979, -1.2e-05, 0.0, 0.0, 0.0, 1.0],
                [0.993912, 0.092551, -0.059785, 0.124994, 0.101615, -0.97973, 0.172634, -0.002831, -0.042595, -0.177658, -0.98317, -1.2e-05, 0.0, 0.0, 0.0, 1.0],
                [0.994054, 0.092596, -0.057299, 0.124994, 0.099736, -0.985424, 0.137807, -0.002831, -0.043703, -0.142703, -0.9888, -1.2e-05, 0.0, 0.0, 0.0, 1.0],
                [0.994115, 0.092701, -0.056047, 0.124994, 0.09895, -0.987641, 0.12155, -0.002831, -0.044087, -0.126381, -0.991002, -1.2e-05, 0.0, 0.0, 0.0, 1.0]
            ]
        },
        {
            "name": "Leg_R",
            "time": [0.0, 0.0167, 0.0333, 0.05, 0.0667, 0.0833, 0.1, 0.1167, 0.1333, 0.15, 0.1667, 0.1833, 0.2, 0.2167, 0.2333, 0.25, 0.2667, 0.2833, 0.3, 0.3167, 0.3333, 0.35, 0.3667, 0.3833, 0.4, 0.4167, 0.4333, 0.45, 0.4667, 0.4833, 0.5, 0.5167, 0.5333, 0.55, 0.5667, 0.5833, 0.6, 0.6167, 0.6333, 0.65, 0.6667, 0.6833, 0.7, 0.7167, 0.7333, 0.75, 0.7667, 0.7833, 0.8, 0.8167, 0.8333, 0.85, 0.8667, 0.8833, 0.9, 0.9167, 0.9333, 0.95, 0.9667, 0.9833, 1.0, 1.0167, 1.0333, 1.05, 1.0667, 1.0833, 1.1, 1.1167, 1.1333, 1.15, 1.1667, 1.1833, 1.2, 1.2167, 1.2333, 1.25, 1.2667, 1.2833, 1.3, 1.3167, 1.3333],
            "transform": [
                [0.999387, -0.030695, -0.016815, -0.0, 0.030791, 0.542702, 0.83936, 0.374721, -0.016638, -0.839364, 0.543315, -0.0, 0.0, 0.0, 0.0, 1.0],
                [0.999399, -0.030488, -0.0165, -0.0, 0.030584, 0.551332, 0.833725, 0.374721, -0.016322, -0.833728, 0.551933, 0.0, 0.0, 0.0, 0.0, 1.0],
                [0.999434, -0.029833, -0.015543, 0.0, 0.029927, 0.577544, 0.815811, 0.374721, -0.015362, -0.815814, 0.57811, 0.0, 0.0, 0.0, 0.0, 1.0],
                [0.999493, -0.028631, -0.01394, 0.0, 0.028721, 0.621437, 0.782938, 0.374721, -0.013754, -0.78294, 0.621944, 0.0, 0.0, 0.0, 0.0, 1.0],
                [0.999573, -0.026736, -0.011738, -0.0, 0.02682, 0.681742, 0.731101, 0.374721, -0.011544, -0.731104, 0.682168, -0.0, 0.0, 0.0, 0.0, 1.0],
                [0.999673, -0.023919, -0.009024, -0.0, 0.023994, 0.756046, 0.654079, 0.374721, -0.008822, -0.654081, 0.756373, -0.0, 0.0, 0.0, 0.0, 1.0],
                [0.999785, -0.019868, -0.005984, 0.0, 0.019931, 0.839293, 0.543315, 0.374721, -0.005772, -0.543317, 0.839508, 0.0, 0.0, 0.0, 0.0, 1.0],
                [0.9999, -0.013833, -0.002833, -0.0, 0.013877, 0.925585, 0.378285, 0.374721, -0.002611, -0.378287, 0.925685, 0.0, 0.0, 0.0, 0.0, 1.0],
                [1.0, -1.6e-05, -0.000115, 0.0, 1.6e-05, 1.0, 0.000435, 0.374721, 0.000115, -0.000435, 1.0, -0.0, 0.0, 0.0, 0.0, 1.0],
                [1.0, -1.6e-05, -0.000115, -0.0, 1.6e-05, 1.0, 0.000435, 0.374721, 0.000115, -0.000435, 1.0, -0.0, 0.0, 0.0, 0.0, 1.0],
                [1.0, -1.6e-05, -0.000115, -0.0, 1.6e-05, 1.0, 0.000435, 0.374721, 0.000115, -0.000435, 1.0, 0.0, 0.0, 0.0, 0.0, 1.0],
                [1.0, -1.6e-05, -0.000115, 0.0, 1.6e-05, 1.0, 0.000435, 0.374721, 0.000115, -0.000435, 1.0, -0.0, 0.0, 0.0, 0.0, 1.0],
                [1.0, -1.6e-05, -0.000115, 0.0, 1.6e-05, 1.0, 0.000435, 0.374721, 0.000115, -0.000435, 1.0, 0.0, 0.0, 0.0, 0.0, 1.0],
                [1.0, -1.6e-05, -0.000115, -0.0, 1.6e-05, 1.0, 0.000435, 0.374721, 0.000115, -0.000435, 1.0, -0.0, 0.0, 0.0, 0.0, 1.0],
                [1.0, -1.6e-05, -0.000115, -0.0, 1.6e-05, 1.0, 0.000435, 0.374721, 0.000115, -0.000435, 1.0, -0.0, 0.0, 0.0, 0.0, 1.0],
                [1.0, -1.6e-05, -0.000115, -0.0, 1.6e-05, 1.0, 0.000435, 0.374721, 0.000115, -0.000435, 1.0, 0.0, 0.0, 0.0, 0.0, 1.0],
                [1.0, -1.6e-05, -0.000115, -0.0, 1.6e-05, 1.0, 0.000435, 0.374721, 0.000115, -0.000435, 1.0, 0.0, 0.0, 0.0, 0.0, 1.0],
                [1.0, -1.6e-05, -0.000115, -0.0, 1.6e-05, 1.0, 0.000435, 0.374721, 0.000115, -0.000435, 1.0, -0.0, 0.0, 0.0, 0.0, 1.0],
                [1.0, -1.6e-05, -0.000115, 0.0, 1.6e-05, 1.0, 0.000435, 0.374721, 0.000115, -0.000435, 1.0, 0.0, 0.0, 0.0, 0.0, 1.0],
                [1.0, -1.6e-05, -0.000115, -0.0, 1.6e-05, 1.0, 0.000435, 0.374721, 0.000115, -0.000435, 1.0, -0.0, 0.0, 0.0, 0.0, 1.0],
                [1.0, -1.6e-05, -0.000115, -0.0, 1.6e-05, 1.0, 0.000435, 0.374721, 0.000115, -0.000435, 1.0, -0.0, 0.0, 0.0, 0.0, 1.0],
                [0.999965, -0.008341, -0.001079, 0.0, 0.008367, 0.973607, 0.228078, 0.374721, -0.000852, -0.228079, 0.973642, -0.0, 0.0, 0.0, 0.0, 1.0],
                [0.99992, -0.012472, -0.002308, -0.0, 0.012511, 0.939965, 0.341041, 0.374721, -0.002084, -0.341042, 0.940046, 0.0, 0.0, 0.0, 0.0, 1.0],
                [0.999881, -0.015044, -0.003353, 0.0, 0.015091, 0.911337, 0.411383, 0.374721, -0.003133, -0.411385, 0.911456, -0.0, 0.0, 0.0, 0.0, 1.0],
                [0.99985, -0.01679, -0.004198, 0.0, 0.016843, 0.888202, 0.459145, 0.374721, -0.003981, -0.459146, 0.888352, 0.0, 0.0, 0.0, 0.0, 1.0],
                [0.99982, -0.018293, -0.00502, 0.0, 0.01835, 0.865703, 0.500223, 0.374721, -0.004805, -0.500225, 0.865882, -0.0, 0.0, 0.0, 0.0, 1.0],
                [0.999785, -0.01984, -0.005966, 0.0, 0.019902, 0.839798, 0.542534, 0.374721, -0.005754, -0.542536, 0.840013, 0.0, 0.0, 0.0, 0.0, 1.0],
                [0.999747, -0.021358, -0.007001, 0.0, 0.021425, 0.811436, 0.584048, 0.374721, -0.006793, -0.584051, 0.811688, 0.0, 0.0, 0.0, 0.0, 1.0],
                [0.999708, -0.022769, -0.00807, 0.0, 0.02284, 0.782189, 0.622624, 0.374721, -0.007864, -0.622626, 0.78248, -0.0, 0.0, 0.0, 0.0, 1.0],
                [0.99967, -0.024008, -0.009101, 0.0, 0.024083, 0.753936, 0.656506, 0.374721, -0.008899, -0.656509, 0.754265, 0.0, 0.0, 0.0, 0.0, 1.0],
                [0.999637, -0.025023, -0.01002, 0.0, 0.025102, 0.728787, 0.68428, 0.374721, -0.009821, -0.684283, 0.729151, -0.0, 0.0, 0.0, 0.0, 1.0],
                [0.999609, -0.0258, -0.010771, 0.0, 0.025881, 0.708228, 0.705509, 0.374721, -0.010574, -0.705512, 0.708619, 0.0, 0.0, 0.0, 0.0, 1.0],
                [0.999589, -0.026344, -0.011324, -0.0, 0.026427, 0.693068, 0.720388, 0.374721, -0.011129, -0.720391, 0.693479, 0.0, 0.0, 0.0, 0.0, 1.0],
                [0.999576, -0.02668, -0.011678, -0.0, 0.026763, 0.683385, 0.729568, 0.374721, -0.011484, -0.729571, 0.683809, -0.0, 0.0, 0.0, 0.0, 1.0],
                [0.99957, -0.026845, -0.011855, 0.0, 0.026929, 0.678523, 0.734086, 0.374721, -0.011662, -0.734089, 0.678954, 0.0, 0.0, 0.0, 0.0, 1.0],
                [0.999562, -0.027019, -0.012046, 0.0, 0.027104, 0.673311, 0.738863, 0.374721, -0.011853, -0.738865, 0.673748, -0.0, 0.0, 0.0, 0.0, 1.0],
                [0.999548, -0.027375, -0.012442, -0.0, 0.027461, 0.662459, 0.748595, 0.374721, -0.012251, -0.748598, 0.662911, 0.0, 0.0, 0.0, 0.0, 1.0],
                [0.999526, -0.027897, -0.013045, 0.0, 0.027985, 0.645952, 0.762865, 0.374721, -0.012855, -0.762868, 0.646426, 0.0, 0.0, 0.0, 0.0, 1.0],
                [0.999496, -0.02856, -0.013851, -0.0, 0.02865, 0.623874, 0.781, 0.374721, -0.013664, -0.781003, 0.624378, -0.0, 0.0, 0.0, 0.0, 1.0],
                [0.999459, -0.029333, -0.014853, -0.0, 0.029425, 0.596438, 0.80212, 0.374721, -0.01467, -0.802123, 0.596978, -0.0, 0.0, 0.0, 0.0, 1.0],
                [0.999416, -0.030181, -0.016044, 0.0, 0.030276, 0.563836, 0.825332, 0.374721, -0.015864, -0.825336, 0.56442, -0.0, 0.0, 0.0, 0.0, 1.0],
                [0.999366, -0.031064, -0.017399, 0.0, 0.031162, 0.526726, 0.849464, 0.374721, -0.017223, -0.849467, 0.52736, -0.0, 0.0, 0.0, 0.0, 1.0],
                [0.999311, -0.031947, -0.018902, -0.0, 0.032048, 0.485572, 0.87361, 0.374721, -0.018731, -0.873613, 0.486261, -0.0, 0.0, 0.0, 0.0, 1.0],
                [0.999251, -0.032799, -0.020531, -0.0, 0.032902, 0.440975, 0.896916, 0.374721, -0.020365, -0.89692, 0.441724, 0.0, 0.0, 0.0, 0.0, 1.0],
                [0.999188, -0.033589, -0.022247, -0.0, 0.033695, 0.393962, 0.918509, 0.374721, -0.022087, -0.918513, 0.394774, 0.0, 0.0, 0.0, 0.0, 1.0],
                [0.999125, -0.034281, -0.023984, 0.0, 0.034389, 0.346418, 0.93745, 0.374721, -0.023829, -0.937454, 0.347294, 0.0, 0.0, 0.0, 0.0, 1.0],
                [0.999063, -0.034856, -0.025664, 0.0, 0.034966, 0.3004, 0.953172, 0.374721, -0.025515, -0.953176, 0.301337, 0.0, 0.0, 0.0, 0.0, 1.0],
                [0.999004, -0.035321, -0.027263, -0.0, 0.035432, 0.256616, 0.965864, 0.374721, -0.027119, -0.965868, 0.257612, 0.0, 0.0, 0.0, 0.0, 1.0],
                [0.99895, -0.03568, -0.028738, 0.0, 0.035792, 0.216228, 0.975687, 0.374721, -0.028598, -0.975691, 0.217278, 0.0, 0.0, 0.0, 0.0, 1.0],
                [0.998901, -0.035949, -0.030068, 0.0, 0.036062, 0.179826, 0.983038, 0.374721, -0.029932, -0.983042, 0.180925, 0.0, 0.0, 0.0, 0.0, 1.0],
                [0.998859, -0.036142, -0.031228, -0.0, 0.036255, 0.14806, 0.988314, 0.374721, -0.031096, -0.988318, 0.149201, 0.0, 0.0, 0.0, 0.0, 1.0],
                [0.998823, -0.036274, -0.0322, 0.0, 0.036388, 0.121447, 0.99193, 0.374721, -0.032071, -0.991935, 0.122625, 0.0, 0.0, 0.0, 0.0, 1.0],
                [0.998795, -0.03636, -0.032969, 0.0, 0.036474, 0.100372, 0.994281, 0.374721, -0.032843, -0.994286, 0.101577, -0.0, 0.0, 0.0, 0.0, 1.0],
                [0.998774, -0.036412, -0.033528, -0.0, 0.036526, 0.085074, 0.995705, 0.374721, -0.033403, -0.995709, 0.0863, -0.0, 0.0, 0.0, 0.0, 1.0],
                [0.998761, -0.03644, -0.033878, -0.0, 0.036555, 0.075486, 0.996476, 0.374721, -0.033754, -0.996481, 0.076724, 0.0, 0.0, 0.0, 0.0, 1.0],
                [0.998757, -0.03645, -0.034006, 0.0, 0.036564, 0.071987, 0.996735, 0.374721, -0.033883, -0.996739, 0.07323, -0.0, 0.0, 0.0, 0.0, 1.0],
                [0.99876, -0.036443, -0.033922, 0.0, 0.036558, 0.074294, 0.996566, 0.374721, -0.033798, -0.99657, 0.075535, -0.0, 0.0, 0.0, 0.0, 1.0],
                [0.998771, -0.03642, -0.033625, 0.0, 0.036535, 0.082431, 0.995927, 0.374721, -0.0335, -0.995931, 0.08366, -0.0, 0.0, 0.0, 0.0, 1.0],
                [0.998789, -0.036376, -0.033136, 0.0, 0.036491, 0.095792, 0.994732, 0.374721, -0.03301, -0.994736, 0.097003, -0.0, 0.0, 0.0, 0.0, 1.0],
                [0.998813, -0.036305, -0.032461, 0.0, 0.036419, 0.114284, 0.99278, 0.374721, -0.032333, -0.992784, 0.115471, -0.0, 0.0, 0.0, 0.0, 1.0],
                [0.998845, -0.036197, -0.03161, 0.0, 0.036311, 0.137592, 0.989824, 0.374721, -0.031479, -0.989828, 0.138747, -0.0, 0.0, 0.0, 0.0, 1.0],
                [0.998883, -0.036038, -0.030578, 0.0, 0.036152, 0.165855, 0.985488, 0.374721, -0.030444, -0.985492, 0.166972, 0.0, 0.0, 0.0, 0.0, 1.0],
                [0.998927, -0.03581, -0.029352, -0.0, 0.035923, 0.199415, 0.979256, 0.374721, -0.029214, -0.97926, 0.200488, -0.0, 0.0, 0.0, 0.0, 1.0],
                [0.998979, -0.035493, -0.027936, 0.0, 0.035604, 0.238191, 0.970565, 0.374721, -0.027794, -0.970569, 0.239211, -0.0, 0.0, 0.0, 0.0, 1.0],
                [0.999038, -0.035061, -0.026336, 0.0, 0.035171, 0.282005, 0.958768, 0.374721, -0.026189, -0.958772, 0.282967, 0.0, 0.0, 0.0, 0.0, 1.0],
                [0.999103, -0.034488, -0.024557, 0.0, 0.034596, 0.330734, 0.94309, 0.374721, -0.024403, -0.943094, 0.331631, 0.0, 0.0, 0.0, 0.0, 1.0],
                [0.999175, -0.033748, -0.022625, -0.0, 0.033855, 0.38362, 0.922871, 0.374721, -0.022466, -0.922874, 0.384446, 0.0, 0.0, 0.0, 0.0, 1.0],
                [0.99925, -0.032814, -0.02056, -0.0, 0.032917, 0.440158, 0.897317, 0.374721, -0.020395, -0.89732, 0.440908, -0.0, 0.0, 0.0, 0.0, 1.0],
                [0.99933, -0.031656, -0.018388, 0.0, 0.031756, 0.499637, 0.865653, 0.374721, -0.018216, -0.865657, 0.500307, 0.0, 0.0, 0.0, 0.0, 1.0],
                [0.999412, -0.030258, -0.016156, 0.0, 0.030353, 0.560767, 0.827418, 0.374721, -0.015976, -0.827421, 0.561355, 0.0, 0.0, 0.0, 0.0, 1.0],
                [0.999494, -0.0286, -0.013901, -0.0, 0.02869, 0.622502, 0.782093, 0.374721, -0.013714, -0.782096, 0.623008, -0.0, 0.0, 0.0, 0.0, 1.0],
                [0.999576, -0.026678, -0.011676, -0.0, 0.026762, 0.683438, 0.729518, 0.374721, -0.011482, -0.729521, 0.683862, -0.0, 0.0, 0.0, 0.0, 1.0],
                [0.999654, -0.024504, -0.009542, 0.0, 0.024581, 0.741878, 0.670085, 0.374721, -0.009341, -0.670087, 0.742224, 0.0, 0.0, 0.0, 0.0, 1.0],
                [0.999727, -0.022084, -0.007538, -0.0, 0.022154, 0.796746, 0.603908, 0.374721, -0.007331, -0.603911, 0.797018, -0.0, 0.0, 0.0, 0.0, 1.0],
                [0.999794, -0.019449, -0.005717, 0.0, 0.01951, 0.846612, 0.531853, 0.374721, -0.005504, -0.531855, 0.846817, -0.0, 0.0, 0.0, 0.0, 1.0],
                [0.999853, -0.016632, -0.004116, -0.0, 0.016684, 0.890435, 0.454805, 0.374721, -0.003899, -0.454807, 0.890581, -0.0, 0.0, 0.0, 0.0, 1.0],
                [0.999902, -0.013698, -0.002777, 0.0, 0.013741, 0.927098, 0.374567, 0.374721, -0.002556, -0.374569, 0.927196, -0.0, 0.0, 0.0, 0.0, 1.0],
                [0.999941, -0.010703, -0.001717, -0.0, 0.010737, 0.956149, 0.292683, 0.374721, -0.001491, -0.292684, 0.956208, 0.0, 0.0, 0.0, 0.0, 1.0],
                [0.999969, -0.007779, -0.000952, 0.0, 0.007803, 0.977083, 0.212715, 0.374721, -0.000724, -0.212715, 0.977114, 0.0, 0.0, 0.0, 0.0, 1.0],
                [0.999986, -0.005247, -0.000494, 0.0, 0.005264, 0.989637, 0.143493, 0.374721, -0.000265, -0.143494, 0.989651, 0.0, 0.0, 0.0, 0.0, 1.0],
                [0.999992, -0.004059, -0.000341, -0.0, 0.004072, 0.993813, 0.110989, 0.374721, -0.000112, -0.11099, 0.993822, 0.0, 0.0, 0.0, 0.0, 1.0]
            ]
        },
        {
            "name": "Knee_R",
            "time": [0.0, 0.0167, 0.0333, 0.05, 0.0667, 0.0833, 0.1, 0.1167, 0.1333, 0.15, 0.1667, 0.1833, 0.2, 0.2167, 0.2333, 0.25, 0.2667, 0.2833, 0.3, 0.3167, 0.3333, 0.35, 0.3667, 0.3833, 0.4, 0.4167, 0.4333, 0.45, 0.4667, 0.4833, 0.5, 0.5167, 0.5333, 0.55, 0.5667, 0.5833, 0.6, 0.6167, 0.6333, 0.65, 0.6667, 0.6833, 0.7, 0.7167, 0.7333, 0.75, 0.7667, 0.7833, 0.8, 0.8167, 0.8333, 0.85, 0.8667, 0.8833, 0.9, 0.9167, 0.9333, 0.95, 0.9667, 0.9833, 1.0, 1.0167, 1.0333, 1.05, 1.0667, 1.0833, 1.1, 1.1167, 1.1333, 1.15, 1.1667, 1.1833, 1.2, 1.2167, 1.2333, 1.25, 1.2667, 1.2833, 1.3, 1.3167, 1.3333],
            "transform": [
                [1.0, -5.7e-05, 5.7e-05, -2e-06, 5.7e-05, 0.001565, -0.999999, 0.415079, 5.7e-05, 0.999999, 0.001565, -6.3e-05, 0.0, 0.0, 0.0, 1.0],
                [1.0, -5.7e-05, 5.7e-05, -2e-06, 5.7e-05, 0.001565, -0.999999, 0.414194, 5.7e-05, 0.999999, 0.001565, -6.2e-05, 0.0, 0.0, 0.0, 1.0],
                [1.0, -5.7e-05, 5.7e-05, -2e-06, 5.7e-05, 0.001565, -0.999999, 0.411468, 5.7e-05, 0.999999, 0.001565, -5.7e-05, 0.0, 0.0, 0.0, 1.0],
                [1.0, -5.7e-05, 5.7e-05, -2e-06, 5.7e-05, 0.001565, -0.999999, 0.406758, 5.7e-05, 0.999999, 0.001565, -5e-05, 0.0, 0.0, 0.0, 1.0],
                [1.0, -5.7e-05, 5.7e-05, -1e-06, 5.7e-05, 0.001565, -0.999999, 0.399926, 5.7e-05, 0.999999, 0.001565, -3.9e-05, 0.0, 0.0, 0.0, 1.0],
                [1.0, -5.7e-05, 5.7e-05, -1e-06, 5.7e-05, 0.001565, -0.999999, 0.39073, 5.7e-05, 0.999999, 0.001565, -2.5e-05, 0.0, 0.0, 0.0, 1.0],
                [1.0, -5.7e-05, 5.7e-05, -0.0, 5.7e-05, 0.001565, -0.999999, 0.378817, 5.7e-05, 0.999999, 0.001565, -6e-06, 0.0, 0.0, 0.0, 1.0],
