{
    "animation": [
        {
            "name": "Root",
            "time": [0.0, 0.0167, 0.0333, 0.05, 0.0667, 0.0833, 0.1, 0.1167, 0.1333, 0.15, 0.1667, 0.1833, 0.2, 0.2167, 0.2333, 0.25, 0.2667, 0.2833, 0.3, 0.3167, 0.3333, 0.35, 0.3667, 0.3833, 0.4, 0.4167, 0.4333, 0.45, 0.4667, 0.4833, 0.5, 0.5167, 0.5333, 0.55, 0.5667, 0.5833, 0.6, 0.6167, 0.6333, 0.65, 0.6667, 0.6833, 0.7, 0.7167, 0.7333, 0.75, 0.7667, 0.7833, 0.8, 0.8167, 0.8333, 0.85, 0.8667, 0.8833, 0.9, 0.9167, 0.9333, 0.95, 0.9667, 0.9833, 1.0, 1.0167, 1.0333, 1.05, 1.0667, 1.0833, 1.1, 1.1167, 1.1333, 1.15, 1.1667, 1.1833, 1.2, 1.2167, 1.2333, 1.25, 1.2667, 1.2833, 1.3, 1.3167, 1.3333],
            "transform": [
                [0.829422, 0.0, -0.558622, -5e-06, -0.558622, 0.0, -0.829422, 0.000946, 0.0, 1.0, 0.0, 0.5805, 0.0, 0.0, 0.0, 1.0],
                [0.826256, 0.0, -0.563294, -5e-06, -0.563294, 0.0, -0.826256, 0.000946, 0.0, 1.0, 0.0, 0.581402, 0.0, 0.0, 0.0, 1.0],
                [0.816398, 0.0, -0.577489, -5e-06, -0.577489, 0.0, -0.816398, 0.000946, 0.0, 1.0, 0.0, 0.584129, 0.0, 0.0, 0.0, 1.0],
                [0.799146, 0.0, -0.601137, -5e-06, -0.601137, 0.0, -0.799146, 0.000946, 0.0, 1.0, 0.0, 0.588667, 0.0, 0.0, 0.0, 1.0],
                [0.773675, 0.0, -0.633583, -5e-06, -0.633583, 0.0, -0.773675, 0.000946, 0.0, 1.0, 0.0, 0.594921, 0.0, 0.0, 0.0, 1.0],
                [0.739251, 0.0, -0.673429, -5e-06, -0.673429, 0.0, -0.739251, 0.000946, 0.0, 1.0, 0.0, 0.602694, 0.0, 0.0, 0.0, 1.0],
                [0.695551, 0.0, -0.718477, -5e-06, -0.718477, 0.0, -0.695551, 0.000946, 0.0, 1.0, 0.0, 0.611672, 0.0, 0.0, 0.0, 1.0],
                [0.643008, 0.0, -0.76586, -5e-06, -0.76586, 0.0, -0.643008, 0.000946, 0.0, 1.0, 0.0, 0.621428, 0.0, 0.0, 0.0, 1.0],
                [0.583059, 0.0, -0.81243, -5e-06, -0.81243, 0.0, -0.583059, 0.000946, 0.0, 1.0, 0.0, 0.631454, 0.0, 0.0, 0.0, 1.0],
                [0.518123, 0.0, -0.855306, -5e-06, -0.855306, 0.0, -0.518123, 0.000946, 0.0, 1.0, 0.0, 0.64121, 0.0, 0.0, 0.0, 1.0],
                [0.45127, 0.0, -0.892387, -5e-06, -0.892387, 0.0, -0.45127, 0.000946, 0.0, 1.0, 0.0, 0.650188, 0.0, 0.0, 0.0, 1.0],
                [0.385692, 0.0, -0.922627, -5e-06, -0.922627, 0.0, -0.385692, 0.000946, 0.0, 1.0, 0.0, 0.657961, 0.0, 0.0, 0.0, 1.0],
                [0.324205, 0.0, -0.945987, -5e-06, -0.945987, 0.0, -0.324205, 0.000946, 0.0, 1.0, 0.0, 0.664215, 0.0, 0.0, 0.0, 1.0],
                [0.268933, 0.0, -0.963159, -5e-06, -0.963159, 0.0, -0.268933, 0.000946, 0.0, 1.0, 0.0, 0.668753, 0.0, 0.0, 0.0, 1.0],
                [0.221239, 0.0, -0.97522, -5e-06, -0.97522, 0.0, -0.221239, 0.000946, 0.0, 1.0, 0.0, 0.67148, 0.0, 0.0, 0.0, 1.0],
                [0.181811, 0.0, -0.983333, -5e-06, -0.983333, 0.0, -0.181811, 0.000946, 0.0, 1.0, 0.0, 0.672382, 0.0, 0.0, 0.0, 1.0],
                [0.147147, 0.0, -0.989115, -5e-06, -0.989115, 0.0, -0.147147, 0.000946, 0.0, 1.0, 0.0, 0.671707, 0.0, 0.0, 0.0, 1.0],
                [0.114138, 0.0, -0.993465, -5e-06, -0.993465, 0.0, -0.114138, 0.000946, 0.0, 1.0, 0.0, 0.669668, 0.0, 0.0, 0.0, 1.0],
                [0.083856, 0.0, -0.996478, -5e-06, -0.996478, 0.0, -0.083856, 0.000946, 0.0, 1.0, 0.0, 0.666259, 0.0, 0.0, 0.0, 1.0],
                [0.057525, 0.0, -0.998344, -5e-06, -0.998344, 0.0, -0.057525, 0.000946, 0.0, 1.0, 0.0, 0.661502, 0.0, 0.0, 0.0, 1.0],
                [0.036209, 0.0, -0.999344, -5e-06, -0.999344, 0.0, -0.036209, 0.000946, 0.0, 1.0, 0.0, 0.655456, 0.0, 0.0, 0.0, 1.0],
                [0.020457, 0.0, -0.999791, -5e-06, -0.999791, 0.0, -0.020457, 0.000946, 0.0, 1.0, 0.0, 0.648224, 0.0, 0.0, 0.0, 1.0],
                [0.010137, 0.0, -0.999949, -5e-06, -0.999949, 0.0, -0.010137, 0.000946, 0.0, 1.0, 0.0, 0.639958, 0.0, 0.0, 0.0, 1.0],
                [0.004593, 0.0, -0.999989, -5e-06, -0.999989, 0.0, -0.004593, 0.000946, 0.0, 1.0, 0.0, 0.630857, 0.0, 0.0, 0.0, 1.0],
                [0.002943, 0.0, -0.999996, -5e-06, -0.999996, 0.0, -0.002943, 0.000946, 0.0, 1.0, 0.0, 0.621172, 0.0, 0.0, 0.0, 1.0],
                [0.037873, 0.0, -0.999283, -0.002533, -0.999283, 0.0, -0.037873, 0.009773, 0.0, 1.0, 0.0, 0.611184, 0.0, 0.0, 0.0, 1.0],
                [0.149221, 0.0, -0.988804, -0.010158, -0.988804, 0.0, -0.149221, 0.036388, 0.0, 1.0, 0.0, 0.601196, 0.0, 0.0, 0.0, 1.0],
                [0.348037, 0.0, -0.937481, -0.022659, -0.937481, 0.0, -0.348037, 0.080023, 0.0, 1.0, 0.0, 0.59151, 0.0, 0.0, 0.0, 1.0],
                [0.624047, 0.0, -0.781387, -0.039316, -0.781387, 0.0, -0.624047, 0.138166, 0.0, 1.0, 0.0, 0.58241, 0.0, 0.0, 0.0, 1.0],
                [0.892996, 0.0, -0.450064, -0.058813, -0.450064, 0.0, -0.892996, 0.206225, 0.0, 1.0, 0.0, 0.574143, 0.0, 0.0, 0.0, 1.0],
                [0.999777, 0.0, 0.021118, -0.079326, 0.021118, 0.0, -0.999777, 0.277828, 0.0, 1.0, 0.0, 0.566911, 0.0, 0.0, 0.0, 1.0],
                [0.890529, 0.0, 0.454926, -0.098824, 0.454926, 0.0, -0.890529, 0.345887, 0.0, 1.0, 0.0, 0.560865, 0.0, 0.0, 0.0, 1.0],
                [0.682226, 0.0, 0.731142, -0.115481, 0.731142, 0.0, -0.682226, 0.40403, 0.0, 1.0, 0.0, 0.556108, 0.0, 0.0, 0.0, 1.0],
                [0.494182, 0.0, 0.869359, -0.127981, 0.869359, 0.0, -0.494182, 0.447665, 0.0, 1.0, 0.0, 0.552699, 0.0, 0.0, 0.0, 1.0],
                [0.370373, 0.0, 0.928883, -0.135606, 0.928883, 0.0, -0.370373, 0.47428, 0.0, 1.0, 0.0, 0.55066, 0.0, 0.0, 0.0, 1.0],
                [0.314164, 0.0, 0.949369, -0.138135, 0.949369, 0.0, -0.314164, 0.483106, 0.0, 1.0, 0.0, 0.549985, 0.0, 0.0, 0.0, 1.0],
                [0.290086, 0.0, 0.957001, -0.138135, 0.957001, 0.0, -0.290086, 0.483106, 0.0, 1.0, 0.0, 0.550211, 0.0, 0.0, 0.0, 1.0],
                [0.266424, 0.0, 0.963856, -0.138135, 0.963856, 0.0, -0.266424, 0.483106, 0.0, 1.0, 0.0, 0.550889, 0.0, 0.0, 0.0, 1.0],
                [0.243517, 0.0, 0.969897, -0.138135, 0.969897, 0.0, -0.243517, 0.483106, 0.0, 1.0, 0.0, 0.552024, 0.0, 0.0, 0.0, 1.0],
                [0.221857, 0.0, 0.975079, -0.138135, 0.975079, 0.0, -0.221857, 0.483106, 0.0, 1.0, 0.0, 0.553619, 0.0, 0.0, 0.0, 1.0],
                [0.202063, 0.0, 0.979373, -0.138135, 0.979373, 0.0, -0.202063, 0.483106, 0.0, 1.0, 0.0, 0.555673, 0.0, 0.0, 0.0, 1.0],
                [0.184791, 0.0, 0.982778, -0.138135, 0.982778, 0.0, -0.184791, 0.483106, 0.0, 1.0, 0.0, 0.558187, 0.0, 0.0, 0.0, 1.0],
                [0.170583, 0.0, 0.985343, -0.138135, 0.985343, 0.0, -0.170583, 0.483106, 0.0, 1.0, 0.0, 0.561157, 0.0, 0.0, 0.0, 1.0],
                [0.159749, 0.0, 0.987158, -0.138135, 0.987158, 0.0, -0.159749, 0.483106, 0.0, 1.0, 0.0, 0.564578, 0.0, 0.0, 0.0, 1.0],
                [0.152328, 0.0, 0.98833, -0.138135, 0.98833, 0.0, -0.152328, 0.483106, 0.0, 1.0, 0.0, 0.568442, 0.0, 0.0, 0.0, 1.0],
                [0.148128, 0.0, 0.988968, -0.138135, 0.988968, 0.0, -0.148128, 0.483106, 0.0, 1.0, 0.0, 0.572739, 0.0, 0.0, 0.0, 1.0],
                [0.146815, 0.0, 0.989164, -0.138135, 0.989164, 0.0, -0.146815, 0.483106, 0.0, 1.0, 0.0, 0.577455, 0.0, 0.0, 0.0, 1.0],
                [0.14858, 0.0, 0.9889, -0.137872, 0.9889, 0.0, -0.14858, 0.48298, 0.0, 1.0, 0.0, 0.582575, 0.0, 0.0, 0.0, 1.0],
                [0.153907, 0.0, 0.988085, -0.13708, 0.988085, 0.0, -0.153907, 0.482598, 0.0, 1.0, 0.0, 0.588078, 0.0, 0.0, 0.0, 1.0],
                [0.162832, 0.0, 0.986654, -0.135753, 0.986654, 0.0, -0.162832, 0.481958, 0.0, 1.0, 0.0, 0.593942, 0.0, 0.0, 0.0, 1.0],
                [0.175375, 0.0, 0.984502, -0.133891, 0.984502, 0.0, -0.175375, 0.48106, 0.0, 1.0, 0.0, 0.600141, 0.0, 0.0, 0.0, 1.0],
                [0.191526, 0.0, 0.981487, -0.131494, 0.981487, 0.0, -0.191526, 0.479904, 0.0, 1.0, 0.0, 0.606643, 0.0, 0.0, 0.0, 1.0],
                [0.211245, 0.0, 0.977433, -0.128569, 0.977433, 0.0, -0.211245, 0.478494, 0.0, 1.0, 0.0, 0.613418, 0.0, 0.0, 0.0, 1.0],
                [0.234448, 0.0, 0.972129, -0.125128, 0.972129, 0.0, -0.234448, 0.476835, 0.0, 1.0, 0.0, 0.620428, 0.0, 0.0, 0.0, 1.0],
                [0.260998, 0.0, 0.965339, -0.121185, 0.965339, 0.0, -0.260998, 0.474934, 0.0, 1.0, 0.0, 0.627636, 0.0, 0.0, 0.0, 1.0],
                [0.290693, 0.0, 0.956817, -0.116765, 0.956817, 0.0, -0.290693, 0.472803, 0.0, 1.0, 0.0, 0.634999, 0.0, 0.0, 0.0, 1.0],
                [0.323262, 0.0, 0.946309, -0.111896, 0.946309, 0.0, -0.323262, 0.470455, 0.0, 1.0, 0.0, 0.642475, 0.0, 0.0, 0.0, 1.0],
                [0.358357, 0.0, 0.933585, -0.106614, 0.933585, 0.0, -0.358357, 0.467909, 0.0, 1.0, 0.0, 0.65002, 0.0, 0.0, 0.0, 1.0],
                [0.395552, 0.0, 0.918444, -0.100962, 0.918444, 0.0, -0.395552, 0.465183, 0.0, 1.0, 0.0, 0.657587, 0.0, 0.0, 0.0, 1.0],
                [0.434347, 0.0, 0.900746, -0.094988, 0.900746, 0.0, -0.434347, 0.462303, 0.0, 1.0, 0.0, 0.665132, 0.0, 0.0, 0.0, 1.0],
                [0.474182, 0.0, 0.880427, -0.088749, 0.880427, 0.0, -0.474182, 0.459295, 0.0, 1.0, 0.0, 0.672608, 0.0, 0.0, 0.0, 1.0],
                [0.514454, 0.0, 0.857518, -0.082305, 0.857518, 0.0, -0.514454, 0.456188, 0.0, 1.0, 0.0, 0.679971, 0.0, 0.0, 0.0, 1.0],
                [0.554541, 0.0, 0.832156, -0.075722, 0.832156, 0.0, -0.554541, 0.453014, 0.0, 1.0, 0.0, 0.687178, 0.0, 0.0, 0.0, 1.0],
                [0.593832, 0.0, 0.804589, -0.06907, 0.804589, 0.0, -0.593832, 0.449806, 0.0, 1.0, 0.0, 0.694189, 0.0, 0.0, 0.0, 1.0],
                [0.631754, 0.0, 0.775169, -0.062417, 0.775169, 0.0, -0.631754, 0.446599, 0.0, 1.0, 0.0, 0.700963, 0.0, 0.0, 0.0, 1.0],
                [0.667804, 0.0, 0.744337, -0.055834, 0.744337, 0.0, -0.667804, 0.443425, 0.0, 1.0, 0.0, 0.707466, 0.0, 0.0, 0.0, 1.0],
                [0.701565, 0.0, 0.712606, -0.049391, 0.712606, 0.0, -0.701565, 0.440318, 0.0, 1.0, 0.0, 0.713664, 0.0, 0.0, 0.0, 1.0],
                [0.732721, 0.0, 0.680529, -0.043151, 0.680529, 0.0, -0.732721, 0.43731, 0.0, 1.0, 0.0, 0.719528, 0.0, 0.0, 0.0, 1.0],
                [0.761067, 0.0, 0.648673, -0.037178, 0.648673, 0.0, -0.761067, 0.434429, 0.0, 1.0, 0.0, 0.725032, 0.0, 0.0, 0.0, 1.0],
                [0.786498, 0.0, 0.617593, -0.031525, 0.617593, 0.0, -0.786498, 0.431704, 0.0, 1.0, 0.0, 0.730151, 0.0, 0.0, 0.0, 1.0],
                [0.809001, 0.0, 0.587807, -0.026243, 0.587807, 0.0, -0.809001, 0.429157, 0.0, 1.0, 0.0, 0.734868, 0.0, 0.0, 0.0, 1.0],
                [0.82864, 0.0, 0.559781, -0.021374, 0.559781, 0.0, -0.82864, 0.426809, 0.0, 1.0, 0.0, 0.739165, 0.0, 0.0, 0.0, 1.0],
                [0.845537, 0.0, 0.533917, -0.016954, 0.533917, 0.0, -0.845537, 0.424678, 0.0, 1.0, 0.0, 0.743029, 0.0, 0.0, 0.0, 1.0],
                [0.859849, 0.0, 0.510548, -0.013012, 0.510548, 0.0, -0.859849, 0.422778, 0.0, 1.0, 0.0, 0.74645, 0.0, 0.0, 0.0, 1.0],
                [0.871757, 0.0, 0.489939, -0.00957, 0.489939, 0.0, -0.871757, 0.421118, 0.0, 1.0, 0.0, 0.74942, 0.0, 0.0, 0.0, 1.0],
                [0.881443, 0.0, 0.472291, -0.006645, 0.472291, 0.0, -0.881443, 0.419708, 0.0, 1.0, 0.0, 0.751933, 0.0, 0.0, 0.0, 1.0],
                [0.889084, 0.0, 0.457745, -0.004249, 0.457745, 0.0, -0.889084, 0.418552, 0.0, 1.0, 0.0, 0.753988, 0.0, 0.0, 0.0, 1.0],
                [0.894836, 0.0, 0.446394, -0.002386, 0.446394, 0.0, -0.894836, 0.417654, 0.0, 1.0, 0.0, 0.755583, 0.0, 0.0, 0.0, 1.0],
                [0.898835, 0.0, 0.438287, -0.001059, 0.438287, 0.0, -0.898835, 0.417015, 0.0, 1.0, 0.0, 0.756718, 0.0, 0.0, 0.0, 1.0],
                [0.901184, 0.0, 0.433437, -0.000267, 0.433437, 0.0, -0.901184, 0.416633, 0.0, 1.0, 0.0, 0.757396, 0.0, 0.0, 0.0, 1.0],
                [0.901956, 0.0, 0.431828, -5e-06, 0.431828, 0.0, -0.901956, 0.416506, 0.0, 1.0, 0.0, 0.757621, 0.0, 0.0, 0.0, 1.0]
            ]
        },
        {
            "name": "Thigh_R",
            "time": [0.0, 0.0167, 0.0333, 0.05, 0.0667, 0.0833, 0.1, 0.1167, 0.1333, 0.15, 0.1667, 0.1833, 0.2, 0.2167, 0.2333, 0.25, 0.2667, 0.2833, 0.3, 0.3167, 0.3333, 0.35, 0.3667, 0.3833, 0.4, 0.4167, 0.4333, 0.45, 0.4667, 0.4833, 0.5, 0.5167, 0.5333, 0.55, 0.5667, 0.5833, 0.6, 0.6167, 0.6333, 0.65, 0.6667, 0.6833, 0.7, 0.7167, 0.7333, 0.75, 0.7667, 0.7833, 0.8, 0.8167, 0.8333, 0.85, 0.8667, 0.8833, 0.9, 0.9167, 0.9333, 0.95, 0.9667, 0.9833, 1.0, 1.0167, 1.0333, 1.05, 1.0667, 1.0833, 1.1, 1.1167, 1.1333, 1.15, 1.1667, 1.1833, 1.2, 1.2167, 1.2333, 1.25, 1.2667, 1.2833, 1.3, 1.3167, 1.3333],
            "transform": [
                [0.828612, 0.502584, -0.246596, 0.124994, 0.545569, -0.823717, 0.154414, -0.002831, -0.125519, -0.262485, -0.956738, -1.2e-05, 0.0, 0.0, 0.0, 1.0],
                [0.830484, 0.497984, -0.249617, 0.124994, 0.542866, -0.823991, 0.162278, -0.002831, -0.124871, -0.270278, -0.95465, -1.2e-05, 0.0, 0.0, 0.0, 1.0],
                [0.836142, 0.484045, -0.258007, 0.124994, 0.534584, -0.824459, 0.185704, -0.002831, -0.122827, -0.293202, -0.948128, -1.2e-05, 0.0, 0.0, 0.0, 1.0],
                [0.845554, 0.460836, -0.269569, 0.124994, 0.52043, -0.824115, 0.223578, -0.002831, -0.119123, -0.329339, -0.936667, -1.2e-05, 0.0, 0.0, 0.0, 1.0],
                [0.858494, 0.429081, -0.280851, 0.124994, 0.500139, -0.821591, 0.273587, -0.002831, -0.113354, -0.375337, -0.919931, -1.2e-05, 0.0, 0.0, 0.0, 1.0],
                [0.87446, 0.390491, -0.287814, 0.124994, 0.473594, -0.815667, 0.332259, -0.002831, -0.105017, -0.426854, -0.898202, -1.2e-05, 0.0, 0.0, 0.0, 1.0],
                [0.892626, 0.34794, -0.286628, 0.124994, 0.440974, -0.805959, 0.394933, -0.002831, -0.093597, -0.478923, -0.872853, -1.2e-05, 0.0, 0.0, 0.0, 1.0],
                [0.911852, 0.305058, -0.274708, 0.124994, 0.402909, -0.793281, 0.456474, -0.002831, -0.07867, -0.52692, -0.846266, -1.2e-05, 0.0, 0.0, 0.0, 1.0],
                [0.93079, 0.265488, -0.251287, 0.124994, 0.360592, -0.779692, 0.511912, -0.002831, -0.060019, -0.567095, -0.821463, -1.2e-05, 0.0, 0.0, 0.0, 1.0],
                [0.94808, 0.231964, -0.217571, 0.124994, 0.315785, -0.7678, 0.557461, -0.002831, -0.03774, -0.597223, -0.801187, -1.2e-05, 0.0, 0.0, 0.0, 1.0],
                [0.962586, 0.205791, -0.176288, 0.124994, 0.270697, -0.759757, 0.591179, -0.002831, -0.012276, -0.616781, -0.787039, -1.2e-05, 0.0, 0.0, 0.0, 1.0],
                [0.973591, 0.18698, -0.130992, 0.124994, 0.227764, -0.756287, 0.613313, -0.002831, 0.015609, -0.626951, -0.778902, -1.2e-05, 0.0, 0.0, 0.0, 1.0],
                [0.980876, 0.174945, -0.0853, 0.124994, 0.189376, -0.756672, 0.625766, -0.002831, 0.04493, -0.629953, -0.775332, -1.2e-05, 0.0, 0.0, 0.0, 1.0],
                [0.984673, 0.169164, -0.042457, 0.124994, 0.157645, -0.759106, 0.63159, -0.002831, 0.074613, -0.628603, -0.774139, -1.2e-05, 0.0, 0.0, 0.0, 1.0],
                [0.985511, 0.169534, -0.005127, 0.124994, 0.134271, -0.761347, 0.634289, -0.002831, 0.10363, -0.625787, -0.773079, -1.2e-05, 0.0, 0.0, 0.0, 1.0],
                [0.984026, 0.176296, 0.024717, 0.124994, 0.120467, -0.76167, 0.636668, -0.002831, 0.131068, -0.623521, -0.770742, -1.2e-05, 0.0, 0.0, 0.0, 1.0],
                [0.981043, 0.187023, 0.050752, 0.124994, 0.111507, -0.758995, 0.641477, -0.002831, 0.158492, -0.623657, -0.765462, -1.2e-05, 0.0, 0.0, 0.0, 1.0],
                [0.976878, 0.19929, 0.077406, 0.124994, 0.102087, -0.752931, 0.650133, -0.002831, 0.187846, -0.627199, -0.755867, -1.2e-05, 0.0, 0.0, 0.0, 1.0],
                [0.971393, 0.213357, 0.10428, 0.124994, 0.092203, -0.743513, 0.662335, -0.002831, 0.218847, -0.633773, -0.741916, -1.2e-05, 0.0, 0.0, 0.0, 1.0],
                [0.964487, 0.229407, 0.130906, 0.124994, 0.081866, -0.73085, 0.67761, -0.002831, 0.251122, -0.64283, -0.723677, -1.2e-05, 0.0, 0.0, 0.0, 1.0],
                [0.95612, 0.247475, 0.156813, 0.124994, 0.071107, -0.715257, 0.695235, -0.002831, 0.284214, -0.653577, -0.701469, -1.2e-05, 0.0, 0.0, 0.0, 1.0],
                [0.946324, 0.267461, 0.181482, 0.124994, 0.059983, -0.697049, 0.71451, -0.002831, 0.317605, -0.665272, -0.675678, -1.2e-05, 0.0, 0.0, 0.0, 1.0],
                [0.935214, 0.289112, 0.204421, 0.124994, 0.048583, -0.676643, 0.734707, -0.002831, 0.350733, -0.677177, -0.646852, -1.2e-05, 0.0, 0.0, 0.0, 1.0],
                [0.922998, 0.311981, 0.225261, 0.124994, 0.037022, -0.65467, 0.755007, -0.002831, 0.38302, -0.688531, -0.61581, -1.2e-05, 0.0, 0.0, 0.0, 1.0],
                [0.909958, 0.335547, 0.243688, 0.124994, 0.025445, -0.631695, 0.774799, -0.002831, 0.413918, -0.698834, -0.583354, -1.2e-05, 0.0, 0.0, 0.0, 1.0],
                [0.897057, 0.360281, 0.255903, 0.124994, 0.01796, -0.608321, 0.793488, -0.002831, 0.44155, -0.707207, -0.552169, -1.2e-05, 0.0, 0.0, 0.0, 1.0],
                [0.885476, 0.386388, 0.258137, 0.124994, 0.019024, -0.585189, 0.810673, -0.002831, 0.464294, -0.712922, -0.525522, -1.2e-05, 0.0, 0.0, 0.0, 1.0],
                [0.875589, 0.412907, 0.250701, 0.124994, 0.028885, -0.562815, 0.826078, -0.002831, 0.482192, -0.716063, -0.504721, -1.2e-05, 0.0, 0.0, 0.0, 1.0],
                [0.867352, 0.438774, 0.234899, 0.124994, 0.046923, -0.541966, 0.839089, -0.002831, 0.495478, -0.716764, -0.490664, -1.2e-05, 0.0, 0.0, 0.0, 1.0],
                [0.860403, 0.462929, 0.213078, 0.124994, 0.071413, -0.523517, 0.849017, -0.002831, 0.504585, -0.715281, -0.483495, -1.2e-05, 0.0, 0.0, 0.0, 1.0],
                [0.854293, 0.484469, 0.188344, 0.124994, 0.099582, -0.508178, 0.855476, -0.002831, 0.510164, -0.712071, -0.482377, -1.2e-05, 0.0, 0.0, 0.0, 1.0],
                [0.848761, 0.502672, 0.164093, 0.124994, 0.128113, -0.496565, 0.858493, -0.002831, 0.513023, -0.707633, -0.485863, -1.2e-05, 0.0, 0.0, 0.0, 1.0],
                [0.843867, 0.517138, 0.143029, 0.124994, 0.153912, -0.488674, 0.858783, -0.002831, 0.514004, -0.702684, -0.49197, -1.2e-05, 0.0, 0.0, 0.0, 1.0],
                [0.839928, 0.527651, 0.126907, 0.124994, 0.174708, -0.484293, 0.857285, -0.002831, 0.513807, -0.697886, -0.498957, -1.2e-05, 0.0, 0.0, 0.0, 1.0],
                [0.837334, 0.534135, 0.116496, 0.124994, 0.189231, -0.483097, 0.854874, -0.002831, 0.512897, -0.69377, -0.505588, -1.2e-05, 0.0, 0.0, 0.0, 1.0],
                [0.836388, 0.536598, 0.111879, 0.124994, 0.197042, -0.484795, 0.852143, -0.002831, 0.511496, -0.690678, -0.51121, -1.2e-05, 0.0, 0.0, 0.0, 1.0],
                [0.836813, 0.536332, 0.109966, 0.124994, 0.201532, -0.488507, 0.848967, -0.002831, 0.509048, -0.688265, -0.516877, -1.2e-05, 0.0, 0.0, 0.0, 1.0],
                [0.838201, 0.534594, 0.10783, 0.124994, 0.206045, -0.493501, 0.844987, -0.002831, 0.504939, -0.686051, -0.523803, -1.2e-05, 0.0, 0.0, 0.0, 1.0],
                [0.840541, 0.53138, 0.105481, 0.124994, 0.210514, -0.499772, 0.840185, -0.002831, 0.499174, -0.684005, -0.531942, -1.2e-05, 0.0, 0.0, 0.0, 1.0],
                [0.843801, 0.526695, 0.10292, 0.124994, 0.214867, -0.507308, 0.834548, -0.002831, 0.491765, -0.682078, -0.541237, -1.2e-05, 0.0, 0.0, 0.0, 1.0],
                [0.847937, 0.520551, 0.100147, 0.124994, 0.219026, -0.516083, 0.828061, -0.002831, 0.482732, -0.680209, -0.55162, -1.2e-05, 0.0, 0.0, 0.0, 1.0],
                [0.852891, 0.51297, 0.097157, 0.124994, 0.222908, -0.526062, 0.820713, -0.002831, 0.472112, -0.678322, -0.563019, -1.2e-05, 0.0, 0.0, 0.0, 1.0],
                [0.858588, 0.503986, 0.09394, 0.124994, 0.226433, -0.537195, 0.812496, -0.002831, 0.459951, -0.676328, -0.575348, -1.2e-05, 0.0, 0.0, 0.0, 1.0],
                [0.864943, 0.493645, 0.090488, 0.124994, 0.229518, -0.54942, 0.803405, -0.002831, 0.446312, -0.674131, -0.588517, -1.2e-05, 0.0, 0.0, 0.0, 1.0],
                [0.871858, 0.482008, 0.086789, 0.124994, 0.232086, -0.562663, 0.79344, -0.002831, 0.431278, -0.671623, -0.602429, -1.2e-05, 0.0, 0.0, 0.0, 1.0],
                [0.879224, 0.469152, 0.082836, 0.124994, 0.234065, -0.576837, 0.782606, -0.002831, 0.414944, -0.668697, -0.616981, -1.2e-05, 0.0, 0.0, 0.0, 1.0],
                [0.886928, 0.455166, 0.078621, 0.124994, 0.235393, -0.591843, 0.770916, -0.002831, 0.397426, -0.66524, -0.632066, -1.2e-05, 0.0, 0.0, 0.0, 1.0],
                [0.894853, 0.440159, 0.074143, 0.124994, 0.236018, -0.607576, 0.758384, -0.002831, 0.378857, -0.661143, -0.647577, -1.2e-05, 0.0, 0.0, 0.0, 1.0],
                [0.902882, 0.424244, 0.069441, 0.124994, 0.235902, -0.623988, 0.744976, -0.002831, 0.359382, -0.656244, -0.663468, -1.2e-05, 0.0, 0.0, 0.0, 1.0],
                [0.910895, 0.407574, 0.064446, 0.124994, 0.235026, -0.640823, 0.730827, -0.002831, 0.339165, -0.650561, -0.679513, -1.2e-05, 0.0, 0.0, 0.0, 1.0],
                [0.918786, 0.390289, 0.059212, 0.124994, 0.233383, -0.658025, 0.715916, -0.002831, 0.318377, -0.643955, -0.695671, -1.2e-05, 0.0, 0.0, 0.0, 1.0],
                [0.926456, 0.372543, 0.053756, 0.124994, 0.230985, -0.67547, 0.700275, -0.002831, 0.297194, -0.636358, -0.711846, -1.2e-05, 0.0, 0.0, 0.0, 1.0],
                [0.933818, 0.354499, 0.048105, 0.124994, 0.22786, -0.693038, 0.683942, -0.002831, 0.275796, -0.627716, -0.727948, -1.2e-05, 0.0, 0.0, 0.0, 1.0],
                [0.940798, 0.336319, 0.042289, 0.124994, 0.224052, -0.710614, 0.666954, -0.002831, 0.254361, -0.617994, -0.743898, -1.2e-05, 0.0, 0.0, 0.0, 1.0],
                [0.947339, 0.318163, 0.036343, 0.124994, 0.219618, -0.72809, 0.649348, -0.002831, 0.233059, -0.607171, -0.759622, -1.2e-05, 0.0, 0.0, 0.0, 1.0],
                [0.9534, 0.300179, 0.030333, 0.124994, 0.214622, -0.745433, 0.631084, -0.002831, 0.21205, -0.595165, -0.775121, -1.2e-05, 0.0, 0.0, 0.0, 1.0],
                [0.958953, 0.282528, 0.02423, 0.124994, 0.209148, -0.762404, 0.61237, -0.002831, 0.191485, -0.582167, -0.790199, -1.2e-05, 0.0, 0.0, 0.0, 1.0],
                [0.963987, 0.265333, 0.018123, 0.124994, 0.203274, -0.77903, 0.59312, -0.002831, 0.171492, -0.568075, -0.804911, -1.2e-05, 0.0, 0.0, 0.0, 1.0],
                [0.968502, 0.248713, 0.01204, 0.124994, 0.197086, -0.795222, 0.573392, -0.002831, 0.152185, -0.552959, -0.819192, -1.2e-05, 0.0, 0.0, 0.0, 1.0],
                [0.972512, 0.232773, 0.006023, 0.124994, 0.190669, -0.81092, 0.553221, -0.002831, 0.133659, -0.536866, -0.833013, -1.2e-05, 0.0, 0.0, 0.0, 1.0],
                [0.976039, 0.217596, 0.000122, 0.124994, 0.184105, -0.826111, 0.532585, -0.002831, 0.115989, -0.519801, -0.846377, -1.2e-05, 0.0, 0.0, 0.0, 1.0],
                [0.979109, 0.203256, -0.005651, 0.124994, 0.177474, -0.840692, 0.511604, -0.002831, 0.099236, -0.501919, -0.859202, -1.2e-05, 0.0, 0.0, 0.0, 1.0],
                [0.981757, 0.189804, -0.011252, 0.124994, 0.170851, -0.85466, 0.490272, -0.002831, 0.083439, -0.483251, -0.871497, -1.2e-05, 0.0, 0.0, 0.0, 1.0],
                [0.98402, 0.177276, -0.016638, 0.124994, 0.164299, -0.868012, 0.468574, -0.002831, 0.068625, -0.46382, -0.883268, -1.2e-05, 0.0, 0.0, 0.0, 1.0],
                [0.985936, 0.165696, -0.021794, 0.124994, 0.15788, -0.880687, 0.446613, -0.002831, 0.054808, -0.443773, -0.894462, -1.2e-05, 0.0, 0.0, 0.0, 1.0],
                [0.987543, 0.155073, -0.026672, 0.124994, 0.151644, -0.89273, 0.424308, -0.002831, 0.041988, -0.423067, -0.905125, -1.2e-05, 0.0, 0.0, 0.0, 1.0],
                [0.988877, 0.145406, -0.031281, 0.124994, 0.145642, -0.904024, 0.401906, -0.002831, 0.030161, -0.401992, -0.915146, -1.2e-05, 0.0, 0.0, 0.0, 1.0],
                [0.989976, 0.136682, -0.035563, 0.124994, 0.139906, -0.914652, 0.37926, -0.002831, 0.01931, -0.380434, -0.924606, -1.2e-05, 0.0, 0.0, 0.0, 1.0],
                [0.990873, 0.12888, -0.0395, 0.124994, 0.134468, -0.924596, 0.356426, -0.002831, 0.009415, -0.358484, -0.933488, -1.2e-05, 0.0, 0.0, 0.0, 1.0],
                [0.991599, 0.121972, -0.043069, 0.124994, 0.129352, -0.933853, 0.333445, -0.002831, 0.000451, -0.336215, -0.941785, -1.2e-05, 0.0, 0.0, 0.0, 1.0],
                [0.99218, 0.115925, -0.046267, 0.124994, 0.124585, -0.942372, 0.310505, -0.002831, -0.007605, -0.313841, -0.949445, -1.2e-05, 0.0, 0.0, 0.0, 1.0],
                [0.992643, 0.1107, -0.049053, 0.124994, 0.120175, -0.950211, 0.2875, -0.002831, -0.014784, -0.291279, -0.956524, -1.2e-05, 0.0, 0.0, 0.0, 1.0],
                [0.993009, 0.106255, -0.051416, 0.124994, 0.116138, -0.957355, 0.264542, -0.002831, -0.021115, -0.268664, -0.963003, -1.2e-05, 0.0, 0.0, 0.0, 1.0],
                [0.993297, 0.102546, -0.053345, 0.124994, 0.112483, -0.963797, 0.24175, -0.002831, -0.026623, -0.24613, -0.968871, -1.2e-05, 0.0, 0.0, 0.0, 1.0],
                [0.993524, 0.099523, -0.054829, 0.124994, 0.10922, -0.969532, 0.219268, -0.002831, -0.031336, -0.223836, -0.974123, -1.2e-05, 0.0, 0.0, 0.0, 1.0],
                [0.993702, 0.097137, -0.055863, 0.124994, 0.106356, -0.97456, 0.197286, -0.002831, -0.035278, -0.201985, -0.978753, -1.2e-05, 0.0, 0.0, 0.0, 1.0],
                [0.993843, 0.095336, -0.05645, 0.124994, 0.103901, -0.97888, 0.176064, -0.002831, -0.038473, -0.180845, -0.982759, -1.2e-05, 0.0, 0.0, 0.0, 1.0],
                [0.993954, 0.094062, -0.056635, 0.124994, 0.101879, -0.982441, 0.156301, -0.002831, -0.040938, -0.161126, -0.986085, -1.2e-05, 0.0, 0.0, 0.0, 1.0],
                [0.994038, 0.093253, -0.056488, 0.124994, 0.100322, -0.985198, 0.138993, -0.002831, -0.04269, -0.143831, -0.988681, -1.2e-05, 0.0, 0.0, 0.0, 1.0],
                [0.994095, 0.092827, -0.056203, 0.124994, 0.09931, -0.986994, 0.126409, -0.002831, -0.043738, -0.131244, -0.990385, -1.2e-05, 0.0, 0.0, 0.0, 1.0],
                [0.994115, 0.092701, -0.056047, 0.124994, 0.09895, -0.987641, 0.12155, -0.002831, -0.044087, -0.126381, -0.991002, -1.2e-05, 0.0, 0.0, 0.0, 1.0]
            ]
        },
        {
            "name": "Leg_R",
            "time": [0.0, 0.0167, 0.0333, 0.05, 0.0667, 0.0833, 0.1, 0.1167, 0.1333, 0.15, 0.1667, 0.1833, 0.2, 0.2167, 0.2333, 0.25, 0.2667, 0.2833, 0.3, 0.3167, 0.3333, 0.35, 0.3667, 0.3833, 0.4, 0.4167, 0.4333, 0.45, 0.4667, 0.4833, 0.5, 0.5167, 0.5333, 0.55, 0.5667, 0.5833, 0.6, 0.6167, 0.6333, 0.65, 0.6667, 0.6833, 0.7, 0.7167, 0.7333, 0.75, 0.7667, 0.7833, 0.8, 0.8167, 0.8333, 0.85, 0.8667, 0.8833, 0.9, 0.9167, 0.9333, 0.95, 0.9667, 0.9833, 1.0, 1.0167, 1.0333, 1.05, 1.0667, 1.0833, 1.1, 1.1167, 1.1333, 1.15, 1.1667, 1.1833, 1.2, 1.2167, 1.2333, 1.25, 1.2667, 1.2833, 1.3, 1.3167, 1.3333],
            "transform": [
                [0.999569, -0.026845, -0.011855, 0.0, 0.026929, 0.678523, 0.734086, 0.374721, -0.011662, -0.734089, 0.678953, 0.0, 0.0, 0.0, 0.0, 1.0],
                [0.999562, -0.027036, -0.012064, 0.0, 0.027121, 0.672815, 0.739314, 0.374721, -0.011871, -0.739316, 0.673253, 0.0, 0.0, 0.0, 0.0, 1.0],
                [0.999539, -0.027572, -0.012667, -0.0, 0.027659, 0.656309, 0.753985, 0.374721, -0.012476, -0.753988, 0.65677, -0.0, 0.0, 0.0, 0.0, 1.0],
                [0.999506, -0.02834, -0.013578, 0.0, 0.02843, 0.63134, 0.774986, 0.374721, -0.013391, -0.774988, 0.631833, -0.0, 0.0, 0.0, 0.0, 1.0],
                [0.999467, -0.029179, -0.014648, 0.0, 0.029271, 0.602038, 0.797931, 0.374721, -0.014464, -0.797934, 0.602571, 0.0, 0.0, 0.0, 0.0, 1.0],
                [0.999429, -0.029929, -0.015679, 0.0, 0.030023, 0.573815, 0.818435, 0.374721, -0.015498, -0.818438, 0.574386, 0.0, 0.0, 0.0, 0.0, 1.0],
                [0.999401, -0.030455, -0.01645, -0.0, 0.030551, 0.552719, 0.832808, 0.374721, -0.016271, -0.832811, 0.553318, 0.0, 0.0, 0.0, 0.0, 1.0],
                [0.999389, -0.030672, -0.016781, 0.0, 0.030769, 0.54365, 0.838748, 0.374721, -0.016603, -0.838752, 0.544261, 0.0, 0.0, 0.0, 0.0, 1.0],
                [0.999396, -0.030536, -0.016572, 0.0, 0.030632, 0.549367, 0.835019, 0.374721, -0.016394, -0.835023, 0.549971, 0.0, 0.0, 0.0, 0.0, 1.0],
                [0.999423, -0.030038, -0.015835, 0.0, 0.030132, 0.569563, 0.821395, 0.374721, -0.015654, -0.821398, 0.570139, 0.0, 0.0, 0.0, 0.0, 1.0],
                [0.999466, -0.029208, -0.014687, 0.0, 0.0293, 0.600984, 0.798724, 0.374721, -0.014503, -0.798728, 0.601518, 0.0, 0.0, 0.0, 0.0, 1.0],
                [0.999515, -0.02814, -0.013335, -0.0, 0.028229, 0.637998, 0.76952, 0.374721, -0.013147, -0.769523, 0.638483, -0.0, 0.0, 0.0, 0.0, 1.0],
                [0.999563, -0.026982, -0.012005, -0.0, 0.027067, 0.674423, 0.737849, 0.374721, -0.011812, -0.737852, 0.67486, -0.0, 0.0, 0.0, 0.0, 1.0],
                [0.999604, -0.025931, -0.010902, -0.0, 0.026012, 0.704633, 0.709095, 0.374721, -0.010706, -0.709098, 0.705029, 0.0, 0.0, 0.0, 0.0, 1.0],
                [0.99963, -0.025199, -0.010185, -0.0, 0.025278, 0.724256, 0.689068, 0.374721, -0.009987, -0.689071, 0.724625, 0.0, 0.0, 0.0, 0.0, 1.0],
                [0.99964, -0.024937, -0.009939, -0.0, 0.025016, 0.730994, 0.681925, 0.374721, -0.00974, -0.681928, 0.731355, -0.0, 0.0, 0.0, 0.0, 1.0],
                [0.999635, -0.02506, -0.010054, 0.0, 0.025139, 0.72784, 0.685286, 0.374721, -0.009855, -0.685289, 0.728204, 0.0, 0.0, 0.0, 0.0, 1.0],
                [0.999623, -0.025424, -0.010402, 0.0, 0.025504, 0.718323, 0.695242, 0.374721, -0.010204, -0.695245, 0.718701, 0.0, 0.0, 0.0, 0.0, 1.0],
                [0.999601, -0.026009, -0.010981, 0.0, 0.026091, 0.702475, 0.71123, 0.374721, -0.010785, -0.711233, 0.702874, -0.0, 0.0, 0.0, 0.0, 1.0],
                [0.999572, -0.02678, -0.011785, 0.0, 0.026864, 0.680439, 0.732313, 0.374721, -0.011592, -0.732316, 0.680867, -0.0, 0.0, 0.0, 0.0, 1.0],
                [0.999535, -0.027685, -0.012796, 0.0, 0.027772, 0.652753, 0.757062, 0.374721, -0.012606, -0.757065, 0.653218, -0.0, 0.0, 0.0, 0.0, 1.0],
                [0.999491, -0.028674, -0.013994, 0.0, 0.028764, 0.619968, 0.7841, 0.374721, -0.013807, -0.784103, 0.620477, 0.0, 0.0, 0.0, 0.0, 1.0],
                [0.999441, -0.029695, -0.015349, 0.0, 0.029788, 0.582859, 0.812027, 0.374721, -0.015167, -0.81203, 0.583418, -0.0, 0.0, 0.0, 0.0, 1.0],
                [0.999387, -0.030695, -0.016816, 0.0, 0.030792, 0.54268, 0.839375, 0.374721, -0.016639, -0.839379, 0.543292, -0.0, 0.0, 0.0, 0.0, 1.0],
                [0.999331, -0.031637, -0.018355, -0.0, 0.031736, 0.50055, 0.865126, 0.374721, -0.018182, -0.86513, 0.501219, 0.0, 0.0, 0.0, 0.0, 1.0],
                [0.999273, -0.032497, -0.01993, 0.0, 0.0326, 0.457409, 0.888659, 0.374721, -0.019763, -0.888662, 0.458136, 0.0, 0.0, 0.0, 0.0, 1.0],
                [0.999216, -0.033255, -0.021492, 0.0, 0.033359, 0.414656, 0.909367, 0.374721, -0.021329, -0.909371, 0.41544, -0.0, 0.0, 0.0, 0.0, 1.0],
                [0.999161, -0.033895, -0.022984, 0.0, 0.034002, 0.373797, 0.926887, 0.374721, -0.022826, -0.926891, 0.374636, -0.0, 0.0, 0.0, 0.0, 1.0],
                [0.999111, -0.034412, -0.024344, -0.0, 0.034521, 0.336552, 0.941032, 0.374721, -0.02419, -0.941036, 0.337441, 0.0, 0.0, 0.0, 0.0, 1.0],
                [0.999068, -0.03481, -0.025518, 0.0, 0.03492, 0.304408, 0.951902, 0.374721, -0.025368, -0.951906, 0.30534, 0.0, 0.0, 0.0, 0.0, 1.0],
                [0.999033, -0.035103, -0.026478, 0.0, 0.035213, 0.278106, 0.959905, 0.374721, -0.026331, -0.959909, 0.279073, 0.0, 0.0, 0.0, 0.0, 1.0],
                [0.999006, -0.035308, -0.027214, 0.0, 0.035419, 0.257953, 0.965508, 0.374721, -0.02707, -0.965512, 0.258947, 0.0, 0.0, 0.0, 0.0, 1.0],
                [0.998986, -0.035448, -0.027758, 0.0, 0.03556, 0.243068, 0.969358, 0.374721, -0.027615, -0.969362, 0.244082, -0.0, 0.0, 0.0, 0.0, 1.0],
                [0.998971, -0.035544, -0.028149, 0.0, 0.035656, 0.232353, 0.971978, 0.374721, -0.028008, -0.971981, 0.233382, -0.0, 0.0, 0.0, 0.0, 1.0],
                [0.998961, -0.035609, -0.028426, 0.0, 0.035721, 0.224767, 0.973758, 0.374721, -0.028285, -0.973761, 0.225805, 0.0, 0.0, 0.0, 0.0, 1.0],
                [0.998954, -0.035652, -0.028615, 0.0, 0.035764, 0.219601, 0.974934, 0.374721, -0.028475, -0.974938, 0.220646, 0.0, 0.0, 0.0, 0.0, 1.0],
                [0.99895, -0.035679, -0.028736, 0.0, 0.035792, 0.216287, 0.975674, 0.374721, -0.028596, -0.975677, 0.217337, 0.0, 0.0, 0.0, 0.0, 1.0],
                [0.998948, -0.035693, -0.0288, -0.0, 0.035806, 0.21453, 0.976062, 0.374721, -0.028661, -0.976065, 0.215582, -0.0, 0.0, 0.0, 0.0, 1.0],
                [0.998948, -0.035695, -0.028807, -0.0, 0.035807, 0.214345, 0.976101, 0.374721, -0.028667, -0.976106, 0.215398, 0.0, 0.0, 0.0, 0.0, 1.0],
                [0.998949, -0.035684, -0.028756, -0.0, 0.035796, 0.215752, 0.975792, 0.374721, -0.028616, -0.975796, 0.216802, -0.0, 0.0, 0.0, 0.0, 1.0],
                [0.998954, -0.035659, -0.028645, -0.0, 0.035771, 0.21877, 0.975121, 0.374721, -0.028505, -0.975125, 0.219816, -0.0, 0.0, 0.0, 0.0, 1.0],
                [0.99896, -0.035621, -0.028476, 0.0, 0.035733, 0.223419, 0.974067, 0.374721, -0.028335, -0.974071, 0.22446, -0.0, 0.0, 0.0, 0.0, 1.0],
                [0.998968, -0.035567, -0.028245, 0.0, 0.035679, 0.229721, 0.972603, 0.374721, -0.028104, -0.972607, 0.230753, 0.0, 0.0, 0.0, 0.0, 1.0],
                [0.998979, -0.035497, -0.027954, 0.0, 0.035609, 0.237691, 0.970688, 0.374721, -0.027812, -0.970692, 0.238713, -0.0, 0.0, 0.0, 0.0, 1.0],
                [0.998991, -0.035409, -0.027602, 0.0, 0.03552, 0.247347, 0.968276, 0.374721, -0.027458, -0.96828, 0.248356, 0.0, 0.0, 0.0, 0.0, 1.0],
                [0.999007, -0.0353, -0.027187, -0.0, 0.035412, 0.258699, 0.965309, 0.374721, -0.027042, -0.965313, 0.259692, -0.0, 0.0, 0.0, 0.0, 1.0],
                [0.999025, -0.035169, -0.026711, 0.0, 0.03528, 0.271751, 0.961721, 0.374721, -0.026564, -0.961725, 0.272727, -0.0, 0.0, 0.0, 0.0, 1.0],
                [0.999044, -0.035012, -0.026172, -0.0, 0.035123, 0.286501, 0.957436, 0.374721, -0.026024, -0.95744, 0.287457, -0.0, 0.0, 0.0, 0.0, 1.0],
                [0.999066, -0.034825, -0.025566, 0.0, 0.034935, 0.303091, 0.952321, 0.374721, -0.025416, -0.952325, 0.304025, 0.0, 0.0, 0.0, 0.0, 1.0],
                [0.999091, -0.034608, -0.024905, 0.0, 0.034717, 0.321199, 0.946375, 0.374721, -0.024753, -0.946379, 0.322108, 0.0, 0.0, 0.0, 0.0, 1.0],
                [0.999117, -0.034355, -0.024184, -0.0, 0.034463, 0.340935, 0.939455, 0.374721, -0.02403, -0.939459, 0.341818, 0.0, 0.0, 0.0, 0.0, 1.0],
                [0.999146, -0.034062, -0.023406, 0.0, 0.03417, 0.362246, 0.931456, 0.374721, -0.023249, -0.93146, 0.3631, -0.0, 0.0, 0.0, 0.0, 1.0],
                [0.999177, -0.033727, -0.022572, 0.0, 0.033833, 0.385063, 0.92227, 0.374721, -0.022413, -0.922274, 0.385887, -0.0, 0.0, 0.0, 0.0, 1.0],
                [0.999209, -0.033343, -0.021687, -0.0, 0.033448, 0.4093, 0.911787, 0.374721, -0.021525, -0.91179, 0.410091, 0.0, 0.0, 0.0, 0.0, 1.0],
                [0.999243, -0.032908, -0.020754, -0.0, 0.033012, 0.434853, 0.899897, 0.374721, -0.020589, -0.8999, 0.43561, 0.0, 0.0, 0.0, 0.0, 1.0],
                [0.999279, -0.032415, -0.019771, 0.0, 0.032517, 0.46177, 0.886404, 0.374721, -0.019603, -0.886407, 0.462491, 0.0, 0.0, 0.0, 0.0, 1.0],
                [0.999316, -0.031866, -0.018757, -0.0, 0.031967, 0.489527, 0.871402, 0.374721, -0.018586, -0.871406, 0.490211, 0.0, 0.0, 0.0, 0.0, 1.0],
                [0.999355, -0.031254, -0.017709, 0.0, 0.031352, 0.518239, 0.854661, 0.374721, -0.017534, -0.854664, 0.518885, 0.0, 0.0, 0.0, 0.0, 1.0],
                [0.999394, -0.030576, -0.016634, 0.0, 0.030673, 0.547671, 0.836132, 0.374721, -0.016456, -0.836135, 0.548276, -0.0, 0.0, 0.0, 0.0, 1.0],
                [0.999434, -0.029831, -0.01554, 0.0, 0.029925, 0.577631, 0.815749, 0.374721, -0.015358, -0.815752, 0.578197, -0.0, 0.0, 0.0, 0.0, 1.0],
                [0.999475, -0.029013, -0.01443, -0.0, 0.029105, 0.608017, 0.79339, 0.374721, -0.014245, -0.793393, 0.608542, -0.0, 0.0, 0.0, 0.0, 1.0],
                [0.999516, -0.028127, -0.013319, 0.0, 0.028215, 0.638449, 0.769147, 0.374721, -0.01313, -0.76915, 0.638934, -0.0, 0.0, 0.0, 0.0, 1.0],
                [0.999556, -0.027169, -0.012211, 0.0, 0.027255, 0.668784, 0.742958, 0.374721, -0.012019, -0.74296, 0.669227, -0.0, 0.0, 0.0, 0.0, 1.0],
                [0.999596, -0.026138, -0.011112, 0.0, 0.02622, 0.698874, 0.714764, 0.374721, -0.010917, -0.714768, 0.699278, -0.0, 0.0, 0.0, 0.0, 1.0],
                [0.999636, -0.025039, -0.010034, -0.0, 0.025118, 0.728384, 0.684709, 0.374721, -0.009836, -0.684711, 0.728748, 0.0, 0.0, 0.0, 0.0, 1.0],
                [0.999675, -0.023867, -0.008979, 0.0, 0.023942, 0.757272, 0.65266, 0.374721, -0.008777, -0.652663, 0.757598, -0.0, 0.0, 0.0, 0.0, 1.0],
                [0.999712, -0.022638, -0.007966, -0.0, 0.022709, 0.785026, 0.619047, 0.374721, -0.007761, -0.619049, 0.785314, -0.0, 0.0, 0.0, 0.0, 1.0],
                [0.999748, -0.021344, -0.006991, 0.0, 0.021411, 0.811714, 0.583664, 0.374721, -0.006783, -0.583666, 0.811966, 0.0, 0.0, 0.0, 0.0, 1.0],
                [0.999782, -0.01999, -0.006064, 0.0, 0.020053, 0.837119, 0.546654, 0.374721, -0.005852, -0.546656, 0.837337, -0.0, 0.0, 0.0, 0.0, 1.0],
                [0.999814, -0.018583, -0.005189, 0.0, 0.018641, 0.861066, 0.508152, 0.374721, -0.004975, -0.508154, 0.861252, 0.0, 0.0, 0.0, 0.0, 1.0],
                [0.999844, -0.017135, -0.004378, 0.0, 0.017189, 0.883257, 0.468574, 0.374721, -0.004162, -0.468576, 0.883413, -0.0, 0.0, 0.0, 0.0, 1.0],
                [0.999871, -0.015645, -0.003631, 0.0, 0.015694, 0.90373, 0.427816, 0.374721, -0.003412, -0.427818, 0.903858, 0.0, 0.0, 0.0, 0.0, 1.0],
                [0.999896, -0.014122, -0.002952, 0.0, 0.014167, 0.922315, 0.386179, 0.374721, -0.002731, -0.386181, 0.922419, 0.0, 0.0, 0.0, 0.0, 1.0],
                [0.999918, -0.012579, -0.002347, -0.0, 0.012619, 0.93889, 0.343987, 0.374721, -0.002124, -0.343988, 0.938972, -0.0, 0.0, 0.0, 0.0, 1.0],
                [0.999938, -0.01103, -0.001818, 0.0, 0.011065, 0.953363, 0.301623, 0.374721, -0.001593, -0.301624, 0.953426, 0.0, 0.0, 0.0, 0.0, 1.0],
                [0.999954, -0.009492, -0.001369, -0.0, 0.009522, 0.965677, 0.259572, 0.374721, -0.001142, -0.259573, 0.965723, -0.0, 0.0, 0.0, 0.0, 1.0],
                [0.999968, -0.007989, -0.000998, 0.0, 0.008014, 0.975815, 0.218453, 0.374721, -0.000771, -0.218454, 0.975847, 0.0, 0.0, 0.0, 0.0, 1.0],
                [0.999978, -0.006574, -0.000711, 0.0, 0.006595, 0.983687, 0.17977, 0.374721, -0.000483, -0.17977, 0.983709, 0.0, 0.0, 0.0, 0.0, 1.0],
                [0.999985, -0.005325, -0.000505, -0.0, 0.005342, 0.989326, 0.14562, 0.374721, -0.000276, -0.145621, 0.98934, -0.0, 0.0, 0.0, 0.0, 1.0],
                [0.99999, -0.004412, -0.000382, -0.0, 0.004426, 0.992684, 0.120657, 0.374721, -0.000153, -0.120658, 0.992694, -0.0, 0.0, 0.0, 0.0, 1.0],
                [0.999992, -0.004059, -0.000341, -0.0, 0.004072, 0.993813, 0.11099, 0.374721, -0.000112, -0.11099, 0.993821, -0.0, 0.0, 0.0, 0.0, 1.0]
            ]
        },
        {
            "name": "Knee_R",
            "time": [0.0, 0.0167, 0.0333, 0.05, 0.0667, 0.0833, 0.1, 0.1167, 0.1333, 0.15, 0.1667, 0.1833, 0.2, 0.2167, 0.2333, 0.25, 0.2667, 0.2833, 0.3, 0.3167, 0.3333, 0.35, 0.3667, 0.3833, 0.4, 0.4167, 0.4333, 0.45, 0.4667, 0.4833, 0.5, 0.5167, 0.5333, 0.55, 0.5667, 0.5833, 0.6, 0.6167, 0.6333, 0.65, 0.6667, 0.6833, 0.7, 0.7167, 0.7333, 0.75, 0.7667, 0.7833, 0.8, 0.8167, 0.8333, 0.85, 0.8667, 0.8833, 0.9, 0.9167, 0.9333, 0.95, 0.9667, 0.9833, 1.0, 1.0167, 1.0333, 1.05, 1.0667, 1.0833, 1.1, 1.1167, 1.1333, 1.15, 1.1667, 1.1833, 1.2, 1.2167, 1.2333, 1.25, 1.2667, 1.2833, 1.3, 1.3167, 1.3333],
            "transform": [
                [1.0, -5.7e-05, 5.7e-05, -1e-06, 5.7e-05, 0.001565, -0.999999, 0.400303, 5.7e-05, 0.999999, 0.001565, -4e-05, 0.0, 0.0, 0.0, 1.0],
                [1.0, -5.7e-05, 5.7e-05, -1e-06, 5.7e-05, 0.001565, -0.999999, 0.400968, 5.7e-05, 0.999999, 0.001565, -4.1e-05, 0.0, 0.0, 0.0, 1.0],
                [1.0, -5.7e-05, 5.7e-05, -2e-06, 5.7e-05, 0.001565, -0.999999, 0.402865, 5.7e-05, 0.999999, 0.001565, -4.4e-05, 0.0, 0.0, 0.0, 1.0],
                [1.0, -5.7e-05, 5.7e-05, -2e-06, 5.7e-05, 0.001565, -0.999999, 0.405667, 5.7e-05, 0.999999, 0.001565, -4.8e-05, 0.0, 0.0, 0.0, 1.0],
                [1.0, -5.7e-05, 5.7e-05, -2e-06, 5.7e-05, 0.001565, -0.999999, 0.408863, 5.7e-05, 0.999999, 0.001565, -5.3e-05, 0.0, 0.0, 0.0, 1.0],
                [1.0, -5.7e-05, 5.7e-05, -2e-06, 5.7e-05, 0.001565, -0.999999, 0.411859, 5.7e-05, 0.999999, 0.001565, -5.8e-05, 0.0, 0.0, 0.0, 1.0],
