{
    "animation": [
        {
            "name": "Root",
            "time": [0.0, 2.0],
            "transform": [
                [0.901956, 0.0, 0.431828, -5e-06, 0.431828, 0.0, -0.901956, 0.000946, 0.0, 1.0, 0.0, 0.378916, 0.0, 0.0, 0.0, 1.0],
                [0.901956, 0.0, 0.431828, -5e-06, 0.431828, 0.0, -0.901956, 0.000946, 0.0, 1.0, 0.0, 0.378916, 0.0, 0.0, 0.0, 1.0]
            ]
        },
        {
            "name": "Thigh_R",
            "time": [0.0, 2.0],
            "transform": [
                [0.878422, 0.35652, -0.318226, 0.124994, 0.374642, -0.100352, 0.921723, -0.002831, 0.296678, -0.928882, -0.221718, -1.2e-05, 0.0, 0.0, 0.0, 1.0],
                [0.878422, 0.35652, -0.318226, 0.124994, 0.374642, -0.100352, 0.921723, -0.002831, 0.296678, -0.928882, -0.221718, -1.2e-05, 0.0, 0.0, 0.0, 1.0]
            ]
        },
        {
            "name": "Leg_R",
            "time": [0.0, 2.0],
            "transform": [
                [0.998296, -0.035167, -0.046568, -0.0, 0.035277, -0.27198, 0.961656, 0.374721, -0.046484, -0.96166, -0.270276, 0.0, 0.0, 0.0, 0.0, 1.0],
                [0.998296, -0.035167, -0.046568, -0.0, 0.035277, -0.27198, 0.961656, 0.374721, -0.046484, -0.96166, -0.270276, 0.0, 0.0, 0.0, 0.0, 1.0]
            ]
        },
        {
            "name": "Knee_R",
            "time": [0.0, 2.0],
            "transform": [
                [1.0, -5.7e-05, 5.7e-05, -5e-06, 5.7e-05, 0.001565, -0.999999, 0.46472, 5.7e-05, 0.999999, 0.001565, -0.000141, 0.0, 0.0, 0.0, 1.0],
                [1.0, -5.7e-05, 5.7e-05, -5e-06, 5.7e-05, 0.001565, -0.999999, 0.46472, 5.7e-05, 0.999999, 0.001565, -0.000141, 0.0, 0.0, 0.0, 1.0]
            ]
        },
        {
            "name": "Thigh_L",
            "time": [0.0, 2.0],
            "transform": [
                [0.990363, -0.100109, 0.0957, -0.125006, -0.138482, -0.707002, 0.69352, -0.002831, -0.001767, -0.70009, -0.714052, -1.2e-05, 0.0, 0.0, 0.0, 1.0],
                [0.990363, -0.100109, 0.0957, -0.125006, -0.138482, -0.707002, 0.69352, -0.002831, -0.001767, -0.70009, -0.714052, -1.2e-05, 0.0, 0.0, 0.0, 1.0]
            ]
        },
        {
            "name": "Leg_L",
            "time": [0.0, 2.0],
            "transform": [
                [1.0, 6.7e-05, 0.000114, 0.0, -6.7e-05, -0.482702, 0.875785, 0.374721, 0.000113, -0.875785, -0.482702, -0.0, 0.0, 0.0, 0.0, 1.0],
                [1.0, 6.7e-05, 0.000114, 0.0, -6.7e-05, -0.482702, 0.875785, 0.374721, 0.000113, -0.875785, -0.482702, -0.0, 0.0, 0.0, 0.0, 1.0]
            ]
        },
        {
            "name": "Knee_L",
            "time": [0.0, 2.0],
            "transform": [
                [1.0, 0.0, -0.0, 0.0, -0.0, 0.001564, -0.999999, 0.46472, -0.0, 0.999999, 0.001565, -0.000141, 0.0, 0.0, 0.0, 1.0],
                [1.0, 0.0, -0.0, 0.0, -0.0, 0.001564, -0.999999, 0.46472, -0.0, 0.999999, 0.001565, -0.000141, 0.0, 0.0, 0.0, 1.0]
            ]
        },
        {
            "name": "Torso",
            "time": [0.0, 1.0, 2.0],
            "transform": [
                [0.994716, 0.091997, -0.045578, 0.0, -0.079576, 0.971353, 0.22392, 0.05, 0.064873, -0.21911, 0.973541, -0.0, 0.0, 0.0, 0.0, 1.0],
                [0.994716, 0.091997, -0.045578, 0.0, -0.079576, 0.971353, 0.22392, 0.05, 0.064873, -0.21911, 0.973541, -0.0, 0.0, 0.0, 0.0, 1.0],
                [0.994716, 0.091997, -0.045578, 0.0, -0.079576, 0.971353, 0.22392, 0.05, 0.064873, -0.21911, 0.973541, -0.0, 0.0, 0.0, 0.0, 1.0]
            ]
        },
        {
            "name": "Chest",
            "time": [0.0, 2.0],
            "transform": [
                [1.0, 0.0, 0.0, -0.0, -0.0, 0.999962, 0.008661, 0.300004, -0.0, -0.008661, 0.999963, 0.0, 0.0, 0.0, 0.0, 1.0],
                [1.0, 0.0, 0.0, -0.0, -0.0, 0.999962, 0.008661, 0.300004, -0.0, -0.008661, 0.999963, 0.0, 0.0, 0.0, 0.0, 1.0]
            ]
        },
        {
            "name": "Head",
            "time": [0.0, 2.0],
            "transform": [
                [0.929645, -0.098033, -0.355175, 0.0, 0.030316, 0.981038, -0.191429, 0.400003, 0.367207, 0.167194, 0.914989, 0.0, 0.0, 0.0, 0.0, 1.0],
                [0.929645, -0.098033, -0.355175, 0.0, 0.030316, 0.981038, -0.191429, 0.400003, 0.367207, 0.167194, 0.914989, 0.0, 0.0, 0.0, 0.0, 1.0]
            ]
        },
        {
            "name": "Shoulder_R",
            "time": [0.0, 2.0],
            "transform": [
                [-0.0, 0.952114, 0.305743, 0.0, -0.003712, -0.305741, 0.952107, 0.400003, 0.999993, -0.001135, 0.003534, 0.0, 0.0, 0.0, 0.0, 1.0],
                [-0.0, 0.952114, 0.305743, 0.0, -0.003712, -0.305741, 0.952107, 0.400003, 0.999993, -0.001135, 0.003534, 0.0, 0.0, 0.0, 0.0, 1.0]
            ]
        },
        {
            "name": "Arm_R",
            "time": [0.0, 2.0],
            "transform": [
                [0.37923, -0.579381, -0.721459, -0.0, 0.885032, 0.454639, 0.100106, 0.39386, 0.270004, -0.676477, 0.685183, -0.0, 0.0, 0.0, 0.0, 1.0],
                [0.37923, -0.579381, -0.721459, -0.0, 0.885032, 0.454639, 0.100106, 0.39386, 0.270004, -0.676477, 0.685183, -0.0, 0.0, 0.0, 0.0, 1.0]
            ]
        },
        {
            "name": "Hand_R",
            "time": [0.0, 2.0],
            "transform": [
                [1.0, -0.0, 0.0, 0.0, 0.0, 0.999876, -0.01572, 0.300005, 0.0, 0.01572, 0.999876, 0.0, 0.0, 0.0, 0.0, 1.0],
                [1.0, -0.0, 0.0, 0.0, 0.0, 0.999876, -0.01572, 0.300005, 0.0, 0.01572, 0.999876, 0.0, 0.0, 0.0, 0.0, 1.0]
            ]
        },
        {
            "name": "Tool_R",
            "time": [0.0, 2.0],
            "transform": [
                [1.0, -2.8e-05, 2.8e-05, 9e-06, -2.8e-05, -0.999995, -0.003302, 0.271229, 2.8e-05, 0.003302, -0.999995, 0.001151, 0.0, 0.0, 0.0, 1.0],
                [1.0, -2.8e-05, 2.8e-05, 9e-06, -2.8e-05, -0.999995, -0.003302, 0.271229, 2.8e-05, 0.003302, -0.999995, 0.001151, 0.0, 0.0, 0.0, 1.0]
            ]
        },
        {
            "name": "Elbow_R",
            "time": [0.0, 2.0],
            "transform": [
                [-1.0, 0.0, -0.0, 0.0, 0.0, 0.005597, -0.999984, 0.300005, -0.0, -0.999984, -0.005597, 0.0, 0.0, 0.0, 0.0, 1.0],
                [-1.0, 0.0, -0.0, 0.0, 0.0, 0.005597, -0.999984, 0.300005, -0.0, -0.999984, -0.005597, 0.0, 0.0, 0.0, 0.0, 1.0]
            ]
        },
        {
            "name": "Shoulder_L",
            "time": [0.0, 2.0],
            "transform": [
                [0.0, -0.952114, -0.305743, 0.0, 0.003712, -0.305741, 0.952107, 0.400003, -0.999993, -0.001135, 0.003534, 0.0, 0.0, 0.0, 0.0, 1.0],
                [0.0, -0.952114, -0.305743, 0.0, 0.003712, -0.305741, 0.952107, 0.400003, -0.999993, -0.001135, 0.003534, 0.0, 0.0, 0.0, 0.0, 1.0]
            ]
        },
        {
            "name": "Arm_L",
            "time": [0.0, 2.0],
            "transform": [
                [0.312339, 0.036129, 0.949283, 0.0, -0.913481, 0.285719, 0.289685, 0.39386, -0.260763, -0.957632, 0.122245, 0.0, 0.0, 0.0, 0.0, 1.0],
                [0.312339, 0.036129, 0.949283, 0.0, -0.913481, 0.285719, 0.289685, 0.39386, -0.260763, -0.957632, 0.122245, 0.0, 0.0, 0.0, 0.0, 1.0]
            ]
        },
        {
            "name": "Hand_L",
            "time": [0.0, 2.0],
            "transform": [
                [1.0, -3.1e-05, -3e-05, -0.0, 3e-05, 0.999876, -0.01572, 0.300005, 3e-05, 0.01572, 0.999876, -0.0, 0.0, 0.0, 0.0, 1.0],
                [1.0, -3.1e-05, -3e-05, -0.0, 3e-05, 0.999876, -0.01572, 0.300005, 3e-05, 0.01572, 0.999876, -0.0, 0.0, 0.0, 0.0, 1.0]
            ]
        },
        {
            "name": "Tool_L",
            "time": [0.0, 2.0],
            "transform": [
                [1.0, 0.0, -0.0, -9e-06, 0.0, -0.999995, -0.003302, 0.271229, -0.0, 0.003302, -0.999995, 0.001151, 0.0, 0.0, 0.0, 1.0],
                [1.0, 0.0, -0.0, -9e-06, 0.0, -0.999995, -0.003302, 0.271229, -0.0, 0.003302, -0.999995, 0.001151, 0.0, 0.0, 0.0, 1.0]
            ]
        },
        {
            "name": "Elbow_L",
            "time": [0.0, 2.0],
            "transform": [
                [-1.0, 3e-05, 3e-05, -0.0, -3e-05, 0.005597, -0.999984, 0.300005, -3e-05, -0.999985, -0.005597, -0.0, 0.0, 0.0, 0.0, 1.0],
                [-1.0, 3e-05, 3e-05, -0.0, -3e-05, 0.005597, -0.999984, 0.300005, -3e-05, -0.999985, -0.005597, -0.0, 0.0, 0.0, 0.0, 1.0]
            ]
        },
        {
            "name": "IKThigh_R",
            "time": [0.0, 2.0],
            "transform": [
                [0.878422, 0.35652, -0.318226, 0.124994, 0.374642, -0.100352, 0.921723, -0.002831, 0.296678, -0.928882, -0.221718, -1.2e-05, 0.0, 0.0, 0.0, 1.0],
                [0.878422, 0.35652, -0.318226, 0.124994, 0.374642, -0.100352, 0.921723, -0.002831, 0.296678, -0.928882, -0.221718, -1.2e-05, 0.0, 0.0, 0.0, 1.0]
            ]
        },
        {
            "name": "IKLeg_R",
            "time": [0.0, 2.0],
            "transform": [
                [0.998296, -0.035167, -0.046568, -0.0, 0.035277, -0.27198, 0.961656, 0.374721, -0.046484, -0.96166, -0.270276, -0.0, 0.0, 0.0, 0.0, 1.0],
                [0.998296, -0.035167, -0.046568, -0.0, 0.035277, -0.27198, 0.961656, 0.374721, -0.046484, -0.96166, -0.270276, -0.0, 0.0, 0.0, 0.0, 1.0]
            ]
        }
    ]
}