{
    "vertices": {
        "positions": {
            "stride": 3,
            "count": 4,
            "array": [-1.0, -1.0, 0.0, 1.0, -1.0, 0.0, -1.0, 1.0, 0.0, 1.0, 1.0, 0.0]
        },
        "uvs": {
            "stride": 2,
            "count": 4,
            "array": [1.0, 1.0, 0.0, 0.0, 0.0, 1.0, 1.0, 0.0]
        },
        "normals": {
            "stride": 3,
            "count": 1,
            "array": [0.0, 0.0, 1.0]
        },
        "vcounts": {
            "stride": 1,
            "count": 4,
            "array": [0, 0, 0, 0]
        },
        "weights": {
            "stride": 1,
            "count": 0,
            "array": []
        },
        "vindices": {
            "stride": 1,
            "count": 0,
            "array": []
        },
        "parts": {
            "noGroups": {
                "stride": 3,
                "count": 6,
                "array": [1, 0, 0, 2, 1, 0, 0, 2, 0, 1, 0, 0, 3, 3, 0, 2, 1, 0]
            }
        }
    },
    "armature": {
        "joints": ["Root", "Thigh_R", "Leg_R", "Knee_R", "Thigh_L", "Leg_L", "Knee_L", "Torso", "Chest", "Head", "Shoulder_R", "Arm_R", "Hand_R", "Tool_R", "Elbow_R", "Shoulder_L", "Arm_L", "Hand_L", "Tool_L", "Elbow_L", "IKThigh_R", "IKLeg_R"],
        "hierarchy": [
            {
                "name": "Root",
                "transform": [1.0, 0.0, 0.0, -5e-06, 0.0, 0.0, -1.0, 0.000946, 0.0, 1.0, 0.0, 0.763972, 0.0, 0.0, 0.0, 1.0],
                "children": [
                    {
                        "name": "Thigh_R",
                        "transform": [1.0, 5.7e-05, 5.7e-05, 0.124994, 5.7e-05, -0.999999, 0.001565, -0.002831, 5.7e-05, -0.001565, -0.999999, -1.2e-05, 0.0, 0.0, 0.0, 1.0],
                        "children": [
                            {
                                "name": "Leg_R",
                                "transform": [1.0, -0.000114, -0.000115, -0.0, 0.000115, 0.999995, 0.003128, 0.374721, 0.000115, -0.003128, 0.999995, 0.0, 0.0, 0.0, 0.0, 1.0],
                                "children": []
                            },
                            {
                                "name": "Knee_R",
                                "transform": [1.0, -5.7e-05, 5.7e-05, -0.0, 5.7e-05, 0.001565, -0.999999, 0.374721, 5.7e-05, 0.999999, 0.001565, 0.0, 0.0, 0.0, 0.0, 1.0],
                                "children": []
                            }
                        ]
                    },
                    {
                        "name": "Thigh_L",
                        "transform": [1.0, -0.0, -0.0, -0.125006, -0.0, -0.999999, 0.001565, -0.002831, -0.0, -0.001565, -0.999999, -1.2e-05, 0.0, 0.0, 0.0, 1.0],
                        "children": [
                            {
                                "name": "Leg_L",
                                "transform": [1.0, 0.0, 1e-06, -0.0, -0.0, 0.999995, 0.003128, 0.374721, -1e-06, -0.003128, 0.999995, 0.0, 0.0, 0.0, 0.0, 1.0],
                                "children": []
                            },
                            {
                                "name": "Knee_L",
                                "transform": [1.0, 0.0, -0.0, -0.0, -0.0, 0.001565, -0.999999, 0.374721, -0.0, 0.999999, 0.001565, 0.0, 0.0, 0.0, 0.0, 1.0],
                                "children": []
                            }
                        ]
                    },
                    {
                        "name": "Torso",
                        "transform": [1.0, 0.0, 0.0, 0.0, 0.0, 0.999988, -0.004949, 0.05, -0.0, 0.004949, 0.999988, 0.0, 0.0, 0.0, 0.0, 1.0],
                        "children": [
                            {
                                "name": "Chest",
                                "transform": [1.0, 0.0, 0.0, 0.0, -0.0, 0.999963, 0.008661, 0.300004, 0.0, -0.008661, 0.999963, -0.0, 0.0, 0.0, 0.0, 1.0],
                                "children": [
                                    {
                                        "name": "Head",
                                        "transform": [1.0, -0.0, -0.0, 0.0, -0.0, 0.999993, -0.003712, 0.400003, 0.0, 0.003712, 0.999993, -0.0, 0.0, 0.0, 0.0, 1.0],
                                        "children": []
                                    },
                                    {
                                        "name": "Shoulder_R",
                                        "transform": [-0.0, 0.952114, 0.305743, 0.0, -0.003712, -0.305741, 0.952107, 0.400003, 0.999993, -0.001135, 0.003534, -0.0, 0.0, 0.0, 0.0, 1.0],
                                        "children": [
                                            {
                                                "name": "Arm_R",
                                                "transform": [0.0, 0.005597, -0.999984, 0.0, 0.952114, 0.305738, 0.001712, 0.39386, 0.305743, -0.952099, -0.005329, 0.0, 0.0, 0.0, 0.0, 1.0],
                                                "children": [
                                                    {
                                                        "name": "Hand_R",
                                                        "transform": [1.0, -0.0, -0.0, 0.0, 0.0, 0.999876, -0.01572, 0.300005, 0.0, 0.01572, 0.999876, 0.0, 0.0, 0.0, 0.0, 1.0],
                                                        "children": [
                                                            {
                                                                "name": "Tool_R",
                                                                "transform": [1.0, -2.8e-05, 2.8e-05, 9e-06, -2.8e-05, -0.999995, -0.003302, 0.271229, 2.8e-05, 0.003302, -0.999995, 0.001151, 0.0, 0.0, 0.0, 1.0],
                                                                "children": []
                                                            }
                                                        ]
                                                    },
                                                    {
                                                        "name": "Elbow_R",
                                                        "transform": [-1.0, 0.0, -0.0, 0.0, 0.0, 0.005597, -0.999984, 0.300005, -0.0, -0.999984, -0.005597, 0.0, 0.0, 0.0, 0.0, 1.0],
                                                        "children": []
                                                    }
                                                ]
                                            }
                                        ]
                                    },
                                    {
                                        "name": "Shoulder_L",
                                        "transform": [0.0, -0.952114, -0.305743, 0.0, 0.003712, -0.305741, 0.952107, 0.400003, -0.999993, -0.001135, 0.003534, -0.0, 0.0, 0.0, 0.0, 1.0],
                                        "children": [
                                            {
                                                "name": "Arm_L",
                                                "transform": [-3e-05, -0.005597, 0.999984, -0.0, -0.952123, 0.30571, 0.001683, 0.39386, -0.305715, -0.952108, -0.005338, 0.0, 0.0, 0.0, 0.0, 1.0],
                                                "children": [
                                                    {
                                                        "name": "Hand_L",
                                                        "transform": [1.0, -3.1e-05, -3e-05, 0.0, 3e-05, 0.999876, -0.01572, 0.300005, 3e-05, 0.01572, 0.999876, -0.0, 0.0, 0.0, 0.0, 1.0],
                                                        "children": [
                                                            {
                                                                "name": "Tool_L",
                                                                "transform": [1.0, 0.0, -0.0, -9e-06, -0.0, -0.999995, -0.003302, 0.271229, -0.0, 0.003302, -0.999995, 0.001151, 0.0, 0.0, 0.0, 1.0],
                                                                "children": []
                                                            }
                                                        ]
                                                    },
                                                    {
                                                        "name": "Elbow_L",
                                                        "transform": [-1.0, 3e-05, 3e-05, 0.0, -3e-05, 0.005597, -0.999984, 0.300005, -3e-05, -0.999985, -0.005597, -0.0, 0.0, 0.0, 0.0, 1.0],
                                                        "children": []
                                                    }
                                                ]
                                            }
                                        ]
                                    }
                                ]
                            }
                        ]
                    },
                    {
                        "name": "IKThigh_R",
                        "transform": [1.0, 5.7e-05, 5.7e-05, 0.124994, 5.7e-05, -0.999999, 0.001565, -0.002831, 5.7e-05, -0.001565, -0.999999, -1.2e-05, 0.0, 0.0, 0.0, 1.0],
                        "children": [
                            {
                                "name": "IKLeg_R",
                                "transform": [1.0, -0.000114, -0.000115, -0.0, 0.000115, 0.999995, 0.003128, 0.374721, 0.000115, -0.003128, 0.999995, 0.0, 0.0, 0.0, 0.0, 1.0],
                                "children": []
                            }
                        ]
                    }
                ]
            },
            {},
            {},
            {},
            {},
            {},
            {},
            {},
            {},
            {},
            {},
            {},
            {},
            {},
            {},
            {}
        ]
    },
    "animation": [
        {
            "name": "Root",
            "time": [0.0, 0.0167, 0.0333, 0.05, 0.0667, 0.0833, 0.1, 0.1167, 0.1333, 0.15, 0.1667, 0.1833, 0.2, 0.2167, 0.2333, 0.25, 0.2667, 0.2833, 0.3, 0.3167, 0.3333, 0.35, 0.3667, 0.3833, 0.4, 0.4167, 0.4333, 0.45, 0.4667, 0.4833, 0.5, 0.5167, 0.5333, 0.55, 0.5667, 0.5833, 0.6, 0.6167, 0.6333, 0.65, 0.6667, 0.6833, 0.7, 0.7167, 0.7333, 0.75, 0.7667, 0.7833, 0.8, 0.8167, 0.8333, 0.85, 0.8667, 0.8833, 0.9, 0.9167, 0.9333, 0.95, 0.9667, 0.9833, 1.0, 1.0167, 1.0333, 1.05, 1.0667, 1.0833, 1.1, 1.1167, 1.1333, 1.15, 1.1667, 1.1833, 1.2, 1.2167, 1.2333, 1.25, 1.2667, 1.2833, 1.3, 1.3167, 1.3333, 1.35, 1.3667, 1.3833, 1.4, 1.4167, 1.4333, 1.45, 1.4667, 1.4833, 1.5, 1.5167, 1.5333, 1.55, 1.5667, 1.5833, 1.6],
            "transform": [
                [1.0, 0.0, -0.0, -5e-06, -0.0, 0.0, -1.0, 0.000946, 0.0, 1.0, 0.0, 0.405239, 0.0, 0.0, 0.0, 1.0],
                [1.0, 0.0, -0.0, -5e-06, -0.0, 0.0, -1.0, 0.000946, 0.0, 1.0, 0.0, 0.405979, 0.0, 0.0, 0.0, 1.0],
                [1.0, 0.0, -0.0, -5e-06, -0.0, 0.0, -1.0, 0.000946, 0.0, 1.0, 0.0, 0.408213, 0.0, 0.0, 0.0, 1.0],
                [1.0, 0.0, -0.0, -5e-06, -0.0, 0.0, -1.0, 0.000946, 0.0, 1.0, 0.0, 0.411896, 0.0, 0.0, 0.0, 1.0],
                [1.0, 0.0, -0.0, -5e-06, -0.0, 0.0, -1.0, 0.000946, 0.0, 1.0, 0.0, 0.416867, 0.0, 0.0, 0.0, 1.0],
                [1.0, 0.0, -0.0, -5e-06, -0.0, 0.0, -1.0, 0.000946, 0.0, 1.0, 0.0, 0.42282, 0.0, 0.0, 0.0, 1.0],
                [1.0, 0.0, -0.0, -5e-06, -0.0, 0.0, -1.0, 0.000946, 0.0, 1.0, 0.0, 0.429309, 0.0, 0.0, 0.0, 1.0],
                [1.0, 0.0, -0.0, -5e-06, -0.0, 0.0, -1.0, 0.000946, 0.0, 1.0, 0.0, 0.435797, 0.0, 0.0, 0.0, 1.0],
                [1.0, 0.0, -0.0, -5e-06, -0.0, 0.0, -1.0, 0.000946, 0.0, 1.0, 0.0, 0.44175, 0.0, 0.0, 0.0, 1.0],
                [1.0, 0.0, -0.0, -5e-06, -0.0, 0.0, -1.0, 0.000946, 0.0, 1.0, 0.0, 0.446721, 0.0, 0.0, 0.0, 1.0],
                [1.0, 0.0, -0.0, -5e-06, -0.0, 0.0, -1.0, 0.000946, 0.0, 1.0, 0.0, 0.450404, 0.0, 0.0, 0.0, 1.0],
                [1.0, 0.0, -0.0, -5e-06, -0.0, 0.0, -1.0, 0.000946, 0.0, 1.0, 0.0, 0.452638, 0.0, 0.0, 0.0, 1.0],
                [1.0, 0.0, -0.0, -5e-06, -0.0, 0.0, -1.0, 0.000946, 0.0, 1.0, 0.0, 0.453378, 0.0, 0.0, 0.0, 1.0],
                [1.0, 0.0, -0.0, -5e-06, -0.0, 0.0, -1.0, 0.000946, 0.0, 1.0, 0.0, 0.453212, 0.0, 0.0, 0.0, 1.0],
                [1.0, 0.0, -0.0, -5e-06, -0.0, 0.0, -1.0, 0.000946, 0.0, 1.0, 0.0, 0.452711, 0.0, 0.0, 0.0, 1.0],
                [1.0, 0.0, -0.0, -5e-06, -0.0, 0.0, -1.0, 0.000946, 0.0, 1.0, 0.0, 0.451873, 0.0, 0.0, 0.0, 1.0],
                [1.0, 0.0, -0.0, -5e-06, -0.0, 0.0, -1.0, 0.000946, 0.0, 1.0, 0.0, 0.450699, 0.0, 0.0, 0.0, 1.0],
                [1.0, 0.0, -0.0, -5e-06, -0.0, 0.0, -1.0, 0.000946, 0.0, 1.0, 0.0, 0.449197, 0.0, 0.0, 0.0, 1.0],
                [1.0, 0.0, -0.0, -5e-06, -0.0, 0.0, -1.0, 0.000946, 0.0, 1.0, 0.0, 0.44738, 0.0, 0.0, 0.0, 1.0],
                [1.0, 0.0, -0.0, -5e-06, -0.0, 0.0, -1.0, 0.000946, 0.0, 1.0, 0.0, 0.445272, 0.0, 0.0, 0.0, 1.0],
                [1.0, 0.0, -0.0, -5e-06, -0.0, 0.0, -1.0, 0.000946, 0.0, 1.0, 0.0, 0.442901, 0.0, 0.0, 0.0, 1.0],
                [1.0, 0.0, -0.0, -5e-06, -0.0, 0.0, -1.0, 0.000946, 0.0, 1.0, 0.0, 0.440308, 0.0, 0.0, 0.0, 1.0],
                [1.0, 0.0, -0.0, -5e-06, -0.0, 0.0, -1.0, 0.000946, 0.0, 1.0, 0.0, 0.437538, 0.0, 0.0, 0.0, 1.0],
                [1.0, 0.0, -0.0, -5e-06, -0.0, 0.0, -1.0, 0.000946, 0.0, 1.0, 0.0, 0.434646, 0.0, 0.0, 0.0, 1.0],
                [1.0, 0.0, -0.0, -5e-06, -0.0, 0.0, -1.0, 0.000946, 0.0, 1.0, 0.0, 0.431692, 0.0, 0.0, 0.0, 1.0],
                [1.0, 0.0, -0.0, -5e-06, -0.0, 0.0, -1.0, 0.000946, 0.0, 1.0, 0.0, 0.428738, 0.0, 0.0, 0.0, 1.0],
                [1.0, 0.0, -0.0, -5e-06, -0.0, 0.0, -1.0, 0.000946, 0.0, 1.0, 0.0, 0.425846, 0.0, 0.0, 0.0, 1.0],
                [1.0, 0.0, -0.0, -5e-06, -0.0, 0.0, -1.0, 0.000946, 0.0, 1.0, 0.0, 0.423077, 0.0, 0.0, 0.0, 1.0],
                [1.0, 0.0, -0.0, -5e-06, -0.0, 0.0, -1.0, 0.000946, 0.0, 1.0, 0.0, 0.420483, 0.0, 0.0, 0.0, 1.0],
                [1.0, 0.0, -0.0, -5e-06, -0.0, 0.0, -1.0, 0.000946, 0.0, 1.0, 0.0, 0.418112, 0.0, 0.0, 0.0, 1.0],
                [1.0, 0.0, -0.0, -5e-06, -0.0, 0.0, -1.0, 0.000946, 0.0, 1.0, 0.0, 0.416004, 0.0, 0.0, 0.0, 1.0],
                [1.0, 0.0, -0.0, -5e-06, -0.0, 0.0, -1.0, 0.000946, 0.0, 1.0, 0.0, 0.414188, 0.0, 0.0, 0.0, 1.0],
                [1.0, 0.0, -0.0, -5e-06, -0.0, 0.0, -1.0, 0.000946, 0.0, 1.0, 0.0, 0.412686, 0.0, 0.0, 0.0, 1.0],
                [1.0, 0.0, -0.0, -5e-06, -0.0, 0.0, -1.0, 0.000946, 0.0, 1.0, 0.0, 0.411512, 0.0, 0.0, 0.0, 1.0],
                [1.0, 0.0, -0.0, -5e-06, -0.0, 0.0, -1.0, 0.000946, 0.0, 1.0, 0.0, 0.410673, 0.0, 0.0, 0.0, 1.0],
                [1.0, 0.0, -0.0, -5e-06, -0.0, 0.0, -1.0, 0.000946, 0.0, 1.0, 0.0, 0.410172, 0.0, 0.0, 0.0, 1.0],
                [1.0, 0.0, -0.0, -5e-06, -0.0, 0.0, -1.0, 0.000946, 0.0, 1.0, 0.0, 0.410006, 0.0, 0.0, 0.0, 1.0],
                [1.0, 0.0, -0.0, -5e-06, -0.0, 0.0, -1.0, 0.000946, 0.0, 1.0, 0.0, 0.410172, 0.0, 0.0, 0.0, 1.0],
                [1.0, 0.0, -0.0, -5e-06, -0.0, 0.0, -1.0, 0.000946, 0.0, 1.0, 0.0, 0.410673, 0.0, 0.0, 0.0, 1.0],
                [1.0, 0.0, -0.0, -5e-06, -0.0, 0.0, -1.0, 0.000946, 0.0, 1.0, 0.0, 0.411511, 0.0, 0.0, 0.0, 1.0],
                [1.0, 0.0, -0.0, -5e-06, -0.0, 0.0, -1.0, 0.000946, 0.0, 1.0, 0.0, 0.412686, 0.0, 0.0, 0.0, 1.0],
                [1.0, 0.0, -0.0, -5e-06, -0.0, 0.0, -1.0, 0.000946, 0.0, 1.0, 0.0, 0.414188, 0.0, 0.0, 0.0, 1.0],
                [1.0, 0.0, -0.0, -5e-06, -0.0, 0.0, -1.0, 0.000946, 0.0, 1.0, 0.0, 0.416004, 0.0, 0.0, 0.0, 1.0],
                [1.0, 0.0, -0.0, -5e-06, -0.0, 0.0, -1.0, 0.000946, 0.0, 1.0, 0.0, 0.418112, 0.0, 0.0, 0.0, 1.0],
                [1.0, 0.0, -0.0, -5e-06, -0.0, 0.0, -1.0, 0.000946, 0.0, 1.0, 0.0, 0.420483, 0.0, 0.0, 0.0, 1.0],
                [1.0, 0.0, -0.0, -5e-06, -0.0, 0.0, -1.0, 0.000946, 0.0, 1.0, 0.0, 0.423077, 0.0, 0.0, 0.0, 1.0],
                [1.0, 0.0, -0.0, -5e-06, -0.0, 0.0, -1.0, 0.000946, 0.0, 1.0, 0.0, 0.425846, 0.0, 0.0, 0.0, 1.0],
                [1.0, 0.0, -0.0, -5e-06, -0.0, 0.0, -1.0, 0.000946, 0.0, 1.0, 0.0, 0.428738, 0.0, 0.0, 0.0, 1.0],
                [1.0, 0.0, -0.0, -5e-06, -0.0, 0.0, -1.0, 0.000946, 0.0, 1.0, 0.0, 0.431692, 0.0, 0.0, 0.0, 1.0],
                [1.0, 0.0, -0.0, -5e-06, -0.0, 0.0, -1.0, 0.000946, 0.0, 1.0, 0.0, 0.434646, 0.0, 0.0, 0.0, 1.0],
                [1.0, 0.0, -0.0, -5e-06, -0.0, 0.0, -1.0, 0.000946, 0.0, 1.0, 0.0, 0.437538, 0.0, 0.0, 0.0, 1.0],
                [1.0, 0.0, -0.0, -5e-06, -0.0, 0.0, -1.0, 0.000946, 0.0, 1.0, 0.0, 0.440308, 0.0, 0.0, 0.0, 1.0],
                [1.0, 0.0, -0.0, -5e-06, -0.0, 0.0, -1.0, 0.000946, 0.0, 1.0, 0.0, 0.442901, 0.0, 0.0, 0.0, 1.0],
                [1.0, 0.0, -0.0, -5e-06, -0.0, 0.0, -1.0, 0.000946, 0.0, 1.0, 0.0, 0.445272, 0.0, 0.0, 0.0, 1.0],
                [1.0, 0.0, -0.0, -5e-06, -0.0, 0.0, -1.0, 0.000946, 0.0, 1.0, 0.0, 0.44738, 0.0, 0.0, 0.0, 1.0],
                [1.0, 0.0, -0.0, -5e-06, -0.0, 0.0, -1.0, 0.000946, 0.0, 1.0, 0.0, 0.449197, 0.0, 0.0, 0.0, 1.0],
                [1.0, 0.0, -0.0, -5e-06, -0.0, 0.0, -1.0, 0.000946, 0.0, 1.0, 0.0, 0.450699, 0.0, 0.0, 0.0, 1.0],
                [1.0, 0.0, -0.0, -5e-06, -0.0, 0.0, -1.0, 0.000946, 0.0, 1.0, 0.0, 0.451873, 0.0, 0.0, 0.0, 1.0],
                [1.0, 0.0, -0.0, -5e-06, -0.0, 0.0, -1.0, 0.000946, 0.0, 1.0, 0.0, 0.452711, 0.0, 0.0, 0.0, 1.0],
                [1.0, 0.0, -0.0, -5e-06, -0.0, 0.0, -1.0, 0.000946, 0.0, 1.0, 0.0, 0.453212, 0.0, 0.0, 0.0, 1.0],
                [1.0, 0.0, -0.0, -5e-06, -0.0, 0.0, -1.0, 0.000946, 0.0, 1.0, 0.0, 0.453378, 0.0, 0.0, 0.0, 1.0],
                [1.0, 0.0, -0.0, -5e-06, -0.0, 0.0, -1.0, 0.000946, 0.0, 1.0, 0.0, 0.453248, 0.0, 0.0, 0.0, 1.0],
                [1.0, 0.0, -0.0, -5e-06, -0.0, 0.0, -1.0, 0.000946, 0.0, 1.0, 0.0, 0.452854, 0.0, 0.0, 0.0, 1.0],
                [1.0, 0.0, -0.0, -5e-06, -0.0, 0.0, -1.0, 0.000946, 0.0, 1.0, 0.0, 0.452191, 0.0, 0.0, 0.0, 1.0],
                [1.0, 0.0, -0.0, -5e-06, -0.0, 0.0, -1.0, 0.000946, 0.0, 1.0, 0.0, 0.451255, 0.0, 0.0, 0.0, 1.0],
                [1.0, 0.0, -0.0, -5e-06, -0.0, 0.0, -1.0, 0.000946, 0.0, 1.0, 0.0, 0.450048, 0.0, 0.0, 0.0, 1.0],
                [1.0, 0.0, -0.0, -5e-06, -0.0, 0.0, -1.0, 0.000946, 0.0, 1.0, 0.0, 0.448577, 0.0, 0.0, 0.0, 1.0],
                [1.0, 0.0, -0.0, -5e-06, -0.0, 0.0, -1.0, 0.000946, 0.0, 1.0, 0.0, 0.446853, 0.0, 0.0, 0.0, 1.0],
                [1.0, 0.0, -0.0, -5e-06, -0.0, 0.0, -1.0, 0.000946, 0.0, 1.0, 0.0, 0.444892, 0.0, 0.0, 0.0, 1.0],
                [1.0, 0.0, -0.0, -5e-06, -0.0, 0.0, -1.0, 0.000946, 0.0, 1.0, 0.0, 0.44272, 0.0, 0.0, 0.0, 1.0],
                [1.0, 0.0, -0.0, -5e-06, -0.0, 0.0, -1.0, 0.000946, 0.0, 1.0, 0.0, 0.440367, 0.0, 0.0, 0.0, 1.0],
                [1.0, 0.0, -0.0, -5e-06, -0.0, 0.0, -1.0, 0.000946, 0.0, 1.0, 0.0, 0.437869, 0.0, 0.0, 0.0, 1.0],
                [1.0, 0.0, -0.0, -5e-06, -0.0, 0.0, -1.0, 0.000946, 0.0, 1.0, 0.0, 0.435268, 0.0, 0.0, 0.0, 1.0],
                [1.0, 0.0, -0.0, -5e-06, -0.0, 0.0, -1.0, 0.000946, 0.0, 1.0, 0.0, 0.432607, 0.0, 0.0, 0.0, 1.0],
                [1.0, 0.0, -0.0, -5e-06, -0.0, 0.0, -1.0, 0.000946, 0.0, 1.0, 0.0, 0.429932, 0.0, 0.0, 0.0, 1.0],
                [1.0, 0.0, -0.0, -5e-06, -0.0, 0.0, -1.0, 0.000946, 0.0, 1.0, 0.0, 0.427288, 0.0, 0.0, 0.0, 1.0],
                [1.0, 0.0, -0.0, -5e-06, -0.0, 0.0, -1.0, 0.000946, 0.0, 1.0, 0.0, 0.424715, 0.0, 0.0, 0.0, 1.0],
                [1.0, 0.0, -0.0, -5e-06, -0.0, 0.0, -1.0, 0.000946, 0.0, 1.0, 0.0, 0.422252, 0.0, 0.0, 0.0, 1.0],
                [1.0, 0.0, -0.0, -5e-06, -0.0, 0.0, -1.0, 0.000946, 0.0, 1.0, 0.0, 0.419929, 0.0, 0.0, 0.0, 1.0],
                [1.0, 0.0, -0.0, -5e-06, -0.0, 0.0, -1.0, 0.000946, 0.0, 1.0, 0.0, 0.417773, 0.0, 0.0, 0.0, 1.0],
                [1.0, 0.0, -0.0, -5e-06, -0.0, 0.0, -1.0, 0.000946, 0.0, 1.0, 0.0, 0.415803, 0.0, 0.0, 0.0, 1.0],
                [1.0, 0.0, -0.0, -5e-06, -0.0, 0.0, -1.0, 0.000946, 0.0, 1.0, 0.0, 0.414034, 0.0, 0.0, 0.0, 1.0],
                [1.0, 0.0, -0.0, -5e-06, -0.0, 0.0, -1.0, 0.000946, 0.0, 1.0, 0.0, 0.412476, 0.0, 0.0, 0.0, 1.0],
                [1.0, 0.0, -0.0, -5e-06, -0.0, 0.0, -1.0, 0.000946, 0.0, 1.0, 0.0, 0.411132, 0.0, 0.0, 0.0, 1.0],
                [1.0, 0.0, -0.0, -5e-06, -0.0, 0.0, -1.0, 0.000946, 0.0, 1.0, 0.0, 0.410006, 0.0, 0.0, 0.0, 1.0],
                [1.0, 0.0, -0.0, -5e-06, -0.0, 0.0, -1.0, 0.000946, 0.0, 1.0, 0.0, 0.409032, 0.0, 0.0, 0.0, 1.0],
                [1.0, 0.0, -0.0, -5e-06, -0.0, 0.0, -1.0, 0.000946, 0.0, 1.0, 0.0, 0.408153, 0.0, 0.0, 0.0, 1.0],
                [1.0, 0.0, -0.0, -5e-06, -0.0, 0.0, -1.0, 0.000946, 0.0, 1.0, 0.0, 0.407385, 0.0, 0.0, 0.0, 1.0],
                [1.0, 0.0, -0.0, -5e-06, -0.0, 0.0, -1.0, 0.000946, 0.0, 1.0, 0.0, 0.406739, 0.0, 0.0, 0.0, 1.0],
                [1.0, 0.0, -0.0, -5e-06, -0.0, 0.0, -1.0, 0.000946, 0.0, 1.0, 0.0, 0.406223, 0.0, 0.0, 0.0, 1.0],
                [1.0, 0.0, -0.0, -5e-06, -0.0, 0.0, -1.0, 0.000946, 0.0, 1.0, 0.0, 0.405835, 0.0, 0.0, 0.0, 1.0],
                [1.0, 0.0, -0.0, -5e-06, -0.0, 0.0, -1.0, 0.000946, 0.0, 1.0, 0.0, 0.405566, 0.0, 0.0, 0.0, 1.0],
                [1.0, 0.0, -0.0, -5e-06, -0.0, 0.0, -1.0, 0.000946, 0.0, 1.0, 0.0, 0.405395, 0.0, 0.0, 0.0, 1.0],
                [1.0, 0.0, -0.0, -5e-06, -0.0, 0.0, -1.0, 0.000946, 0.0, 1.0, 0.0, 0.4053, 0.0, 0.0, 0.0, 1.0],
                [1.0, 0.0, -0.0, -5e-06, -0.0, 0.0, -1.0, 0.000946, 0.0, 1.0, 0.0, 0.405256, 0.0, 0.0, 0.0, 1.0],
                [1.0, 0.0, -0.0, -5e-06, -0.0, 0.0, -1.0, 0.000946, 0.0, 1.0, 0.0, 0.405241, 0.0, 0.0, 0.0, 1.0],
                [1.0, 0.0, -0.0, -5e-06, -0.0, 0.0, -1.0, 0.000946, 0.0, 1.0, 0.0, 0.405239, 0.0, 0.0, 0.0, 1.0]
            ]
        },
        {
            "name": "Thigh_R",
            "time": [0.0, 0.0167, 0.0333, 0.05, 0.0667, 0.0833, 0.1, 0.1167, 0.1333, 0.15, 0.1667, 0.1833, 0.2, 0.2167, 0.2333, 0.25, 0.2667, 0.2833, 0.3, 0.3167, 0.3333, 0.35, 0.3667, 0.3833, 0.4, 0.4167, 0.4333, 0.45, 0.4667, 0.4833, 0.5, 0.5167, 0.5333, 0.55, 0.5667, 0.5833, 0.6, 0.6167, 0.6333, 0.65, 0.6667, 0.6833, 0.7, 0.7167, 0.7333, 0.75, 0.7667, 0.7833, 0.8, 0.8167, 0.8333, 0.85, 0.8667, 0.8833, 0.9, 0.9167, 0.9333, 0.95, 0.9667, 0.9833, 1.0, 1.0167, 1.0333, 1.05, 1.0667, 1.0833, 1.1, 1.1167, 1.1333, 1.15, 1.1667, 1.1833, 1.2, 1.2167, 1.2333, 1.25, 1.2667, 1.2833, 1.3, 1.3167, 1.3333, 1.35, 1.3667, 1.3833, 1.4, 1.4167, 1.4333, 1.45, 1.4667, 1.4833, 1.5, 1.5167, 1.5333, 1.55, 1.5667, 1.5833, 1.6],
            "transform": [
                [0.999364, 0.031121, -0.017377, 0.124994, 0.032832, -0.613911, 0.788692, -0.002831, 0.013877, -0.788761, -0.614543, -1.2e-05, 0.0, 0.0, 0.0, 1.0],
                [0.999363, 0.03115, -0.017423, 0.124994, 0.032718, -0.604493, 0.795938, -0.002831, 0.014261, -0.796001, -0.605127, -1.2e-05, 0.0, 0.0, 0.0, 1.0],
                [0.999358, 0.031227, -0.01755, 0.124994, 0.032329, -0.575232, 0.817351, -0.002831, 0.015428, -0.817394, -0.575873, -1.2e-05, 0.0, 0.0, 0.0, 1.0],
                [0.999352, 0.031328, -0.017717, 0.124994, 0.031534, -0.524884, 0.850589, -0.002831, 0.017348, -0.850597, -0.525532, -1.2e-05, 0.0, 0.0, 0.0, 1.0],
                [0.999347, 0.031406, -0.017846, 0.124994, 0.030165, -0.453796, 0.890595, -0.002831, 0.019871, -0.890552, -0.454448, -1.2e-05, 0.0, 0.0, 0.0, 1.0],
                [0.999347, 0.031404, -0.017843, 0.124994, 0.028107, -0.365899, 0.93023, -0.002831, 0.022684, -0.930125, -0.366543, -1.2e-05, 0.0, 0.0, 0.0, 1.0],
                [0.999356, 0.031269, -0.017619, 0.124994, 0.025413, -0.269832, 0.962572, -0.002831, 0.025345, -0.9624, -0.270453, -1.2e-05, 0.0, 0.0, 0.0, 1.0],
                [0.999373, 0.030969, -0.017132, 0.124994, 0.022359, -0.17722, 0.983917, -0.002831, 0.027435, -0.983684, -0.177802, -1.2e-05, 0.0, 0.0, 0.0, 1.0],
                [0.9994, 0.030501, -0.016404, 0.124994, 0.019338, -0.098507, 0.994948, -0.002831, 0.028731, -0.994669, -0.099038, -1.2e-05, 0.0, 0.0, 0.0, 1.0],
                [0.999432, 0.029904, -0.015528, 0.124994, 0.01668, -0.038666, 0.999113, -0.002831, 0.029277, -0.998805, -0.039143, -1.2e-05, 0.0, 0.0, 0.0, 1.0],
                [0.999466, 0.029229, -0.014599, 0.124994, 0.014548, 0.001951, 0.999892, -0.002831, 0.029254, -0.999571, 0.001524, -1.2e-05, 0.0, 0.0, 0.0, 1.0],
                [0.999499, 0.028538, -0.013708, 0.124994, 0.012956, 0.026366, 0.999568, -0.002831, 0.028887, -0.999245, 0.025982, -1.2e-05, 0.0, 0.0, 0.0, 1.0],
                [0.999527, 0.027891, -0.012923, 0.124994, 0.011842, 0.03857, 0.999186, -0.002831, 0.028367, -0.998867, 0.038221, -1.2e-05, 0.0, 0.0, 0.0, 1.0],
                [0.999555, 0.027234, -0.012168, 0.124994, 0.011017, 0.042001, 0.999057, -0.002831, 0.027719, -0.998746, 0.041682, -1.2e-05, 0.0, 0.0, 0.0, 1.0],
                [0.999584, 0.026486, -0.011358, 0.124994, 0.010349, 0.037917, 0.999227, -0.002831, 0.026896, -0.99893, 0.037627, -1.2e-05, 0.0, 0.0, 0.0, 1.0],
                [0.999616, 0.025651, -0.010508, 0.124994, 0.009829, 0.026451, 0.999602, -0.002831, 0.025918, -0.999321, 0.026188, -1.2e-05, 0.0, 0.0, 0.0, 1.0],
                [0.999647, 0.02474, -0.009641, 0.124994, 0.009439, 0.008247, 0.999921, -0.002831, 0.024817, -0.99966, 0.00801, -1.2e-05, 0.0, 0.0, 0.0, 1.0],
                [0.999678, 0.023785, -0.008794, 0.124994, 0.009156, -0.015131, 0.999844, -0.002831, 0.023649, -0.999603, -0.015344, -1.2e-05, 0.0, 0.0, 0.0, 1.0],
                [0.999707, 0.022825, -0.007999, 0.124994, 0.00895, -0.041862, 0.999083, -0.002831, 0.022469, -0.998863, -0.042054, -1.2e-05, 0.0, 0.0, 0.0, 1.0],
                [0.999733, 0.021907, -0.007289, 0.124994, 0.008799, -0.069628, 0.997534, -0.002831, 0.021346, -0.997332, -0.069803, -1.2e-05, 0.0, 0.0, 0.0, 1.0],
                [0.999755, 0.021079, -0.006687, 0.124994, 0.008685, -0.096166, 0.995327, -0.002831, 0.020338, -0.995142, -0.096326, -1.2e-05, 0.0, 0.0, 0.0, 1.0],
                [0.999773, 0.02039, -0.006213, 0.124994, 0.008602, -0.119254, 0.992826, -0.002831, 0.019503, -0.992654, -0.119402, -1.2e-05, 0.0, 0.0, 0.0, 1.0],
                [0.999785, 0.019869, -0.005869, 0.124994, 0.008548, -0.137538, 0.99046, -0.002831, 0.018872, -0.990297, -0.137679, -1.2e-05, 0.0, 0.0, 0.0, 1.0],
                [0.999793, 0.019528, -0.005651, 0.124994, 0.008523, -0.150259, 0.98861, -0.002831, 0.018456, -0.988454, -0.150394, -1.2e-05, 0.0, 0.0, 0.0, 1.0],
                [0.999797, 0.019366, -0.005549, 0.124994, 0.008527, -0.157251, 0.987522, -0.002831, 0.018251, -0.987369, -0.157385, -1.2e-05, 0.0, 0.0, 0.0, 1.0],
                [0.999798, 0.019337, -0.005532, 0.124994, 0.008565, -0.160519, 0.986996, -0.002831, 0.018198, -0.986843, -0.160652, -1.2e-05, 0.0, 0.0, 0.0, 1.0],
                [0.999796, 0.019424, -0.005586, 0.124994, 0.008655, -0.161684, 0.986805, -0.002831, 0.018265, -0.986651, -0.161819, -1.2e-05, 0.0, 0.0, 0.0, 1.0],
                [0.99979, 0.019656, -0.005732, 0.124994, 0.008813, -0.160399, 0.987013, -0.002831, 0.018481, -0.986857, -0.160539, -1.2e-05, 0.0, 0.0, 0.0, 1.0],
                [0.999781, 0.020057, -0.005992, 0.124994, 0.009059, -0.156491, 0.987638, -0.002831, 0.018872, -0.987476, -0.156639, -1.2e-05, 0.0, 0.0, 0.0, 1.0],
                [0.999766, 0.020642, -0.006384, 0.124994, 0.009413, -0.150174, 0.988615, -0.002831, 0.019448, -0.988444, -0.150333, -1.2e-05, 0.0, 0.0, 0.0, 1.0],
                [0.999747, 0.021403, -0.006919, 0.124994, 0.009895, -0.142235, 0.989783, -0.002831, 0.0202, -0.989601, -0.142411, -1.2e-05, 0.0, 0.0, 0.0, 1.0],
                [0.999722, 0.022313, -0.007598, 0.124994, 0.010522, -0.134033, 0.990921, -0.002831, 0.021092, -0.990726, -0.134231, -1.2e-05, 0.0, 0.0, 0.0, 1.0],
                [0.999693, 0.023318, -0.008401, 0.124994, 0.011312, -0.127678, 0.991751, -0.002831, 0.022054, -0.991541, -0.127903, -1.2e-05, 0.0, 0.0, 0.0, 1.0],
                [0.99966, 0.024366, -0.009302, 0.124994, 0.012284, -0.125248, 0.992049, -0.002831, 0.023007, -0.991826, -0.125505, -1.2e-05, 0.0, 0.0, 0.0, 1.0],
                [0.999624, 0.025404, -0.010267, 0.124994, 0.013457, -0.128752, 0.991585, -0.002831, 0.023868, -0.991351, -0.129046, -1.2e-05, 0.0, 0.0, 0.0, 1.0],
                [0.999588, 0.026384, -0.01125, 0.124994, 0.014845, -0.140281, 0.99, -0.002831, 0.024542, -0.98976, -0.140615, -1.2e-05, 0.0, 0.0, 0.0, 1.0],
                [0.999553, 0.027276, -0.012215, 0.124994, 0.016457, -0.161197, 0.986785, -0.002831, 0.024946, -0.986545, -0.161574, -1.2e-05, 0.0, 0.0, 0.0, 1.0],
                [0.999517, 0.028128, -0.013205, 0.124994, 0.018425, -0.194281, 0.980773, -0.002831, 0.025022, -0.980543, -0.194706, -1.2e-05, 0.0, 0.0, 0.0, 1.0],
                [0.99948, 0.028945, -0.014227, 0.124994, 0.020913, -0.245793, 0.969097, -0.002831, 0.024554, -0.96889, -0.246271, -1.2e-05, 0.0, 0.0, 0.0, 1.0],
                [0.999445, 0.029653, -0.015176, 0.124994, 0.023896, -0.320835, 0.946834, -0.002831, 0.023208, -0.946671, -0.321366, -1.2e-05, 0.0, 0.0, 0.0, 1.0],
                [0.999418, 0.030166, -0.015907, 0.124994, 0.027152, -0.42164, 0.906356, -0.002831, 0.020635, -0.906261, -0.422214, -1.2e-05, 0.0, 0.0, 0.0, 1.0],
                [0.999405, 0.030407, -0.016263, 0.124994, 0.030186, -0.543433, 0.838909, -0.002831, 0.016671, -0.838902, -0.544028, -1.2e-05, 0.0, 0.0, 0.0, 1.0],
                [0.99941, 0.030317, -0.016129, 0.124994, 0.032331, -0.672397, 0.739484, -0.002831, 0.011574, -0.739569, -0.672981, -1.2e-05, 0.0, 0.0, 0.0, 1.0],
                [0.999434, 0.029872, -0.015483, 0.124994, 0.033098, -0.790144, 0.612027, -0.002831, 0.006049, -0.612193, -0.790685, -1.2e-05, 0.0, 0.0, 0.0, 1.0],
                [0.999473, 0.029089, -0.014414, 0.124994, 0.032452, -0.882674, 0.468863, -0.002831, 0.000916, -0.469084, -0.883153, -1.2e-05, 0.0, 0.0, 0.0, 1.0],
                [0.999522, 0.028019, -0.013075, 0.124994, 0.030746, -0.945462, 0.324278, -0.002831, -0.003276, -0.324526, -0.945871, -1.2e-05, 0.0, 0.0, 0.0, 1.0],
                [0.999575, 0.026734, -0.011621, 0.124994, 0.028448, -0.981597, 0.188835, -0.002831, -0.006359, -0.189085, -0.98194, -1.2e-05, 0.0, 0.0, 0.0, 1.0],
                [0.999627, 0.025321, -0.010188, 0.124994, 0.025962, -0.997307, 0.068593, -0.002831, -0.008423, -0.068832, -0.997593, -1.2e-05, 0.0, 0.0, 0.0, 1.0],
                [0.999676, 0.023854, -0.008854, 0.124994, 0.023534, -0.999121, -0.034676, -0.002831, -0.009673, 0.034456, -0.999359, -1.2e-05, 0.0, 0.0, 0.0, 1.0],
                [0.999722, 0.022327, -0.007609, 0.124994, 0.021184, -0.991711, -0.126728, -0.002831, -0.010375, 0.126532, -0.991908, -1.2e-05, 0.0, 0.0, 0.0, 1.0],
                [0.999765, 0.020691, -0.006418, 0.124994, 0.018847, -0.976812, -0.213269, -0.002831, -0.010682, 0.213098, -0.976972, -1.2e-05, 0.0, 0.0, 0.0, 1.0],
                [0.999805, 0.018987, -0.005317, 0.124994, 0.016597, -0.955986, -0.292942, -0.002831, -0.010645, 0.292796, -0.956116, -1.2e-05, 0.0, 0.0, 0.0, 1.0],
                [0.999841, 0.017265, -0.004333, 0.124994, 0.014496, -0.931023, -0.364672, -0.002831, -0.01033, 0.364551, -0.931126, -1.2e-05, 0.0, 0.0, 0.0, 1.0],
                [0.999872, 0.015595, -0.003493, 0.124994, 0.012609, -0.904097, -0.427142, -0.002831, -0.009819, 0.427043, -0.904178, -1.2e-05, 0.0, 0.0, 0.0, 1.0],
                [0.999897, 0.014059, -0.002811, 0.124994, 0.010991, -0.877544, -0.479371, -0.002831, -0.009206, 0.479291, -0.877608, -1.2e-05, 0.0, 0.0, 0.0, 1.0],
                [0.999916, 0.012729, -0.002287, 0.124994, 0.009675, -0.85356, -0.520905, -0.002831, -0.008583, 0.520839, -0.853612, -1.2e-05, 0.0, 0.0, 0.0, 1.0],
                [0.99993, 0.011672, -0.001913, 0.124994, 0.008679, -0.83398, -0.551726, -0.002831, -0.008035, 0.551671, -0.834023, -1.2e-05, 0.0, 0.0, 0.0, 1.0],
                [0.999939, 0.010901, -0.001663, 0.124994, 0.007982, -0.81957, -0.572923, -0.002831, -0.007609, 0.572875, -0.819608, -1.2e-05, 0.0, 0.0, 0.0, 1.0],
                [0.999944, 0.010412, -0.001514, 0.124994, 0.007552, -0.810416, -0.585807, -0.002831, -0.007326, 0.585763, -0.81045, -1.2e-05, 0.0, 0.0, 0.0, 1.0],
                [0.999947, 0.010159, -0.00144, 0.124994, 0.007333, -0.805731, -0.592236, -0.002831, -0.007177, 0.592194, -0.805763, -1.2e-05, 0.0, 0.0, 0.0, 1.0],
                [0.999948, 0.010088, -0.001419, 0.124994, 0.007272, -0.804427, -0.594007, -0.002831, -0.007134, 0.593966, -0.804459, -1.2e-05, 0.0, 0.0, 0.0, 1.0],
                [0.999948, 0.010105, -0.001424, 0.124994, 0.007286, -0.804649, -0.593705, -0.002831, -0.007145, 0.593664, -0.804681, -1.2e-05, 0.0, 0.0, 0.0, 1.0],
                [0.999947, 0.010161, -0.00144, 0.124994, 0.007331, -0.8054, -0.592687, -0.002831, -0.007182, 0.592645, -0.805432, -1.2e-05, 0.0, 0.0, 0.0, 1.0],
                [0.999946, 0.010263, -0.00147, 0.124994, 0.007413, -0.806817, -0.590755, -0.002831, -0.007249, 0.590712, -0.80685, -1.2e-05, 0.0, 0.0, 0.0, 1.0],
                [0.999944, 0.010418, -0.001516, 0.124994, 0.007539, -0.809047, -0.587696, -0.002831, -0.007349, 0.587652, -0.80908, -1.2e-05, 0.0, 0.0, 0.0, 1.0],
                [0.999942, 0.010633, -0.00158, 0.124994, 0.007715, -0.812218, -0.583303, -0.002831, -0.007486, 0.583257, -0.812253, -1.2e-05, 0.0, 0.0, 0.0, 1.0],
                [0.999939, 0.010909, -0.001666, 0.124994, 0.007945, -0.816394, -0.577441, -0.002831, -0.007659, 0.577392, -0.816431, -1.2e-05, 0.0, 0.0, 0.0, 1.0],
                [0.999935, 0.011251, -0.001774, 0.124994, 0.008233, -0.821625, -0.569969, -0.002831, -0.00787, 0.569917, -0.821664, -1.2e-05, 0.0, 0.0, 0.0, 1.0],
                [0.99993, 0.011647, -0.001905, 0.124994, 0.008572, -0.827735, -0.561053, -0.002831, -0.008111, 0.560998, -0.827777, -1.2e-05, 0.0, 0.0, 0.0, 1.0],
                [0.999925, 0.01209, -0.002057, 0.124994, 0.008958, -0.83458, -0.550813, -0.002831, -0.008376, 0.550753, -0.834626, -1.2e-05, 0.0, 0.0, 0.0, 1.0],
                [0.999918, 0.012568, -0.002228, 0.124994, 0.00938, -0.841926, -0.539511, -0.002831, -0.008656, 0.539446, -0.841976, -1.2e-05, 0.0, 0.0, 0.0, 1.0],
                [0.999912, 0.013072, -0.002417, 0.124994, 0.009833, -0.849624, -0.527298, -0.002831, -0.008946, 0.527227, -0.849677, -1.2e-05, 0.0, 0.0, 0.0, 1.0],
                [0.999904, 0.013587, -0.002618, 0.124994, 0.010303, -0.857397, -0.514553, -0.002831, -0.009236, 0.514477, -0.857455, -1.2e-05, 0.0, 0.0, 0.0, 1.0],
                [0.999897, 0.014061, -0.002812, 0.124994, 0.01074, -0.864296, -0.502868, -0.002831, -0.009501, 0.502786, -0.864358, -1.2e-05, 0.0, 0.0, 0.0, 1.0],
                [0.999891, 0.014461, -0.002981, 0.124994, 0.011107, -0.869691, -0.493471, -0.002831, -0.009729, 0.493384, -0.869757, -1.2e-05, 0.0, 0.0, 0.0, 1.0],
                [0.999885, 0.014811, -0.003134, 0.124994, 0.011426, -0.874122, -0.485571, -0.002831, -0.009932, 0.48548, -0.874191, -1.2e-05, 0.0, 0.0, 0.0, 1.0],
                [0.99988, 0.015132, -0.003278, 0.124994, 0.01172, -0.878051, -0.478424, -0.002831, -0.010118, 0.478328, -0.878123, -1.2e-05, 0.0, 0.0, 0.0, 1.0],
                [0.999874, 0.015458, -0.003429, 0.124994, 0.012025, -0.88218, -0.470759, -0.002831, -0.010302, 0.470658, -0.882255, -1.2e-05, 0.0, 0.0, 0.0, 1.0],
                [0.999868, 0.015826, -0.003602, 0.124994, 0.012381, -0.887201, -0.461216, -0.002831, -0.010495, 0.461111, -0.88728, -1.2e-05, 0.0, 0.0, 0.0, 1.0],
                [0.99986, 0.016265, -0.003817, 0.124994, 0.012826, -0.893695, -0.448492, -0.002831, -0.010706, 0.44838, -0.893779, -1.2e-05, 0.0, 0.0, 0.0, 1.0],
                [0.99985, 0.016798, -0.004087, 0.124994, 0.01339, -0.902001, -0.431527, -0.002831, -0.010936, 0.431407, -0.902091, -1.2e-05, 0.0, 0.0, 0.0, 1.0],
                [0.999838, 0.017426, -0.00442, 0.124994, 0.014084, -0.912041, -0.409856, -0.002831, -0.011173, 0.409728, -0.912139, -1.2e-05, 0.0, 0.0, 0.0, 1.0],
                [0.999824, 0.01814, -0.004817, 0.124994, 0.014909, -0.923501, -0.383305, -0.002831, -0.011402, 0.383165, -0.923609, -1.2e-05, 0.0, 0.0, 0.0, 1.0],
                [0.999807, 0.018921, -0.005276, 0.124994, 0.015852, -0.935823, -0.352114, -0.002831, -0.0116, 0.351962, -0.935942, -1.2e-05, 0.0, 0.0, 0.0, 1.0],
                [0.999788, 0.019751, -0.005794, 0.124994, 0.016902, -0.948421, -0.316561, -0.002831, -0.011747, 0.316396, -0.948554, -1.2e-05, 0.0, 0.0, 0.0, 1.0],
                [0.999761, 0.020855, -0.006531, 0.124994, 0.018384, -0.964162, -0.264676, -0.002831, -0.011817, 0.264492, -0.964315, -1.2e-05, 0.0, 0.0, 0.0, 1.0],
                [0.99972, 0.022379, -0.007649, 0.124994, 0.020586, -0.982642, -0.184366, -0.002831, -0.011642, 0.184156, -0.982828, -1.2e-05, 0.0, 0.0, 0.0, 1.0],
                [0.999668, 0.024123, -0.009088, 0.124994, 0.023345, -0.996699, -0.077752, -0.002831, -0.010933, 0.077514, -0.996931, -1.2e-05, 0.0, 0.0, 0.0, 1.0],
                [0.999607, 0.025891, -0.010747, 0.124994, 0.02641, -0.998331, 0.051363, -0.002831, -0.009399, -0.051626, -0.998622, -1.2e-05, 0.0, 0.0, 0.0, 1.0],
                [0.999544, 0.027498, -0.012466, 0.124994, 0.029406, -0.980234, 0.195645, -0.002831, -0.00684, -0.195923, -0.980595, -1.2e-05, 0.0, 0.0, 0.0, 1.0],
                [0.999485, 0.028823, -0.01407, 0.124994, 0.031907, -0.938261, 0.344452, -0.002831, -0.003273, -0.344724, -0.938698, -1.2e-05, 0.0, 0.0, 0.0, 1.0],
                [0.999437, 0.029802, -0.015384, 0.124994, 0.033525, -0.874582, 0.483718, -0.002831, 0.000961, -0.483962, -0.875089, -1.2e-05, 0.0, 0.0, 0.0, 1.0],
                [0.999403, 0.030448, -0.016325, 0.124994, 0.034146, -0.798616, 0.600871, -0.002831, 0.005258, -0.60107, -0.799179, -1.2e-05, 0.0, 0.0, 0.0, 1.0],
                [0.999381, 0.030829, -0.01691, 0.124994, 0.033994, -0.724165, 0.688788, -0.002831, 0.008989, -0.688937, -0.724765, -1.2e-05, 0.0, 0.0, 0.0, 1.0],
                [0.99937, 0.03102, -0.017213, 0.124994, 0.03348, -0.664234, 0.746775, -0.002831, 0.011731, -0.746881, -0.664854, -1.2e-05, 0.0, 0.0, 0.0, 1.0],
                [0.999366, 0.0311, -0.017343, 0.124994, 0.033011, -0.62653, 0.778698, -0.002831, 0.013352, -0.778777, -0.62716, -1.2e-05, 0.0, 0.0, 0.0, 1.0],
                [0.999364, 0.031121, -0.017377, 0.124994, 0.032832, -0.613911, 0.788692, -0.002831, 0.013877, -0.788761, -0.614543, -1.2e-05, 0.0, 0.0, 0.0, 1.0]
            ]
        },
        {
            "name": "Leg_R",
            "time": [0.0, 0.0167, 0.0333, 0.05, 0.0667, 0.0833, 0.1, 0.1167, 0.1333, 0.15, 0.1667, 0.1833, 0.2, 0.2167, 0.2333, 0.25, 0.2667, 0.2833, 0.3, 0.3167, 0.3333, 0.35, 0.3667, 0.3833, 0.4, 0.4167, 0.4333, 0.45, 0.4667, 0.4833, 0.5, 0.5167, 0.5333, 0.55, 0.5667, 0.5833, 0.6, 0.6167, 0.6333, 0.65, 0.6667, 0.6833, 0.7, 0.7167, 0.7333, 0.75, 0.7667, 0.7833, 0.8, 0.8167, 0.8333, 0.85, 0.8667, 0.8833, 0.9, 0.9167, 0.9333, 0.95, 0.9667, 0.9833, 1.0, 1.0167, 1.0333, 1.05, 1.0667, 1.0833, 1.1, 1.1167, 1.1333, 1.15, 1.1667, 1.1833, 1.2, 1.2167, 1.2333, 1.25, 1.2667, 1.2833, 1.3, 1.3167, 1.3333, 1.35, 1.3667, 1.3833, 1.4, 1.4167, 1.4333, 1.45, 1.4667, 1.4833, 1.5, 1.5167, 1.5333, 1.55, 1.5667, 1.5833, 1.6],
            "transform": [
                [0.998058, -0.032645, -0.053049, -0.0, 0.032748, -0.449447, 0.892707, 0.374721, -0.052985, -0.892711, -0.447505, 0.0, 0.0, 0.0, 0.0, 1.0],
                [0.998055, -0.032597, -0.053145, -0.0, 0.032699, -0.452091, 0.891373, 0.374721, -0.053082, -0.891376, -0.450146, -0.0, 0.0, 0.0, 0.0, 1.0],
                [0.998045, -0.032461, -0.05341, -0.0, 0.032563, -0.459348, 0.887659, 0.374721, -0.053348, -0.887663, -0.457393, 0.0, 0.0, 0.0, 0.0, 1.0],
                [0.998032, -0.032281, -0.053754, -0.0, 0.032382, -0.468762, 0.882731, 0.374721, -0.053693, -0.882734, -0.466795, 0.0, 0.0, 0.0, 0.0, 1.0],
                [0.998022, -0.032138, -0.05402, -0.0, 0.032239, -0.476059, 0.878822, 0.374721, -0.05396, -0.878826, -0.474082, -0.0, 0.0, 0.0, 0.0, 1.0],
