{
    "animation": [
        {
            "name": "Root",
            "time": [0.0, 0.0167, 0.0333, 0.05, 0.0667, 0.0833, 0.1, 0.1167, 0.1333, 0.15, 0.1667, 0.1833, 0.2, 0.2167, 0.2333, 0.25, 0.2667, 0.2833, 0.3, 0.3167, 0.3333, 0.35, 0.3667, 0.3833, 0.4, 0.4167, 0.4333, 0.45, 0.4667, 0.4833, 0.5, 0.5167, 0.5333, 0.55, 0.5667, 0.5833, 0.6, 0.6167, 0.6333, 0.65, 0.6667, 0.6833, 0.7, 0.7167, 0.7333, 0.75, 0.7667, 0.7833, 0.8, 0.8167, 0.8333, 0.85, 0.8667, 0.8833, 0.9, 0.9167, 0.9333, 0.95, 0.9667, 0.9833, 1.0, 1.0167, 1.0333, 1.05, 1.0667, 1.0833, 1.1, 1.1167, 1.1333, 1.15, 1.1667, 1.1833, 1.2, 1.2167, 1.2333, 1.25, 1.2667, 1.2833, 1.3, 1.3167, 1.3333, 1.35, 1.3667, 1.3833, 1.4, 1.4167, 1.4333, 1.45, 1.4667, 1.4833, 1.5, 1.5167, 1.5333, 1.55, 1.5667, 1.5833, 1.6, 1.6167, 1.6333, 1.65, 1.6667, 1.6833, 1.7, 1.7167, 1.7333, 1.75, 1.7667, 1.7833, 1.8, 1.8167, 1.8333, 1.85, 1.8667, 1.8833, 1.9, 1.9167, 1.9333, 1.95, 1.9667, 1.9833, 2.0],
            "transform": [
                [0.901956, 0.0, 0.431828, -5e-06, 0.431828, 0.0, -0.901956, 0.000946, 0.0, 1.0, 0.0, 0.522033, 0.0, 0.0, 0.0, 1.0],
                [0.901956, 0.0, 0.431828, -5e-06, 0.431828, 0.0, -0.901956, 0.000946, 0.0, 1.0, 0.0, 0.522029, 0.0, 0.0, 0.0, 1.0],
                [0.901956, 0.0, 0.431828, -5e-06, 0.431828, 0.0, -0.901956, 0.000946, 0.0, 1.0, 0.0, 0.522016, 0.0, 0.0, 0.0, 1.0],
                [0.901956, 0.0, 0.431828, -5e-06, 0.431828, 0.0, -0.901956, 0.000946, 0.0, 1.0, 0.0, 0.521994, 0.0, 0.0, 0.0, 1.0],
                [0.901956, 0.0, 0.431828, -5e-06, 0.431828, 0.0, -0.901956, 0.000946, 0.0, 1.0, 0.0, 0.521963, 0.0, 0.0, 0.0, 1.0],
                [0.901956, 0.0, 0.431828, -5e-06, 0.431828, 0.0, -0.901956, 0.000946, 0.0, 1.0, 0.0, 0.521924, 0.0, 0.0, 0.0, 1.0],
                [0.901956, 0.0, 0.431828, -5e-06, 0.431828, 0.0, -0.901956, 0.000946, 0.0, 1.0, 0.0, 0.521876, 0.0, 0.0, 0.0, 1.0],
                [0.901956, 0.0, 0.431828, -5e-06, 0.431828, 0.0, -0.901956, 0.000946, 0.0, 1.0, 0.0, 0.521819, 0.0, 0.0, 0.0, 1.0],
                [0.901956, 0.0, 0.431828, -5e-06, 0.431828, 0.0, -0.901956, 0.000946, 0.0, 1.0, 0.0, 0.521753, 0.0, 0.0, 0.0, 1.0],
                [0.901956, 0.0, 0.431828, -5e-06, 0.431828, 0.0, -0.901956, 0.000946, 0.0, 1.0, 0.0, 0.521678, 0.0, 0.0, 0.0, 1.0],
                [0.901956, 0.0, 0.431828, -5e-06, 0.431828, 0.0, -0.901956, 0.000946, 0.0, 1.0, 0.0, 0.521595, 0.0, 0.0, 0.0, 1.0],
                [0.901956, 0.0, 0.431828, -5e-06, 0.431828, 0.0, -0.901956, 0.000946, 0.0, 1.0, 0.0, 0.521503, 0.0, 0.0, 0.0, 1.0],
                [0.901956, 0.0, 0.431828, -5e-06, 0.431828, 0.0, -0.901956, 0.000946, 0.0, 1.0, 0.0, 0.521402, 0.0, 0.0, 0.0, 1.0],
                [0.901956, 0.0, 0.431828, -5e-06, 0.431828, 0.0, -0.901956, 0.000946, 0.0, 1.0, 0.0, 0.521294, 0.0, 0.0, 0.0, 1.0],
                [0.901956, 0.0, 0.431828, -5e-06, 0.431828, 0.0, -0.901956, 0.000946, 0.0, 1.0, 0.0, 0.521177, 0.0, 0.0, 0.0, 1.0],
                [0.901956, 0.0, 0.431828, -5e-06, 0.431828, 0.0, -0.901956, 0.000946, 0.0, 1.0, 0.0, 0.521052, 0.0, 0.0, 0.0, 1.0],
                [0.901956, 0.0, 0.431828, -5e-06, 0.431828, 0.0, -0.901956, 0.000946, 0.0, 1.0, 0.0, 0.520919, 0.0, 0.0, 0.0, 1.0],
                [0.901956, 0.0, 0.431828, -5e-06, 0.431828, 0.0, -0.901956, 0.000946, 0.0, 1.0, 0.0, 0.520779, 0.0, 0.0, 0.0, 1.0],
                [0.901956, 0.0, 0.431828, -5e-06, 0.431828, 0.0, -0.901956, 0.000946, 0.0, 1.0, 0.0, 0.520632, 0.0, 0.0, 0.0, 1.0],
                [0.901956, 0.0, 0.431828, -5e-06, 0.431828, 0.0, -0.901956, 0.000946, 0.0, 1.0, 0.0, 0.520479, 0.0, 0.0, 0.0, 1.0],
                [0.901956, 0.0, 0.431828, -5e-06, 0.431828, 0.0, -0.901956, 0.000946, 0.0, 1.0, 0.0, 0.520319, 0.0, 0.0, 0.0, 1.0],
                [0.901956, 0.0, 0.431828, -5e-06, 0.431828, 0.0, -0.901956, 0.000946, 0.0, 1.0, 0.0, 0.520153, 0.0, 0.0, 0.0, 1.0],
                [0.901956, 0.0, 0.431828, -5e-06, 0.431828, 0.0, -0.901956, 0.000946, 0.0, 1.0, 0.0, 0.519982, 0.0, 0.0, 0.0, 1.0],
                [0.901956, 0.0, 0.431828, -5e-06, 0.431828, 0.0, -0.901956, 0.000946, 0.0, 1.0, 0.0, 0.519806, 0.0, 0.0, 0.0, 1.0],
                [0.901956, 0.0, 0.431828, -5e-06, 0.431828, 0.0, -0.901956, 0.000946, 0.0, 1.0, 0.0, 0.519625, 0.0, 0.0, 0.0, 1.0],
                [0.901956, 0.0, 0.431828, -5e-06, 0.431828, 0.0, -0.901956, 0.000946, 0.0, 1.0, 0.0, 0.519441, 0.0, 0.0, 0.0, 1.0],
                [0.901956, 0.0, 0.431828, -5e-06, 0.431828, 0.0, -0.901956, 0.000946, 0.0, 1.0, 0.0, 0.519254, 0.0, 0.0, 0.0, 1.0],
                [0.901956, 0.0, 0.431828, -5e-06, 0.431828, 0.0, -0.901956, 0.000946, 0.0, 1.0, 0.0, 0.519064, 0.0, 0.0, 0.0, 1.0],
                [0.901956, 0.0, 0.431828, -5e-06, 0.431828, 0.0, -0.901956, 0.000946, 0.0, 1.0, 0.0, 0.518872, 0.0, 0.0, 0.0, 1.0],
                [0.901956, 0.0, 0.431828, -5e-06, 0.431828, 0.0, -0.901956, 0.000946, 0.0, 1.0, 0.0, 0.518679, 0.0, 0.0, 0.0, 1.0],
                [0.901956, 0.0, 0.431828, -5e-06, 0.431828, 0.0, -0.901956, 0.000946, 0.0, 1.0, 0.0, 0.518485, 0.0, 0.0, 0.0, 1.0],
                [0.901956, 0.0, 0.431828, -5e-06, 0.431828, 0.0, -0.901956, 0.000946, 0.0, 1.0, 0.0, 0.518291, 0.0, 0.0, 0.0, 1.0],
                [0.901956, 0.0, 0.431828, -5e-06, 0.431828, 0.0, -0.901956, 0.000946, 0.0, 1.0, 0.0, 0.518097, 0.0, 0.0, 0.0, 1.0],
                [0.901956, 0.0, 0.431828, -5e-06, 0.431828, 0.0, -0.901956, 0.000946, 0.0, 1.0, 0.0, 0.517905, 0.0, 0.0, 0.0, 1.0],
                [0.901956, 0.0, 0.431828, -5e-06, 0.431828, 0.0, -0.901956, 0.000946, 0.0, 1.0, 0.0, 0.517716, 0.0, 0.0, 0.0, 1.0],
                [0.901956, 0.0, 0.431828, -5e-06, 0.431828, 0.0, -0.901956, 0.000946, 0.0, 1.0, 0.0, 0.517528, 0.0, 0.0, 0.0, 1.0],
                [0.901956, 0.0, 0.431828, -5e-06, 0.431828, 0.0, -0.901956, 0.000946, 0.0, 1.0, 0.0, 0.517344, 0.0, 0.0, 0.0, 1.0],
                [0.901956, 0.0, 0.431828, -5e-06, 0.431828, 0.0, -0.901956, 0.000946, 0.0, 1.0, 0.0, 0.517163, 0.0, 0.0, 0.0, 1.0],
                [0.901956, 0.0, 0.431828, -5e-06, 0.431828, 0.0, -0.901956, 0.000946, 0.0, 1.0, 0.0, 0.516987, 0.0, 0.0, 0.0, 1.0],
                [0.901956, 0.0, 0.431828, -5e-06, 0.431828, 0.0, -0.901956, 0.000946, 0.0, 1.0, 0.0, 0.516816, 0.0, 0.0, 0.0, 1.0],
                [0.901956, 0.0, 0.431828, -5e-06, 0.431828, 0.0, -0.901956, 0.000946, 0.0, 1.0, 0.0, 0.51665, 0.0, 0.0, 0.0, 1.0],
                [0.901956, 0.0, 0.431828, -5e-06, 0.431828, 0.0, -0.901956, 0.000946, 0.0, 1.0, 0.0, 0.51649, 0.0, 0.0, 0.0, 1.0],
                [0.901956, 0.0, 0.431828, -5e-06, 0.431828, 0.0, -0.901956, 0.000946, 0.0, 1.0, 0.0, 0.516337, 0.0, 0.0, 0.0, 1.0],
                [0.901956, 0.0, 0.431828, -5e-06, 0.431828, 0.0, -0.901956, 0.000946, 0.0, 1.0, 0.0, 0.51619, 0.0, 0.0, 0.0, 1.0],
                [0.901956, 0.0, 0.431828, -5e-06, 0.431828, 0.0, -0.901956, 0.000946, 0.0, 1.0, 0.0, 0.51605, 0.0, 0.0, 0.0, 1.0],
                [0.901956, 0.0, 0.431828, -5e-06, 0.431828, 0.0, -0.901956, 0.000946, 0.0, 1.0, 0.0, 0.515918, 0.0, 0.0, 0.0, 1.0],
                [0.901956, 0.0, 0.431828, -5e-06, 0.431828, 0.0, -0.901956, 0.000946, 0.0, 1.0, 0.0, 0.515793, 0.0, 0.0, 0.0, 1.0],
                [0.901956, 0.0, 0.431828, -5e-06, 0.431828, 0.0, -0.901956, 0.000946, 0.0, 1.0, 0.0, 0.515676, 0.0, 0.0, 0.0, 1.0],
                [0.901956, 0.0, 0.431828, -5e-06, 0.431828, 0.0, -0.901956, 0.000946, 0.0, 1.0, 0.0, 0.515567, 0.0, 0.0, 0.0, 1.0],
                [0.901956, 0.0, 0.431828, -5e-06, 0.431828, 0.0, -0.901956, 0.000946, 0.0, 1.0, 0.0, 0.515466, 0.0, 0.0, 0.0, 1.0],
                [0.901956, 0.0, 0.431828, -5e-06, 0.431828, 0.0, -0.901956, 0.000946, 0.0, 1.0, 0.0, 0.515374, 0.0, 0.0, 0.0, 1.0],
                [0.901956, 0.0, 0.431828, -5e-06, 0.431828, 0.0, -0.901956, 0.000946, 0.0, 1.0, 0.0, 0.515291, 0.0, 0.0, 0.0, 1.0],
                [0.901956, 0.0, 0.431828, -5e-06, 0.431828, 0.0, -0.901956, 0.000946, 0.0, 1.0, 0.0, 0.515216, 0.0, 0.0, 0.0, 1.0],
                [0.901956, 0.0, 0.431828, -5e-06, 0.431828, 0.0, -0.901956, 0.000946, 0.0, 1.0, 0.0, 0.515151, 0.0, 0.0, 0.0, 1.0],
                [0.901956, 0.0, 0.431828, -5e-06, 0.431828, 0.0, -0.901956, 0.000946, 0.0, 1.0, 0.0, 0.515093, 0.0, 0.0, 0.0, 1.0],
                [0.901956, 0.0, 0.431828, -5e-06, 0.431828, 0.0, -0.901956, 0.000946, 0.0, 1.0, 0.0, 0.515045, 0.0, 0.0, 0.0, 1.0],
                [0.901956, 0.0, 0.431828, -5e-06, 0.431828, 0.0, -0.901956, 0.000946, 0.0, 1.0, 0.0, 0.515006, 0.0, 0.0, 0.0, 1.0],
                [0.901956, 0.0, 0.431828, -5e-06, 0.431828, 0.0, -0.901956, 0.000946, 0.0, 1.0, 0.0, 0.514975, 0.0, 0.0, 0.0, 1.0],
                [0.901956, 0.0, 0.431828, -5e-06, 0.431828, 0.0, -0.901956, 0.000946, 0.0, 1.0, 0.0, 0.514953, 0.0, 0.0, 0.0, 1.0],
                [0.901956, 0.0, 0.431828, -5e-06, 0.431828, 0.0, -0.901956, 0.000946, 0.0, 1.0, 0.0, 0.51494, 0.0, 0.0, 0.0, 1.0],
                [0.901956, 0.0, 0.431828, -5e-06, 0.431828, 0.0, -0.901956, 0.000946, 0.0, 1.0, 0.0, 0.514936, 0.0, 0.0, 0.0, 1.0],
                [0.901956, 0.0, 0.431828, -5e-06, 0.431828, 0.0, -0.901956, 0.000946, 0.0, 1.0, 0.0, 0.51494, 0.0, 0.0, 0.0, 1.0],
                [0.901956, 0.0, 0.431828, -5e-06, 0.431828, 0.0, -0.901956, 0.000946, 0.0, 1.0, 0.0, 0.514953, 0.0, 0.0, 0.0, 1.0],
                [0.901956, 0.0, 0.431828, -5e-06, 0.431828, 0.0, -0.901956, 0.000946, 0.0, 1.0, 0.0, 0.514975, 0.0, 0.0, 0.0, 1.0],
                [0.901956, 0.0, 0.431828, -5e-06, 0.431828, 0.0, -0.901956, 0.000946, 0.0, 1.0, 0.0, 0.515006, 0.0, 0.0, 0.0, 1.0],
                [0.901956, 0.0, 0.431828, -5e-06, 0.431828, 0.0, -0.901956, 0.000946, 0.0, 1.0, 0.0, 0.515045, 0.0, 0.0, 0.0, 1.0],
                [0.901956, 0.0, 0.431828, -5e-06, 0.431828, 0.0, -0.901956, 0.000946, 0.0, 1.0, 0.0, 0.515093, 0.0, 0.0, 0.0, 1.0],
                [0.901956, 0.0, 0.431828, -5e-06, 0.431828, 0.0, -0.901956, 0.000946, 0.0, 1.0, 0.0, 0.515151, 0.0, 0.0, 0.0, 1.0],
                [0.901956, 0.0, 0.431828, -5e-06, 0.431828, 0.0, -0.901956, 0.000946, 0.0, 1.0, 0.0, 0.515216, 0.0, 0.0, 0.0, 1.0],
                [0.901956, 0.0, 0.431828, -5e-06, 0.431828, 0.0, -0.901956, 0.000946, 0.0, 1.0, 0.0, 0.515291, 0.0, 0.0, 0.0, 1.0],
                [0.901956, 0.0, 0.431828, -5e-06, 0.431828, 0.0, -0.901956, 0.000946, 0.0, 1.0, 0.0, 0.515375, 0.0, 0.0, 0.0, 1.0],
                [0.901956, 0.0, 0.431828, -5e-06, 0.431828, 0.0, -0.901956, 0.000946, 0.0, 1.0, 0.0, 0.515467, 0.0, 0.0, 0.0, 1.0],
                [0.901956, 0.0, 0.431828, -5e-06, 0.431828, 0.0, -0.901956, 0.000946, 0.0, 1.0, 0.0, 0.515567, 0.0, 0.0, 0.0, 1.0],
                [0.901956, 0.0, 0.431828, -5e-06, 0.431828, 0.0, -0.901956, 0.000946, 0.0, 1.0, 0.0, 0.515676, 0.0, 0.0, 0.0, 1.0],
                [0.901956, 0.0, 0.431828, -5e-06, 0.431828, 0.0, -0.901956, 0.000946, 0.0, 1.0, 0.0, 0.515793, 0.0, 0.0, 0.0, 1.0],
                [0.901956, 0.0, 0.431828, -5e-06, 0.431828, 0.0, -0.901956, 0.000946, 0.0, 1.0, 0.0, 0.515918, 0.0, 0.0, 0.0, 1.0],
                [0.901956, 0.0, 0.431828, -5e-06, 0.431828, 0.0, -0.901956, 0.000946, 0.0, 1.0, 0.0, 0.51605, 0.0, 0.0, 0.0, 1.0],
                [0.901956, 0.0, 0.431828, -5e-06, 0.431828, 0.0, -0.901956, 0.000946, 0.0, 1.0, 0.0, 0.51619, 0.0, 0.0, 0.0, 1.0],
                [0.901956, 0.0, 0.431828, -5e-06, 0.431828, 0.0, -0.901956, 0.000946, 0.0, 1.0, 0.0, 0.516337, 0.0, 0.0, 0.0, 1.0],
                [0.901956, 0.0, 0.431828, -5e-06, 0.431828, 0.0, -0.901956, 0.000946, 0.0, 1.0, 0.0, 0.51649, 0.0, 0.0, 0.0, 1.0],
                [0.901956, 0.0, 0.431828, -5e-06, 0.431828, 0.0, -0.901956, 0.000946, 0.0, 1.0, 0.0, 0.51665, 0.0, 0.0, 0.0, 1.0],
                [0.901956, 0.0, 0.431828, -5e-06, 0.431828, 0.0, -0.901956, 0.000946, 0.0, 1.0, 0.0, 0.516816, 0.0, 0.0, 0.0, 1.0],
                [0.901956, 0.0, 0.431828, -5e-06, 0.431828, 0.0, -0.901956, 0.000946, 0.0, 1.0, 0.0, 0.516987, 0.0, 0.0, 0.0, 1.0],
                [0.901956, 0.0, 0.431828, -5e-06, 0.431828, 0.0, -0.901956, 0.000946, 0.0, 1.0, 0.0, 0.517163, 0.0, 0.0, 0.0, 1.0],
                [0.901956, 0.0, 0.431828, -5e-06, 0.431828, 0.0, -0.901956, 0.000946, 0.0, 1.0, 0.0, 0.517344, 0.0, 0.0, 0.0, 1.0],
                [0.901956, 0.0, 0.431828, -5e-06, 0.431828, 0.0, -0.901956, 0.000946, 0.0, 1.0, 0.0, 0.517528, 0.0, 0.0, 0.0, 1.0],
                [0.901956, 0.0, 0.431828, -5e-06, 0.431828, 0.0, -0.901956, 0.000946, 0.0, 1.0, 0.0, 0.517716, 0.0, 0.0, 0.0, 1.0],
                [0.901956, 0.0, 0.431828, -5e-06, 0.431828, 0.0, -0.901956, 0.000946, 0.0, 1.0, 0.0, 0.517905, 0.0, 0.0, 0.0, 1.0],
                [0.901956, 0.0, 0.431828, -5e-06, 0.431828, 0.0, -0.901956, 0.000946, 0.0, 1.0, 0.0, 0.518097, 0.0, 0.0, 0.0, 1.0],
                [0.901956, 0.0, 0.431828, -5e-06, 0.431828, 0.0, -0.901956, 0.000946, 0.0, 1.0, 0.0, 0.518291, 0.0, 0.0, 0.0, 1.0],
                [0.901956, 0.0, 0.431828, -5e-06, 0.431828, 0.0, -0.901956, 0.000946, 0.0, 1.0, 0.0, 0.518485, 0.0, 0.0, 0.0, 1.0],
                [0.901956, 0.0, 0.431828, -5e-06, 0.431828, 0.0, -0.901956, 0.000946, 0.0, 1.0, 0.0, 0.518679, 0.0, 0.0, 0.0, 1.0],
                [0.901956, 0.0, 0.431828, -5e-06, 0.431828, 0.0, -0.901956, 0.000946, 0.0, 1.0, 0.0, 0.518872, 0.0, 0.0, 0.0, 1.0],
                [0.901956, 0.0, 0.431828, -5e-06, 0.431828, 0.0, -0.901956, 0.000946, 0.0, 1.0, 0.0, 0.519064, 0.0, 0.0, 0.0, 1.0],
                [0.901956, 0.0, 0.431828, -5e-06, 0.431828, 0.0, -0.901956, 0.000946, 0.0, 1.0, 0.0, 0.519254, 0.0, 0.0, 0.0, 1.0],
                [0.901956, 0.0, 0.431828, -5e-06, 0.431828, 0.0, -0.901956, 0.000946, 0.0, 1.0, 0.0, 0.519441, 0.0, 0.0, 0.0, 1.0],
                [0.901956, 0.0, 0.431828, -5e-06, 0.431828, 0.0, -0.901956, 0.000946, 0.0, 1.0, 0.0, 0.519625, 0.0, 0.0, 0.0, 1.0],
                [0.901956, 0.0, 0.431828, -5e-06, 0.431828, 0.0, -0.901956, 0.000946, 0.0, 1.0, 0.0, 0.519806, 0.0, 0.0, 0.0, 1.0],
                [0.901956, 0.0, 0.431828, -5e-06, 0.431828, 0.0, -0.901956, 0.000946, 0.0, 1.0, 0.0, 0.519982, 0.0, 0.0, 0.0, 1.0],
                [0.901956, 0.0, 0.431828, -5e-06, 0.431828, 0.0, -0.901956, 0.000946, 0.0, 1.0, 0.0, 0.520153, 0.0, 0.0, 0.0, 1.0],
                [0.901956, 0.0, 0.431828, -5e-06, 0.431828, 0.0, -0.901956, 0.000946, 0.0, 1.0, 0.0, 0.520319, 0.0, 0.0, 0.0, 1.0],
                [0.901956, 0.0, 0.431828, -5e-06, 0.431828, 0.0, -0.901956, 0.000946, 0.0, 1.0, 0.0, 0.520479, 0.0, 0.0, 0.0, 1.0],
                [0.901956, 0.0, 0.431828, -5e-06, 0.431828, 0.0, -0.901956, 0.000946, 0.0, 1.0, 0.0, 0.520632, 0.0, 0.0, 0.0, 1.0],
                [0.901956, 0.0, 0.431828, -5e-06, 0.431828, 0.0, -0.901956, 0.000946, 0.0, 1.0, 0.0, 0.520779, 0.0, 0.0, 0.0, 1.0],
                [0.901956, 0.0, 0.431828, -5e-06, 0.431828, 0.0, -0.901956, 0.000946, 0.0, 1.0, 0.0, 0.520919, 0.0, 0.0, 0.0, 1.0],
                [0.901956, 0.0, 0.431828, -5e-06, 0.431828, 0.0, -0.901956, 0.000946, 0.0, 1.0, 0.0, 0.521052, 0.0, 0.0, 0.0, 1.0],
                [0.901956, 0.0, 0.431828, -5e-06, 0.431828, 0.0, -0.901956, 0.000946, 0.0, 1.0, 0.0, 0.521177, 0.0, 0.0, 0.0, 1.0],
                [0.901956, 0.0, 0.431828, -5e-06, 0.431828, 0.0, -0.901956, 0.000946, 0.0, 1.0, 0.0, 0.521294, 0.0, 0.0, 0.0, 1.0],
                [0.901956, 0.0, 0.431828, -5e-06, 0.431828, 0.0, -0.901956, 0.000946, 0.0, 1.0, 0.0, 0.521402, 0.0, 0.0, 0.0, 1.0],
                [0.901956, 0.0, 0.431828, -5e-06, 0.431828, 0.0, -0.901956, 0.000946, 0.0, 1.0, 0.0, 0.521503, 0.0, 0.0, 0.0, 1.0],
                [0.901956, 0.0, 0.431828, -5e-06, 0.431828, 0.0, -0.901956, 0.000946, 0.0, 1.0, 0.0, 0.521595, 0.0, 0.0, 0.0, 1.0],
                [0.901956, 0.0, 0.431828, -5e-06, 0.431828, 0.0, -0.901956, 0.000946, 0.0, 1.0, 0.0, 0.521678, 0.0, 0.0, 0.0, 1.0],
                [0.901956, 0.0, 0.431828, -5e-06, 0.431828, 0.0, -0.901956, 0.000946, 0.0, 1.0, 0.0, 0.521753, 0.0, 0.0, 0.0, 1.0],
                [0.901956, 0.0, 0.431828, -5e-06, 0.431828, 0.0, -0.901956, 0.000946, 0.0, 1.0, 0.0, 0.521819, 0.0, 0.0, 0.0, 1.0],
                [0.901956, 0.0, 0.431828, -5e-06, 0.431828, 0.0, -0.901956, 0.000946, 0.0, 1.0, 0.0, 0.521876, 0.0, 0.0, 0.0, 1.0],
                [0.901956, 0.0, 0.431828, -5e-06, 0.431828, 0.0, -0.901956, 0.000946, 0.0, 1.0, 0.0, 0.521924, 0.0, 0.0, 0.0, 1.0],
                [0.901956, 0.0, 0.431828, -5e-06, 0.431828, 0.0, -0.901956, 0.000946, 0.0, 1.0, 0.0, 0.521963, 0.0, 0.0, 0.0, 1.0],
                [0.901956, 0.0, 0.431828, -5e-06, 0.431828, 0.0, -0.901956, 0.000946, 0.0, 1.0, 0.0, 0.521994, 0.0, 0.0, 0.0, 1.0],
                [0.901956, 0.0, 0.431828, -5e-06, 0.431828, 0.0, -0.901956, 0.000946, 0.0, 1.0, 0.0, 0.522016, 0.0, 0.0, 0.0, 1.0],
                [0.901956, 0.0, 0.431828, -5e-06, 0.431828, 0.0, -0.901956, 0.000946, 0.0, 1.0, 0.0, 0.522029, 0.0, 0.0, 0.0, 1.0],
                [0.901956, 0.0, 0.431828, -5e-06, 0.431828, 0.0, -0.901956, 0.000946, 0.0, 1.0, 0.0, 0.522033, 0.0, 0.0, 0.0, 1.0]
            ]
        },
        {
            "name": "Thigh_R",
            "time": [0.0, 0.0167, 0.0333, 0.05, 0.0667, 0.0833, 0.1, 0.1167, 0.1333, 0.15, 0.1667, 0.1833, 0.2, 0.2167, 0.2333, 0.25, 0.2667, 0.2833, 0.3, 0.3167, 0.3333, 0.35, 0.3667, 0.3833, 0.4, 0.4167, 0.4333, 0.45, 0.4667, 0.4833, 0.5, 0.5167, 0.5333, 0.55, 0.5667, 0.5833, 0.6, 0.6167, 0.6333, 0.65, 0.6667, 0.6833, 0.7, 0.7167, 0.7333, 0.75, 0.7667, 0.7833, 0.8, 0.8167, 0.8333, 0.85, 0.8667, 0.8833, 0.9, 0.9167, 0.9333, 0.95, 0.9667, 0.9833, 1.0, 1.0167, 1.0333, 1.05, 1.0667, 1.0833, 1.1, 1.1167, 1.1333, 1.15, 1.1667, 1.1833, 1.2, 1.2167, 1.2333, 1.25, 1.2667, 1.2833, 1.3, 1.3167, 1.3333, 1.35, 1.3667, 1.3833, 1.4, 1.4167, 1.4333, 1.45, 1.4667, 1.4833, 1.5, 1.5167, 1.5333, 1.55, 1.5667, 1.5833, 1.6, 1.6167, 1.6333, 1.65, 1.6667, 1.6833, 1.7, 1.7167, 1.7333, 1.75, 1.7667, 1.7833, 1.8, 1.8167, 1.8333, 1.85, 1.8667, 1.8833, 1.9, 1.9167, 1.9333, 1.95, 1.9667, 1.9833, 2.0],
            "transform": [
                [0.921, 0.360607, -0.147382, 0.124994, 0.305777, -0.434771, 0.847039, -0.002831, 0.241371, -0.825188, -0.51069, -1.2e-05, 0.0, 0.0, 0.0, 1.0],
                [0.920999, 0.360608, -0.147387, 0.124994, 0.305778, -0.434762, 0.847043, -0.002831, 0.241372, -0.825193, -0.510681, -1.2e-05, 0.0, 0.0, 0.0, 1.0],
                [0.920996, 0.36061, -0.147401, 0.124994, 0.305784, -0.434732, 0.847056, -0.002831, 0.241376, -0.825208, -0.510655, -1.2e-05, 0.0, 0.0, 0.0, 1.0],
                [0.920991, 0.360612, -0.147425, 0.124994, 0.305793, -0.434683, 0.847078, -0.002831, 0.241384, -0.825233, -0.510612, -1.2e-05, 0.0, 0.0, 0.0, 1.0],
                [0.920984, 0.360616, -0.147458, 0.124994, 0.305806, -0.434614, 0.847109, -0.002831, 0.241394, -0.825267, -0.510551, -1.2e-05, 0.0, 0.0, 0.0, 1.0],
                [0.920975, 0.360621, -0.147501, 0.124994, 0.305822, -0.434525, 0.847149, -0.002831, 0.241407, -0.825312, -0.510473, -1.2e-05, 0.0, 0.0, 0.0, 1.0],
                [0.920964, 0.360628, -0.147554, 0.124994, 0.305842, -0.434416, 0.847197, -0.002831, 0.241423, -0.825366, -0.510377, -1.2e-05, 0.0, 0.0, 0.0, 1.0],
                [0.920951, 0.360635, -0.147616, 0.124994, 0.305866, -0.434287, 0.847255, -0.002831, 0.241442, -0.825431, -0.510264, -1.2e-05, 0.0, 0.0, 0.0, 1.0],
                [0.920937, 0.360643, -0.147688, 0.124994, 0.305893, -0.434139, 0.847321, -0.002831, 0.241463, -0.825506, -0.510132, -1.2e-05, 0.0, 0.0, 0.0, 1.0],
                [0.92092, 0.360653, -0.147769, 0.124994, 0.305924, -0.43397, 0.847396, -0.002831, 0.241488, -0.82559, -0.509984, -1.2e-05, 0.0, 0.0, 0.0, 1.0],
                [0.920901, 0.360663, -0.14786, 0.124994, 0.305959, -0.433782, 0.84748, -0.002831, 0.241516, -0.825684, -0.509818, -1.2e-05, 0.0, 0.0, 0.0, 1.0],
                [0.92088, 0.360675, -0.147961, 0.124994, 0.305997, -0.433574, 0.847573, -0.002831, 0.241546, -0.825788, -0.509636, -1.2e-05, 0.0, 0.0, 0.0, 1.0],
                [0.920858, 0.360688, -0.14807, 0.124994, 0.306039, -0.433347, 0.847673, -0.002831, 0.241579, -0.825902, -0.509436, -1.2e-05, 0.0, 0.0, 0.0, 1.0],
                [0.920833, 0.360702, -0.148189, 0.124994, 0.306084, -0.433102, 0.847783, -0.002831, 0.241616, -0.826025, -0.509219, -1.2e-05, 0.0, 0.0, 0.0, 1.0],
                [0.920807, 0.360716, -0.148316, 0.124994, 0.306132, -0.432838, 0.8479, -0.002831, 0.241654, -0.826157, -0.508987, -1.2e-05, 0.0, 0.0, 0.0, 1.0],
                [0.920779, 0.360732, -0.148452, 0.124994, 0.306184, -0.432556, 0.848025, -0.002831, 0.241696, -0.826297, -0.508739, -1.2e-05, 0.0, 0.0, 0.0, 1.0],
                [0.920749, 0.360749, -0.148597, 0.124994, 0.306239, -0.432257, 0.848158, -0.002831, 0.24174, -0.826447, -0.508475, -1.2e-05, 0.0, 0.0, 0.0, 1.0],
                [0.920718, 0.360766, -0.14875, 0.124994, 0.306298, -0.431941, 0.848298, -0.002831, 0.241786, -0.826604, -0.508197, -1.2e-05, 0.0, 0.0, 0.0, 1.0],
                [0.920684, 0.360785, -0.14891, 0.124994, 0.306359, -0.431609, 0.848444, -0.002831, 0.241835, -0.826769, -0.507905, -1.2e-05, 0.0, 0.0, 0.0, 1.0],
                [0.92065, 0.360804, -0.149078, 0.124994, 0.306423, -0.431262, 0.848598, -0.002831, 0.241886, -0.826942, -0.5076, -1.2e-05, 0.0, 0.0, 0.0, 1.0],
                [0.920614, 0.360824, -0.149252, 0.124994, 0.306489, -0.430901, 0.848757, -0.002831, 0.241939, -0.827122, -0.507282, -1.2e-05, 0.0, 0.0, 0.0, 1.0],
                [0.920576, 0.360844, -0.149433, 0.124994, 0.306558, -0.430527, 0.848922, -0.002831, 0.241994, -0.827307, -0.506953, -1.2e-05, 0.0, 0.0, 0.0, 1.0],
                [0.920537, 0.360866, -0.14962, 0.124994, 0.30663, -0.43014, 0.849092, -0.002831, 0.24205, -0.827499, -0.506612, -1.2e-05, 0.0, 0.0, 0.0, 1.0],
                [0.920498, 0.360887, -0.149812, 0.124994, 0.306703, -0.429742, 0.849267, -0.002831, 0.242109, -0.827696, -0.506262, -1.2e-05, 0.0, 0.0, 0.0, 1.0],
                [0.920457, 0.36091, -0.15001, 0.124994, 0.306778, -0.429335, 0.849446, -0.002831, 0.242169, -0.827898, -0.505904, -1.2e-05, 0.0, 0.0, 0.0, 1.0],
                [0.920415, 0.360932, -0.150211, 0.124994, 0.306855, -0.428919, 0.849628, -0.002831, 0.24223, -0.828104, -0.505538, -1.2e-05, 0.0, 0.0, 0.0, 1.0],
                [0.920373, 0.360955, -0.150416, 0.124994, 0.306933, -0.428495, 0.849814, -0.002831, 0.242292, -0.828313, -0.505165, -1.2e-05, 0.0, 0.0, 0.0, 1.0],
                [0.92033, 0.360979, -0.150623, 0.124994, 0.307012, -0.428066, 0.850001, -0.002831, 0.242356, -0.828525, -0.504787, -1.2e-05, 0.0, 0.0, 0.0, 1.0],
                [0.920286, 0.361002, -0.150833, 0.124994, 0.307093, -0.427633, 0.850191, -0.002831, 0.242419, -0.828738, -0.504406, -1.2e-05, 0.0, 0.0, 0.0, 1.0],
                [0.920242, 0.361026, -0.151044, 0.124994, 0.307173, -0.427196, 0.850381, -0.002831, 0.242484, -0.828953, -0.504021, -1.2e-05, 0.0, 0.0, 0.0, 1.0],
                [0.920198, 0.361049, -0.151256, 0.124994, 0.307254, -0.426758, 0.850572, -0.002831, 0.242548, -0.829169, -0.503636, -1.2e-05, 0.0, 0.0, 0.0, 1.0],
                [0.920154, 0.361073, -0.151468, 0.124994, 0.307335, -0.42632, 0.850762, -0.002831, 0.242613, -0.829384, -0.50325, -1.2e-05, 0.0, 0.0, 0.0, 1.0],
                [0.92011, 0.361096, -0.15168, 0.124994, 0.307416, -0.425883, 0.850952, -0.002831, 0.242677, -0.829598, -0.502866, -1.2e-05, 0.0, 0.0, 0.0, 1.0],
                [0.920066, 0.361119, -0.151889, 0.124994, 0.307496, -0.425449, 0.85114, -0.002831, 0.242741, -0.829811, -0.502484, -1.2e-05, 0.0, 0.0, 0.0, 1.0],
                [0.920023, 0.361142, -0.152097, 0.124994, 0.307576, -0.42502, 0.851325, -0.002831, 0.242805, -0.830021, -0.502107, -1.2e-05, 0.0, 0.0, 0.0, 1.0],
                [0.91998, 0.361164, -0.152302, 0.124994, 0.307654, -0.424596, 0.851508, -0.002831, 0.242867, -0.830228, -0.501734, -1.2e-05, 0.0, 0.0, 0.0, 1.0],
                [0.919938, 0.361186, -0.152504, 0.124994, 0.307731, -0.42418, 0.851688, -0.002831, 0.242929, -0.830431, -0.501368, -1.2e-05, 0.0, 0.0, 0.0, 1.0],
                [0.919897, 0.361207, -0.152701, 0.124994, 0.307807, -0.423772, 0.851864, -0.002831, 0.242989, -0.83063, -0.501009, -1.2e-05, 0.0, 0.0, 0.0, 1.0],
                [0.919857, 0.361228, -0.152894, 0.124994, 0.30788, -0.423374, 0.852035, -0.002831, 0.243048, -0.830824, -0.500659, -1.2e-05, 0.0, 0.0, 0.0, 1.0],
                [0.919818, 0.361249, -0.153081, 0.124994, 0.307952, -0.422988, 0.852201, -0.002831, 0.243105, -0.831012, -0.500319, -1.2e-05, 0.0, 0.0, 0.0, 1.0],
                [0.91978, 0.361268, -0.153263, 0.124994, 0.308021, -0.422613, 0.852362, -0.002831, 0.24316, -0.831194, -0.499989, -1.2e-05, 0.0, 0.0, 0.0, 1.0],
                [0.919743, 0.361287, -0.153438, 0.124994, 0.308089, -0.422251, 0.852517, -0.002831, 0.243214, -0.83137, -0.499671, -1.2e-05, 0.0, 0.0, 0.0, 1.0],
                [0.919708, 0.361305, -0.153606, 0.124994, 0.308153, -0.421904, 0.852666, -0.002831, 0.243265, -0.831538, -0.499366, -1.2e-05, 0.0, 0.0, 0.0, 1.0],
                [0.919675, 0.361322, -0.153767, 0.124994, 0.308214, -0.421572, 0.852808, -0.002831, 0.243314, -0.831699, -0.499074, -1.2e-05, 0.0, 0.0, 0.0, 1.0],
                [0.919643, 0.361338, -0.153921, 0.124994, 0.308273, -0.421255, 0.852943, -0.002831, 0.243361, -0.831852, -0.498796, -1.2e-05, 0.0, 0.0, 0.0, 1.0],
                [0.919612, 0.361354, -0.154066, 0.124994, 0.308329, -0.420956, 0.853071, -0.002831, 0.243405, -0.831997, -0.498532, -1.2e-05, 0.0, 0.0, 0.0, 1.0],
                [0.919584, 0.361368, -0.154203, 0.124994, 0.308381, -0.420673, 0.853191, -0.002831, 0.243447, -0.832134, -0.498284, -1.2e-05, 0.0, 0.0, 0.0, 1.0],
                [0.919557, 0.361382, -0.154331, 0.124994, 0.30843, -0.420409, 0.853304, -0.002831, 0.243486, -0.832261, -0.498051, -1.2e-05, 0.0, 0.0, 0.0, 1.0],
                [0.919532, 0.361394, -0.15445, 0.124994, 0.308476, -0.420163, 0.853408, -0.002831, 0.243523, -0.83238, -0.497835, -1.2e-05, 0.0, 0.0, 0.0, 1.0],
                [0.919509, 0.361406, -0.15456, 0.124994, 0.308518, -0.419936, 0.853505, -0.002831, 0.243556, -0.83249, -0.497635, -1.2e-05, 0.0, 0.0, 0.0, 1.0],
                [0.919488, 0.361417, -0.154661, 0.124994, 0.308557, -0.419728, 0.853593, -0.002831, 0.243587, -0.83259, -0.497452, -1.2e-05, 0.0, 0.0, 0.0, 1.0],
                [0.919468, 0.361426, -0.154752, 0.124994, 0.308592, -0.419539, 0.853673, -0.002831, 0.243615, -0.832681, -0.497286, -1.2e-05, 0.0, 0.0, 0.0, 1.0],
                [0.919451, 0.361435, -0.154834, 0.124994, 0.308623, -0.41937, 0.853745, -0.002831, 0.24364, -0.832762, -0.497138, -1.2e-05, 0.0, 0.0, 0.0, 1.0],
                [0.919436, 0.361443, -0.154906, 0.124994, 0.308651, -0.419221, 0.853808, -0.002831, 0.243662, -0.832834, -0.497007, -1.2e-05, 0.0, 0.0, 0.0, 1.0],
                [0.919423, 0.361449, -0.154969, 0.124994, 0.308675, -0.419092, 0.853863, -0.002831, 0.243681, -0.832896, -0.496893, -1.2e-05, 0.0, 0.0, 0.0, 1.0],
                [0.919412, 0.361455, -0.155022, 0.124994, 0.308695, -0.418983, 0.853909, -0.002831, 0.243698, -0.832949, -0.496797, -1.2e-05, 0.0, 0.0, 0.0, 1.0],
                [0.919403, 0.361459, -0.155065, 0.124994, 0.308711, -0.418894, 0.853947, -0.002831, 0.243711, -0.832991, -0.496719, -1.2e-05, 0.0, 0.0, 0.0, 1.0],
                [0.919396, 0.361463, -0.155099, 0.124994, 0.308724, -0.418825, 0.853976, -0.002831, 0.243721, -0.833025, -0.496658, -1.2e-05, 0.0, 0.0, 0.0, 1.0],
                [0.919391, 0.361465, -0.155123, 0.124994, 0.308733, -0.418776, 0.853997, -0.002831, 0.243728, -0.833048, -0.496615, -1.2e-05, 0.0, 0.0, 0.0, 1.0],
                [0.919388, 0.361467, -0.155137, 0.124994, 0.308739, -0.418746, 0.854009, -0.002831, 0.243733, -0.833062, -0.496589, -1.2e-05, 0.0, 0.0, 0.0, 1.0],
                [0.919387, 0.361467, -0.155142, 0.124994, 0.308741, -0.418736, 0.854013, -0.002831, 0.243734, -0.833067, -0.496581, -1.2e-05, 0.0, 0.0, 0.0, 1.0],
                [0.919388, 0.361467, -0.155137, 0.124994, 0.308739, -0.418746, 0.854009, -0.002831, 0.243733, -0.833062, -0.496589, -1.2e-05, 0.0, 0.0, 0.0, 1.0],
                [0.919391, 0.361465, -0.155123, 0.124994, 0.308733, -0.418776, 0.853997, -0.002831, 0.243728, -0.833048, -0.496615, -1.2e-05, 0.0, 0.0, 0.0, 1.0],
                [0.919396, 0.361463, -0.155099, 0.124994, 0.308724, -0.418825, 0.853976, -0.002831, 0.243721, -0.833025, -0.496658, -1.2e-05, 0.0, 0.0, 0.0, 1.0],
                [0.919403, 0.361459, -0.155065, 0.124994, 0.308711, -0.418894, 0.853947, -0.002831, 0.243711, -0.832991, -0.496719, -1.2e-05, 0.0, 0.0, 0.0, 1.0],
                [0.919412, 0.361455, -0.155022, 0.124994, 0.308695, -0.418983, 0.853909, -0.002831, 0.243698, -0.832949, -0.496797, -1.2e-05, 0.0, 0.0, 0.0, 1.0],
                [0.919423, 0.361449, -0.154969, 0.124994, 0.308675, -0.419092, 0.853863, -0.002831, 0.243681, -0.832896, -0.496893, -1.2e-05, 0.0, 0.0, 0.0, 1.0],
                [0.919436, 0.361443, -0.154906, 0.124994, 0.308651, -0.419221, 0.853808, -0.002831, 0.243662, -0.832834, -0.497007, -1.2e-05, 0.0, 0.0, 0.0, 1.0],
                [0.919451, 0.361435, -0.154834, 0.124994, 0.308623, -0.41937, 0.853745, -0.002831, 0.24364, -0.832762, -0.497138, -1.2e-05, 0.0, 0.0, 0.0, 1.0],
                [0.919468, 0.361426, -0.154752, 0.124994, 0.308592, -0.419539, 0.853673, -0.002831, 0.243615, -0.832681, -0.497286, -1.2e-05, 0.0, 0.0, 0.0, 1.0],
                [0.919488, 0.361417, -0.154661, 0.124994, 0.308557, -0.419728, 0.853593, -0.002831, 0.243587, -0.83259, -0.497452, -1.2e-05, 0.0, 0.0, 0.0, 1.0],
                [0.919509, 0.361406, -0.15456, 0.124994, 0.308518, -0.419936, 0.853505, -0.002831, 0.243556, -0.83249, -0.497635, -1.2e-05, 0.0, 0.0, 0.0, 1.0],
                [0.919532, 0.361394, -0.15445, 0.124994, 0.308476, -0.420163, 0.853408, -0.002831, 0.243523, -0.83238, -0.497835, -1.2e-05, 0.0, 0.0, 0.0, 1.0],
                [0.919557, 0.361382, -0.154331, 0.124994, 0.30843, -0.420409, 0.853303, -0.002831, 0.243486, -0.832261, -0.498051, -1.2e-05, 0.0, 0.0, 0.0, 1.0],
                [0.919584, 0.361368, -0.154203, 0.124994, 0.308381, -0.420673, 0.853191, -0.002831, 0.243447, -0.832134, -0.498284, -1.2e-05, 0.0, 0.0, 0.0, 1.0],
                [0.919612, 0.361354, -0.154066, 0.124994, 0.308329, -0.420956, 0.853071, -0.002831, 0.243405, -0.831997, -0.498532, -1.2e-05, 0.0, 0.0, 0.0, 1.0],
                [0.919643, 0.361338, -0.153921, 0.124994, 0.308273, -0.421255, 0.852943, -0.002831, 0.243361, -0.831852, -0.498796, -1.2e-05, 0.0, 0.0, 0.0, 1.0],
                [0.919675, 0.361322, -0.153767, 0.124994, 0.308214, -0.421572, 0.852808, -0.002831, 0.243314, -0.831699, -0.499074, -1.2e-05, 0.0, 0.0, 0.0, 1.0],
                [0.919708, 0.361305, -0.153606, 0.124994, 0.308153, -0.421904, 0.852666, -0.002831, 0.243265, -0.831538, -0.499366, -1.2e-05, 0.0, 0.0, 0.0, 1.0],
                [0.919743, 0.361287, -0.153438, 0.124994, 0.308089, -0.422251, 0.852517, -0.002831, 0.243214, -0.83137, -0.499671, -1.2e-05, 0.0, 0.0, 0.0, 1.0],
                [0.91978, 0.361268, -0.153263, 0.124994, 0.308021, -0.422613, 0.852362, -0.002831, 0.24316, -0.831194, -0.499989, -1.2e-05, 0.0, 0.0, 0.0, 1.0],
                [0.919818, 0.361249, -0.153082, 0.124994, 0.307952, -0.422987, 0.852201, -0.002831, 0.243105, -0.831012, -0.500319, -1.2e-05, 0.0, 0.0, 0.0, 1.0],
                [0.919857, 0.361228, -0.152894, 0.124994, 0.30788, -0.423374, 0.852035, -0.002831, 0.243048, -0.830824, -0.500659, -1.2e-05, 0.0, 0.0, 0.0, 1.0],
                [0.919897, 0.361207, -0.152701, 0.124994, 0.307807, -0.423772, 0.851864, -0.002831, 0.242989, -0.83063, -0.501009, -1.2e-05, 0.0, 0.0, 0.0, 1.0],
                [0.919938, 0.361186, -0.152504, 0.124994, 0.307731, -0.42418, 0.851688, -0.002831, 0.242929, -0.830431, -0.501368, -1.2e-05, 0.0, 0.0, 0.0, 1.0],
                [0.91998, 0.361164, -0.152302, 0.124994, 0.307654, -0.424596, 0.851508, -0.002831, 0.242867, -0.830228, -0.501734, -1.2e-05, 0.0, 0.0, 0.0, 1.0],
                [0.920023, 0.361142, -0.152097, 0.124994, 0.307576, -0.42502, 0.851325, -0.002831, 0.242805, -0.830021, -0.502107, -1.2e-05, 0.0, 0.0, 0.0, 1.0],
                [0.920066, 0.361119, -0.151889, 0.124994, 0.307496, -0.425449, 0.85114, -0.002831, 0.242741, -0.829811, -0.502484, -1.2e-05, 0.0, 0.0, 0.0, 1.0],
                [0.92011, 0.361096, -0.15168, 0.124994, 0.307416, -0.425883, 0.850952, -0.002831, 0.242677, -0.829598, -0.502866, -1.2e-05, 0.0, 0.0, 0.0, 1.0],
                [0.920154, 0.361073, -0.151468, 0.124994, 0.307335, -0.42632, 0.850762, -0.002831, 0.242613, -0.829384, -0.50325, -1.2e-05, 0.0, 0.0, 0.0, 1.0],
                [0.920198, 0.361049, -0.151256, 0.124994, 0.307254, -0.426758, 0.850572, -0.002831, 0.242548, -0.829169, -0.503636, -1.2e-05, 0.0, 0.0, 0.0, 1.0],
                [0.920242, 0.361026, -0.151044, 0.124994, 0.307173, -0.427196, 0.850381, -0.002831, 0.242484, -0.828953, -0.504021, -1.2e-05, 0.0, 0.0, 0.0, 1.0],
                [0.920286, 0.361002, -0.150833, 0.124994, 0.307093, -0.427633, 0.850191, -0.002831, 0.242419, -0.828738, -0.504406, -1.2e-05, 0.0, 0.0, 0.0, 1.0],
                [0.92033, 0.360979, -0.150623, 0.124994, 0.307012, -0.428066, 0.850001, -0.002831, 0.242356, -0.828525, -0.504787, -1.2e-05, 0.0, 0.0, 0.0, 1.0],
                [0.920373, 0.360955, -0.150416, 0.124994, 0.306933, -0.428495, 0.849814, -0.002831, 0.242292, -0.828313, -0.505165, -1.2e-05, 0.0, 0.0, 0.0, 1.0],
                [0.920415, 0.360932, -0.150211, 0.124994, 0.306855, -0.428919, 0.849628, -0.002831, 0.24223, -0.828104, -0.505537, -1.2e-05, 0.0, 0.0, 0.0, 1.0],
                [0.920457, 0.36091, -0.15001, 0.124994, 0.306778, -0.429335, 0.849446, -0.002831, 0.242169, -0.827898, -0.505904, -1.2e-05, 0.0, 0.0, 0.0, 1.0],
                [0.920498, 0.360887, -0.149812, 0.124994, 0.306703, -0.429742, 0.849267, -0.002831, 0.242109, -0.827696, -0.506262, -1.2e-05, 0.0, 0.0, 0.0, 1.0],
                [0.920537, 0.360866, -0.14962, 0.124994, 0.30663, -0.43014, 0.849092, -0.002831, 0.24205, -0.827499, -0.506612, -1.2e-05, 0.0, 0.0, 0.0, 1.0],
                [0.920576, 0.360844, -0.149433, 0.124994, 0.306558, -0.430527, 0.848922, -0.002831, 0.241994, -0.827307, -0.506953, -1.2e-05, 0.0, 0.0, 0.0, 1.0],
                [0.920614, 0.360824, -0.149252, 0.124994, 0.306489, -0.430901, 0.848757, -0.002831, 0.241939, -0.827122, -0.507282, -1.2e-05, 0.0, 0.0, 0.0, 1.0],
                [0.92065, 0.360804, -0.149078, 0.124994, 0.306423, -0.431262, 0.848598, -0.002831, 0.241886, -0.826942, -0.5076, -1.2e-05, 0.0, 0.0, 0.0, 1.0],
                [0.920684, 0.360785, -0.14891, 0.124994, 0.306359, -0.431609, 0.848444, -0.002831, 0.241835, -0.826769, -0.507905, -1.2e-05, 0.0, 0.0, 0.0, 1.0],
                [0.920718, 0.360766, -0.14875, 0.124994, 0.306298, -0.431941, 0.848298, -0.002831, 0.241786, -0.826604, -0.508197, -1.2e-05, 0.0, 0.0, 0.0, 1.0],
                [0.920749, 0.360749, -0.148597, 0.124994, 0.306239, -0.432257, 0.848158, -0.002831, 0.24174, -0.826447, -0.508475, -1.2e-05, 0.0, 0.0, 0.0, 1.0],
                [0.920779, 0.360732, -0.148452, 0.124994, 0.306184, -0.432556, 0.848025, -0.002831, 0.241696, -0.826297, -0.508739, -1.2e-05, 0.0, 0.0, 0.0, 1.0],
                [0.920807, 0.360716, -0.148316, 0.124994, 0.306132, -0.432838, 0.8479, -0.002831, 0.241654, -0.826157, -0.508987, -1.2e-05, 0.0, 0.0, 0.0, 1.0],
                [0.920833, 0.360702, -0.148189, 0.124994, 0.306084, -0.433102, 0.847783, -0.002831, 0.241616, -0.826025, -0.509219, -1.2e-05, 0.0, 0.0, 0.0, 1.0],
                [0.920858, 0.360688, -0.14807, 0.124994, 0.306039, -0.433347, 0.847673, -0.002831, 0.241579, -0.825902, -0.509436, -1.2e-05, 0.0, 0.0, 0.0, 1.0],
                [0.92088, 0.360675, -0.147961, 0.124994, 0.305997, -0.433574, 0.847573, -0.002831, 0.241546, -0.825788, -0.509636, -1.2e-05, 0.0, 0.0, 0.0, 1.0],
                [0.920901, 0.360663, -0.14786, 0.124994, 0.305959, -0.433782, 0.84748, -0.002831, 0.241516, -0.825684, -0.509818, -1.2e-05, 0.0, 0.0, 0.0, 1.0],
                [0.92092, 0.360653, -0.147769, 0.124994, 0.305924, -0.43397, 0.847396, -0.002831, 0.241488, -0.82559, -0.509984, -1.2e-05, 0.0, 0.0, 0.0, 1.0],
                [0.920937, 0.360643, -0.147688, 0.124994, 0.305893, -0.434139, 0.847321, -0.002831, 0.241463, -0.825506, -0.510132, -1.2e-05, 0.0, 0.0, 0.0, 1.0],
                [0.920951, 0.360635, -0.147616, 0.124994, 0.305866, -0.434287, 0.847255, -0.002831, 0.241442, -0.825431, -0.510264, -1.2e-05, 0.0, 0.0, 0.0, 1.0],
                [0.920964, 0.360628, -0.147554, 0.124994, 0.305842, -0.434416, 0.847197, -0.002831, 0.241423, -0.825366, -0.510377, -1.2e-05, 0.0, 0.0, 0.0, 1.0],
                [0.920975, 0.360621, -0.147501, 0.124994, 0.305822, -0.434525, 0.847149, -0.002831, 0.241407, -0.825312, -0.510473, -1.2e-05, 0.0, 0.0, 0.0, 1.0],
                [0.920984, 0.360616, -0.147458, 0.124994, 0.305806, -0.434614, 0.847109, -0.002831, 0.241394, -0.825267, -0.510551, -1.2e-05, 0.0, 0.0, 0.0, 1.0],
                [0.920991, 0.360612, -0.147425, 0.124994, 0.305793, -0.434683, 0.847078, -0.002831, 0.241384, -0.825233, -0.510612, -1.2e-05, 0.0, 0.0, 0.0, 1.0],
                [0.920996, 0.36061, -0.147401, 0.124994, 0.305784, -0.434732, 0.847056, -0.002831, 0.241376, -0.825208, -0.510655, -1.2e-05, 0.0, 0.0, 0.0, 1.0],
                [0.920999, 0.360608, -0.147387, 0.124994, 0.305778, -0.434762, 0.847043, -0.002831, 0.241372, -0.825193, -0.510681, -1.2e-05, 0.0, 0.0, 0.0, 1.0],
                [0.921, 0.360607, -0.147382, 0.124994, 0.305777, -0.434771, 0.847039, -0.002831, 0.241371, -0.825188, -0.51069, -1.2e-05, 0.0, 0.0, 0.0, 1.0]
            ]
        },
        {
            "name": "Leg_R",
            "time": [0.0, 0.0167, 0.0333, 0.05, 0.0667, 0.0833, 0.1, 0.1167, 0.1333, 0.15, 0.1667, 0.1833, 0.2, 0.2167, 0.2333, 0.25, 0.2667, 0.2833, 0.3, 0.3167, 0.3333, 0.35, 0.3667, 0.3833, 0.4, 0.4167, 0.4333, 0.45, 0.4667, 0.4833, 0.5, 0.5167, 0.5333, 0.55, 0.5667, 0.5833, 0.6, 0.6167, 0.6333, 0.65, 0.6667, 0.6833, 0.7, 0.7167, 0.7333, 0.75, 0.7667, 0.7833, 0.8, 0.8167, 0.8333, 0.85, 0.8667, 0.8833, 0.9, 0.9167, 0.9333, 0.95, 0.9667, 0.9833, 1.0, 1.0167, 1.0333, 1.05, 1.0667, 1.0833, 1.1, 1.1167, 1.1333, 1.15, 1.1667, 1.1833, 1.2, 1.2167, 1.2333, 1.25, 1.2667, 1.2833, 1.3, 1.3167, 1.3333, 1.35, 1.3667, 1.3833, 1.4, 1.4167, 1.4333, 1.45, 1.4667, 1.4833, 1.5, 1.5167, 1.5333, 1.55, 1.5667, 1.5833, 1.6, 1.6167, 1.6333, 1.65, 1.6667, 1.6833, 1.7, 1.7167, 1.7333, 1.75, 1.7667, 1.7833, 1.8, 1.8167, 1.8333, 1.85, 1.8667, 1.8833, 1.9, 1.9167, 1.9333, 1.95, 1.9667, 1.9833, 2.0],
            "transform": [
                [0.998891, -0.035998, -0.030341, -0.0, 0.036111, 0.172355, 0.984373, 0.374721, -0.030206, -0.984377, 0.173463, -0.0, 0.0, 0.0, 0.0, 1.0],
                [0.998891, -0.035998, -0.030341, -0.0, 0.036111, 0.172339, 0.984376, 0.374721, -0.030206, -0.98438, 0.173448, -0.0, 0.0, 0.0, 0.0, 1.0],
                [0.998891, -0.035998, -0.030343, -0.0, 0.036111, 0.172292, 0.984384, 0.374721, -0.030208, -0.984388, 0.173401, 0.0, 0.0, 0.0, 0.0, 1.0],
                [0.998891, -0.035998, -0.030346, 0.0, 0.036112, 0.172213, 0.984398, 0.374721, -0.030211, -0.984401, 0.173322, -0.0, 0.0, 0.0, 0.0, 1.0],
                [0.998891, -0.035999, -0.03035, 0.0, 0.036112, 0.172103, 0.984417, 0.374721, -0.030215, -0.984421, 0.173212, 0.0, 0.0, 0.0, 0.0, 1.0],
                [0.998891, -0.036, -0.030355, 0.0, 0.036113, 0.171961, 0.984442, 0.374721, -0.03022, -0.984446, 0.17307, -0.0, 0.0, 0.0, 0.0, 1.0],
                [0.998891, -0.036001, -0.030361, -0.0, 0.036114, 0.171787, 0.984472, 0.374721, -0.030226, -0.984476, 0.172896, 0.0, 0.0, 0.0, 0.0, 1.0],
                [0.99889, -0.036002, -0.030369, 0.0, 0.036116, 0.17158, 0.984508, 0.374721, -0.030234, -0.984512, 0.17269, 0.0, 0.0, 0.0, 0.0, 1.0],
                [0.99889, -0.036004, -0.030377, 0.0, 0.036117, 0.171343, 0.984549, 0.374721, -0.030243, -0.984553, 0.172453, 0.0, 0.0, 0.0, 0.0, 1.0],
