{
    "animation": [
        {
            "name": "Root",
            "time": [0.0, 0.0167, 0.0333, 0.05, 0.0667, 0.0833, 0.1, 0.1167, 0.1333, 0.15, 0.1667, 0.1833, 0.2, 0.2167, 0.2333, 0.25, 0.2667, 0.2833, 0.3, 0.3167, 0.3333, 0.35, 0.3667, 0.3833, 0.4, 0.4167, 0.4333, 0.45, 0.4667, 0.4833, 0.5, 0.5167, 0.5333, 0.55, 0.5667, 0.5833, 0.6, 0.6167, 0.6333, 0.65, 0.6667, 0.6833, 0.7, 0.7167, 0.7333, 0.75, 0.7667, 0.7833, 0.8, 0.8167, 0.8333, 0.85, 0.8667, 0.8833, 0.9, 0.9167, 0.9333, 0.95, 0.9667, 0.9833, 1.0, 1.0167, 1.0333, 1.05, 1.0667, 1.0833, 1.1, 1.1167, 1.1333, 1.15, 1.1667, 1.1833, 1.2, 1.2167, 1.2333, 1.25, 1.2667, 1.2833, 1.3, 1.3167, 1.3333, 1.35, 1.3667, 1.3833, 1.4, 1.4167, 1.4333, 1.45, 1.4667, 1.4833, 1.5, 1.5167, 1.5333, 1.55, 1.5667, 1.5833, 1.6, 1.6167, 1.6333, 1.65, 1.6667, 1.6833, 1.7, 1.7167, 1.7333, 1.75, 1.7667, 1.7833, 1.8, 1.8167, 1.8333, 1.85, 1.8667, 1.8833, 1.9, 1.9167, 1.9333, 1.95, 1.9667, 1.9833, 2.0],
            "transform": [
                [0.823405, 0.0, -0.567454, -5e-06, -0.567454, 0.0, -0.823405, 0.000946, 0.0, 1.0, 0.0, 0.378916, 0.0, 0.0, 0.0, 1.0],
                [0.823405, 0.0, -0.567454, -5e-06, -0.567454, 0.0, -0.823405, 0.000946, 0.0, 1.0, 0.0, 0.378914, 0.0, 0.0, 0.0, 1.0],
                [0.823405, 0.0, -0.567454, -5e-06, -0.567454, 0.0, -0.823405, 0.000946, 0.0, 1.0, 0.0, 0.378909, 0.0, 0.0, 0.0, 1.0],
                [0.823405, 0.0, -0.567454, -5e-06, -0.567454, 0.0, -0.823405, 0.000946, 0.0, 1.0, 0.0, 0.3789, 0.0, 0.0, 0.0, 1.0],
                [0.823405, 0.0, -0.567454, -5e-06, -0.567454, 0.0, -0.823405, 0.000946, 0.0, 1.0, 0.0, 0.378887, 0.0, 0.0, 0.0, 1.0],
                [0.823405, 0.0, -0.567454, -5e-06, -0.567454, 0.0, -0.823405, 0.000946, 0.0, 1.0, 0.0, 0.378871, 0.0, 0.0, 0.0, 1.0],
                [0.823405, 0.0, -0.567454, -5e-06, -0.567454, 0.0, -0.823405, 0.000946, 0.0, 1.0, 0.0, 0.378851, 0.0, 0.0, 0.0, 1.0],
                [0.823405, 0.0, -0.567454, -5e-06, -0.567454, 0.0, -0.823405, 0.000946, 0.0, 1.0, 0.0, 0.378827, 0.0, 0.0, 0.0, 1.0],
                [0.823405, 0.0, -0.567454, -5e-06, -0.567454, 0.0, -0.823405, 0.000946, 0.0, 1.0, 0.0, 0.3788, 0.0, 0.0, 0.0, 1.0],
                [0.823405, 0.0, -0.567454, -5e-06, -0.567454, 0.0, -0.823405, 0.000946, 0.0, 1.0, 0.0, 0.378769, 0.0, 0.0, 0.0, 1.0],
                [0.823405, 0.0, -0.567454, -5e-06, -0.567454, 0.0, -0.823405, 0.000946, 0.0, 1.0, 0.0, 0.378735, 0.0, 0.0, 0.0, 1.0],
                [0.823405, 0.0, -0.567454, -5e-06, -0.567454, 0.0, -0.823405, 0.000946, 0.0, 1.0, 0.0, 0.378697, 0.0, 0.0, 0.0, 1.0],
                [0.823405, 0.0, -0.567454, -5e-06, -0.567454, 0.0, -0.823405, 0.000946, 0.0, 1.0, 0.0, 0.378656, 0.0, 0.0, 0.0, 1.0],
                [0.823405, 0.0, -0.567454, -5e-06, -0.567454, 0.0, -0.823405, 0.000946, 0.0, 1.0, 0.0, 0.378611, 0.0, 0.0, 0.0, 1.0],
                [0.823405, 0.0, -0.567454, -5e-06, -0.567454, 0.0, -0.823405, 0.000946, 0.0, 1.0, 0.0, 0.378563, 0.0, 0.0, 0.0, 1.0],
                [0.823405, 0.0, -0.567454, -5e-06, -0.567454, 0.0, -0.823405, 0.000946, 0.0, 1.0, 0.0, 0.378511, 0.0, 0.0, 0.0, 1.0],
                [0.823405, 0.0, -0.567454, -5e-06, -0.567454, 0.0, -0.823405, 0.000946, 0.0, 1.0, 0.0, 0.378456, 0.0, 0.0, 0.0, 1.0],
                [0.823405, 0.0, -0.567454, -5e-06, -0.567454, 0.0, -0.823405, 0.000946, 0.0, 1.0, 0.0, 0.378399, 0.0, 0.0, 0.0, 1.0],
                [0.823405, 0.0, -0.567454, -5e-06, -0.567454, 0.0, -0.823405, 0.000946, 0.0, 1.0, 0.0, 0.378338, 0.0, 0.0, 0.0, 1.0],
                [0.823405, 0.0, -0.567454, -5e-06, -0.567454, 0.0, -0.823405, 0.000946, 0.0, 1.0, 0.0, 0.378275, 0.0, 0.0, 0.0, 1.0],
                [0.823405, 0.0, -0.567454, -5e-06, -0.567454, 0.0, -0.823405, 0.000946, 0.0, 1.0, 0.0, 0.378209, 0.0, 0.0, 0.0, 1.0],
                [0.823405, 0.0, -0.567454, -5e-06, -0.567454, 0.0, -0.823405, 0.000946, 0.0, 1.0, 0.0, 0.37814, 0.0, 0.0, 0.0, 1.0],
                [0.823405, 0.0, -0.567454, -5e-06, -0.567454, 0.0, -0.823405, 0.000946, 0.0, 1.0, 0.0, 0.37807, 0.0, 0.0, 0.0, 1.0],
                [0.823405, 0.0, -0.567454, -5e-06, -0.567454, 0.0, -0.823405, 0.000946, 0.0, 1.0, 0.0, 0.377997, 0.0, 0.0, 0.0, 1.0],
                [0.823405, 0.0, -0.567454, -5e-06, -0.567454, 0.0, -0.823405, 0.000946, 0.0, 1.0, 0.0, 0.377923, 0.0, 0.0, 0.0, 1.0],
                [0.823405, 0.0, -0.567454, -5e-06, -0.567454, 0.0, -0.823405, 0.000946, 0.0, 1.0, 0.0, 0.377847, 0.0, 0.0, 0.0, 1.0],
                [0.823405, 0.0, -0.567454, -5e-06, -0.567454, 0.0, -0.823405, 0.000946, 0.0, 1.0, 0.0, 0.37777, 0.0, 0.0, 0.0, 1.0],
                [0.823405, 0.0, -0.567454, -5e-06, -0.567454, 0.0, -0.823405, 0.000946, 0.0, 1.0, 0.0, 0.377691, 0.0, 0.0, 0.0, 1.0],
                [0.823405, 0.0, -0.567454, -5e-06, -0.567454, 0.0, -0.823405, 0.000946, 0.0, 1.0, 0.0, 0.377612, 0.0, 0.0, 0.0, 1.0],
                [0.823405, 0.0, -0.567454, -5e-06, -0.567454, 0.0, -0.823405, 0.000946, 0.0, 1.0, 0.0, 0.377532, 0.0, 0.0, 0.0, 1.0],
                [0.823405, 0.0, -0.567454, -5e-06, -0.567454, 0.0, -0.823405, 0.000946, 0.0, 1.0, 0.0, 0.377452, 0.0, 0.0, 0.0, 1.0],
                [0.823405, 0.0, -0.567454, -5e-06, -0.567454, 0.0, -0.823405, 0.000946, 0.0, 1.0, 0.0, 0.377372, 0.0, 0.0, 0.0, 1.0],
                [0.823405, 0.0, -0.567454, -5e-06, -0.567454, 0.0, -0.823405, 0.000946, 0.0, 1.0, 0.0, 0.377293, 0.0, 0.0, 0.0, 1.0],
                [0.823405, 0.0, -0.567454, -5e-06, -0.567454, 0.0, -0.823405, 0.000946, 0.0, 1.0, 0.0, 0.377214, 0.0, 0.0, 0.0, 1.0],
                [0.823405, 0.0, -0.567454, -5e-06, -0.567454, 0.0, -0.823405, 0.000946, 0.0, 1.0, 0.0, 0.377135, 0.0, 0.0, 0.0, 1.0],
                [0.823405, 0.0, -0.567454, -5e-06, -0.567454, 0.0, -0.823405, 0.000946, 0.0, 1.0, 0.0, 0.377058, 0.0, 0.0, 0.0, 1.0],
                [0.823405, 0.0, -0.567454, -5e-06, -0.567454, 0.0, -0.823405, 0.000946, 0.0, 1.0, 0.0, 0.376982, 0.0, 0.0, 0.0, 1.0],
                [0.823405, 0.0, -0.567454, -5e-06, -0.567454, 0.0, -0.823405, 0.000946, 0.0, 1.0, 0.0, 0.376907, 0.0, 0.0, 0.0, 1.0],
                [0.823405, 0.0, -0.567454, -5e-06, -0.567454, 0.0, -0.823405, 0.000946, 0.0, 1.0, 0.0, 0.376835, 0.0, 0.0, 0.0, 1.0],
                [0.823405, 0.0, -0.567454, -5e-06, -0.567454, 0.0, -0.823405, 0.000946, 0.0, 1.0, 0.0, 0.376764, 0.0, 0.0, 0.0, 1.0],
                [0.823405, 0.0, -0.567454, -5e-06, -0.567454, 0.0, -0.823405, 0.000946, 0.0, 1.0, 0.0, 0.376696, 0.0, 0.0, 0.0, 1.0],
                [0.823405, 0.0, -0.567454, -5e-06, -0.567454, 0.0, -0.823405, 0.000946, 0.0, 1.0, 0.0, 0.37663, 0.0, 0.0, 0.0, 1.0],
                [0.823405, 0.0, -0.567454, -5e-06, -0.567454, 0.0, -0.823405, 0.000946, 0.0, 1.0, 0.0, 0.376567, 0.0, 0.0, 0.0, 1.0],
                [0.823405, 0.0, -0.567454, -5e-06, -0.567454, 0.0, -0.823405, 0.000946, 0.0, 1.0, 0.0, 0.376506, 0.0, 0.0, 0.0, 1.0],
                [0.823405, 0.0, -0.567454, -5e-06, -0.567454, 0.0, -0.823405, 0.000946, 0.0, 1.0, 0.0, 0.376448, 0.0, 0.0, 0.0, 1.0],
                [0.823405, 0.0, -0.567454, -5e-06, -0.567454, 0.0, -0.823405, 0.000946, 0.0, 1.0, 0.0, 0.376394, 0.0, 0.0, 0.0, 1.0],
                [0.823405, 0.0, -0.567454, -5e-06, -0.567454, 0.0, -0.823405, 0.000946, 0.0, 1.0, 0.0, 0.376342, 0.0, 0.0, 0.0, 1.0],
                [0.823405, 0.0, -0.567454, -5e-06, -0.567454, 0.0, -0.823405, 0.000946, 0.0, 1.0, 0.0, 0.376294, 0.0, 0.0, 0.0, 1.0],
                [0.823405, 0.0, -0.567454, -5e-06, -0.567454, 0.0, -0.823405, 0.000946, 0.0, 1.0, 0.0, 0.376249, 0.0, 0.0, 0.0, 1.0],
                [0.823405, 0.0, -0.567454, -5e-06, -0.567454, 0.0, -0.823405, 0.000946, 0.0, 1.0, 0.0, 0.376208, 0.0, 0.0, 0.0, 1.0],
                [0.823405, 0.0, -0.567454, -5e-06, -0.567454, 0.0, -0.823405, 0.000946, 0.0, 1.0, 0.0, 0.37617, 0.0, 0.0, 0.0, 1.0],
                [0.823405, 0.0, -0.567454, -5e-06, -0.567454, 0.0, -0.823405, 0.000946, 0.0, 1.0, 0.0, 0.376135, 0.0, 0.0, 0.0, 1.0],
                [0.823405, 0.0, -0.567454, -5e-06, -0.567454, 0.0, -0.823405, 0.000946, 0.0, 1.0, 0.0, 0.376105, 0.0, 0.0, 0.0, 1.0],
                [0.823405, 0.0, -0.567454, -5e-06, -0.567454, 0.0, -0.823405, 0.000946, 0.0, 1.0, 0.0, 0.376077, 0.0, 0.0, 0.0, 1.0],
                [0.823405, 0.0, -0.567454, -5e-06, -0.567454, 0.0, -0.823405, 0.000946, 0.0, 1.0, 0.0, 0.376054, 0.0, 0.0, 0.0, 1.0],
                [0.823405, 0.0, -0.567454, -5e-06, -0.567454, 0.0, -0.823405, 0.000946, 0.0, 1.0, 0.0, 0.376034, 0.0, 0.0, 0.0, 1.0],
                [0.823405, 0.0, -0.567454, -5e-06, -0.567454, 0.0, -0.823405, 0.000946, 0.0, 1.0, 0.0, 0.376018, 0.0, 0.0, 0.0, 1.0],
                [0.823405, 0.0, -0.567454, -5e-06, -0.567454, 0.0, -0.823405, 0.000946, 0.0, 1.0, 0.0, 0.376005, 0.0, 0.0, 0.0, 1.0],
                [0.823405, 0.0, -0.567454, -5e-06, -0.567454, 0.0, -0.823405, 0.000946, 0.0, 1.0, 0.0, 0.375996, 0.0, 0.0, 0.0, 1.0],
                [0.823405, 0.0, -0.567454, -5e-06, -0.567454, 0.0, -0.823405, 0.000946, 0.0, 1.0, 0.0, 0.375991, 0.0, 0.0, 0.0, 1.0],
                [0.823405, 0.0, -0.567454, -5e-06, -0.567454, 0.0, -0.823405, 0.000946, 0.0, 1.0, 0.0, 0.375989, 0.0, 0.0, 0.0, 1.0],
                [0.823405, 0.0, -0.567454, -5e-06, -0.567454, 0.0, -0.823405, 0.000946, 0.0, 1.0, 0.0, 0.375991, 0.0, 0.0, 0.0, 1.0],
                [0.823405, 0.0, -0.567454, -5e-06, -0.567454, 0.0, -0.823405, 0.000946, 0.0, 1.0, 0.0, 0.375996, 0.0, 0.0, 0.0, 1.0],
                [0.823405, 0.0, -0.567454, -5e-06, -0.567454, 0.0, -0.823405, 0.000946, 0.0, 1.0, 0.0, 0.376005, 0.0, 0.0, 0.0, 1.0],
                [0.823405, 0.0, -0.567454, -5e-06, -0.567454, 0.0, -0.823405, 0.000946, 0.0, 1.0, 0.0, 0.376018, 0.0, 0.0, 0.0, 1.0],
                [0.823405, 0.0, -0.567454, -5e-06, -0.567454, 0.0, -0.823405, 0.000946, 0.0, 1.0, 0.0, 0.376034, 0.0, 0.0, 0.0, 1.0],
                [0.823405, 0.0, -0.567454, -5e-06, -0.567454, 0.0, -0.823405, 0.000946, 0.0, 1.0, 0.0, 0.376054, 0.0, 0.0, 0.0, 1.0],
                [0.823405, 0.0, -0.567454, -5e-06, -0.567454, 0.0, -0.823405, 0.000946, 0.0, 1.0, 0.0, 0.376077, 0.0, 0.0, 0.0, 1.0],
                [0.823405, 0.0, -0.567454, -5e-06, -0.567454, 0.0, -0.823405, 0.000946, 0.0, 1.0, 0.0, 0.376105, 0.0, 0.0, 0.0, 1.0],
                [0.823405, 0.0, -0.567454, -5e-06, -0.567454, 0.0, -0.823405, 0.000946, 0.0, 1.0, 0.0, 0.376135, 0.0, 0.0, 0.0, 1.0],
                [0.823405, 0.0, -0.567454, -5e-06, -0.567454, 0.0, -0.823405, 0.000946, 0.0, 1.0, 0.0, 0.37617, 0.0, 0.0, 0.0, 1.0],
                [0.823405, 0.0, -0.567454, -5e-06, -0.567454, 0.0, -0.823405, 0.000946, 0.0, 1.0, 0.0, 0.376208, 0.0, 0.0, 0.0, 1.0],
                [0.823405, 0.0, -0.567454, -5e-06, -0.567454, 0.0, -0.823405, 0.000946, 0.0, 1.0, 0.0, 0.376249, 0.0, 0.0, 0.0, 1.0],
                [0.823405, 0.0, -0.567454, -5e-06, -0.567454, 0.0, -0.823405, 0.000946, 0.0, 1.0, 0.0, 0.376294, 0.0, 0.0, 0.0, 1.0],
                [0.823405, 0.0, -0.567454, -5e-06, -0.567454, 0.0, -0.823405, 0.000946, 0.0, 1.0, 0.0, 0.376342, 0.0, 0.0, 0.0, 1.0],
                [0.823405, 0.0, -0.567454, -5e-06, -0.567454, 0.0, -0.823405, 0.000946, 0.0, 1.0, 0.0, 0.376394, 0.0, 0.0, 0.0, 1.0],
                [0.823405, 0.0, -0.567454, -5e-06, -0.567454, 0.0, -0.823405, 0.000946, 0.0, 1.0, 0.0, 0.376448, 0.0, 0.0, 0.0, 1.0],
                [0.823405, 0.0, -0.567454, -5e-06, -0.567454, 0.0, -0.823405, 0.000946, 0.0, 1.0, 0.0, 0.376506, 0.0, 0.0, 0.0, 1.0],
                [0.823405, 0.0, -0.567454, -5e-06, -0.567454, 0.0, -0.823405, 0.000946, 0.0, 1.0, 0.0, 0.376567, 0.0, 0.0, 0.0, 1.0],
                [0.823405, 0.0, -0.567454, -5e-06, -0.567454, 0.0, -0.823405, 0.000946, 0.0, 1.0, 0.0, 0.37663, 0.0, 0.0, 0.0, 1.0],
                [0.823405, 0.0, -0.567454, -5e-06, -0.567454, 0.0, -0.823405, 0.000946, 0.0, 1.0, 0.0, 0.376696, 0.0, 0.0, 0.0, 1.0],
                [0.823405, 0.0, -0.567454, -5e-06, -0.567454, 0.0, -0.823405, 0.000946, 0.0, 1.0, 0.0, 0.376764, 0.0, 0.0, 0.0, 1.0],
                [0.823405, 0.0, -0.567454, -5e-06, -0.567454, 0.0, -0.823405, 0.000946, 0.0, 1.0, 0.0, 0.376835, 0.0, 0.0, 0.0, 1.0],
                [0.823405, 0.0, -0.567454, -5e-06, -0.567454, 0.0, -0.823405, 0.000946, 0.0, 1.0, 0.0, 0.376908, 0.0, 0.0, 0.0, 1.0],
                [0.823405, 0.0, -0.567454, -5e-06, -0.567454, 0.0, -0.823405, 0.000946, 0.0, 1.0, 0.0, 0.376982, 0.0, 0.0, 0.0, 1.0],
                [0.823405, 0.0, -0.567454, -5e-06, -0.567454, 0.0, -0.823405, 0.000946, 0.0, 1.0, 0.0, 0.377058, 0.0, 0.0, 0.0, 1.0],
                [0.823405, 0.0, -0.567454, -5e-06, -0.567454, 0.0, -0.823405, 0.000946, 0.0, 1.0, 0.0, 0.377135, 0.0, 0.0, 0.0, 1.0],
                [0.823405, 0.0, -0.567454, -5e-06, -0.567454, 0.0, -0.823405, 0.000946, 0.0, 1.0, 0.0, 0.377214, 0.0, 0.0, 0.0, 1.0],
                [0.823405, 0.0, -0.567454, -5e-06, -0.567454, 0.0, -0.823405, 0.000946, 0.0, 1.0, 0.0, 0.377293, 0.0, 0.0, 0.0, 1.0],
                [0.823405, 0.0, -0.567454, -5e-06, -0.567454, 0.0, -0.823405, 0.000946, 0.0, 1.0, 0.0, 0.377372, 0.0, 0.0, 0.0, 1.0],
                [0.823405, 0.0, -0.567454, -5e-06, -0.567454, 0.0, -0.823405, 0.000946, 0.0, 1.0, 0.0, 0.377452, 0.0, 0.0, 0.0, 1.0],
                [0.823405, 0.0, -0.567454, -5e-06, -0.567454, 0.0, -0.823405, 0.000946, 0.0, 1.0, 0.0, 0.377532, 0.0, 0.0, 0.0, 1.0],
                [0.823405, 0.0, -0.567454, -5e-06, -0.567454, 0.0, -0.823405, 0.000946, 0.0, 1.0, 0.0, 0.377612, 0.0, 0.0, 0.0, 1.0],
                [0.823405, 0.0, -0.567454, -5e-06, -0.567454, 0.0, -0.823405, 0.000946, 0.0, 1.0, 0.0, 0.377691, 0.0, 0.0, 0.0, 1.0],
                [0.823405, 0.0, -0.567454, -5e-06, -0.567454, 0.0, -0.823405, 0.000946, 0.0, 1.0, 0.0, 0.37777, 0.0, 0.0, 0.0, 1.0],
                [0.823405, 0.0, -0.567454, -5e-06, -0.567454, 0.0, -0.823405, 0.000946, 0.0, 1.0, 0.0, 0.377847, 0.0, 0.0, 0.0, 1.0],
                [0.823405, 0.0, -0.567454, -5e-06, -0.567454, 0.0, -0.823405, 0.000946, 0.0, 1.0, 0.0, 0.377923, 0.0, 0.0, 0.0, 1.0],
                [0.823405, 0.0, -0.567454, -5e-06, -0.567454, 0.0, -0.823405, 0.000946, 0.0, 1.0, 0.0, 0.377997, 0.0, 0.0, 0.0, 1.0],
                [0.823405, 0.0, -0.567454, -5e-06, -0.567454, 0.0, -0.823405, 0.000946, 0.0, 1.0, 0.0, 0.37807, 0.0, 0.0, 0.0, 1.0],
                [0.823405, 0.0, -0.567454, -5e-06, -0.567454, 0.0, -0.823405, 0.000946, 0.0, 1.0, 0.0, 0.37814, 0.0, 0.0, 0.0, 1.0],
                [0.823405, 0.0, -0.567454, -5e-06, -0.567454, 0.0, -0.823405, 0.000946, 0.0, 1.0, 0.0, 0.378209, 0.0, 0.0, 0.0, 1.0],
                [0.823405, 0.0, -0.567454, -5e-06, -0.567454, 0.0, -0.823405, 0.000946, 0.0, 1.0, 0.0, 0.378275, 0.0, 0.0, 0.0, 1.0],
                [0.823405, 0.0, -0.567454, -5e-06, -0.567454, 0.0, -0.823405, 0.000946, 0.0, 1.0, 0.0, 0.378338, 0.0, 0.0, 0.0, 1.0],
                [0.823405, 0.0, -0.567454, -5e-06, -0.567454, 0.0, -0.823405, 0.000946, 0.0, 1.0, 0.0, 0.378399, 0.0, 0.0, 0.0, 1.0],
                [0.823405, 0.0, -0.567454, -5e-06, -0.567454, 0.0, -0.823405, 0.000946, 0.0, 1.0, 0.0, 0.378456, 0.0, 0.0, 0.0, 1.0],
                [0.823405, 0.0, -0.567454, -5e-06, -0.567454, 0.0, -0.823405, 0.000946, 0.0, 1.0, 0.0, 0.378511, 0.0, 0.0, 0.0, 1.0],
                [0.823405, 0.0, -0.567454, -5e-06, -0.567454, 0.0, -0.823405, 0.000946, 0.0, 1.0, 0.0, 0.378563, 0.0, 0.0, 0.0, 1.0],
                [0.823405, 0.0, -0.567454, -5e-06, -0.567454, 0.0, -0.823405, 0.000946, 0.0, 1.0, 0.0, 0.378611, 0.0, 0.0, 0.0, 1.0],
                [0.823405, 0.0, -0.567454, -5e-06, -0.567454, 0.0, -0.823405, 0.000946, 0.0, 1.0, 0.0, 0.378656, 0.0, 0.0, 0.0, 1.0],
                [0.823405, 0.0, -0.567454, -5e-06, -0.567454, 0.0, -0.823405, 0.000946, 0.0, 1.0, 0.0, 0.378697, 0.0, 0.0, 0.0, 1.0],
                [0.823405, 0.0, -0.567454, -5e-06, -0.567454, 0.0, -0.823405, 0.000946, 0.0, 1.0, 0.0, 0.378735, 0.0, 0.0, 0.0, 1.0],
                [0.823405, 0.0, -0.567454, -5e-06, -0.567454, 0.0, -0.823405, 0.000946, 0.0, 1.0, 0.0, 0.378769, 0.0, 0.0, 0.0, 1.0],
                [0.823405, 0.0, -0.567454, -5e-06, -0.567454, 0.0, -0.823405, 0.000946, 0.0, 1.0, 0.0, 0.3788, 0.0, 0.0, 0.0, 1.0],
                [0.823405, 0.0, -0.567454, -5e-06, -0.567454, 0.0, -0.823405, 0.000946, 0.0, 1.0, 0.0, 0.378827, 0.0, 0.0, 0.0, 1.0],
                [0.823405, 0.0, -0.567454, -5e-06, -0.567454, 0.0, -0.823405, 0.000946, 0.0, 1.0, 0.0, 0.378851, 0.0, 0.0, 0.0, 1.0],
                [0.823405, 0.0, -0.567454, -5e-06, -0.567454, 0.0, -0.823405, 0.000946, 0.0, 1.0, 0.0, 0.378871, 0.0, 0.0, 0.0, 1.0],
                [0.823405, 0.0, -0.567454, -5e-06, -0.567454, 0.0, -0.823405, 0.000946, 0.0, 1.0, 0.0, 0.378887, 0.0, 0.0, 0.0, 1.0],
                [0.823405, 0.0, -0.567454, -5e-06, -0.567454, 0.0, -0.823405, 0.000946, 0.0, 1.0, 0.0, 0.3789, 0.0, 0.0, 0.0, 1.0],
                [0.823405, 0.0, -0.567454, -5e-06, -0.567454, 0.0, -0.823405, 0.000946, 0.0, 1.0, 0.0, 0.378909, 0.0, 0.0, 0.0, 1.0],
                [0.823405, 0.0, -0.567454, -5e-06, -0.567454, 0.0, -0.823405, 0.000946, 0.0, 1.0, 0.0, 0.378914, 0.0, 0.0, 0.0, 1.0],
                [0.823405, 0.0, -0.567454, -5e-06, -0.567454, 0.0, -0.823405, 0.000946, 0.0, 1.0, 0.0, 0.378916, 0.0, 0.0, 0.0, 1.0]
            ]
        },
        {
            "name": "Thigh_R",
            "time": [0.0, 0.0167, 0.0333, 0.05, 0.0667, 0.0833, 0.1, 0.1167, 0.1333, 0.15, 0.1667, 0.1833, 0.2, 0.2167, 0.2333, 0.25, 0.2667, 0.2833, 0.3, 0.3167, 0.3333, 0.35, 0.3667, 0.3833, 0.4, 0.4167, 0.4333, 0.45, 0.4667, 0.4833, 0.5, 0.5167, 0.5333, 0.55, 0.5667, 0.5833, 0.6, 0.6167, 0.6333, 0.65, 0.6667, 0.6833, 0.7, 0.7167, 0.7333, 0.75, 0.7667, 0.7833, 0.8, 0.8167, 0.8333, 0.85, 0.8667, 0.8833, 0.9, 0.9167, 0.9333, 0.95, 0.9667, 0.9833, 1.0, 1.0167, 1.0333, 1.05, 1.0667, 1.0833, 1.1, 1.1167, 1.1333, 1.15, 1.1667, 1.1833, 1.2, 1.2167, 1.2333, 1.25, 1.2667, 1.2833, 1.3, 1.3167, 1.3333, 1.35, 1.3667, 1.3833, 1.4, 1.4167, 1.4333, 1.45, 1.4667, 1.4833, 1.5, 1.5167, 1.5333, 1.55, 1.5667, 1.5833, 1.6, 1.6167, 1.6333, 1.65, 1.6667, 1.6833, 1.7, 1.7167, 1.7333, 1.75, 1.7667, 1.7833, 1.8, 1.8167, 1.8333, 1.85, 1.8667, 1.8833, 1.9, 1.9167, 1.9333, 1.95, 1.9667, 1.9833, 2.0],
            "transform": [
                [0.788309, 0.581931, -0.199812, 0.124994, 0.606615, -0.680774, 0.410566, -0.002831, 0.102894, -0.444862, -0.889669, -1.2e-05, 0.0, 0.0, 0.0, 1.0],
                [0.788307, 0.581934, -0.199813, 0.124994, 0.606617, -0.680772, 0.410567, -0.002831, 0.102896, -0.444863, -0.889668, -1.2e-05, 0.0, 0.0, 0.0, 1.0],
                [0.788301, 0.581941, -0.199816, 0.124994, 0.606624, -0.680764, 0.410569, -0.002831, 0.102899, -0.444865, -0.889667, -1.2e-05, 0.0, 0.0, 0.0, 1.0],
                [0.788291, 0.581952, -0.19982, 0.124994, 0.606636, -0.680752, 0.410573, -0.002831, 0.102906, -0.444869, -0.889664, -1.2e-05, 0.0, 0.0, 0.0, 1.0],
                [0.788277, 0.581969, -0.199827, 0.124994, 0.606652, -0.680734, 0.410578, -0.002831, 0.102915, -0.444875, -0.88966, -1.2e-05, 0.0, 0.0, 0.0, 1.0],
                [0.78826, 0.58199, -0.199836, 0.124994, 0.606673, -0.680711, 0.410585, -0.002831, 0.102926, -0.444882, -0.889655, -1.2e-05, 0.0, 0.0, 0.0, 1.0],
                [0.788238, 0.582016, -0.199846, 0.124994, 0.606699, -0.680683, 0.410593, -0.002831, 0.10294, -0.444892, -0.889649, -1.2e-05, 0.0, 0.0, 0.0, 1.0],
                [0.788212, 0.582046, -0.199858, 0.124994, 0.60673, -0.68065, 0.410603, -0.002831, 0.102956, -0.444902, -0.889642, -1.2e-05, 0.0, 0.0, 0.0, 1.0],
                [0.788183, 0.582081, -0.199873, 0.124994, 0.606765, -0.680611, 0.410614, -0.002831, 0.102975, -0.444915, -0.889633, -1.2e-05, 0.0, 0.0, 0.0, 1.0],
                [0.788149, 0.582121, -0.199889, 0.124994, 0.606805, -0.680568, 0.410627, -0.002831, 0.102997, -0.444929, -0.889623, -1.2e-05, 0.0, 0.0, 0.0, 1.0],
                [0.788111, 0.582166, -0.199907, 0.124994, 0.60685, -0.68052, 0.410641, -0.002831, 0.103021, -0.444945, -0.889613, -1.2e-05, 0.0, 0.0, 0.0, 1.0],
                [0.78807, 0.582215, -0.199927, 0.124994, 0.606899, -0.680466, 0.410657, -0.002831, 0.103047, -0.444962, -0.889601, -1.2e-05, 0.0, 0.0, 0.0, 1.0],
                [0.788025, 0.582269, -0.199949, 0.124994, 0.606953, -0.680408, 0.410674, -0.002831, 0.103076, -0.444981, -0.889588, -1.2e-05, 0.0, 0.0, 0.0, 1.0],
                [0.787976, 0.582327, -0.199972, 0.124994, 0.607011, -0.680344, 0.410693, -0.002831, 0.103108, -0.445002, -0.889574, -1.2e-05, 0.0, 0.0, 0.0, 1.0],
                [0.787923, 0.582389, -0.199998, 0.124994, 0.607074, -0.680276, 0.410713, -0.002831, 0.103141, -0.445024, -0.889559, -1.2e-05, 0.0, 0.0, 0.0, 1.0],
                [0.787867, 0.582456, -0.200025, 0.124994, 0.60714, -0.680204, 0.410735, -0.002831, 0.103177, -0.445047, -0.889543, -1.2e-05, 0.0, 0.0, 0.0, 1.0],
                [0.787807, 0.582527, -0.200053, 0.124994, 0.607212, -0.680127, 0.410757, -0.002831, 0.103216, -0.445072, -0.889526, -1.2e-05, 0.0, 0.0, 0.0, 1.0],
                [0.787744, 0.582602, -0.200084, 0.124994, 0.607287, -0.680045, 0.410781, -0.002831, 0.103256, -0.445099, -0.889508, -1.2e-05, 0.0, 0.0, 0.0, 1.0],
                [0.787678, 0.582681, -0.200116, 0.124994, 0.607365, -0.67996, 0.410806, -0.002831, 0.103298, -0.445126, -0.88949, -1.2e-05, 0.0, 0.0, 0.0, 1.0],
                [0.787609, 0.582763, -0.200149, 0.124994, 0.607448, -0.67987, 0.410833, -0.002831, 0.103343, -0.445155, -0.88947, -1.2e-05, 0.0, 0.0, 0.0, 1.0],
                [0.787536, 0.582849, -0.200184, 0.124994, 0.607533, -0.679777, 0.41086, -0.002831, 0.103389, -0.445185, -0.88945, -1.2e-05, 0.0, 0.0, 0.0, 1.0],
                [0.787461, 0.582937, -0.20022, 0.124994, 0.607622, -0.679681, 0.410888, -0.002831, 0.103437, -0.445217, -0.889428, -1.2e-05, 0.0, 0.0, 0.0, 1.0],
                [0.787384, 0.583029, -0.200257, 0.124994, 0.607714, -0.679581, 0.410917, -0.002831, 0.103486, -0.445249, -0.889407, -1.2e-05, 0.0, 0.0, 0.0, 1.0],
                [0.787305, 0.583124, -0.200295, 0.124994, 0.607808, -0.679478, 0.410947, -0.002831, 0.103537, -0.445282, -0.889384, -1.2e-05, 0.0, 0.0, 0.0, 1.0],
                [0.787223, 0.58322, -0.200334, 0.124994, 0.607905, -0.679373, 0.410978, -0.002831, 0.103589, -0.445316, -0.889361, -1.2e-05, 0.0, 0.0, 0.0, 1.0],
                [0.787139, 0.583319, -0.200374, 0.124994, 0.608004, -0.679266, 0.411009, -0.002831, 0.103643, -0.44535, -0.889338, -1.2e-05, 0.0, 0.0, 0.0, 1.0],
                [0.787055, 0.58342, -0.200415, 0.124994, 0.608105, -0.679156, 0.411041, -0.002831, 0.103697, -0.445385, -0.889314, -1.2e-05, 0.0, 0.0, 0.0, 1.0],
                [0.786969, 0.583522, -0.200456, 0.124994, 0.608207, -0.679045, 0.411074, -0.002831, 0.103752, -0.445421, -0.88929, -1.2e-05, 0.0, 0.0, 0.0, 1.0],
                [0.786882, 0.583624, -0.200497, 0.124994, 0.60831, -0.678933, 0.411106, -0.002831, 0.103807, -0.445457, -0.889265, -1.2e-05, 0.0, 0.0, 0.0, 1.0],
                [0.786794, 0.583728, -0.200539, 0.124994, 0.608414, -0.67882, 0.411139, -0.002831, 0.103863, -0.445493, -0.889241, -1.2e-05, 0.0, 0.0, 0.0, 1.0],
                [0.786706, 0.583832, -0.200581, 0.124994, 0.608518, -0.678707, 0.411172, -0.002831, 0.103919, -0.445529, -0.889216, -1.2e-05, 0.0, 0.0, 0.0, 1.0],
                [0.786618, 0.583937, -0.200624, 0.124994, 0.608622, -0.678594, 0.411205, -0.002831, 0.103976, -0.445565, -0.889191, -1.2e-05, 0.0, 0.0, 0.0, 1.0],
                [0.78653, 0.58404, -0.200665, 0.124994, 0.608726, -0.678481, 0.411237, -0.002831, 0.104032, -0.445601, -0.889167, -1.2e-05, 0.0, 0.0, 0.0, 1.0],
                [0.786443, 0.584144, -0.200707, 0.124994, 0.608829, -0.678369, 0.41127, -0.002831, 0.104087, -0.445637, -0.889142, -1.2e-05, 0.0, 0.0, 0.0, 1.0],
                [0.786357, 0.584246, -0.200748, 0.124994, 0.608931, -0.678257, 0.411302, -0.002831, 0.104142, -0.445672, -0.889118, -1.2e-05, 0.0, 0.0, 0.0, 1.0],
                [0.786271, 0.584346, -0.200789, 0.124994, 0.609032, -0.678148, 0.411333, -0.002831, 0.104197, -0.445707, -0.889094, -1.2e-05, 0.0, 0.0, 0.0, 1.0],
                [0.786187, 0.584445, -0.200829, 0.124994, 0.609131, -0.67804, 0.411365, -0.002831, 0.10425, -0.445741, -0.889071, -1.2e-05, 0.0, 0.0, 0.0, 1.0],
                [0.786105, 0.584542, -0.200868, 0.124994, 0.609228, -0.677934, 0.411395, -0.002831, 0.104302, -0.445774, -0.889048, -1.2e-05, 0.0, 0.0, 0.0, 1.0],
                [0.786025, 0.584637, -0.200906, 0.124994, 0.609323, -0.677831, 0.411425, -0.002831, 0.104354, -0.445807, -0.889026, -1.2e-05, 0.0, 0.0, 0.0, 1.0],
                [0.785947, 0.584729, -0.200943, 0.124994, 0.609415, -0.677731, 0.411453, -0.002831, 0.104403, -0.445839, -0.889004, -1.2e-05, 0.0, 0.0, 0.0, 1.0],
                [0.785871, 0.584819, -0.20098, 0.124994, 0.609504, -0.677634, 0.411481, -0.002831, 0.104451, -0.445869, -0.888983, -1.2e-05, 0.0, 0.0, 0.0, 1.0],
                [0.785798, 0.584905, -0.201014, 0.124994, 0.60959, -0.67754, 0.411508, -0.002831, 0.104498, -0.445899, -0.888963, -1.2e-05, 0.0, 0.0, 0.0, 1.0],
                [0.785728, 0.584987, -0.201048, 0.124994, 0.609673, -0.67745, 0.411534, -0.002831, 0.104542, -0.445927, -0.888943, -1.2e-05, 0.0, 0.0, 0.0, 1.0],
                [0.785661, 0.585067, -0.201079, 0.124994, 0.609752, -0.677364, 0.411558, -0.002831, 0.104585, -0.445954, -0.888924, -1.2e-05, 0.0, 0.0, 0.0, 1.0],
                [0.785597, 0.585142, -0.20111, 0.124994, 0.609828, -0.677281, 0.411582, -0.002831, 0.104626, -0.44598, -0.888907, -1.2e-05, 0.0, 0.0, 0.0, 1.0],
                [0.785537, 0.585213, -0.201139, 0.124994, 0.609899, -0.677204, 0.411604, -0.002831, 0.104664, -0.446005, -0.88889, -1.2e-05, 0.0, 0.0, 0.0, 1.0],
                [0.78548, 0.585281, -0.201166, 0.124994, 0.609966, -0.67713, 0.411625, -0.002831, 0.104701, -0.446028, -0.888874, -1.2e-05, 0.0, 0.0, 0.0, 1.0],
                [0.785426, 0.585344, -0.201191, 0.124994, 0.610029, -0.677062, 0.411645, -0.002831, 0.104735, -0.446049, -0.888859, -1.2e-05, 0.0, 0.0, 0.0, 1.0],
                [0.785376, 0.585402, -0.201215, 0.124994, 0.610088, -0.676998, 0.411663, -0.002831, 0.104766, -0.446069, -0.888846, -1.2e-05, 0.0, 0.0, 0.0, 1.0],
                [0.785331, 0.585457, -0.201237, 0.124994, 0.610142, -0.676939, 0.411679, -0.002831, 0.104796, -0.446088, -0.888833, -1.2e-05, 0.0, 0.0, 0.0, 1.0],
                [0.785288, 0.585506, -0.201257, 0.124994, 0.610192, -0.676885, 0.411695, -0.002831, 0.104822, -0.446104, -0.888821, -1.2e-05, 0.0, 0.0, 0.0, 1.0],
                [0.78525, 0.585551, -0.201275, 0.124994, 0.610237, -0.676836, 0.411709, -0.002831, 0.104847, -0.44612, -0.888811, -1.2e-05, 0.0, 0.0, 0.0, 1.0],
                [0.785216, 0.585591, -0.201291, 0.124994, 0.610277, -0.676792, 0.411721, -0.002831, 0.104868, -0.446133, -0.888801, -1.2e-05, 0.0, 0.0, 0.0, 1.0],
                [0.785186, 0.585627, -0.201305, 0.124994, 0.610313, -0.676753, 0.411732, -0.002831, 0.104888, -0.446145, -0.888793, -1.2e-05, 0.0, 0.0, 0.0, 1.0],
                [0.78516, 0.585658, -0.201318, 0.124994, 0.610343, -0.67672, 0.411742, -0.002831, 0.104904, -0.446156, -0.888786, -1.2e-05, 0.0, 0.0, 0.0, 1.0],
                [0.785138, 0.585684, -0.201328, 0.124994, 0.610369, -0.676691, 0.41175, -0.002831, 0.104918, -0.446165, -0.88878, -1.2e-05, 0.0, 0.0, 0.0, 1.0],
                [0.785119, 0.585705, -0.201337, 0.124994, 0.610391, -0.676668, 0.411756, -0.002831, 0.10493, -0.446172, -0.888775, -1.2e-05, 0.0, 0.0, 0.0, 1.0],
                [0.785105, 0.585722, -0.201343, 0.124994, 0.610407, -0.67665, 0.411761, -0.002831, 0.104939, -0.446178, -0.888771, -1.2e-05, 0.0, 0.0, 0.0, 1.0],
                [0.785096, 0.585733, -0.201348, 0.124994, 0.610419, -0.676637, 0.411765, -0.002831, 0.104945, -0.446182, -0.888768, -1.2e-05, 0.0, 0.0, 0.0, 1.0],
                [0.78509, 0.58574, -0.201351, 0.124994, 0.610426, -0.67663, 0.411767, -0.002831, 0.104949, -0.446184, -0.888766, -1.2e-05, 0.0, 0.0, 0.0, 1.0],
                [0.785087, 0.585743, -0.201352, 0.124994, 0.610428, -0.676627, 0.411768, -0.002831, 0.10495, -0.446185, -0.888766, -1.2e-05, 0.0, 0.0, 0.0, 1.0],
                [0.785089, 0.58574, -0.201351, 0.124994, 0.610426, -0.67663, 0.411767, -0.002831, 0.104949, -0.446184, -0.888766, -1.2e-05, 0.0, 0.0, 0.0, 1.0],
                [0.785096, 0.585733, -0.201348, 0.124994, 0.610419, -0.676637, 0.411765, -0.002831, 0.104945, -0.446182, -0.888768, -1.2e-05, 0.0, 0.0, 0.0, 1.0],
                [0.785105, 0.585722, -0.201343, 0.124994, 0.610407, -0.67665, 0.411761, -0.002831, 0.104939, -0.446178, -0.888771, -1.2e-05, 0.0, 0.0, 0.0, 1.0],
                [0.785119, 0.585705, -0.201337, 0.124994, 0.610391, -0.676668, 0.411756, -0.002831, 0.10493, -0.446172, -0.888775, -1.2e-05, 0.0, 0.0, 0.0, 1.0],
                [0.785138, 0.585684, -0.201328, 0.124994, 0.610369, -0.676691, 0.41175, -0.002831, 0.104918, -0.446165, -0.88878, -1.2e-05, 0.0, 0.0, 0.0, 1.0],
                [0.78516, 0.585658, -0.201318, 0.124994, 0.610343, -0.67672, 0.411742, -0.002831, 0.104904, -0.446156, -0.888786, -1.2e-05, 0.0, 0.0, 0.0, 1.0],
                [0.785186, 0.585627, -0.201305, 0.124994, 0.610313, -0.676753, 0.411732, -0.002831, 0.104888, -0.446146, -0.888793, -1.2e-05, 0.0, 0.0, 0.0, 1.0],
                [0.785216, 0.585591, -0.201291, 0.124994, 0.610277, -0.676792, 0.411721, -0.002831, 0.104868, -0.446133, -0.888801, -1.2e-05, 0.0, 0.0, 0.0, 1.0],
                [0.78525, 0.585551, -0.201275, 0.124994, 0.610237, -0.676836, 0.411709, -0.002831, 0.104847, -0.44612, -0.888811, -1.2e-05, 0.0, 0.0, 0.0, 1.0],
                [0.785288, 0.585506, -0.201257, 0.124994, 0.610192, -0.676885, 0.411695, -0.002831, 0.104822, -0.446104, -0.888821, -1.2e-05, 0.0, 0.0, 0.0, 1.0],
                [0.785331, 0.585457, -0.201237, 0.124994, 0.610142, -0.676939, 0.411679, -0.002831, 0.104796, -0.446087, -0.888833, -1.2e-05, 0.0, 0.0, 0.0, 1.0],
                [0.785376, 0.585402, -0.201215, 0.124994, 0.610088, -0.676998, 0.411663, -0.002831, 0.104766, -0.446069, -0.888846, -1.2e-05, 0.0, 0.0, 0.0, 1.0],
                [0.785426, 0.585344, -0.201191, 0.124994, 0.610029, -0.677062, 0.411645, -0.002831, 0.104735, -0.446049, -0.888859, -1.2e-05, 0.0, 0.0, 0.0, 1.0],
                [0.78548, 0.585281, -0.201166, 0.124994, 0.609966, -0.67713, 0.411625, -0.002831, 0.104701, -0.446028, -0.888874, -1.2e-05, 0.0, 0.0, 0.0, 1.0],
                [0.785537, 0.585213, -0.201139, 0.124994, 0.609899, -0.677204, 0.411604, -0.002831, 0.104664, -0.446005, -0.88889, -1.2e-05, 0.0, 0.0, 0.0, 1.0],
                [0.785597, 0.585142, -0.20111, 0.124994, 0.609828, -0.677281, 0.411582, -0.002831, 0.104626, -0.44598, -0.888907, -1.2e-05, 0.0, 0.0, 0.0, 1.0],
                [0.785661, 0.585067, -0.201079, 0.124994, 0.609752, -0.677364, 0.411558, -0.002831, 0.104585, -0.445954, -0.888924, -1.2e-05, 0.0, 0.0, 0.0, 1.0],
                [0.785728, 0.584987, -0.201048, 0.124994, 0.609673, -0.67745, 0.411534, -0.002831, 0.104542, -0.445927, -0.888943, -1.2e-05, 0.0, 0.0, 0.0, 1.0],
                [0.785798, 0.584905, -0.201014, 0.124994, 0.60959, -0.67754, 0.411508, -0.002831, 0.104498, -0.445899, -0.888963, -1.2e-05, 0.0, 0.0, 0.0, 1.0],
                [0.785871, 0.584819, -0.20098, 0.124994, 0.609504, -0.677634, 0.411481, -0.002831, 0.104451, -0.445869, -0.888983, -1.2e-05, 0.0, 0.0, 0.0, 1.0],
                [0.785947, 0.584729, -0.200944, 0.124994, 0.609415, -0.677731, 0.411453, -0.002831, 0.104403, -0.445839, -0.889004, -1.2e-05, 0.0, 0.0, 0.0, 1.0],
                [0.786025, 0.584637, -0.200906, 0.124994, 0.609323, -0.677831, 0.411425, -0.002831, 0.104354, -0.445807, -0.889026, -1.2e-05, 0.0, 0.0, 0.0, 1.0],
                [0.786105, 0.584542, -0.200868, 0.124994, 0.609228, -0.677934, 0.411395, -0.002831, 0.104302, -0.445774, -0.889048, -1.2e-05, 0.0, 0.0, 0.0, 1.0],
                [0.786187, 0.584445, -0.200829, 0.124994, 0.609131, -0.67804, 0.411365, -0.002831, 0.10425, -0.445741, -0.889071, -1.2e-05, 0.0, 0.0, 0.0, 1.0],
                [0.786271, 0.584346, -0.200789, 0.124994, 0.609032, -0.678148, 0.411333, -0.002831, 0.104197, -0.445707, -0.889094, -1.2e-05, 0.0, 0.0, 0.0, 1.0],
                [0.786357, 0.584246, -0.200748, 0.124994, 0.608931, -0.678257, 0.411302, -0.002831, 0.104142, -0.445672, -0.889118, -1.2e-05, 0.0, 0.0, 0.0, 1.0],
                [0.786443, 0.584144, -0.200707, 0.124994, 0.608829, -0.678369, 0.41127, -0.002831, 0.104087, -0.445637, -0.889142, -1.2e-05, 0.0, 0.0, 0.0, 1.0],
                [0.78653, 0.58404, -0.200666, 0.124994, 0.608726, -0.678481, 0.411237, -0.002831, 0.104032, -0.445601, -0.889167, -1.2e-05, 0.0, 0.0, 0.0, 1.0],
                [0.786618, 0.583937, -0.200624, 0.124994, 0.608622, -0.678594, 0.411205, -0.002831, 0.103976, -0.445565, -0.889191, -1.2e-05, 0.0, 0.0, 0.0, 1.0],
                [0.786706, 0.583832, -0.200581, 0.124994, 0.608518, -0.678707, 0.411172, -0.002831, 0.103919, -0.445529, -0.889216, -1.2e-05, 0.0, 0.0, 0.0, 1.0],
                [0.786794, 0.583728, -0.200539, 0.124994, 0.608414, -0.67882, 0.411139, -0.002831, 0.103863, -0.445493, -0.889241, -1.2e-05, 0.0, 0.0, 0.0, 1.0],
                [0.786882, 0.583624, -0.200497, 0.124994, 0.60831, -0.678933, 0.411106, -0.002831, 0.103807, -0.445457, -0.889265, -1.2e-05, 0.0, 0.0, 0.0, 1.0],
                [0.786969, 0.583522, -0.200456, 0.124994, 0.608207, -0.679045, 0.411074, -0.002831, 0.103752, -0.445421, -0.88929, -1.2e-05, 0.0, 0.0, 0.0, 1.0],
                [0.787055, 0.58342, -0.200415, 0.124994, 0.608105, -0.679156, 0.411041, -0.002831, 0.103697, -0.445385, -0.889314, -1.2e-05, 0.0, 0.0, 0.0, 1.0],
                [0.787139, 0.583319, -0.200374, 0.124994, 0.608004, -0.679266, 0.411009, -0.002831, 0.103643, -0.44535, -0.889338, -1.2e-05, 0.0, 0.0, 0.0, 1.0],
                [0.787223, 0.58322, -0.200334, 0.124994, 0.607905, -0.679373, 0.410978, -0.002831, 0.103589, -0.445316, -0.889361, -1.2e-05, 0.0, 0.0, 0.0, 1.0],
                [0.787305, 0.583124, -0.200295, 0.124994, 0.607808, -0.679478, 0.410947, -0.002831, 0.103537, -0.445282, -0.889384, -1.2e-05, 0.0, 0.0, 0.0, 1.0],
                [0.787384, 0.583029, -0.200257, 0.124994, 0.607714, -0.679581, 0.410917, -0.002831, 0.103486, -0.445249, -0.889407, -1.2e-05, 0.0, 0.0, 0.0, 1.0],
                [0.787461, 0.582937, -0.20022, 0.124994, 0.607622, -0.679681, 0.410888, -0.002831, 0.103437, -0.445217, -0.889428, -1.2e-05, 0.0, 0.0, 0.0, 1.0],
                [0.787536, 0.582849, -0.200184, 0.124994, 0.607533, -0.679777, 0.41086, -0.002831, 0.103389, -0.445185, -0.88945, -1.2e-05, 0.0, 0.0, 0.0, 1.0],
                [0.787609, 0.582763, -0.200149, 0.124994, 0.607448, -0.67987, 0.410833, -0.002831, 0.103343, -0.445155, -0.88947, -1.2e-05, 0.0, 0.0, 0.0, 1.0],
                [0.787678, 0.582681, -0.200116, 0.124994, 0.607365, -0.67996, 0.410806, -0.002831, 0.103298, -0.445126, -0.88949, -1.2e-05, 0.0, 0.0, 0.0, 1.0],
                [0.787744, 0.582602, -0.200084, 0.124994, 0.607287, -0.680045, 0.410781, -0.002831, 0.103256, -0.445099, -0.889508, -1.2e-05, 0.0, 0.0, 0.0, 1.0],
                [0.787807, 0.582527, -0.200053, 0.124994, 0.607212, -0.680127, 0.410757, -0.002831, 0.103216, -0.445072, -0.889526, -1.2e-05, 0.0, 0.0, 0.0, 1.0],
                [0.787867, 0.582456, -0.200025, 0.124994, 0.60714, -0.680204, 0.410735, -0.002831, 0.103177, -0.445047, -0.889543, -1.2e-05, 0.0, 0.0, 0.0, 1.0],
                [0.787923, 0.582389, -0.199998, 0.124994, 0.607074, -0.680276, 0.410713, -0.002831, 0.103141, -0.445024, -0.889559, -1.2e-05, 0.0, 0.0, 0.0, 1.0],
                [0.787976, 0.582327, -0.199972, 0.124994, 0.607011, -0.680344, 0.410693, -0.002831, 0.103108, -0.445002, -0.889574, -1.2e-05, 0.0, 0.0, 0.0, 1.0],
                [0.788025, 0.582269, -0.199949, 0.124994, 0.606953, -0.680408, 0.410674, -0.002831, 0.103076, -0.444981, -0.889588, -1.2e-05, 0.0, 0.0, 0.0, 1.0],
                [0.78807, 0.582215, -0.199927, 0.124994, 0.606899, -0.680466, 0.410657, -0.002831, 0.103047, -0.444962, -0.889601, -1.2e-05, 0.0, 0.0, 0.0, 1.0],
                [0.788111, 0.582166, -0.199907, 0.124994, 0.60685, -0.680519, 0.410641, -0.002831, 0.103021, -0.444945, -0.889613, -1.2e-05, 0.0, 0.0, 0.0, 1.0],
                [0.788149, 0.582121, -0.199889, 0.124994, 0.606805, -0.680568, 0.410627, -0.002831, 0.102997, -0.444929, -0.889623, -1.2e-05, 0.0, 0.0, 0.0, 1.0],
                [0.788183, 0.582081, -0.199873, 0.124994, 0.606765, -0.680611, 0.410614, -0.002831, 0.102975, -0.444915, -0.889633, -1.2e-05, 0.0, 0.0, 0.0, 1.0],
                [0.788212, 0.582046, -0.199858, 0.124994, 0.60673, -0.68065, 0.410603, -0.002831, 0.102956, -0.444902, -0.889641, -1.2e-05, 0.0, 0.0, 0.0, 1.0],
                [0.788238, 0.582016, -0.199846, 0.124994, 0.606699, -0.680683, 0.410593, -0.002831, 0.10294, -0.444892, -0.889649, -1.2e-05, 0.0, 0.0, 0.0, 1.0],
                [0.78826, 0.58199, -0.199836, 0.124994, 0.606673, -0.680711, 0.410585, -0.002831, 0.102926, -0.444882, -0.889655, -1.2e-05, 0.0, 0.0, 0.0, 1.0],
                [0.788277, 0.581969, -0.199827, 0.124994, 0.606652, -0.680734, 0.410578, -0.002831, 0.102915, -0.444875, -0.88966, -1.2e-05, 0.0, 0.0, 0.0, 1.0],
                [0.788291, 0.581952, -0.19982, 0.124994, 0.606636, -0.680752, 0.410573, -0.002831, 0.102906, -0.444869, -0.889664, -1.2e-05, 0.0, 0.0, 0.0, 1.0],
                [0.788301, 0.581941, -0.199816, 0.124994, 0.606624, -0.680764, 0.410569, -0.002831, 0.102899, -0.444865, -0.889667, -1.2e-05, 0.0, 0.0, 0.0, 1.0],
                [0.788307, 0.581934, -0.199813, 0.124994, 0.606617, -0.680772, 0.410567, -0.002831, 0.102896, -0.444863, -0.889668, -1.2e-05, 0.0, 0.0, 0.0, 1.0],
                [0.788309, 0.581931, -0.199812, 0.124994, 0.606615, -0.680774, 0.410566, -0.002831, 0.102894, -0.444862, -0.889669, -1.2e-05, 0.0, 0.0, 0.0, 1.0]
            ]
        },
        {
            "name": "Leg_R",
            "time": [0.0, 0.0167, 0.0333, 0.05, 0.0667, 0.0833, 0.1, 0.1167, 0.1333, 0.15, 0.1667, 0.1833, 0.2, 0.2167, 0.2333, 0.25, 0.2667, 0.2833, 0.3, 0.3167, 0.3333, 0.35, 0.3667, 0.3833, 0.4, 0.4167, 0.4333, 0.45, 0.4667, 0.4833, 0.5, 0.5167, 0.5333, 0.55, 0.5667, 0.5833, 0.6, 0.6167, 0.6333, 0.65, 0.6667, 0.6833, 0.7, 0.7167, 0.7333, 0.75, 0.7667, 0.7833, 0.8, 0.8167, 0.8333, 0.85, 0.8667, 0.8833, 0.9, 0.9167, 0.9333, 0.95, 0.9667, 0.9833, 1.0, 1.0167, 1.0333, 1.05, 1.0667, 1.0833, 1.1, 1.1167, 1.1333, 1.15, 1.1667, 1.1833, 1.2, 1.2167, 1.2333, 1.25, 1.2667, 1.2833, 1.3, 1.3167, 1.3333, 1.35, 1.3667, 1.3833, 1.4, 1.4167, 1.4333, 1.45, 1.4667, 1.4833, 1.5, 1.5167, 1.5333, 1.55, 1.5667, 1.5833, 1.6, 1.6167, 1.6333, 1.65, 1.6667, 1.6833, 1.7, 1.7167, 1.7333, 1.75, 1.7667, 1.7833, 1.8, 1.8167, 1.8333, 1.85, 1.8667, 1.8833, 1.9, 1.9167, 1.9333, 1.95, 1.9667, 1.9833, 2.0],
            "transform": [
                [0.9984, -0.03585, -0.043719, 0.0, 0.035963, -0.193965, 0.980349, 0.374721, -0.043626, -0.980353, -0.192366, -0.0, 0.0, 0.0, 0.0, 1.0],
                [0.9984, -0.03585, -0.043719, 0.0, 0.035963, -0.19397, 0.980348, 0.374721, -0.043626, -0.980352, -0.19237, 0.0, 0.0, 0.0, 0.0, 1.0],
                [0.9984, -0.03585, -0.043719, -0.0, 0.035963, -0.193984, 0.980345, 0.374721, -0.043627, -0.98035, -0.192384, -0.0, 0.0, 0.0, 0.0, 1.0],
                [0.9984, -0.03585, -0.04372, 0.0, 0.035963, -0.194007, 0.980341, 0.374721, -0.043627, -0.980345, -0.192407, -0.0, 0.0, 0.0, 0.0, 1.0],
                [0.9984, -0.03585, -0.043721, -0.0, 0.035963, -0.19404, 0.980334, 0.374721, -0.043629, -0.980339, -0.19244, 0.0, 0.0, 0.0, 0.0, 1.0],
                [0.9984, -0.03585, -0.043723, -0.0, 0.035962, -0.194082, 0.980326, 0.374721, -0.04363, -0.98033, -0.192482, -0.0, 0.0, 0.0, 0.0, 1.0],
                [0.9984, -0.035849, -0.043725, -0.0, 0.035962, -0.194134, 0.980316, 0.374721, -0.043632, -0.98032, -0.192534, 0.0, 0.0, 0.0, 0.0, 1.0],
                [0.9984, -0.035849, -0.043727, -0.0, 0.035962, -0.194195, 0.980304, 0.374721, -0.043634, -0.980308, -0.192595, -0.0, 0.0, 0.0, 0.0, 1.0],
