{
    "animation": [
        {
            "name": "Root",
            "time": [0.0, 0.0167, 0.0333, 0.05, 0.0667, 0.0833, 0.1, 0.1167, 0.1333, 0.15, 0.1667, 0.1833, 0.2, 0.2167, 0.2333, 0.25, 0.2667, 0.2833, 0.3, 0.3167, 0.3333, 0.35, 0.3667, 0.3833, 0.4, 0.4167, 0.4333, 0.45, 0.4667, 0.4833, 0.5, 0.5167, 0.5333, 0.55, 0.5667, 0.5833, 0.6, 0.6167, 0.6333, 0.65, 0.6667, 0.6833, 0.7, 0.7167, 0.7333, 0.75, 0.7667, 0.7833, 0.8, 0.8167, 0.8333, 0.85, 0.8667, 0.8833, 0.9, 0.9167, 0.9333, 0.95, 0.9667, 0.9833, 1.0, 1.0167, 1.0333, 1.05, 1.0667, 1.0833, 1.1, 1.1167, 1.1333, 1.15, 1.1667, 1.1833, 1.2, 1.2167, 1.2333, 1.25, 1.2667, 1.2833, 1.3, 1.3167, 1.3333, 1.35, 1.3667, 1.3833, 1.4, 1.4167, 1.4333, 1.45, 1.4667, 1.4833, 1.5, 1.5167, 1.5333, 1.55, 1.5667, 1.5833, 1.6],
            "transform": [
                [1.0, 0.0, -0.0, -5e-06, -0.0, 0.0, -1.0, 0.000946, 0.0, 1.0, 0.0, 0.405239, 0.0, 0.0, 0.0, 1.0],
                [1.0, 0.0, -0.0, -5e-06, -0.0, 0.0, -1.0, 0.000946, 0.0, 1.0, 0.0, 0.405979, 0.0, 0.0, 0.0, 1.0],
                [1.0, 0.0, -0.0, -5e-06, -0.0, 0.0, -1.0, 0.000946, 0.0, 1.0, 0.0, 0.408213, 0.0, 0.0, 0.0, 1.0],
                [1.0, 0.0, -0.0, -5e-06, -0.0, 0.0, -1.0, 0.000946, 0.0, 1.0, 0.0, 0.411896, 0.0, 0.0, 0.0, 1.0],
                [1.0, 0.0, -0.0, -5e-06, -0.0, 0.0, -1.0, 0.000946, 0.0, 1.0, 0.0, 0.416867, 0.0, 0.0, 0.0, 1.0],
                [1.0, 0.0, -0.0, -5e-06, -0.0, 0.0, -1.0, 0.000946, 0.0, 1.0, 0.0, 0.42282, 0.0, 0.0, 0.0, 1.0],
                [1.0, 0.0, -0.0, -5e-06, -0.0, 0.0, -1.0, 0.000946, 0.0, 1.0, 0.0, 0.429309, 0.0, 0.0, 0.0, 1.0],
                [1.0, 0.0, -0.0, -5e-06, -0.0, 0.0, -1.0, 0.000946, 0.0, 1.0, 0.0, 0.435797, 0.0, 0.0, 0.0, 1.0],
                [1.0, 0.0, -0.0, -5e-06, -0.0, 0.0, -1.0, 0.000946, 0.0, 1.0, 0.0, 0.44175, 0.0, 0.0, 0.0, 1.0],
                [1.0, 0.0, -0.0, -5e-06, -0.0, 0.0, -1.0, 0.000946, 0.0, 1.0, 0.0, 0.446721, 0.0, 0.0, 0.0, 1.0],
                [1.0, 0.0, -0.0, -5e-06, -0.0, 0.0, -1.0, 0.000946, 0.0, 1.0, 0.0, 0.450404, 0.0, 0.0, 0.0, 1.0],
                [1.0, 0.0, -0.0, -5e-06, -0.0, 0.0, -1.0, 0.000946, 0.0, 1.0, 0.0, 0.452638, 0.0, 0.0, 0.0, 1.0],
                [1.0, 0.0, -0.0, -5e-06, -0.0, 0.0, -1.0, 0.000946, 0.0, 1.0, 0.0, 0.453378, 0.0, 0.0, 0.0, 1.0],
                [1.0, 0.0, -0.0, -5e-06, -0.0, 0.0, -1.0, 0.000946, 0.0, 1.0, 0.0, 0.453212, 0.0, 0.0, 0.0, 1.0],
                [1.0, 0.0, -0.0, -5e-06, -0.0, 0.0, -1.0, 0.000946, 0.0, 1.0, 0.0, 0.452711, 0.0, 0.0, 0.0, 1.0],
                [1.0, 0.0, -0.0, -5e-06, -0.0, 0.0, -1.0, 0.000946, 0.0, 1.0, 0.0, 0.451873, 0.0, 0.0, 0.0, 1.0],
                [1.0, 0.0, -0.0, -5e-06, -0.0, 0.0, -1.0, 0.000946, 0.0, 1.0, 0.0, 0.450699, 0.0, 0.0, 0.0, 1.0],
                [1.0, 0.0, -0.0, -5e-06, -0.0, 0.0, -1.0, 0.000946, 0.0, 1.0, 0.0, 0.449197, 0.0, 0.0, 0.0, 1.0],
                [1.0, 0.0, -0.0, -5e-06, -0.0, 0.0, -1.0, 0.000946, 0.0, 1.0, 0.0, 0.44738, 0.0, 0.0, 0.0, 1.0],
                [1.0, 0.0, -0.0, -5e-06, -0.0, 0.0, -1.0, 0.000946, 0.0, 1.0, 0.0, 0.445272, 0.0, 0.0, 0.0, 1.0],
                [1.0, 0.0, -0.0, -5e-06, -0.0, 0.0, -1.0, 0.000946, 0.0, 1.0, 0.0, 0.442901, 0.0, 0.0, 0.0, 1.0],
                [1.0, 0.0, -0.0, -5e-06, -0.0, 0.0, -1.0, 0.000946, 0.0, 1.0, 0.0, 0.440308, 0.0, 0.0, 0.0, 1.0],
                [1.0, 0.0, -0.0, -5e-06, -0.0, 0.0, -1.0, 0.000946, 0.0, 1.0, 0.0, 0.437538, 0.0, 0.0, 0.0, 1.0],
                [1.0, 0.0, -0.0, -5e-06, -0.0, 0.0, -1.0, 0.000946, 0.0, 1.0, 0.0, 0.434646, 0.0, 0.0, 0.0, 1.0],
                [1.0, 0.0, -0.0, -5e-06, -0.0, 0.0, -1.0, 0.000946, 0.0, 1.0, 0.0, 0.431692, 0.0, 0.0, 0.0, 1.0],
                [1.0, 0.0, -0.0, -5e-06, -0.0, 0.0, -1.0, 0.000946, 0.0, 1.0, 0.0, 0.428738, 0.0, 0.0, 0.0, 1.0],
                [1.0, 0.0, -0.0, -5e-06, -0.0, 0.0, -1.0, 0.000946, 0.0, 1.0, 0.0, 0.425846, 0.0, 0.0, 0.0, 1.0],
                [1.0, 0.0, -0.0, -5e-06, -0.0, 0.0, -1.0, 0.000946, 0.0, 1.0, 0.0, 0.423077, 0.0, 0.0, 0.0, 1.0],
                [1.0, 0.0, -0.0, -5e-06, -0.0, 0.0, -1.0, 0.000946, 0.0, 1.0, 0.0, 0.420483, 0.0, 0.0, 0.0, 1.0],
                [1.0, 0.0, -0.0, -5e-06, -0.0, 0.0, -1.0, 0.000946, 0.0, 1.0, 0.0, 0.418112, 0.0, 0.0, 0.0, 1.0],
                [1.0, 0.0, -0.0, -5e-06, -0.0, 0.0, -1.0, 0.000946, 0.0, 1.0, 0.0, 0.416004, 0.0, 0.0, 0.0, 1.0],
                [1.0, 0.0, -0.0, -5e-06, -0.0, 0.0, -1.0, 0.000946, 0.0, 1.0, 0.0, 0.414188, 0.0, 0.0, 0.0, 1.0],
                [1.0, 0.0, -0.0, -5e-06, -0.0, 0.0, -1.0, 0.000946, 0.0, 1.0, 0.0, 0.412686, 0.0, 0.0, 0.0, 1.0],
                [1.0, 0.0, -0.0, -5e-06, -0.0, 0.0, -1.0, 0.000946, 0.0, 1.0, 0.0, 0.411512, 0.0, 0.0, 0.0, 1.0],
                [1.0, 0.0, -0.0, -5e-06, -0.0, 0.0, -1.0, 0.000946, 0.0, 1.0, 0.0, 0.410673, 0.0, 0.0, 0.0, 1.0],
                [1.0, 0.0, -0.0, -5e-06, -0.0, 0.0, -1.0, 0.000946, 0.0, 1.0, 0.0, 0.410172, 0.0, 0.0, 0.0, 1.0],
                [1.0, 0.0, -0.0, -5e-06, -0.0, 0.0, -1.0, 0.000946, 0.0, 1.0, 0.0, 0.410006, 0.0, 0.0, 0.0, 1.0],
                [1.0, 0.0, -0.0, -5e-06, -0.0, 0.0, -1.0, 0.000946, 0.0, 1.0, 0.0, 0.410172, 0.0, 0.0, 0.0, 1.0],
                [1.0, 0.0, -0.0, -5e-06, -0.0, 0.0, -1.0, 0.000946, 0.0, 1.0, 0.0, 0.410673, 0.0, 0.0, 0.0, 1.0],
                [1.0, 0.0, -0.0, -5e-06, -0.0, 0.0, -1.0, 0.000946, 0.0, 1.0, 0.0, 0.411511, 0.0, 0.0, 0.0, 1.0],
                [1.0, 0.0, -0.0, -5e-06, -0.0, 0.0, -1.0, 0.000946, 0.0, 1.0, 0.0, 0.412686, 0.0, 0.0, 0.0, 1.0],
                [1.0, 0.0, -0.0, -5e-06, -0.0, 0.0, -1.0, 0.000946, 0.0, 1.0, 0.0, 0.414188, 0.0, 0.0, 0.0, 1.0],
                [1.0, 0.0, -0.0, -5e-06, -0.0, 0.0, -1.0, 0.000946, 0.0, 1.0, 0.0, 0.416004, 0.0, 0.0, 0.0, 1.0],
                [1.0, 0.0, -0.0, -5e-06, -0.0, 0.0, -1.0, 0.000946, 0.0, 1.0, 0.0, 0.418112, 0.0, 0.0, 0.0, 1.0],
                [1.0, 0.0, -0.0, -5e-06, -0.0, 0.0, -1.0, 0.000946, 0.0, 1.0, 0.0, 0.420483, 0.0, 0.0, 0.0, 1.0],
                [1.0, 0.0, -0.0, -5e-06, -0.0, 0.0, -1.0, 0.000946, 0.0, 1.0, 0.0, 0.423077, 0.0, 0.0, 0.0, 1.0],
                [1.0, 0.0, -0.0, -5e-06, -0.0, 0.0, -1.0, 0.000946, 0.0, 1.0, 0.0, 0.425846, 0.0, 0.0, 0.0, 1.0],
                [1.0, 0.0, -0.0, -5e-06, -0.0, 0.0, -1.0, 0.000946, 0.0, 1.0, 0.0, 0.428738, 0.0, 0.0, 0.0, 1.0],
                [1.0, 0.0, -0.0, -5e-06, -0.0, 0.0, -1.0, 0.000946, 0.0, 1.0, 0.0, 0.431692, 0.0, 0.0, 0.0, 1.0],
                [1.0, 0.0, -0.0, -5e-06, -0.0, 0.0, -1.0, 0.000946, 0.0, 1.0, 0.0, 0.434646, 0.0, 0.0, 0.0, 1.0],
                [1.0, 0.0, -0.0, -5e-06, -0.0, 0.0, -1.0, 0.000946, 0.0, 1.0, 0.0, 0.437538, 0.0, 0.0, 0.0, 1.0],
                [1.0, 0.0, -0.0, -5e-06, -0.0, 0.0, -1.0, 0.000946, 0.0, 1.0, 0.0, 0.440308, 0.0, 0.0, 0.0, 1.0],
                [1.0, 0.0, -0.0, -5e-06, -0.0, 0.0, -1.0, 0.000946, 0.0, 1.0, 0.0, 0.442901, 0.0, 0.0, 0.0, 1.0],
                [1.0, 0.0, -0.0, -5e-06, -0.0, 0.0, -1.0, 0.000946, 0.0, 1.0, 0.0, 0.445272, 0.0, 0.0, 0.0, 1.0],
                [1.0, 0.0, -0.0, -5e-06, -0.0, 0.0, -1.0, 0.000946, 0.0, 1.0, 0.0, 0.44738, 0.0, 0.0, 0.0, 1.0],
                [1.0, 0.0, -0.0, -5e-06, -0.0, 0.0, -1.0, 0.000946, 0.0, 1.0, 0.0, 0.449197, 0.0, 0.0, 0.0, 1.0],
                [1.0, 0.0, -0.0, -5e-06, -0.0, 0.0, -1.0, 0.000946, 0.0, 1.0, 0.0, 0.450699, 0.0, 0.0, 0.0, 1.0],
                [1.0, 0.0, -0.0, -5e-06, -0.0, 0.0, -1.0, 0.000946, 0.0, 1.0, 0.0, 0.451873, 0.0, 0.0, 0.0, 1.0],
                [1.0, 0.0, -0.0, -5e-06, -0.0, 0.0, -1.0, 0.000946, 0.0, 1.0, 0.0, 0.452711, 0.0, 0.0, 0.0, 1.0],
                [1.0, 0.0, -0.0, -5e-06, -0.0, 0.0, -1.0, 0.000946, 0.0, 1.0, 0.0, 0.453212, 0.0, 0.0, 0.0, 1.0],
                [1.0, 0.0, -0.0, -5e-06, -0.0, 0.0, -1.0, 0.000946, 0.0, 1.0, 0.0, 0.453378, 0.0, 0.0, 0.0, 1.0],
                [1.0, 0.0, -0.0, -5e-06, -0.0, 0.0, -1.0, 0.000946, 0.0, 1.0, 0.0, 0.453378, 0.0, 0.0, 0.0, 1.0],
                [1.0, 0.0, -0.0, -5e-06, -0.0, 0.0, -1.0, 0.000946, 0.0, 1.0, 0.0, 0.453378, 0.0, 0.0, 0.0, 1.0],
                [1.0, 0.0, -0.0, -5e-06, -0.0, 0.0, -1.0, 0.000946, 0.0, 1.0, 0.0, 0.453378, 0.0, 0.0, 0.0, 1.0],
                [1.0, 0.0, -0.0, -5e-06, -0.0, 0.0, -1.0, 0.000946, 0.0, 1.0, 0.0, 0.453378, 0.0, 0.0, 0.0, 1.0],
                [1.0, 0.0, -0.0, -5e-06, -0.0, 0.0, -1.0, 0.000946, 0.0, 1.0, 0.0, 0.453378, 0.0, 0.0, 0.0, 1.0],
                [1.0, 0.0, -0.0, -5e-06, -0.0, 0.0, -1.0, 0.000946, 0.0, 1.0, 0.0, 0.453378, 0.0, 0.0, 0.0, 1.0],
                [1.0, 0.0, -0.0, -5e-06, -0.0, 0.0, -1.0, 0.000946, 0.0, 1.0, 0.0, 0.453378, 0.0, 0.0, 0.0, 1.0],
                [1.0, 0.0, -0.0, -5e-06, -0.0, 0.0, -1.0, 0.000946, 0.0, 1.0, 0.0, 0.453378, 0.0, 0.0, 0.0, 1.0],
                [1.0, 0.0, -0.0, -5e-06, -0.0, 0.0, -1.0, 0.000946, 0.0, 1.0, 0.0, 0.453378, 0.0, 0.0, 0.0, 1.0],
                [1.0, 0.0, -0.0, -5e-06, -0.0, 0.0, -1.0, 0.000946, 0.0, 1.0, 0.0, 0.453378, 0.0, 0.0, 0.0, 1.0],
                [1.0, 0.0, -0.0, -5e-06, -0.0, 0.0, -1.0, 0.000946, 0.0, 1.0, 0.0, 0.453378, 0.0, 0.0, 0.0, 1.0],
                [1.0, 0.0, -0.0, -5e-06, -0.0, 0.0, -1.0, 0.000946, 0.0, 1.0, 0.0, 0.453378, 0.0, 0.0, 0.0, 1.0],
                [1.0, 0.0, -0.0, -5e-06, -0.0, 0.0, -1.0, 0.000946, 0.0, 1.0, 0.0, 0.453378, 0.0, 0.0, 0.0, 1.0],
                [1.0, 0.0, -0.0, -5e-06, -0.0, 0.0, -1.0, 0.000946, 0.0, 1.0, 0.0, 0.453378, 0.0, 0.0, 0.0, 1.0],
                [1.0, 0.0, -0.0, -5e-06, -0.0, 0.0, -1.0, 0.000946, 0.0, 1.0, 0.0, 0.453378, 0.0, 0.0, 0.0, 1.0],
                [1.0, 0.0, -0.0, -5e-06, -0.0, 0.0, -1.0, 0.000946, 0.0, 1.0, 0.0, 0.453378, 0.0, 0.0, 0.0, 1.0],
                [1.0, 0.0, -0.0, -5e-06, -0.0, 0.0, -1.0, 0.000946, 0.0, 1.0, 0.0, 0.453378, 0.0, 0.0, 0.0, 1.0],
                [1.0, 0.0, -0.0, -5e-06, -0.0, 0.0, -1.0, 0.000946, 0.0, 1.0, 0.0, 0.453378, 0.0, 0.0, 0.0, 1.0],
                [1.0, 0.0, -0.0, -5e-06, -0.0, 0.0, -1.0, 0.000946, 0.0, 1.0, 0.0, 0.453378, 0.0, 0.0, 0.0, 1.0],
                [1.0, 0.0, -0.0, -5e-06, -0.0, 0.0, -1.0, 0.000946, 0.0, 1.0, 0.0, 0.453378, 0.0, 0.0, 0.0, 1.0],
                [1.0, 0.0, -0.0, -5e-06, -0.0, 0.0, -1.0, 0.000946, 0.0, 1.0, 0.0, 0.453378, 0.0, 0.0, 0.0, 1.0],
                [1.0, 0.0, -0.0, -5e-06, -0.0, 0.0, -1.0, 0.000946, 0.0, 1.0, 0.0, 0.453378, 0.0, 0.0, 0.0, 1.0],
                [1.0, 0.0, -0.0, -5e-06, -0.0, 0.0, -1.0, 0.000946, 0.0, 1.0, 0.0, 0.453378, 0.0, 0.0, 0.0, 1.0],
                [1.0, 0.0, -0.0, -5e-06, -0.0, 0.0, -1.0, 0.000946, 0.0, 1.0, 0.0, 0.453378, 0.0, 0.0, 0.0, 1.0],
                [1.0, 0.0, -0.0, -5e-06, -0.0, 0.0, -1.0, 0.000946, 0.0, 1.0, 0.0, 0.452638, 0.0, 0.0, 0.0, 1.0],
                [1.0, 0.0, -0.0, -5e-06, -0.0, 0.0, -1.0, 0.000946, 0.0, 1.0, 0.0, 0.450404, 0.0, 0.0, 0.0, 1.0],
                [1.0, 0.0, -0.0, -5e-06, -0.0, 0.0, -1.0, 0.000946, 0.0, 1.0, 0.0, 0.446721, 0.0, 0.0, 0.0, 1.0],
                [1.0, 0.0, -0.0, -5e-06, -0.0, 0.0, -1.0, 0.000946, 0.0, 1.0, 0.0, 0.44175, 0.0, 0.0, 0.0, 1.0],
                [1.0, 0.0, -0.0, -5e-06, -0.0, 0.0, -1.0, 0.000946, 0.0, 1.0, 0.0, 0.435797, 0.0, 0.0, 0.0, 1.0],
                [1.0, 0.0, -0.0, -5e-06, -0.0, 0.0, -1.0, 0.000946, 0.0, 1.0, 0.0, 0.429309, 0.0, 0.0, 0.0, 1.0],
                [1.0, 0.0, -0.0, -5e-06, -0.0, 0.0, -1.0, 0.000946, 0.0, 1.0, 0.0, 0.42282, 0.0, 0.0, 0.0, 1.0],
                [1.0, 0.0, -0.0, -5e-06, -0.0, 0.0, -1.0, 0.000946, 0.0, 1.0, 0.0, 0.416867, 0.0, 0.0, 0.0, 1.0],
                [1.0, 0.0, -0.0, -5e-06, -0.0, 0.0, -1.0, 0.000946, 0.0, 1.0, 0.0, 0.411896, 0.0, 0.0, 0.0, 1.0],
                [1.0, 0.0, -0.0, -5e-06, -0.0, 0.0, -1.0, 0.000946, 0.0, 1.0, 0.0, 0.408213, 0.0, 0.0, 0.0, 1.0],
                [1.0, 0.0, -0.0, -5e-06, -0.0, 0.0, -1.0, 0.000946, 0.0, 1.0, 0.0, 0.405979, 0.0, 0.0, 0.0, 1.0],
                [1.0, 0.0, -0.0, -5e-06, -0.0, 0.0, -1.0, 0.000946, 0.0, 1.0, 0.0, 0.405239, 0.0, 0.0, 0.0, 1.0]
            ]
        },
        {
            "name": "Thigh_R",
            "time": [0.0, 0.0167, 0.0333, 0.05, 0.0667, 0.0833, 0.1, 0.1167, 0.1333, 0.15, 0.1667, 0.1833, 0.2, 0.2167, 0.2333, 0.25, 0.2667, 0.2833, 0.3, 0.3167, 0.3333, 0.35, 0.3667, 0.3833, 0.4, 0.4167, 0.4333, 0.45, 0.4667, 0.4833, 0.5, 0.5167, 0.5333, 0.55, 0.5667, 0.5833, 0.6, 0.6167, 0.6333, 0.65, 0.6667, 0.6833, 0.7, 0.7167, 0.7333, 0.75, 0.7667, 0.7833, 0.8, 0.8167, 0.8333, 0.85, 0.8667, 0.8833, 0.9, 0.9167, 0.9333, 0.95, 0.9667, 0.9833, 1.0, 1.0167, 1.0333, 1.05, 1.0667, 1.0833, 1.1, 1.1167, 1.1333, 1.15, 1.1667, 1.1833, 1.2, 1.2167, 1.2333, 1.25, 1.2667, 1.2833, 1.3, 1.3167, 1.3333, 1.35, 1.3667, 1.3833, 1.4, 1.4167, 1.4333, 1.45, 1.4667, 1.4833, 1.5, 1.5167, 1.5333, 1.55, 1.5667, 1.5833, 1.6],
            "transform": [
                [0.999364, 0.031121, -0.017377, 0.124994, 0.032832, -0.613911, 0.788692, -0.002831, 0.013877, -0.788761, -0.614543, -1.2e-05, 0.0, 0.0, 0.0, 1.0],
                [0.999363, 0.03115, -0.017423, 0.124994, 0.032718, -0.604493, 0.795938, -0.002831, 0.014261, -0.796001, -0.605127, -1.2e-05, 0.0, 0.0, 0.0, 1.0],
                [0.999358, 0.031227, -0.01755, 0.124994, 0.032329, -0.575232, 0.817351, -0.002831, 0.015428, -0.817394, -0.575873, -1.2e-05, 0.0, 0.0, 0.0, 1.0],
                [0.999352, 0.031328, -0.017717, 0.124994, 0.031534, -0.524884, 0.850589, -0.002831, 0.017348, -0.850597, -0.525532, -1.2e-05, 0.0, 0.0, 0.0, 1.0],
                [0.999347, 0.031406, -0.017846, 0.124994, 0.030165, -0.453796, 0.890595, -0.002831, 0.019871, -0.890552, -0.454448, -1.2e-05, 0.0, 0.0, 0.0, 1.0],
                [0.999347, 0.031404, -0.017843, 0.124994, 0.028107, -0.365899, 0.93023, -0.002831, 0.022684, -0.930125, -0.366543, -1.2e-05, 0.0, 0.0, 0.0, 1.0],
                [0.999356, 0.031269, -0.017619, 0.124994, 0.025413, -0.269832, 0.962572, -0.002831, 0.025345, -0.9624, -0.270453, -1.2e-05, 0.0, 0.0, 0.0, 1.0],
                [0.999373, 0.030969, -0.017132, 0.124994, 0.022359, -0.17722, 0.983917, -0.002831, 0.027435, -0.983684, -0.177802, -1.2e-05, 0.0, 0.0, 0.0, 1.0],
                [0.9994, 0.030501, -0.016404, 0.124994, 0.019338, -0.098507, 0.994948, -0.002831, 0.028731, -0.994669, -0.099038, -1.2e-05, 0.0, 0.0, 0.0, 1.0],
                [0.999432, 0.029904, -0.015528, 0.124994, 0.01668, -0.038666, 0.999113, -0.002831, 0.029277, -0.998805, -0.039143, -1.2e-05, 0.0, 0.0, 0.0, 1.0],
                [0.999466, 0.029229, -0.014599, 0.124994, 0.014548, 0.001951, 0.999892, -0.002831, 0.029254, -0.999571, 0.001524, -1.2e-05, 0.0, 0.0, 0.0, 1.0],
                [0.999499, 0.028538, -0.013708, 0.124994, 0.012956, 0.026366, 0.999568, -0.002831, 0.028887, -0.999245, 0.025982, -1.2e-05, 0.0, 0.0, 0.0, 1.0],
                [0.999527, 0.027891, -0.012923, 0.124994, 0.011842, 0.03857, 0.999186, -0.002831, 0.028367, -0.998867, 0.038221, -1.2e-05, 0.0, 0.0, 0.0, 1.0],
                [0.999555, 0.027234, -0.012168, 0.124994, 0.011017, 0.042001, 0.999057, -0.002831, 0.027719, -0.998746, 0.041682, -1.2e-05, 0.0, 0.0, 0.0, 1.0],
                [0.999584, 0.026486, -0.011358, 0.124994, 0.010349, 0.037917, 0.999227, -0.002831, 0.026896, -0.99893, 0.037627, -1.2e-05, 0.0, 0.0, 0.0, 1.0],
                [0.999616, 0.025651, -0.010508, 0.124994, 0.009829, 0.026451, 0.999602, -0.002831, 0.025918, -0.999321, 0.026188, -1.2e-05, 0.0, 0.0, 0.0, 1.0],
                [0.999647, 0.02474, -0.009641, 0.124994, 0.009439, 0.008247, 0.999921, -0.002831, 0.024817, -0.99966, 0.00801, -1.2e-05, 0.0, 0.0, 0.0, 1.0],
                [0.999678, 0.023785, -0.008794, 0.124994, 0.009156, -0.015131, 0.999844, -0.002831, 0.023649, -0.999603, -0.015344, -1.2e-05, 0.0, 0.0, 0.0, 1.0],
                [0.999707, 0.022825, -0.007999, 0.124994, 0.00895, -0.041862, 0.999083, -0.002831, 0.022469, -0.998863, -0.042054, -1.2e-05, 0.0, 0.0, 0.0, 1.0],
                [0.999733, 0.021907, -0.007289, 0.124994, 0.008799, -0.069628, 0.997534, -0.002831, 0.021346, -0.997332, -0.069803, -1.2e-05, 0.0, 0.0, 0.0, 1.0],
                [0.999755, 0.021079, -0.006687, 0.124994, 0.008685, -0.096166, 0.995327, -0.002831, 0.020338, -0.995142, -0.096326, -1.2e-05, 0.0, 0.0, 0.0, 1.0],
                [0.999773, 0.02039, -0.006213, 0.124994, 0.008602, -0.119254, 0.992826, -0.002831, 0.019503, -0.992654, -0.119402, -1.2e-05, 0.0, 0.0, 0.0, 1.0],
                [0.999785, 0.019869, -0.005869, 0.124994, 0.008548, -0.137538, 0.99046, -0.002831, 0.018872, -0.990297, -0.137679, -1.2e-05, 0.0, 0.0, 0.0, 1.0],
                [0.999793, 0.019528, -0.005651, 0.124994, 0.008523, -0.150259, 0.98861, -0.002831, 0.018456, -0.988454, -0.150394, -1.2e-05, 0.0, 0.0, 0.0, 1.0],
                [0.999797, 0.019366, -0.005549, 0.124994, 0.008527, -0.157251, 0.987522, -0.002831, 0.018251, -0.987369, -0.157385, -1.2e-05, 0.0, 0.0, 0.0, 1.0],
                [0.999798, 0.019337, -0.005532, 0.124994, 0.008565, -0.160519, 0.986996, -0.002831, 0.018198, -0.986843, -0.160652, -1.2e-05, 0.0, 0.0, 0.0, 1.0],
                [0.999796, 0.019424, -0.005586, 0.124994, 0.008655, -0.161684, 0.986805, -0.002831, 0.018265, -0.986651, -0.161819, -1.2e-05, 0.0, 0.0, 0.0, 1.0],
                [0.99979, 0.019656, -0.005732, 0.124994, 0.008813, -0.160399, 0.987013, -0.002831, 0.018481, -0.986857, -0.160539, -1.2e-05, 0.0, 0.0, 0.0, 1.0],
                [0.999781, 0.020057, -0.005992, 0.124994, 0.009059, -0.156491, 0.987638, -0.002831, 0.018872, -0.987476, -0.156639, -1.2e-05, 0.0, 0.0, 0.0, 1.0],
                [0.999766, 0.020642, -0.006384, 0.124994, 0.009413, -0.150174, 0.988615, -0.002831, 0.019448, -0.988444, -0.150333, -1.2e-05, 0.0, 0.0, 0.0, 1.0],
                [0.999747, 0.021403, -0.006919, 0.124994, 0.009895, -0.142235, 0.989783, -0.002831, 0.0202, -0.989601, -0.142411, -1.2e-05, 0.0, 0.0, 0.0, 1.0],
                [0.999722, 0.022313, -0.007598, 0.124994, 0.010522, -0.134033, 0.990921, -0.002831, 0.021092, -0.990726, -0.134231, -1.2e-05, 0.0, 0.0, 0.0, 1.0],
                [0.999693, 0.023318, -0.008401, 0.124994, 0.011312, -0.127678, 0.991751, -0.002831, 0.022054, -0.991541, -0.127903, -1.2e-05, 0.0, 0.0, 0.0, 1.0],
                [0.99966, 0.024366, -0.009302, 0.124994, 0.012284, -0.125248, 0.992049, -0.002831, 0.023007, -0.991826, -0.125505, -1.2e-05, 0.0, 0.0, 0.0, 1.0],
                [0.999624, 0.025404, -0.010267, 0.124994, 0.013457, -0.128752, 0.991585, -0.002831, 0.023868, -0.991351, -0.129046, -1.2e-05, 0.0, 0.0, 0.0, 1.0],
                [0.999588, 0.026384, -0.01125, 0.124994, 0.014845, -0.140281, 0.99, -0.002831, 0.024542, -0.98976, -0.140615, -1.2e-05, 0.0, 0.0, 0.0, 1.0],
                [0.999553, 0.027276, -0.012215, 0.124994, 0.016457, -0.161197, 0.986785, -0.002831, 0.024946, -0.986545, -0.161574, -1.2e-05, 0.0, 0.0, 0.0, 1.0],
                [0.999517, 0.028128, -0.013205, 0.124994, 0.018425, -0.194281, 0.980773, -0.002831, 0.025022, -0.980543, -0.194706, -1.2e-05, 0.0, 0.0, 0.0, 1.0],
                [0.99948, 0.028945, -0.014227, 0.124994, 0.020913, -0.245793, 0.969097, -0.002831, 0.024554, -0.96889, -0.246271, -1.2e-05, 0.0, 0.0, 0.0, 1.0],
                [0.999445, 0.029653, -0.015176, 0.124994, 0.023896, -0.320835, 0.946834, -0.002831, 0.023208, -0.946671, -0.321366, -1.2e-05, 0.0, 0.0, 0.0, 1.0],
                [0.999418, 0.030166, -0.015907, 0.124994, 0.027152, -0.42164, 0.906356, -0.002831, 0.020635, -0.906261, -0.422214, -1.2e-05, 0.0, 0.0, 0.0, 1.0],
                [0.999405, 0.030407, -0.016263, 0.124994, 0.030186, -0.543433, 0.838909, -0.002831, 0.016671, -0.838902, -0.544028, -1.2e-05, 0.0, 0.0, 0.0, 1.0],
                [0.99941, 0.030317, -0.016129, 0.124994, 0.032331, -0.672397, 0.739484, -0.002831, 0.011574, -0.739569, -0.672981, -1.2e-05, 0.0, 0.0, 0.0, 1.0],
                [0.999434, 0.029872, -0.015483, 0.124994, 0.033098, -0.790144, 0.612027, -0.002831, 0.006049, -0.612193, -0.790685, -1.2e-05, 0.0, 0.0, 0.0, 1.0],
                [0.999473, 0.029089, -0.014414, 0.124994, 0.032452, -0.882674, 0.468863, -0.002831, 0.000916, -0.469084, -0.883153, -1.2e-05, 0.0, 0.0, 0.0, 1.0],
                [0.999522, 0.028019, -0.013075, 0.124994, 0.030746, -0.945462, 0.324278, -0.002831, -0.003276, -0.324526, -0.945871, -1.2e-05, 0.0, 0.0, 0.0, 1.0],
                [0.999575, 0.026734, -0.011621, 0.124994, 0.028448, -0.981597, 0.188835, -0.002831, -0.006359, -0.189085, -0.98194, -1.2e-05, 0.0, 0.0, 0.0, 1.0],
                [0.999627, 0.025321, -0.010188, 0.124994, 0.025962, -0.997307, 0.068593, -0.002831, -0.008423, -0.068832, -0.997593, -1.2e-05, 0.0, 0.0, 0.0, 1.0],
                [0.999676, 0.023854, -0.008854, 0.124994, 0.023534, -0.999121, -0.034676, -0.002831, -0.009673, 0.034456, -0.999359, -1.2e-05, 0.0, 0.0, 0.0, 1.0],
                [0.999722, 0.022327, -0.007609, 0.124994, 0.021184, -0.991711, -0.126728, -0.002831, -0.010375, 0.126532, -0.991908, -1.2e-05, 0.0, 0.0, 0.0, 1.0],
                [0.999765, 0.020691, -0.006418, 0.124994, 0.018847, -0.976812, -0.213269, -0.002831, -0.010682, 0.213098, -0.976972, -1.2e-05, 0.0, 0.0, 0.0, 1.0],
                [0.999805, 0.018987, -0.005317, 0.124994, 0.016597, -0.955986, -0.292942, -0.002831, -0.010645, 0.292796, -0.956116, -1.2e-05, 0.0, 0.0, 0.0, 1.0],
                [0.999841, 0.017265, -0.004333, 0.124994, 0.014496, -0.931023, -0.364672, -0.002831, -0.01033, 0.364551, -0.931126, -1.2e-05, 0.0, 0.0, 0.0, 1.0],
                [0.999872, 0.015595, -0.003493, 0.124994, 0.012609, -0.904097, -0.427142, -0.002831, -0.009819, 0.427043, -0.904178, -1.2e-05, 0.0, 0.0, 0.0, 1.0],
                [0.999897, 0.014059, -0.002811, 0.124994, 0.010991, -0.877544, -0.479371, -0.002831, -0.009206, 0.479291, -0.877608, -1.2e-05, 0.0, 0.0, 0.0, 1.0],
                [0.999916, 0.012729, -0.002287, 0.124994, 0.009675, -0.85356, -0.520905, -0.002831, -0.008583, 0.520839, -0.853612, -1.2e-05, 0.0, 0.0, 0.0, 1.0],
                [0.99993, 0.011672, -0.001913, 0.124994, 0.008679, -0.83398, -0.551726, -0.002831, -0.008035, 0.551671, -0.834023, -1.2e-05, 0.0, 0.0, 0.0, 1.0],
                [0.999939, 0.010901, -0.001663, 0.124994, 0.007982, -0.81957, -0.572923, -0.002831, -0.007609, 0.572875, -0.819608, -1.2e-05, 0.0, 0.0, 0.0, 1.0],
                [0.999944, 0.010412, -0.001514, 0.124994, 0.007552, -0.810416, -0.585807, -0.002831, -0.007326, 0.585763, -0.81045, -1.2e-05, 0.0, 0.0, 0.0, 1.0],
                [0.999947, 0.010159, -0.00144, 0.124994, 0.007333, -0.805731, -0.592236, -0.002831, -0.007177, 0.592194, -0.805763, -1.2e-05, 0.0, 0.0, 0.0, 1.0],
                [0.999948, 0.010088, -0.001419, 0.124994, 0.007272, -0.804427, -0.594007, -0.002831, -0.007134, 0.593966, -0.804459, -1.2e-05, 0.0, 0.0, 0.0, 1.0],
                [0.999948, 0.010092, -0.00142, 0.124994, 0.007276, -0.804508, -0.593897, -0.002831, -0.007136, 0.593856, -0.80454, -1.2e-05, 0.0, 0.0, 0.0, 1.0],
                [0.999948, 0.010107, -0.001425, 0.124994, 0.007289, -0.804832, -0.593457, -0.002831, -0.007145, 0.593416, -0.804864, -1.2e-05, 0.0, 0.0, 0.0, 1.0],
                [0.999947, 0.010142, -0.001435, 0.124994, 0.00732, -0.805549, -0.592484, -0.002831, -0.007165, 0.592442, -0.805581, -1.2e-05, 0.0, 0.0, 0.0, 1.0],
                [0.999947, 0.010204, -0.001453, 0.124994, 0.007375, -0.806829, -0.590739, -0.002831, -0.0072, 0.590697, -0.806861, -1.2e-05, 0.0, 0.0, 0.0, 1.0],
                [0.999946, 0.010302, -0.001482, 0.124994, 0.007462, -0.808847, -0.587971, -0.002831, -0.007256, 0.587928, -0.808881, -1.2e-05, 0.0, 0.0, 0.0, 1.0],
                [0.999944, 0.010444, -0.001523, 0.124994, 0.007589, -0.811748, -0.583959, -0.002831, -0.007335, 0.583914, -0.811782, -1.2e-05, 0.0, 0.0, 0.0, 1.0],
                [0.999942, 0.010632, -0.00158, 0.124994, 0.007758, -0.815602, -0.578561, -0.002831, -0.00744, 0.578515, -0.815638, -1.2e-05, 0.0, 0.0, 0.0, 1.0],
                [0.999939, 0.010866, -0.001652, 0.124994, 0.00797, -0.820379, -0.571764, -0.002831, -0.007568, 0.571717, -0.820416, -1.2e-05, 0.0, 0.0, 0.0, 1.0],
                [0.999936, 0.011141, -0.001739, 0.124994, 0.008223, -0.825962, -0.563665, -0.002831, -0.007716, 0.563615, -0.826002, -1.2e-05, 0.0, 0.0, 0.0, 1.0],
                [0.999932, 0.011455, -0.001841, 0.124994, 0.008514, -0.83228, -0.55429, -0.002831, -0.007882, 0.554237, -0.832322, -1.2e-05, 0.0, 0.0, 0.0, 1.0],
                [0.999928, 0.011792, -0.001954, 0.124994, 0.008832, -0.839022, -0.544026, -0.002831, -0.008055, 0.54397, -0.839066, -1.2e-05, 0.0, 0.0, 0.0, 1.0],
                [0.999924, 0.012147, -0.002077, 0.124994, 0.009171, -0.846067, -0.532997, -0.002831, -0.008232, 0.532937, -0.846115, -1.2e-05, 0.0, 0.0, 0.0, 1.0],
                [0.99992, 0.012465, -0.00219, 0.124994, 0.009479, -0.852319, -0.522937, -0.002831, -0.008385, 0.522874, -0.852369, -1.2e-05, 0.0, 0.0, 0.0, 1.0],
                [0.999917, 0.012707, -0.002279, 0.124994, 0.009718, -0.857062, -0.515122, -0.002831, -0.008499, 0.515057, -0.857114, -1.2e-05, 0.0, 0.0, 0.0, 1.0],
                [0.999914, 0.012904, -0.002353, 0.124994, 0.009913, -0.860875, -0.508719, -0.002831, -0.00859, 0.508652, -0.860929, -1.2e-05, 0.0, 0.0, 0.0, 1.0],
                [0.999911, 0.01308, -0.00242, 0.124994, 0.010089, -0.864272, -0.502923, -0.002831, -0.00867, 0.502854, -0.864328, -1.2e-05, 0.0, 0.0, 0.0, 1.0],
                [0.999909, 0.013277, -0.002496, 0.124994, 0.010288, -0.868059, -0.496355, -0.002831, -0.008757, 0.496284, -0.868116, -1.2e-05, 0.0, 0.0, 0.0, 1.0],
                [0.999905, 0.013538, -0.002599, 0.124994, 0.010554, -0.873041, -0.487533, -0.002831, -0.008869, 0.487459, -0.873101, -1.2e-05, 0.0, 0.0, 0.0, 1.0],
                [0.999899, 0.013901, -0.002746, 0.124994, 0.010929, -0.879894, -0.475044, -0.002831, -0.00902, 0.474966, -0.879958, -1.2e-05, 0.0, 0.0, 0.0, 1.0],
                [0.999892, 0.014388, -0.00295, 0.124994, 0.011441, -0.888957, -0.457847, -0.002831, -0.00921, 0.457764, -0.889026, -1.2e-05, 0.0, 0.0, 0.0, 1.0],
                [0.999882, 0.015007, -0.003222, 0.124994, 0.012108, -0.900206, -0.435296, -0.002831, -0.009432, 0.435205, -0.900282, -1.2e-05, 0.0, 0.0, 0.0, 1.0],
                [0.99987, 0.015737, -0.00356, 0.124994, 0.01292, -0.913108, -0.407513, -0.002831, -0.009663, 0.407414, -0.913192, -1.2e-05, 0.0, 0.0, 0.0, 1.0],
                [0.999855, 0.016554, -0.003962, 0.124994, 0.013863, -0.926994, -0.374819, -0.002831, -0.009878, 0.374709, -0.92709, -1.2e-05, 0.0, 0.0, 0.0, 1.0],
                [0.999838, 0.017436, -0.004425, 0.124994, 0.014919, -0.941166, -0.337616, -0.002831, -0.010051, 0.337495, -0.941274, -1.2e-05, 0.0, 0.0, 0.0, 1.0],
                [0.999812, 0.01867, -0.005126, 0.124994, 0.016456, -0.958959, -0.283066, -0.002831, -0.0102, 0.282929, -0.959087, -1.2e-05, 0.0, 0.0, 0.0, 1.0],
                [0.999772, 0.020431, -0.006241, 0.124994, 0.01878, -0.979812, -0.199034, -0.002831, -0.010181, 0.198871, -0.979973, -1.2e-05, 0.0, 0.0, 0.0, 1.0],
                [0.999718, 0.022468, -0.007718, 0.124994, 0.021694, -0.99581, -0.088832, -0.002831, -0.009681, 0.088639, -0.996017, -1.2e-05, 0.0, 0.0, 0.0, 1.0],
                [0.999654, 0.024536, -0.009456, 0.124994, 0.024916, -0.998788, 0.042454, -0.002831, -0.008402, -0.042675, -0.999054, -1.2e-05, 0.0, 0.0, 0.0, 1.0],
                [0.999586, 0.026438, -0.011308, 0.124994, 0.028092, -0.981836, 0.18764, -0.002831, -0.006142, -0.18788, -0.982173, -1.2e-05, 0.0, 0.0, 0.0, 1.0],
                [0.999521, 0.028032, -0.013091, 0.124994, 0.030803, -0.941246, 0.336313, -0.002831, -0.002894, -0.336555, -0.941659, -1.2e-05, 0.0, 0.0, 0.0, 1.0],
                [0.999465, 0.029247, -0.014624, 0.124994, 0.032682, -0.878993, 0.475714, -0.002831, 0.001059, -0.475938, -0.879479, -1.2e-05, 0.0, 0.0, 0.0, 1.0],
                [0.999422, 0.030091, -0.015798, 0.124994, 0.033589, -0.803688, 0.594101, -0.002831, 0.005181, -0.594289, -0.804235, -1.2e-05, 0.0, 0.0, 0.0, 1.0],
                [0.999393, 0.030624, -0.016593, 0.124994, 0.033685, -0.728614, 0.684095, -0.002831, 0.00886, -0.68424, -0.729204, -1.2e-05, 0.0, 0.0, 0.0, 1.0],
                [0.999376, 0.030931, -0.017071, 0.124994, 0.033354, -0.66673, 0.744552, -0.002831, 0.011648, -0.744657, -0.667346, -1.2e-05, 0.0, 0.0, 0.0, 1.0],
                [0.999367, 0.031078, -0.017307, 0.124994, 0.032982, -0.627245, 0.778123, -0.002831, 0.013327, -0.778202, -0.627873, -1.2e-05, 0.0, 0.0, 0.0, 1.0],
                [0.999364, 0.031121, -0.017377, 0.124994, 0.032832, -0.613911, 0.788692, -0.002831, 0.013877, -0.788761, -0.614543, -1.2e-05, 0.0, 0.0, 0.0, 1.0]
            ]
        },
        {
            "name": "Leg_R",
            "time": [0.0, 0.0167, 0.0333, 0.05, 0.0667, 0.0833, 0.1, 0.1167, 0.1333, 0.15, 0.1667, 0.1833, 0.2, 0.2167, 0.2333, 0.25, 0.2667, 0.2833, 0.3, 0.3167, 0.3333, 0.35, 0.3667, 0.3833, 0.4, 0.4167, 0.4333, 0.45, 0.4667, 0.4833, 0.5, 0.5167, 0.5333, 0.55, 0.5667, 0.5833, 0.6, 0.6167, 0.6333, 0.65, 0.6667, 0.6833, 0.7, 0.7167, 0.7333, 0.75, 0.7667, 0.7833, 0.8, 0.8167, 0.8333, 0.85, 0.8667, 0.8833, 0.9, 0.9167, 0.9333, 0.95, 0.9667, 0.9833, 1.0, 1.0167, 1.0333, 1.05, 1.0667, 1.0833, 1.1, 1.1167, 1.1333, 1.15, 1.1667, 1.1833, 1.2, 1.2167, 1.2333, 1.25, 1.2667, 1.2833, 1.3, 1.3167, 1.3333, 1.35, 1.3667, 1.3833, 1.4, 1.4167, 1.4333, 1.45, 1.4667, 1.4833, 1.5, 1.5167, 1.5333, 1.55, 1.5667, 1.5833, 1.6],
            "transform": [
                [0.998058, -0.032645, -0.053049, -0.0, 0.032748, -0.449447, 0.892707, 0.374721, -0.052985, -0.892711, -0.447505, 0.0, 0.0, 0.0, 0.0, 1.0],
                [0.998055, -0.032597, -0.053145, -0.0, 0.032699, -0.452091, 0.891373, 0.374721, -0.053082, -0.891376, -0.450146, -0.0, 0.0, 0.0, 0.0, 1.0],
                [0.998045, -0.032461, -0.05341, -0.0, 0.032563, -0.459348, 0.887659, 0.374721, -0.053348, -0.887663, -0.457393, 0.0, 0.0, 0.0, 0.0, 1.0],
                [0.998032, -0.032281, -0.053754, -0.0, 0.032382, -0.468762, 0.882731, 0.374721, -0.053693, -0.882734, -0.466795, 0.0, 0.0, 0.0, 0.0, 1.0],
                [0.998022, -0.032138, -0.05402, -0.0, 0.032239, -0.476059, 0.878822, 0.374721, -0.05396, -0.878826, -0.474082, -0.0, 0.0, 0.0, 0.0, 1.0],
                [0.998023, -0.032141, -0.054014, -0.0, 0.032242, -0.475878, 0.87892, 0.374721, -0.053954, -0.878924, -0.473901, 0.0, 0.0, 0.0, 0.0, 1.0],
                [0.99804, -0.032387, -0.053552, -0.0, 0.032489, -0.463245, 0.885634, 0.374721, -0.053491, -0.885639, -0.461285, 0.0, 0.0, 0.0, 0.0, 1.0],
                [0.998077, -0.0329, -0.052533, -0.0, 0.033004, -0.43532, 0.899671, 0.374721, -0.052468, -0.899675, -0.433398, 0.0, 0.0, 0.0, 0.0, 1.0],
                [0.998135, -0.033614, -0.050964, 0.0, 0.03372, -0.392362, 0.919192, 0.374721, -0.050894, -0.919197, -0.390497, 0.0, 0.0, 0.0, 0.0, 1.0],
                [0.998207, -0.034389, -0.048991, -0.0, 0.034497, -0.338332, 0.940394, 0.374721, -0.048915, -0.940399, -0.336539, 0.0, 0.0, 0.0, 0.0, 1.0],
                [0.998287, -0.035098, -0.046807, 0.0, 0.035209, -0.278525, 0.959783, 0.374721, -0.046724, -0.959788, -0.276812, 0.0, 0.0, 0.0, 0.0, 1.0],
                [0.998367, -0.035659, -0.044625, 0.0, 0.035771, -0.218801, 0.975114, 0.374721, -0.044536, -0.975118, -0.217168, -0.0, 0.0, 0.0, 0.0, 1.0],
                [0.99844, -0.036048, -0.042631, -0.0, 0.036162, -0.164178, 0.985768, 0.374721, -0.042534, -0.985772, -0.162618, -0.0, 0.0, 0.0, 0.0, 1.0],
                [0.998513, -0.036323, -0.040651, 0.0, 0.036437, -0.109981, 0.993265, 0.374721, -0.040549, -0.99327, -0.108494, -0.0, 0.0, 0.0, 0.0, 1.0],
                [0.998594, -0.036499, -0.038455, -0.0, 0.036614, -0.049847, 0.998085, 0.374721, -0.038346, -0.99809, -0.04844, -0.0, 0.0, 0.0, 0.0, 1.0],
                [0.998681, -0.03654, -0.036074, 0.0, 0.036655, 0.015351, 0.99921, 0.374721, -0.035957, -0.999215, 0.01667, -0.0, 0.0, 0.0, 0.0, 1.0],
                [0.998773, -0.036415, -0.033566, -0.0, 0.03653, 0.084029, 0.995794, 0.374721, -0.033441, -0.995798, 0.085256, 0.0, 0.0, 0.0, 0.0, 1.0],
                [0.998866, -0.036112, -0.031035, -0.0, 0.036226, 0.153339, 0.987509, 0.374721, -0.030902, -0.987513, 0.154473, -0.0, 0.0, 0.0, 0.0, 1.0],
                [0.998956, -0.035646, -0.028588, -0.0, 0.035758, 0.220344, 0.974767, 0.374721, -0.028448, -0.974771, 0.221388, 0.0, 0.0, 0.0, 0.0, 1.0],
                [0.999038, -0.035063, -0.026344, -0.0, 0.035174, 0.281802, 0.958828, 0.374721, -0.026196, -0.958832, 0.282764, -0.0, 0.0, 0.0, 0.0, 1.0],
                [0.999109, -0.034432, -0.024399, -0.0, 0.03454, 0.33505, 0.941567, 0.374721, -0.024245, -0.941571, 0.335941, -0.0, 0.0, 0.0, 0.0, 1.0],
                [0.999166, -0.033836, -0.022838, 0.0, 0.033943, 0.377793, 0.925268, 0.374721, -0.022679, -0.925272, 0.378627, -0.0, 0.0, 0.0, 0.0, 1.0],
                [0.999209, -0.033344, -0.02169, -0.0, 0.033449, 0.409222, 0.911821, 0.374721, -0.021528, -0.911825, 0.410013, 0.0, 0.0, 0.0, 0.0, 1.0],
                [0.999235, -0.033005, -0.020956, 0.0, 0.033109, 0.429325, 0.902543, 0.374721, -0.020792, -0.902547, 0.43009, 0.0, 0.0, 0.0, 0.0, 1.0],
                [0.999248, -0.032839, -0.020611, 0.0, 0.032942, 0.438765, 0.897998, 0.374721, -0.020446, -0.898002, 0.439517, 0.0, 0.0, 0.0, 0.0, 1.0],
                [0.99925, -0.032809, -0.020551, 0.0, 0.032913, 0.440411, 0.897193, 0.374721, -0.020385, -0.897197, 0.44116, 0.0, 0.0, 0.0, 0.0, 1.0],
                [0.999243, -0.032899, -0.020735, -0.0, 0.033003, 0.435368, 0.899647, 0.374721, -0.02057, -0.899651, 0.436124, -0.0, 0.0, 0.0, 0.0, 1.0],
                [0.999225, -0.033134, -0.02123, 0.0, 0.033238, 0.421825, 0.906068, 0.374721, -0.021066, -0.906072, 0.422599, 0.0, 0.0, 0.0, 0.0, 1.0],
                [0.999193, -0.033526, -0.022101, -0.0, 0.033631, 0.397961, 0.916786, 0.374721, -0.021941, -0.91679, 0.398767, -0.0, 0.0, 0.0, 0.0, 1.0],
                [0.999146, -0.034061, -0.023402, -0.0, 0.034168, 0.362343, 0.931419, 0.374721, -0.023245, -0.931422, 0.363197, -0.0, 0.0, 0.0, 0.0, 1.0],
                [0.999082, -0.034691, -0.025152, -0.0, 0.0348, 0.31444, 0.948639, 0.374721, -0.025, -0.948643, 0.315359, 0.0, 0.0, 0.0, 0.0, 1.0],
                [0.999002, -0.035337, -0.027325, -0.0, 0.035448, 0.254925, 0.966311, 0.374721, -0.027181, -0.966315, 0.255923, -0.0, 0.0, 0.0, 0.0, 1.0],
                [0.99891, -0.035905, -0.029833, -0.0, 0.036018, 0.186259, 0.98184, 0.374721, -0.029696, -0.981844, 0.187349, 0.0, 0.0, 0.0, 0.0, 1.0],
                [0.99881, -0.036316, -0.032563, -0.0, 0.036431, 0.11151, 0.993095, 0.374721, -0.032435, -0.9931, 0.1127, 0.0, 0.0, 0.0, 0.0, 1.0],
                [0.998706, -0.036523, -0.035386, 0.0, 0.036638, 0.034199, 0.998743, 0.374721, -0.035267, -0.998747, 0.035493, 0.0, 0.0, 0.0, 0.0, 1.0],
                [0.998604, -0.036513, -0.038159, -0.0, 0.036627, -0.041735, 0.998457, 0.374721, -0.038049, -0.998461, -0.04034, -0.0, 0.0, 0.0, 0.0, 1.0],
                [0.998508, -0.036309, -0.040776, -0.0, 0.036423, -0.113406, 0.992881, 0.374721, -0.040674, -0.992885, -0.111915, 0.0, 0.0, 0.0, 0.0, 1.0],
                [0.998414, -0.03592, -0.043355, -0.0, 0.036033, -0.184018, 0.982262, 0.374721, -0.043261, -0.982267, -0.182431, -0.0, 0.0, 0.0, 0.0, 1.0],
                [0.99832, -0.035347, -0.045906, 0.0, 0.035458, -0.253864, 0.96659, 0.374721, -0.04582, -0.966594, -0.252184, -0.0, 0.0, 0.0, 0.0, 1.0],
                [0.998237, -0.034672, -0.048173, 0.0, 0.034782, -0.315946, 0.94814, 0.374721, -0.048094, -0.948144, -0.314183, 0.0, 0.0, 0.0, 0.0, 1.0],
                [0.998175, -0.034067, -0.049853, 0.0, 0.034174, -0.361953, 0.93157, 0.374721, -0.04978, -0.931574, -0.360129, -0.0, 0.0, 0.0, 0.0, 1.0],
                [0.998146, -0.033746, -0.050651, 0.0, 0.033852, -0.383799, 0.922796, 0.374721, -0.05058, -0.9228, -0.381945, 0.0, 0.0, 0.0, 0.0, 1.0],
                [0.998157, -0.033869, -0.050351, -0.0, 0.033975, -0.375592, 0.926162, 0.374721, -0.05028, -0.926166, -0.373749, 0.0, 0.0, 0.0, 0.0, 1.0],
                [0.998211, -0.034427, -0.048886, 0.0, 0.034535, -0.335478, 0.941415, 0.374721, -0.04881, -0.941419, -0.333689, 0.0, 0.0, 0.0, 0.0, 1.0],
                [0.998303, -0.035224, -0.046362, 0.0, 0.035335, -0.266339, 0.963232, 0.374721, -0.046277, -0.963236, -0.264642, -0.0, 0.0, 0.0, 0.0, 1.0],
                [0.998426, -0.035981, -0.043022, -0.0, 0.036094, -0.174889, 0.983927, 0.374721, -0.042927, -0.983931, -0.173315, -0.0, 0.0, 0.0, 0.0, 1.0],
                [0.998567, -0.036456, -0.039176, -0.0, 0.036571, -0.069577, 0.996906, 0.374721, -0.039069, -0.99691, -0.068144, -0.0, 0.0, 0.0, 0.0, 1.0],
                [0.998715, -0.036514, -0.035156, 0.0, 0.036629, 0.040484, 0.998509, 0.374721, -0.035037, -0.998513, 0.041769, -0.0, 0.0, 0.0, 0.0, 1.0],
                [0.998859, -0.03614, -0.031215, -0.0, 0.036253, 0.148421, 0.98826, 0.374721, -0.031082, -0.988263, 0.149562, -0.0, 0.0, 0.0, 0.0, 1.0],
                [0.999001, -0.035346, -0.02736, -0.0, 0.035457, 0.253964, 0.966564, 0.374721, -0.027216, -0.966568, 0.254964, -0.0, 0.0, 0.0, 0.0, 1.0],
                [0.999142, -0.034104, -0.023513, 0.0, 0.034211, 0.359314, 0.93259, 0.374721, -0.023356, -0.932593, 0.360172, -0.0, 0.0, 0.0, 0.0, 1.0],
                [0.999277, -0.032439, -0.019818, -0.0, 0.032541, 0.460481, 0.887073, 0.374721, -0.01965, -0.887076, 0.461204, 0.0, 0.0, 0.0, 0.0, 1.0],
                [0.999402, -0.030425, -0.016405, -0.0, 0.030521, 0.553937, 0.831999, 0.374721, -0.016226, -0.832002, 0.554535, 0.0, 0.0, 0.0, 0.0, 1.0],
                [0.999512, -0.0282, -0.013407, -0.0, 0.028289, 0.636025, 0.77115, 0.374721, -0.013219, -0.771153, 0.636512, -0.0, 0.0, 0.0, 0.0, 1.0],
                [0.999604, -0.025946, -0.010917, -0.0, 0.026028, 0.704215, 0.709509, 0.374721, -0.010721, -0.709512, 0.704612, 0.0, 0.0, 0.0, 0.0, 1.0],
                [0.999675, -0.023857, -0.008971, -0.0, 0.023932, 0.757507, 0.652389, 0.374721, -0.008769, -0.652391, 0.757832, 0.0, 0.0, 0.0, 0.0, 1.0],
                [0.999727, -0.022114, -0.00756, 0.0, 0.022183, 0.796134, 0.604713, 0.374721, -0.007354, -0.604716, 0.796407, -0.0, 0.0, 0.0, 0.0, 1.0],
                [0.999762, -0.020803, -0.00661, -0.0, 0.020869, 0.822155, 0.568881, 0.374721, -0.0064, -0.568883, 0.822393, -0.0, 0.0, 0.0, 0.0, 1.0],
                [0.999783, -0.019955, -0.00604, -0.0, 0.020017, 0.837761, 0.545671, 0.374721, -0.005829, -0.545673, 0.837978, 0.0, 0.0, 0.0, 0.0, 1.0],
                [0.999793, -0.019511, -0.005756, -0.0, 0.019572, 0.845547, 0.533543, 0.374721, -0.005543, -0.533545, 0.845754, 0.0, 0.0, 0.0, 0.0, 1.0],
                [0.999796, -0.019385, -0.005676, 0.0, 0.019446, 0.847716, 0.530094, 0.374721, -0.005464, -0.530096, 0.84792, 0.0, 0.0, 0.0, 0.0, 1.0],
                [0.999796, -0.019392, -0.005681, -0.0, 0.019453, 0.847598, 0.530283, 0.374721, -0.005468, -0.530285, 0.847802, -0.0, 0.0, 0.0, 0.0, 1.0],
                [0.999795, -0.01942, -0.005698, -0.0, 0.019481, 0.847122, 0.531042, 0.374721, -0.005486, -0.531044, 0.847327, 0.0, 0.0, 0.0, 0.0, 1.0],
                [0.999794, -0.019481, -0.005737, 0.0, 0.019542, 0.846069, 0.532716, 0.374721, -0.005524, -0.532718, 0.846275, -0.0, 0.0, 0.0, 0.0, 1.0],
                [0.999791, -0.01959, -0.005806, 0.0, 0.019652, 0.844176, 0.535705, 0.374721, -0.005594, -0.535707, 0.844385, -0.0, 0.0, 0.0, 0.0, 1.0],
                [0.999787, -0.019762, -0.005916, -0.0, 0.019825, 0.841164, 0.540416, 0.374721, -0.005704, -0.540418, 0.841377, 0.0, 0.0, 0.0, 0.0, 1.0],
                [0.999781, -0.02001, -0.006076, 0.0, 0.020073, 0.836776, 0.547177, 0.374721, -0.005865, -0.547179, 0.836995, -0.0, 0.0, 0.0, 0.0, 1.0],
                [0.999773, -0.020338, -0.006293, -0.0, 0.020402, 0.830835, 0.556145, 0.374721, -0.006082, -0.556147, 0.831062, -0.0, 0.0, 0.0, 0.0, 1.0],
                [0.999763, -0.020743, -0.006568, 0.0, 0.020808, 0.823296, 0.56723, 0.374721, -0.006358, -0.567232, 0.823533, 0.0, 0.0, 0.0, 0.0, 1.0],
                [0.999751, -0.021215, -0.006899, -0.0, 0.021282, 0.814237, 0.580143, 0.374721, -0.00669, -0.580145, 0.814485, -0.0, 0.0, 0.0, 0.0, 1.0],
