{
    "animation": [
        {
            "name": "Root",
            "time": [0.0, 0.0167, 0.0333, 0.05, 0.0667, 0.0833, 0.1, 0.1167, 0.1333, 0.15, 0.1667, 0.1833, 0.2, 0.2167, 0.2333, 0.25, 0.2667, 0.2833, 0.3, 0.3167, 0.3333, 0.35, 0.3667, 0.3833, 0.4, 0.4167, 0.4333, 0.45, 0.4667, 0.4833, 0.5, 0.5167, 0.5333, 0.55, 0.5667, 0.5833, 0.6, 0.6167, 0.6333, 0.65, 0.6667, 0.6833, 0.7, 0.7167, 0.7333, 0.75, 0.7667, 0.7833, 0.8, 0.8167, 0.8333, 0.85, 0.8667, 0.8833, 0.9, 0.9167, 0.9333, 0.95, 0.9667, 0.9833, 1.0, 1.0167, 1.0333, 1.05, 1.0667, 1.0833, 1.1, 1.1167, 1.1333, 1.15, 1.1667, 1.1833, 1.2, 1.2167, 1.2333, 1.25, 1.2667, 1.2833, 1.3, 1.3167, 1.3333, 1.35, 1.3667, 1.3833, 1.4, 1.4167, 1.4333, 1.45, 1.4667, 1.4833, 1.5, 1.5167, 1.5333, 1.55, 1.5667, 1.5833, 1.6, 1.6167, 1.6333, 1.65, 1.6667, 1.6833, 1.7, 1.7167, 1.7333, 1.75, 1.7667, 1.7833, 1.8, 1.8167, 1.8333, 1.85, 1.8667, 1.8833, 1.9, 1.9167, 1.9333, 1.95, 1.9667, 1.9833, 2.0],
            "transform": [
                [0.901956, 0.0, 0.431828, -5e-06, 0.431828, 0.0, -0.901956, 0.000946, 0.0, 1.0, 0.0, 0.378916, 0.0, 0.0, 0.0, 1.0],
                [0.901956, 0.0, 0.431828, -5e-06, 0.431828, 0.0, -0.901956, 0.000946, 0.0, 1.0, 0.0, 0.378914, 0.0, 0.0, 0.0, 1.0],
                [0.901956, 0.0, 0.431828, -5e-06, 0.431828, 0.0, -0.901956, 0.000946, 0.0, 1.0, 0.0, 0.378908, 0.0, 0.0, 0.0, 1.0],
                [0.901956, 0.0, 0.431828, -5e-06, 0.431828, 0.0, -0.901956, 0.000946, 0.0, 1.0, 0.0, 0.378898, 0.0, 0.0, 0.0, 1.0],
                [0.901956, 0.0, 0.431828, -5e-06, 0.431828, 0.0, -0.901956, 0.000946, 0.0, 1.0, 0.0, 0.378883, 0.0, 0.0, 0.0, 1.0],
                [0.901956, 0.0, 0.431828, -5e-06, 0.431828, 0.0, -0.901956, 0.000946, 0.0, 1.0, 0.0, 0.378865, 0.0, 0.0, 0.0, 1.0],
                [0.901956, 0.0, 0.431828, -5e-06, 0.431828, 0.0, -0.901956, 0.000946, 0.0, 1.0, 0.0, 0.378843, 0.0, 0.0, 0.0, 1.0],
                [0.901956, 0.0, 0.431828, -5e-06, 0.431828, 0.0, -0.901956, 0.000946, 0.0, 1.0, 0.0, 0.378816, 0.0, 0.0, 0.0, 1.0],
                [0.901956, 0.0, 0.431828, -5e-06, 0.431828, 0.0, -0.901956, 0.000946, 0.0, 1.0, 0.0, 0.378785, 0.0, 0.0, 0.0, 1.0],
                [0.901956, 0.0, 0.431828, -5e-06, 0.431828, 0.0, -0.901956, 0.000946, 0.0, 1.0, 0.0, 0.378751, 0.0, 0.0, 0.0, 1.0],
                [0.901956, 0.0, 0.431828, -5e-06, 0.431828, 0.0, -0.901956, 0.000946, 0.0, 1.0, 0.0, 0.378712, 0.0, 0.0, 0.0, 1.0],
                [0.901956, 0.0, 0.431828, -5e-06, 0.431828, 0.0, -0.901956, 0.000946, 0.0, 1.0, 0.0, 0.378669, 0.0, 0.0, 0.0, 1.0],
                [0.901956, 0.0, 0.431828, -5e-06, 0.431828, 0.0, -0.901956, 0.000946, 0.0, 1.0, 0.0, 0.378623, 0.0, 0.0, 0.0, 1.0],
                [0.901956, 0.0, 0.431828, -5e-06, 0.431828, 0.0, -0.901956, 0.000946, 0.0, 1.0, 0.0, 0.378572, 0.0, 0.0, 0.0, 1.0],
                [0.901956, 0.0, 0.431828, -5e-06, 0.431828, 0.0, -0.901956, 0.000946, 0.0, 1.0, 0.0, 0.378518, 0.0, 0.0, 0.0, 1.0],
                [0.901956, 0.0, 0.431828, -5e-06, 0.431828, 0.0, -0.901956, 0.000946, 0.0, 1.0, 0.0, 0.378459, 0.0, 0.0, 0.0, 1.0],
                [0.901956, 0.0, 0.431828, -5e-06, 0.431828, 0.0, -0.901956, 0.000946, 0.0, 1.0, 0.0, 0.378398, 0.0, 0.0, 0.0, 1.0],
                [0.901956, 0.0, 0.431828, -5e-06, 0.431828, 0.0, -0.901956, 0.000946, 0.0, 1.0, 0.0, 0.378333, 0.0, 0.0, 0.0, 1.0],
                [0.901956, 0.0, 0.431828, -5e-06, 0.431828, 0.0, -0.901956, 0.000946, 0.0, 1.0, 0.0, 0.378265, 0.0, 0.0, 0.0, 1.0],
                [0.901956, 0.0, 0.431828, -5e-06, 0.431828, 0.0, -0.901956, 0.000946, 0.0, 1.0, 0.0, 0.378193, 0.0, 0.0, 0.0, 1.0],
                [0.901956, 0.0, 0.431828, -5e-06, 0.431828, 0.0, -0.901956, 0.000946, 0.0, 1.0, 0.0, 0.378119, 0.0, 0.0, 0.0, 1.0],
                [0.901956, 0.0, 0.431828, -5e-06, 0.431828, 0.0, -0.901956, 0.000946, 0.0, 1.0, 0.0, 0.378042, 0.0, 0.0, 0.0, 1.0],
                [0.901956, 0.0, 0.431828, -5e-06, 0.431828, 0.0, -0.901956, 0.000946, 0.0, 1.0, 0.0, 0.377962, 0.0, 0.0, 0.0, 1.0],
                [0.901956, 0.0, 0.431828, -5e-06, 0.431828, 0.0, -0.901956, 0.000946, 0.0, 1.0, 0.0, 0.37788, 0.0, 0.0, 0.0, 1.0],
                [0.901956, 0.0, 0.431828, -5e-06, 0.431828, 0.0, -0.901956, 0.000946, 0.0, 1.0, 0.0, 0.377796, 0.0, 0.0, 0.0, 1.0],
                [0.901956, 0.0, 0.431828, -5e-06, 0.431828, 0.0, -0.901956, 0.000946, 0.0, 1.0, 0.0, 0.377711, 0.0, 0.0, 0.0, 1.0],
                [0.901956, 0.0, 0.431828, -5e-06, 0.431828, 0.0, -0.901956, 0.000946, 0.0, 1.0, 0.0, 0.377624, 0.0, 0.0, 0.0, 1.0],
                [0.901956, 0.0, 0.431828, -5e-06, 0.431828, 0.0, -0.901956, 0.000946, 0.0, 1.0, 0.0, 0.377535, 0.0, 0.0, 0.0, 1.0],
                [0.901956, 0.0, 0.431828, -5e-06, 0.431828, 0.0, -0.901956, 0.000946, 0.0, 1.0, 0.0, 0.377446, 0.0, 0.0, 0.0, 1.0],
                [0.901956, 0.0, 0.431828, -5e-06, 0.431828, 0.0, -0.901956, 0.000946, 0.0, 1.0, 0.0, 0.377356, 0.0, 0.0, 0.0, 1.0],
                [0.901956, 0.0, 0.431828, -5e-06, 0.431828, 0.0, -0.901956, 0.000946, 0.0, 1.0, 0.0, 0.377266, 0.0, 0.0, 0.0, 1.0],
                [0.901956, 0.0, 0.431828, -5e-06, 0.431828, 0.0, -0.901956, 0.000946, 0.0, 1.0, 0.0, 0.377176, 0.0, 0.0, 0.0, 1.0],
                [0.901956, 0.0, 0.431828, -5e-06, 0.431828, 0.0, -0.901956, 0.000946, 0.0, 1.0, 0.0, 0.377086, 0.0, 0.0, 0.0, 1.0],
                [0.901956, 0.0, 0.431828, -5e-06, 0.431828, 0.0, -0.901956, 0.000946, 0.0, 1.0, 0.0, 0.376997, 0.0, 0.0, 0.0, 1.0],
                [0.901956, 0.0, 0.431828, -5e-06, 0.431828, 0.0, -0.901956, 0.000946, 0.0, 1.0, 0.0, 0.376908, 0.0, 0.0, 0.0, 1.0],
                [0.901956, 0.0, 0.431828, -5e-06, 0.431828, 0.0, -0.901956, 0.000946, 0.0, 1.0, 0.0, 0.376821, 0.0, 0.0, 0.0, 1.0],
                [0.901956, 0.0, 0.431828, -5e-06, 0.431828, 0.0, -0.901956, 0.000946, 0.0, 1.0, 0.0, 0.376736, 0.0, 0.0, 0.0, 1.0],
                [0.901956, 0.0, 0.431828, -5e-06, 0.431828, 0.0, -0.901956, 0.000946, 0.0, 1.0, 0.0, 0.376652, 0.0, 0.0, 0.0, 1.0],
                [0.901956, 0.0, 0.431828, -5e-06, 0.431828, 0.0, -0.901956, 0.000946, 0.0, 1.0, 0.0, 0.37657, 0.0, 0.0, 0.0, 1.0],
                [0.901956, 0.0, 0.431828, -5e-06, 0.431828, 0.0, -0.901956, 0.000946, 0.0, 1.0, 0.0, 0.37649, 0.0, 0.0, 0.0, 1.0],
                [0.901956, 0.0, 0.431828, -5e-06, 0.431828, 0.0, -0.901956, 0.000946, 0.0, 1.0, 0.0, 0.376413, 0.0, 0.0, 0.0, 1.0],
                [0.901956, 0.0, 0.431828, -5e-06, 0.431828, 0.0, -0.901956, 0.000946, 0.0, 1.0, 0.0, 0.376339, 0.0, 0.0, 0.0, 1.0],
                [0.901956, 0.0, 0.431828, -5e-06, 0.431828, 0.0, -0.901956, 0.000946, 0.0, 1.0, 0.0, 0.376267, 0.0, 0.0, 0.0, 1.0],
                [0.901956, 0.0, 0.431828, -5e-06, 0.431828, 0.0, -0.901956, 0.000946, 0.0, 1.0, 0.0, 0.376199, 0.0, 0.0, 0.0, 1.0],
                [0.901956, 0.0, 0.431828, -5e-06, 0.431828, 0.0, -0.901956, 0.000946, 0.0, 1.0, 0.0, 0.376134, 0.0, 0.0, 0.0, 1.0],
                [0.901956, 0.0, 0.431828, -5e-06, 0.431828, 0.0, -0.901956, 0.000946, 0.0, 1.0, 0.0, 0.376072, 0.0, 0.0, 0.0, 1.0],
                [0.901956, 0.0, 0.431828, -5e-06, 0.431828, 0.0, -0.901956, 0.000946, 0.0, 1.0, 0.0, 0.376014, 0.0, 0.0, 0.0, 1.0],
                [0.901956, 0.0, 0.431828, -5e-06, 0.431828, 0.0, -0.901956, 0.000946, 0.0, 1.0, 0.0, 0.37596, 0.0, 0.0, 0.0, 1.0],
                [0.901956, 0.0, 0.431828, -5e-06, 0.431828, 0.0, -0.901956, 0.000946, 0.0, 1.0, 0.0, 0.375909, 0.0, 0.0, 0.0, 1.0],
                [0.901956, 0.0, 0.431828, -5e-06, 0.431828, 0.0, -0.901956, 0.000946, 0.0, 1.0, 0.0, 0.375863, 0.0, 0.0, 0.0, 1.0],
                [0.901956, 0.0, 0.431828, -5e-06, 0.431828, 0.0, -0.901956, 0.000946, 0.0, 1.0, 0.0, 0.37582, 0.0, 0.0, 0.0, 1.0],
                [0.901956, 0.0, 0.431828, -5e-06, 0.431828, 0.0, -0.901956, 0.000946, 0.0, 1.0, 0.0, 0.375781, 0.0, 0.0, 0.0, 1.0],
                [0.901956, 0.0, 0.431828, -5e-06, 0.431828, 0.0, -0.901956, 0.000946, 0.0, 1.0, 0.0, 0.375746, 0.0, 0.0, 0.0, 1.0],
                [0.901956, 0.0, 0.431828, -5e-06, 0.431828, 0.0, -0.901956, 0.000946, 0.0, 1.0, 0.0, 0.375716, 0.0, 0.0, 0.0, 1.0],
                [0.901956, 0.0, 0.431828, -5e-06, 0.431828, 0.0, -0.901956, 0.000946, 0.0, 1.0, 0.0, 0.375689, 0.0, 0.0, 0.0, 1.0],
                [0.901956, 0.0, 0.431828, -5e-06, 0.431828, 0.0, -0.901956, 0.000946, 0.0, 1.0, 0.0, 0.375667, 0.0, 0.0, 0.0, 1.0],
                [0.901956, 0.0, 0.431828, -5e-06, 0.431828, 0.0, -0.901956, 0.000946, 0.0, 1.0, 0.0, 0.375648, 0.0, 0.0, 0.0, 1.0],
                [0.901956, 0.0, 0.431828, -5e-06, 0.431828, 0.0, -0.901956, 0.000946, 0.0, 1.0, 0.0, 0.375634, 0.0, 0.0, 0.0, 1.0],
                [0.901956, 0.0, 0.431828, -5e-06, 0.431828, 0.0, -0.901956, 0.000946, 0.0, 1.0, 0.0, 0.375624, 0.0, 0.0, 0.0, 1.0],
                [0.901956, 0.0, 0.431828, -5e-06, 0.431828, 0.0, -0.901956, 0.000946, 0.0, 1.0, 0.0, 0.375618, 0.0, 0.0, 0.0, 1.0],
                [0.901956, 0.0, 0.431828, -5e-06, 0.431828, 0.0, -0.901956, 0.000946, 0.0, 1.0, 0.0, 0.375616, 0.0, 0.0, 0.0, 1.0],
                [0.901956, 0.0, 0.431828, -5e-06, 0.431828, 0.0, -0.901956, 0.000946, 0.0, 1.0, 0.0, 0.375618, 0.0, 0.0, 0.0, 1.0],
                [0.901956, 0.0, 0.431828, -5e-06, 0.431828, 0.0, -0.901956, 0.000946, 0.0, 1.0, 0.0, 0.375624, 0.0, 0.0, 0.0, 1.0],
                [0.901956, 0.0, 0.431828, -5e-06, 0.431828, 0.0, -0.901956, 0.000946, 0.0, 1.0, 0.0, 0.375634, 0.0, 0.0, 0.0, 1.0],
                [0.901956, 0.0, 0.431828, -5e-06, 0.431828, 0.0, -0.901956, 0.000946, 0.0, 1.0, 0.0, 0.375648, 0.0, 0.0, 0.0, 1.0],
                [0.901956, 0.0, 0.431828, -5e-06, 0.431828, 0.0, -0.901956, 0.000946, 0.0, 1.0, 0.0, 0.375667, 0.0, 0.0, 0.0, 1.0],
                [0.901956, 0.0, 0.431828, -5e-06, 0.431828, 0.0, -0.901956, 0.000946, 0.0, 1.0, 0.0, 0.375689, 0.0, 0.0, 0.0, 1.0],
                [0.901956, 0.0, 0.431828, -5e-06, 0.431828, 0.0, -0.901956, 0.000946, 0.0, 1.0, 0.0, 0.375716, 0.0, 0.0, 0.0, 1.0],
                [0.901956, 0.0, 0.431828, -5e-06, 0.431828, 0.0, -0.901956, 0.000946, 0.0, 1.0, 0.0, 0.375746, 0.0, 0.0, 0.0, 1.0],
                [0.901956, 0.0, 0.431828, -5e-06, 0.431828, 0.0, -0.901956, 0.000946, 0.0, 1.0, 0.0, 0.375781, 0.0, 0.0, 0.0, 1.0],
                [0.901956, 0.0, 0.431828, -5e-06, 0.431828, 0.0, -0.901956, 0.000946, 0.0, 1.0, 0.0, 0.37582, 0.0, 0.0, 0.0, 1.0],
                [0.901956, 0.0, 0.431828, -5e-06, 0.431828, 0.0, -0.901956, 0.000946, 0.0, 1.0, 0.0, 0.375863, 0.0, 0.0, 0.0, 1.0],
                [0.901956, 0.0, 0.431828, -5e-06, 0.431828, 0.0, -0.901956, 0.000946, 0.0, 1.0, 0.0, 0.375909, 0.0, 0.0, 0.0, 1.0],
                [0.901956, 0.0, 0.431828, -5e-06, 0.431828, 0.0, -0.901956, 0.000946, 0.0, 1.0, 0.0, 0.37596, 0.0, 0.0, 0.0, 1.0],
                [0.901956, 0.0, 0.431828, -5e-06, 0.431828, 0.0, -0.901956, 0.000946, 0.0, 1.0, 0.0, 0.376014, 0.0, 0.0, 0.0, 1.0],
                [0.901956, 0.0, 0.431828, -5e-06, 0.431828, 0.0, -0.901956, 0.000946, 0.0, 1.0, 0.0, 0.376072, 0.0, 0.0, 0.0, 1.0],
                [0.901956, 0.0, 0.431828, -5e-06, 0.431828, 0.0, -0.901956, 0.000946, 0.0, 1.0, 0.0, 0.376134, 0.0, 0.0, 0.0, 1.0],
                [0.901956, 0.0, 0.431828, -5e-06, 0.431828, 0.0, -0.901956, 0.000946, 0.0, 1.0, 0.0, 0.376199, 0.0, 0.0, 0.0, 1.0],
                [0.901956, 0.0, 0.431828, -5e-06, 0.431828, 0.0, -0.901956, 0.000946, 0.0, 1.0, 0.0, 0.376267, 0.0, 0.0, 0.0, 1.0],
                [0.901956, 0.0, 0.431828, -5e-06, 0.431828, 0.0, -0.901956, 0.000946, 0.0, 1.0, 0.0, 0.376339, 0.0, 0.0, 0.0, 1.0],
                [0.901956, 0.0, 0.431828, -5e-06, 0.431828, 0.0, -0.901956, 0.000946, 0.0, 1.0, 0.0, 0.376413, 0.0, 0.0, 0.0, 1.0],
                [0.901956, 0.0, 0.431828, -5e-06, 0.431828, 0.0, -0.901956, 0.000946, 0.0, 1.0, 0.0, 0.37649, 0.0, 0.0, 0.0, 1.0],
                [0.901956, 0.0, 0.431828, -5e-06, 0.431828, 0.0, -0.901956, 0.000946, 0.0, 1.0, 0.0, 0.37657, 0.0, 0.0, 0.0, 1.0],
                [0.901956, 0.0, 0.431828, -5e-06, 0.431828, 0.0, -0.901956, 0.000946, 0.0, 1.0, 0.0, 0.376652, 0.0, 0.0, 0.0, 1.0],
                [0.901956, 0.0, 0.431828, -5e-06, 0.431828, 0.0, -0.901956, 0.000946, 0.0, 1.0, 0.0, 0.376736, 0.0, 0.0, 0.0, 1.0],
                [0.901956, 0.0, 0.431828, -5e-06, 0.431828, 0.0, -0.901956, 0.000946, 0.0, 1.0, 0.0, 0.376821, 0.0, 0.0, 0.0, 1.0],
                [0.901956, 0.0, 0.431828, -5e-06, 0.431828, 0.0, -0.901956, 0.000946, 0.0, 1.0, 0.0, 0.376908, 0.0, 0.0, 0.0, 1.0],
                [0.901956, 0.0, 0.431828, -5e-06, 0.431828, 0.0, -0.901956, 0.000946, 0.0, 1.0, 0.0, 0.376997, 0.0, 0.0, 0.0, 1.0],
                [0.901956, 0.0, 0.431828, -5e-06, 0.431828, 0.0, -0.901956, 0.000946, 0.0, 1.0, 0.0, 0.377086, 0.0, 0.0, 0.0, 1.0],
                [0.901956, 0.0, 0.431828, -5e-06, 0.431828, 0.0, -0.901956, 0.000946, 0.0, 1.0, 0.0, 0.377176, 0.0, 0.0, 0.0, 1.0],
                [0.901956, 0.0, 0.431828, -5e-06, 0.431828, 0.0, -0.901956, 0.000946, 0.0, 1.0, 0.0, 0.377266, 0.0, 0.0, 0.0, 1.0],
                [0.901956, 0.0, 0.431828, -5e-06, 0.431828, 0.0, -0.901956, 0.000946, 0.0, 1.0, 0.0, 0.377356, 0.0, 0.0, 0.0, 1.0],
                [0.901956, 0.0, 0.431828, -5e-06, 0.431828, 0.0, -0.901956, 0.000946, 0.0, 1.0, 0.0, 0.377446, 0.0, 0.0, 0.0, 1.0],
                [0.901956, 0.0, 0.431828, -5e-06, 0.431828, 0.0, -0.901956, 0.000946, 0.0, 1.0, 0.0, 0.377535, 0.0, 0.0, 0.0, 1.0],
                [0.901956, 0.0, 0.431828, -5e-06, 0.431828, 0.0, -0.901956, 0.000946, 0.0, 1.0, 0.0, 0.377624, 0.0, 0.0, 0.0, 1.0],
                [0.901956, 0.0, 0.431828, -5e-06, 0.431828, 0.0, -0.901956, 0.000946, 0.0, 1.0, 0.0, 0.377711, 0.0, 0.0, 0.0, 1.0],
                [0.901956, 0.0, 0.431828, -5e-06, 0.431828, 0.0, -0.901956, 0.000946, 0.0, 1.0, 0.0, 0.377796, 0.0, 0.0, 0.0, 1.0],
                [0.901956, 0.0, 0.431828, -5e-06, 0.431828, 0.0, -0.901956, 0.000946, 0.0, 1.0, 0.0, 0.37788, 0.0, 0.0, 0.0, 1.0],
                [0.901956, 0.0, 0.431828, -5e-06, 0.431828, 0.0, -0.901956, 0.000946, 0.0, 1.0, 0.0, 0.377962, 0.0, 0.0, 0.0, 1.0],
                [0.901956, 0.0, 0.431828, -5e-06, 0.431828, 0.0, -0.901956, 0.000946, 0.0, 1.0, 0.0, 0.378042, 0.0, 0.0, 0.0, 1.0],
                [0.901956, 0.0, 0.431828, -5e-06, 0.431828, 0.0, -0.901956, 0.000946, 0.0, 1.0, 0.0, 0.378119, 0.0, 0.0, 0.0, 1.0],
                [0.901956, 0.0, 0.431828, -5e-06, 0.431828, 0.0, -0.901956, 0.000946, 0.0, 1.0, 0.0, 0.378193, 0.0, 0.0, 0.0, 1.0],
                [0.901956, 0.0, 0.431828, -5e-06, 0.431828, 0.0, -0.901956, 0.000946, 0.0, 1.0, 0.0, 0.378265, 0.0, 0.0, 0.0, 1.0],
                [0.901956, 0.0, 0.431828, -5e-06, 0.431828, 0.0, -0.901956, 0.000946, 0.0, 1.0, 0.0, 0.378333, 0.0, 0.0, 0.0, 1.0],
                [0.901956, 0.0, 0.431828, -5e-06, 0.431828, 0.0, -0.901956, 0.000946, 0.0, 1.0, 0.0, 0.378398, 0.0, 0.0, 0.0, 1.0],
                [0.901956, 0.0, 0.431828, -5e-06, 0.431828, 0.0, -0.901956, 0.000946, 0.0, 1.0, 0.0, 0.37846, 0.0, 0.0, 0.0, 1.0],
                [0.901956, 0.0, 0.431828, -5e-06, 0.431828, 0.0, -0.901956, 0.000946, 0.0, 1.0, 0.0, 0.378518, 0.0, 0.0, 0.0, 1.0],
                [0.901956, 0.0, 0.431828, -5e-06, 0.431828, 0.0, -0.901956, 0.000946, 0.0, 1.0, 0.0, 0.378572, 0.0, 0.0, 0.0, 1.0],
                [0.901956, 0.0, 0.431828, -5e-06, 0.431828, 0.0, -0.901956, 0.000946, 0.0, 1.0, 0.0, 0.378623, 0.0, 0.0, 0.0, 1.0],
                [0.901956, 0.0, 0.431828, -5e-06, 0.431828, 0.0, -0.901956, 0.000946, 0.0, 1.0, 0.0, 0.378669, 0.0, 0.0, 0.0, 1.0],
                [0.901956, 0.0, 0.431828, -5e-06, 0.431828, 0.0, -0.901956, 0.000946, 0.0, 1.0, 0.0, 0.378712, 0.0, 0.0, 0.0, 1.0],
                [0.901956, 0.0, 0.431828, -5e-06, 0.431828, 0.0, -0.901956, 0.000946, 0.0, 1.0, 0.0, 0.378751, 0.0, 0.0, 0.0, 1.0],
                [0.901956, 0.0, 0.431828, -5e-06, 0.431828, 0.0, -0.901956, 0.000946, 0.0, 1.0, 0.0, 0.378785, 0.0, 0.0, 0.0, 1.0],
                [0.901956, 0.0, 0.431828, -5e-06, 0.431828, 0.0, -0.901956, 0.000946, 0.0, 1.0, 0.0, 0.378816, 0.0, 0.0, 0.0, 1.0],
                [0.901956, 0.0, 0.431828, -5e-06, 0.431828, 0.0, -0.901956, 0.000946, 0.0, 1.0, 0.0, 0.378843, 0.0, 0.0, 0.0, 1.0],
                [0.901956, 0.0, 0.431828, -5e-06, 0.431828, 0.0, -0.901956, 0.000946, 0.0, 1.0, 0.0, 0.378865, 0.0, 0.0, 0.0, 1.0],
                [0.901956, 0.0, 0.431828, -5e-06, 0.431828, 0.0, -0.901956, 0.000946, 0.0, 1.0, 0.0, 0.378883, 0.0, 0.0, 0.0, 1.0],
                [0.901956, 0.0, 0.431828, -5e-06, 0.431828, 0.0, -0.901956, 0.000946, 0.0, 1.0, 0.0, 0.378898, 0.0, 0.0, 0.0, 1.0],
                [0.901956, 0.0, 0.431828, -5e-06, 0.431828, 0.0, -0.901956, 0.000946, 0.0, 1.0, 0.0, 0.378908, 0.0, 0.0, 0.0, 1.0],
                [0.901956, 0.0, 0.431828, -5e-06, 0.431828, 0.0, -0.901956, 0.000946, 0.0, 1.0, 0.0, 0.378914, 0.0, 0.0, 0.0, 1.0],
                [0.901956, 0.0, 0.431828, -5e-06, 0.431828, 0.0, -0.901956, 0.000946, 0.0, 1.0, 0.0, 0.378916, 0.0, 0.0, 0.0, 1.0]
            ]
        },
        {
            "name": "Thigh_R",
            "time": [0.0, 0.0167, 0.0333, 0.05, 0.0667, 0.0833, 0.1, 0.1167, 0.1333, 0.15, 0.1667, 0.1833, 0.2, 0.2167, 0.2333, 0.25, 0.2667, 0.2833, 0.3, 0.3167, 0.3333, 0.35, 0.3667, 0.3833, 0.4, 0.4167, 0.4333, 0.45, 0.4667, 0.4833, 0.5, 0.5167, 0.5333, 0.55, 0.5667, 0.5833, 0.6, 0.6167, 0.6333, 0.65, 0.6667, 0.6833, 0.7, 0.7167, 0.7333, 0.75, 0.7667, 0.7833, 0.8, 0.8167, 0.8333, 0.85, 0.8667, 0.8833, 0.9, 0.9167, 0.9333, 0.95, 0.9667, 0.9833, 1.0, 1.0167, 1.0333, 1.05, 1.0667, 1.0833, 1.1, 1.1167, 1.1333, 1.15, 1.1667, 1.1833, 1.2, 1.2167, 1.2333, 1.25, 1.2667, 1.2833, 1.3, 1.3167, 1.3333, 1.35, 1.3667, 1.3833, 1.4, 1.4167, 1.4333, 1.45, 1.4667, 1.4833, 1.5, 1.5167, 1.5333, 1.55, 1.5667, 1.5833, 1.6, 1.6167, 1.6333, 1.65, 1.6667, 1.6833, 1.7, 1.7167, 1.7333, 1.75, 1.7667, 1.7833, 1.8, 1.8167, 1.8333, 1.85, 1.8667, 1.8833, 1.9, 1.9167, 1.9333, 1.95, 1.9667, 1.9833, 2.0],
            "transform": [
                [0.878422, 0.35652, -0.318226, 0.124994, 0.374642, -0.100352, 0.921723, -0.002831, 0.296678, -0.928882, -0.221718, -1.2e-05, 0.0, 0.0, 0.0, 1.0],
                [0.878421, 0.35652, -0.318229, 0.124994, 0.374643, -0.100347, 0.921723, -0.002831, 0.296679, -0.928883, -0.221714, -1.2e-05, 0.0, 0.0, 0.0, 1.0],
                [0.878419, 0.356518, -0.318237, 0.124994, 0.374647, -0.100332, 0.921723, -0.002831, 0.296681, -0.928885, -0.221702, -1.2e-05, 0.0, 0.0, 0.0, 1.0],
                [0.878415, 0.356516, -0.318251, 0.124994, 0.374652, -0.100307, 0.921723, -0.002831, 0.296686, -0.928889, -0.221681, -1.2e-05, 0.0, 0.0, 0.0, 1.0],
                [0.878409, 0.356513, -0.31827, 0.124994, 0.37466, -0.100273, 0.921724, -0.002831, 0.296692, -0.928894, -0.221652, -1.2e-05, 0.0, 0.0, 0.0, 1.0],
                [0.878402, 0.356509, -0.318294, 0.124994, 0.374671, -0.100228, 0.921725, -0.002831, 0.296701, -0.9289, -0.221614, -1.2e-05, 0.0, 0.0, 0.0, 1.0],
                [0.878393, 0.356504, -0.318324, 0.124994, 0.374683, -0.100173, 0.921725, -0.002831, 0.296711, -0.928908, -0.221567, -1.2e-05, 0.0, 0.0, 0.0, 1.0],
                [0.878383, 0.356498, -0.318359, 0.124994, 0.374698, -0.100108, 0.921726, -0.002831, 0.296723, -0.928917, -0.221513, -1.2e-05, 0.0, 0.0, 0.0, 1.0],
                [0.878371, 0.356491, -0.3184, 0.124994, 0.374716, -0.100034, 0.921727, -0.002831, 0.296737, -0.928928, -0.221449, -1.2e-05, 0.0, 0.0, 0.0, 1.0],
                [0.878357, 0.356483, -0.318446, 0.124994, 0.374735, -0.099949, 0.921729, -0.002831, 0.296753, -0.92894, -0.221378, -1.2e-05, 0.0, 0.0, 0.0, 1.0],
                [0.878342, 0.356475, -0.318498, 0.124994, 0.374757, -0.099854, 0.92173, -0.002831, 0.29677, -0.928953, -0.221298, -1.2e-05, 0.0, 0.0, 0.0, 1.0],
                [0.878325, 0.356465, -0.318555, 0.124994, 0.374781, -0.09975, 0.921731, -0.002831, 0.296789, -0.928968, -0.221209, -1.2e-05, 0.0, 0.0, 0.0, 1.0],
                [0.878307, 0.356455, -0.318617, 0.124994, 0.374807, -0.099636, 0.921733, -0.002831, 0.296811, -0.928984, -0.221113, -1.2e-05, 0.0, 0.0, 0.0, 1.0],
                [0.878286, 0.356444, -0.318685, 0.124994, 0.374836, -0.099513, 0.921735, -0.002831, 0.296833, -0.929002, -0.221009, -1.2e-05, 0.0, 0.0, 0.0, 1.0],
                [0.878265, 0.356432, -0.318757, 0.124994, 0.374867, -0.09938, 0.921737, -0.002831, 0.296858, -0.929021, -0.220896, -1.2e-05, 0.0, 0.0, 0.0, 1.0],
                [0.878242, 0.356419, -0.318835, 0.124994, 0.374899, -0.099238, 0.921739, -0.002831, 0.296884, -0.929041, -0.220776, -1.2e-05, 0.0, 0.0, 0.0, 1.0],
                [0.878218, 0.356405, -0.318917, 0.124994, 0.374934, -0.099088, 0.921741, -0.002831, 0.296912, -0.929062, -0.220649, -1.2e-05, 0.0, 0.0, 0.0, 1.0],
                [0.878192, 0.356391, -0.319004, 0.124994, 0.374971, -0.098929, 0.921743, -0.002831, 0.296942, -0.929085, -0.220515, -1.2e-05, 0.0, 0.0, 0.0, 1.0],
                [0.878165, 0.356376, -0.319095, 0.124994, 0.375009, -0.098762, 0.921745, -0.002831, 0.296973, -0.929108, -0.220374, -1.2e-05, 0.0, 0.0, 0.0, 1.0],
                [0.878137, 0.35636, -0.31919, 0.124994, 0.37505, -0.098588, 0.921747, -0.002831, 0.297005, -0.929133, -0.220227, -1.2e-05, 0.0, 0.0, 0.0, 1.0],
                [0.878108, 0.356343, -0.319289, 0.124994, 0.375092, -0.098407, 0.921749, -0.002831, 0.297039, -0.929158, -0.220073, -1.2e-05, 0.0, 0.0, 0.0, 1.0],
                [0.878078, 0.356326, -0.319392, 0.124994, 0.375135, -0.098218, 0.921752, -0.002831, 0.297074, -0.929185, -0.219914, -1.2e-05, 0.0, 0.0, 0.0, 1.0],
                [0.878046, 0.356308, -0.319498, 0.124994, 0.37518, -0.098024, 0.921754, -0.002831, 0.29711, -0.929212, -0.21975, -1.2e-05, 0.0, 0.0, 0.0, 1.0],
                [0.878014, 0.35629, -0.319608, 0.124994, 0.375226, -0.097824, 0.921757, -0.002831, 0.297147, -0.92924, -0.219581, -1.2e-05, 0.0, 0.0, 0.0, 1.0],
                [0.877981, 0.356271, -0.31972, 0.124994, 0.375274, -0.097619, 0.921759, -0.002831, 0.297185, -0.929269, -0.219407, -1.2e-05, 0.0, 0.0, 0.0, 1.0],
                [0.877947, 0.356252, -0.319834, 0.124994, 0.375322, -0.09741, 0.921761, -0.002831, 0.297224, -0.929298, -0.21923, -1.2e-05, 0.0, 0.0, 0.0, 1.0],
                [0.877912, 0.356232, -0.31995, 0.124994, 0.375372, -0.097198, 0.921764, -0.002831, 0.297263, -0.929328, -0.21905, -1.2e-05, 0.0, 0.0, 0.0, 1.0],
                [0.877877, 0.356212, -0.320068, 0.124994, 0.375422, -0.096982, 0.921766, -0.002831, 0.297303, -0.929358, -0.218868, -1.2e-05, 0.0, 0.0, 0.0, 1.0],
                [0.877842, 0.356192, -0.320187, 0.124994, 0.375472, -0.096764, 0.921769, -0.002831, 0.297344, -0.929389, -0.218684, -1.2e-05, 0.0, 0.0, 0.0, 1.0],
                [0.877806, 0.356172, -0.320307, 0.124994, 0.375523, -0.096545, 0.921771, -0.002831, 0.297385, -0.929419, -0.218498, -1.2e-05, 0.0, 0.0, 0.0, 1.0],
                [0.877771, 0.356152, -0.320428, 0.124994, 0.375574, -0.096324, 0.921773, -0.002831, 0.297426, -0.92945, -0.218312, -1.2e-05, 0.0, 0.0, 0.0, 1.0],
                [0.877735, 0.356131, -0.320548, 0.124994, 0.375625, -0.096104, 0.921775, -0.002831, 0.297467, -0.92948, -0.218126, -1.2e-05, 0.0, 0.0, 0.0, 1.0],
                [0.877699, 0.356111, -0.320669, 0.124994, 0.375676, -0.095885, 0.921777, -0.002831, 0.297508, -0.929511, -0.21794, -1.2e-05, 0.0, 0.0, 0.0, 1.0],
                [0.877664, 0.356091, -0.320788, 0.124994, 0.375726, -0.095667, 0.92178, -0.002831, 0.297548, -0.929541, -0.217756, -1.2e-05, 0.0, 0.0, 0.0, 1.0],
                [0.877629, 0.356071, -0.320906, 0.124994, 0.375776, -0.095451, 0.921781, -0.002831, 0.297588, -0.929571, -0.217573, -1.2e-05, 0.0, 0.0, 0.0, 1.0],
                [0.877594, 0.356051, -0.321023, 0.124994, 0.375826, -0.095238, 0.921783, -0.002831, 0.297628, -0.929601, -0.217393, -1.2e-05, 0.0, 0.0, 0.0, 1.0],
                [0.87756, 0.356031, -0.321137, 0.124994, 0.375874, -0.095029, 0.921785, -0.002831, 0.297667, -0.929629, -0.217216, -1.2e-05, 0.0, 0.0, 0.0, 1.0],
                [0.877527, 0.356012, -0.321249, 0.124994, 0.375922, -0.094824, 0.921787, -0.002831, 0.297705, -0.929658, -0.217043, -1.2e-05, 0.0, 0.0, 0.0, 1.0],
                [0.877495, 0.355993, -0.321359, 0.124994, 0.375968, -0.094624, 0.921788, -0.002831, 0.297742, -0.929685, -0.216874, -1.2e-05, 0.0, 0.0, 0.0, 1.0],
                [0.877463, 0.355975, -0.321465, 0.124994, 0.376013, -0.094429, 0.92179, -0.002831, 0.297779, -0.929712, -0.21671, -1.2e-05, 0.0, 0.0, 0.0, 1.0],
                [0.877432, 0.355958, -0.321569, 0.124994, 0.376057, -0.094241, 0.921791, -0.002831, 0.297814, -0.929738, -0.21655, -1.2e-05, 0.0, 0.0, 0.0, 1.0],
                [0.877403, 0.35594, -0.321668, 0.124994, 0.376099, -0.094059, 0.921793, -0.002831, 0.297847, -0.929763, -0.216397, -1.2e-05, 0.0, 0.0, 0.0, 1.0],
                [0.877374, 0.355924, -0.321764, 0.124994, 0.37614, -0.093885, 0.921794, -0.002831, 0.29788, -0.929787, -0.216249, -1.2e-05, 0.0, 0.0, 0.0, 1.0],
                [0.877347, 0.355908, -0.321855, 0.124994, 0.376179, -0.093718, 0.921795, -0.002831, 0.297911, -0.92981, -0.216108, -1.2e-05, 0.0, 0.0, 0.0, 1.0],
                [0.877321, 0.355893, -0.321942, 0.124994, 0.376216, -0.093559, 0.921796, -0.002831, 0.297941, -0.929831, -0.215974, -1.2e-05, 0.0, 0.0, 0.0, 1.0],
                [0.877297, 0.355879, -0.322025, 0.124994, 0.376251, -0.093408, 0.921797, -0.002831, 0.297969, -0.929852, -0.215846, -1.2e-05, 0.0, 0.0, 0.0, 1.0],
                [0.877274, 0.355866, -0.322102, 0.124994, 0.376283, -0.093266, 0.921798, -0.002831, 0.297995, -0.929871, -0.215726, -1.2e-05, 0.0, 0.0, 0.0, 1.0],
                [0.877252, 0.355853, -0.322175, 0.124994, 0.376314, -0.093133, 0.921799, -0.002831, 0.29802, -0.929889, -0.215614, -1.2e-05, 0.0, 0.0, 0.0, 1.0],
                [0.877232, 0.355842, -0.322243, 0.124994, 0.376343, -0.09301, 0.9218, -0.002831, 0.298043, -0.929906, -0.21551, -1.2e-05, 0.0, 0.0, 0.0, 1.0],
                [0.877213, 0.355831, -0.322306, 0.124994, 0.37637, -0.092895, 0.9218, -0.002831, 0.298064, -0.929922, -0.215413, -1.2e-05, 0.0, 0.0, 0.0, 1.0],
                [0.877196, 0.355821, -0.322363, 0.124994, 0.376394, -0.092791, 0.921801, -0.002831, 0.298084, -0.929936, -0.215325, -1.2e-05, 0.0, 0.0, 0.0, 1.0],
                [0.877181, 0.355812, -0.322415, 0.124994, 0.376416, -0.092696, 0.921802, -0.002831, 0.298101, -0.929949, -0.215245, -1.2e-05, 0.0, 0.0, 0.0, 1.0],
                [0.877167, 0.355804, -0.322461, 0.124994, 0.376436, -0.092611, 0.921802, -0.002831, 0.298117, -0.92996, -0.215173, -1.2e-05, 0.0, 0.0, 0.0, 1.0],
                [0.877155, 0.355797, -0.322502, 0.124994, 0.376453, -0.092536, 0.921803, -0.002831, 0.298131, -0.929971, -0.215109, -1.2e-05, 0.0, 0.0, 0.0, 1.0],
                [0.877144, 0.355791, -0.322538, 0.124994, 0.376468, -0.092471, 0.921803, -0.002831, 0.298143, -0.929979, -0.215055, -1.2e-05, 0.0, 0.0, 0.0, 1.0],
                [0.877135, 0.355786, -0.322568, 0.124994, 0.376481, -0.092416, 0.921803, -0.002831, 0.298154, -0.929987, -0.215008, -1.2e-05, 0.0, 0.0, 0.0, 1.0],
                [0.877128, 0.355781, -0.322593, 0.124994, 0.376491, -0.092372, 0.921803, -0.002831, 0.298162, -0.929993, -0.21497, -1.2e-05, 0.0, 0.0, 0.0, 1.0],
                [0.877122, 0.355778, -0.322612, 0.124994, 0.376499, -0.092337, 0.921804, -0.002831, 0.298168, -0.929998, -0.214941, -1.2e-05, 0.0, 0.0, 0.0, 1.0],
                [0.877118, 0.355776, -0.322625, 0.124994, 0.376505, -0.092312, 0.921804, -0.002831, 0.298173, -0.930001, -0.21492, -1.2e-05, 0.0, 0.0, 0.0, 1.0],
                [0.877116, 0.355774, -0.322633, 0.124994, 0.376509, -0.092297, 0.921804, -0.002831, 0.298176, -0.930003, -0.214908, -1.2e-05, 0.0, 0.0, 0.0, 1.0],
                [0.877115, 0.355774, -0.322636, 0.124994, 0.37651, -0.092292, 0.921804, -0.002831, 0.298177, -0.930004, -0.214903, -1.2e-05, 0.0, 0.0, 0.0, 1.0],
                [0.877116, 0.355774, -0.322634, 0.124994, 0.376509, -0.092297, 0.921804, -0.002831, 0.298176, -0.930003, -0.214907, -1.2e-05, 0.0, 0.0, 0.0, 1.0],
                [0.877118, 0.355776, -0.322625, 0.124994, 0.376505, -0.092312, 0.921804, -0.002831, 0.298173, -0.930001, -0.21492, -1.2e-05, 0.0, 0.0, 0.0, 1.0],
                [0.877122, 0.355778, -0.322612, 0.124994, 0.376499, -0.092337, 0.921804, -0.002831, 0.298168, -0.929998, -0.214941, -1.2e-05, 0.0, 0.0, 0.0, 1.0],
                [0.877128, 0.355781, -0.322593, 0.124994, 0.376491, -0.092372, 0.921803, -0.002831, 0.298162, -0.929993, -0.21497, -1.2e-05, 0.0, 0.0, 0.0, 1.0],
                [0.877135, 0.355786, -0.322568, 0.124994, 0.376481, -0.092416, 0.921803, -0.002831, 0.298154, -0.929987, -0.215008, -1.2e-05, 0.0, 0.0, 0.0, 1.0],
                [0.877144, 0.355791, -0.322538, 0.124994, 0.376468, -0.092471, 0.921803, -0.002831, 0.298143, -0.929979, -0.215055, -1.2e-05, 0.0, 0.0, 0.0, 1.0],
                [0.877155, 0.355797, -0.322502, 0.124994, 0.376453, -0.092536, 0.921803, -0.002831, 0.298131, -0.929971, -0.215109, -1.2e-05, 0.0, 0.0, 0.0, 1.0],
                [0.877167, 0.355804, -0.322461, 0.124994, 0.376436, -0.092611, 0.921802, -0.002831, 0.298117, -0.92996, -0.215173, -1.2e-05, 0.0, 0.0, 0.0, 1.0],
                [0.877181, 0.355812, -0.322415, 0.124994, 0.376416, -0.092696, 0.921802, -0.002831, 0.298101, -0.929949, -0.215245, -1.2e-05, 0.0, 0.0, 0.0, 1.0],
                [0.877196, 0.355821, -0.322363, 0.124994, 0.376394, -0.092791, 0.921801, -0.002831, 0.298084, -0.929936, -0.215325, -1.2e-05, 0.0, 0.0, 0.0, 1.0],
                [0.877213, 0.355831, -0.322306, 0.124994, 0.37637, -0.092895, 0.9218, -0.002831, 0.298064, -0.929922, -0.215413, -1.2e-05, 0.0, 0.0, 0.0, 1.0],
                [0.877232, 0.355842, -0.322243, 0.124994, 0.376343, -0.09301, 0.9218, -0.002831, 0.298043, -0.929906, -0.21551, -1.2e-05, 0.0, 0.0, 0.0, 1.0],
                [0.877252, 0.355853, -0.322175, 0.124994, 0.376314, -0.093133, 0.921799, -0.002831, 0.29802, -0.929889, -0.215614, -1.2e-05, 0.0, 0.0, 0.0, 1.0],
                [0.877274, 0.355866, -0.322102, 0.124994, 0.376283, -0.093266, 0.921798, -0.002831, 0.297995, -0.929871, -0.215726, -1.2e-05, 0.0, 0.0, 0.0, 1.0],
                [0.877297, 0.355879, -0.322025, 0.124994, 0.376251, -0.093408, 0.921797, -0.002831, 0.297969, -0.929852, -0.215846, -1.2e-05, 0.0, 0.0, 0.0, 1.0],
                [0.877321, 0.355893, -0.321942, 0.124994, 0.376216, -0.093559, 0.921796, -0.002831, 0.297941, -0.929831, -0.215974, -1.2e-05, 0.0, 0.0, 0.0, 1.0],
                [0.877347, 0.355908, -0.321855, 0.124994, 0.376179, -0.093718, 0.921795, -0.002831, 0.297911, -0.92981, -0.216108, -1.2e-05, 0.0, 0.0, 0.0, 1.0],
                [0.877374, 0.355924, -0.321764, 0.124994, 0.37614, -0.093885, 0.921794, -0.002831, 0.29788, -0.929787, -0.216249, -1.2e-05, 0.0, 0.0, 0.0, 1.0],
                [0.877403, 0.35594, -0.321668, 0.124994, 0.376099, -0.094059, 0.921793, -0.002831, 0.297847, -0.929763, -0.216397, -1.2e-05, 0.0, 0.0, 0.0, 1.0],
                [0.877432, 0.355958, -0.321569, 0.124994, 0.376057, -0.094241, 0.921791, -0.002831, 0.297814, -0.929738, -0.21655, -1.2e-05, 0.0, 0.0, 0.0, 1.0],
                [0.877463, 0.355975, -0.321465, 0.124994, 0.376013, -0.094429, 0.92179, -0.002831, 0.297779, -0.929712, -0.21671, -1.2e-05, 0.0, 0.0, 0.0, 1.0],
                [0.877495, 0.355993, -0.321359, 0.124994, 0.375968, -0.094624, 0.921788, -0.002831, 0.297742, -0.929685, -0.216874, -1.2e-05, 0.0, 0.0, 0.0, 1.0],
                [0.877527, 0.356012, -0.321249, 0.124994, 0.375922, -0.094824, 0.921787, -0.002831, 0.297705, -0.929658, -0.217043, -1.2e-05, 0.0, 0.0, 0.0, 1.0],
                [0.87756, 0.356031, -0.321137, 0.124994, 0.375874, -0.095029, 0.921785, -0.002831, 0.297667, -0.929629, -0.217216, -1.2e-05, 0.0, 0.0, 0.0, 1.0],
                [0.877594, 0.356051, -0.321023, 0.124994, 0.375826, -0.095238, 0.921783, -0.002831, 0.297628, -0.929601, -0.217393, -1.2e-05, 0.0, 0.0, 0.0, 1.0],
                [0.877629, 0.356071, -0.320906, 0.124994, 0.375776, -0.095451, 0.921781, -0.002831, 0.297588, -0.929571, -0.217573, -1.2e-05, 0.0, 0.0, 0.0, 1.0],
                [0.877664, 0.356091, -0.320788, 0.124994, 0.375726, -0.095667, 0.92178, -0.002831, 0.297548, -0.929541, -0.217756, -1.2e-05, 0.0, 0.0, 0.0, 1.0],
                [0.877699, 0.356111, -0.320669, 0.124994, 0.375676, -0.095885, 0.921777, -0.002831, 0.297508, -0.929511, -0.21794, -1.2e-05, 0.0, 0.0, 0.0, 1.0],
                [0.877735, 0.356131, -0.320548, 0.124994, 0.375625, -0.096104, 0.921775, -0.002831, 0.297467, -0.92948, -0.218126, -1.2e-05, 0.0, 0.0, 0.0, 1.0],
                [0.877771, 0.356152, -0.320428, 0.124994, 0.375574, -0.096324, 0.921773, -0.002831, 0.297426, -0.92945, -0.218312, -1.2e-05, 0.0, 0.0, 0.0, 1.0],
                [0.877806, 0.356172, -0.320307, 0.124994, 0.375523, -0.096545, 0.921771, -0.002831, 0.297385, -0.929419, -0.218498, -1.2e-05, 0.0, 0.0, 0.0, 1.0],
                [0.877842, 0.356192, -0.320187, 0.124994, 0.375472, -0.096764, 0.921769, -0.002831, 0.297344, -0.929389, -0.218684, -1.2e-05, 0.0, 0.0, 0.0, 1.0],
                [0.877877, 0.356212, -0.320068, 0.124994, 0.375422, -0.096982, 0.921766, -0.002831, 0.297303, -0.929358, -0.218868, -1.2e-05, 0.0, 0.0, 0.0, 1.0],
                [0.877912, 0.356232, -0.31995, 0.124994, 0.375372, -0.097198, 0.921764, -0.002831, 0.297263, -0.929328, -0.21905, -1.2e-05, 0.0, 0.0, 0.0, 1.0],
                [0.877947, 0.356252, -0.319834, 0.124994, 0.375322, -0.09741, 0.921761, -0.002831, 0.297224, -0.929298, -0.21923, -1.2e-05, 0.0, 0.0, 0.0, 1.0],
                [0.877981, 0.356271, -0.31972, 0.124994, 0.375274, -0.09762, 0.921759, -0.002831, 0.297185, -0.929269, -0.219407, -1.2e-05, 0.0, 0.0, 0.0, 1.0],
                [0.878014, 0.35629, -0.319608, 0.124994, 0.375226, -0.097824, 0.921757, -0.002831, 0.297147, -0.92924, -0.219581, -1.2e-05, 0.0, 0.0, 0.0, 1.0],
                [0.878046, 0.356308, -0.319498, 0.124994, 0.37518, -0.098024, 0.921754, -0.002831, 0.29711, -0.929212, -0.21975, -1.2e-05, 0.0, 0.0, 0.0, 1.0],
                [0.878077, 0.356326, -0.319392, 0.124994, 0.375135, -0.098218, 0.921752, -0.002831, 0.297074, -0.929185, -0.219914, -1.2e-05, 0.0, 0.0, 0.0, 1.0],
                [0.878108, 0.356343, -0.319289, 0.124994, 0.375092, -0.098407, 0.921749, -0.002831, 0.297039, -0.929158, -0.220073, -1.2e-05, 0.0, 0.0, 0.0, 1.0],
                [0.878137, 0.35636, -0.31919, 0.124994, 0.37505, -0.098588, 0.921747, -0.002831, 0.297005, -0.929133, -0.220227, -1.2e-05, 0.0, 0.0, 0.0, 1.0],
                [0.878165, 0.356376, -0.319095, 0.124994, 0.375009, -0.098762, 0.921745, -0.002831, 0.296973, -0.929108, -0.220374, -1.2e-05, 0.0, 0.0, 0.0, 1.0],
                [0.878192, 0.356391, -0.319004, 0.124994, 0.374971, -0.098929, 0.921743, -0.002831, 0.296942, -0.929085, -0.220515, -1.2e-05, 0.0, 0.0, 0.0, 1.0],
                [0.878218, 0.356405, -0.318917, 0.124994, 0.374934, -0.099088, 0.921741, -0.002831, 0.296912, -0.929062, -0.220649, -1.2e-05, 0.0, 0.0, 0.0, 1.0],
                [0.878242, 0.356419, -0.318835, 0.124994, 0.374899, -0.099238, 0.921739, -0.002831, 0.296884, -0.929041, -0.220777, -1.2e-05, 0.0, 0.0, 0.0, 1.0],
                [0.878265, 0.356432, -0.318757, 0.124994, 0.374867, -0.09938, 0.921737, -0.002831, 0.296858, -0.929021, -0.220896, -1.2e-05, 0.0, 0.0, 0.0, 1.0],
                [0.878286, 0.356444, -0.318685, 0.124994, 0.374836, -0.099513, 0.921735, -0.002831, 0.296833, -0.929002, -0.221009, -1.2e-05, 0.0, 0.0, 0.0, 1.0],
                [0.878307, 0.356455, -0.318617, 0.124994, 0.374807, -0.099636, 0.921733, -0.002831, 0.296811, -0.928984, -0.221113, -1.2e-05, 0.0, 0.0, 0.0, 1.0],
                [0.878325, 0.356465, -0.318555, 0.124994, 0.374781, -0.09975, 0.921731, -0.002831, 0.296789, -0.928968, -0.221209, -1.2e-05, 0.0, 0.0, 0.0, 1.0],
                [0.878342, 0.356475, -0.318498, 0.124994, 0.374757, -0.099854, 0.92173, -0.002831, 0.29677, -0.928953, -0.221298, -1.2e-05, 0.0, 0.0, 0.0, 1.0],
                [0.878357, 0.356483, -0.318446, 0.124994, 0.374735, -0.099949, 0.921729, -0.002831, 0.296753, -0.92894, -0.221378, -1.2e-05, 0.0, 0.0, 0.0, 1.0],
                [0.878371, 0.356491, -0.3184, 0.124994, 0.374715, -0.100034, 0.921727, -0.002831, 0.296737, -0.928928, -0.221449, -1.2e-05, 0.0, 0.0, 0.0, 1.0],
                [0.878383, 0.356498, -0.318359, 0.124994, 0.374698, -0.100108, 0.921726, -0.002831, 0.296723, -0.928917, -0.221513, -1.2e-05, 0.0, 0.0, 0.0, 1.0],
                [0.878393, 0.356504, -0.318324, 0.124994, 0.374683, -0.100173, 0.921725, -0.002831, 0.296711, -0.928908, -0.221567, -1.2e-05, 0.0, 0.0, 0.0, 1.0],
                [0.878402, 0.356509, -0.318294, 0.124994, 0.374671, -0.100228, 0.921725, -0.002831, 0.296701, -0.9289, -0.221614, -1.2e-05, 0.0, 0.0, 0.0, 1.0],
                [0.878409, 0.356513, -0.31827, 0.124994, 0.37466, -0.100272, 0.921724, -0.002831, 0.296693, -0.928894, -0.221651, -1.2e-05, 0.0, 0.0, 0.0, 1.0],
                [0.878415, 0.356516, -0.318251, 0.124994, 0.374652, -0.100307, 0.921723, -0.002831, 0.296686, -0.928889, -0.221681, -1.2e-05, 0.0, 0.0, 0.0, 1.0],
                [0.878419, 0.356518, -0.318237, 0.124994, 0.374647, -0.100332, 0.921723, -0.002831, 0.296681, -0.928885, -0.221702, -1.2e-05, 0.0, 0.0, 0.0, 1.0],
                [0.878421, 0.356519, -0.318229, 0.124994, 0.374643, -0.100347, 0.921723, -0.002831, 0.296679, -0.928883, -0.221714, -1.2e-05, 0.0, 0.0, 0.0, 1.0],
                [0.878422, 0.35652, -0.318226, 0.124994, 0.374642, -0.100352, 0.921723, -0.002831, 0.296678, -0.928882, -0.221718, -1.2e-05, 0.0, 0.0, 0.0, 1.0]
            ]
        },
        {
            "name": "Leg_R",
            "time": [0.0, 0.0167, 0.0333, 0.05, 0.0667, 0.0833, 0.1, 0.1167, 0.1333, 0.15, 0.1667, 0.1833, 0.2, 0.2167, 0.2333, 0.25, 0.2667, 0.2833, 0.3, 0.3167, 0.3333, 0.35, 0.3667, 0.3833, 0.4, 0.4167, 0.4333, 0.45, 0.4667, 0.4833, 0.5, 0.5167, 0.5333, 0.55, 0.5667, 0.5833, 0.6, 0.6167, 0.6333, 0.65, 0.6667, 0.6833, 0.7, 0.7167, 0.7333, 0.75, 0.7667, 0.7833, 0.8, 0.8167, 0.8333, 0.85, 0.8667, 0.8833, 0.9, 0.9167, 0.9333, 0.95, 0.9667, 0.9833, 1.0, 1.0167, 1.0333, 1.05, 1.0667, 1.0833, 1.1, 1.1167, 1.1333, 1.15, 1.1667, 1.1833, 1.2, 1.2167, 1.2333, 1.25, 1.2667, 1.2833, 1.3, 1.3167, 1.3333, 1.35, 1.3667, 1.3833, 1.4, 1.4167, 1.4333, 1.45, 1.4667, 1.4833, 1.5, 1.5167, 1.5333, 1.55, 1.5667, 1.5833, 1.6, 1.6167, 1.6333, 1.65, 1.6667, 1.6833, 1.7, 1.7167, 1.7333, 1.75, 1.7667, 1.7833, 1.8, 1.8167, 1.8333, 1.85, 1.8667, 1.8833, 1.9, 1.9167, 1.9333, 1.95, 1.9667, 1.9833, 2.0],
            "transform": [
                [0.998296, -0.035167, -0.046568, -0.0, 0.035277, -0.27198, 0.961656, 0.374721, -0.046484, -0.96166, -0.270276, 0.0, 0.0, 0.0, 0.0, 1.0],
                [0.998296, -0.035167, -0.046568, -0.0, 0.035277, -0.271985, 0.961655, 0.374721, -0.046484, -0.961658, -0.270281, 0.0, 0.0, 0.0, 0.0, 1.0],
                [0.998296, -0.035167, -0.046568, -0.0, 0.035277, -0.272001, 0.96165, 0.374721, -0.046485, -0.961654, -0.270297, -0.0, 0.0, 0.0, 0.0, 1.0],
                [0.998296, -0.035166, -0.046569, -0.0, 0.035277, -0.272027, 0.961643, 0.374721, -0.046485, -0.961647, -0.270323, -0.0, 0.0, 0.0, 0.0, 1.0],
                [0.998296, -0.035166, -0.046571, 0.0, 0.035277, -0.272064, 0.961633, 0.374721, -0.046487, -0.961636, -0.27036, -0.0, 0.0, 0.0, 0.0, 1.0],
                [0.998296, -0.035165, -0.046572, 0.0, 0.035276, -0.272112, 0.961619, 0.374721, -0.046489, -0.961623, -0.270407, 0.0, 0.0, 0.0, 0.0, 1.0],
                [0.998296, -0.035165, -0.046574, -0.0, 0.035275, -0.27217, 0.961603, 0.374721, -0.046491, -0.961606, -0.270465, -0.0, 0.0, 0.0, 0.0, 1.0],
                [0.998296, -0.035164, -0.046577, 0.0, 0.035275, -0.272239, 0.961583, 0.374721, -0.046493, -0.961587, -0.270534, 0.0, 0.0, 0.0, 0.0, 1.0],
                [0.998296, -0.035163, -0.04658, -0.0, 0.035274, -0.272318, 0.961561, 0.374721, -0.046496, -0.961564, -0.270613, -0.0, 0.0, 0.0, 0.0, 1.0],
