{
    "animation": [
        {
            "name": "Root",
            "time": [0.0, 0.0167, 0.0333, 0.05, 0.0667, 0.0833, 0.1, 0.1167, 0.1333, 0.15, 0.1667, 0.1833, 0.2, 0.2167, 0.2333, 0.25, 0.2667, 0.2833, 0.3, 0.3167, 0.3333, 0.35, 0.3667, 0.3833, 0.4, 0.4167, 0.4333, 0.45, 0.4667, 0.4833, 0.5, 0.5167, 0.5333, 0.55, 0.5667, 0.5833, 0.6, 0.6167, 0.6333, 0.65, 0.6667, 0.6833, 0.7, 0.7167, 0.7333, 0.75, 0.7667, 0.7833, 0.8, 0.8167, 0.8333, 0.85, 0.8667, 0.8833, 0.9, 0.9167, 0.9333, 0.95, 0.9667, 0.9833, 1.0, 1.0167, 1.0333, 1.05, 1.0667, 1.0833, 1.1, 1.1167, 1.1333, 1.15, 1.1667, 1.1833, 1.2, 1.2167, 1.2333, 1.25, 1.2667, 1.2833, 1.3, 1.3167, 1.3333, 1.35, 1.3667, 1.3833, 1.4, 1.4167, 1.4333, 1.45, 1.4667, 1.4833, 1.5, 1.5167, 1.5333, 1.55, 1.5667, 1.5833, 1.6, 1.6167, 1.6333, 1.65, 1.6667, 1.6833, 1.7, 1.7167, 1.7333, 1.75, 1.7667, 1.7833, 1.8, 1.8167, 1.8333, 1.85, 1.8667, 1.8833, 1.9, 1.9167, 1.9333, 1.95, 1.9667, 1.9833, 2.0],
            "transform": [
                [0.349035, 0.0, -0.93711, -5e-06, -0.93711, 0.0, -0.349035, 0.000946, 0.0, 1.0, 0.0, 0.757621, 0.0, 0.0, 0.0, 1.0],
                [0.358081, 0.0, -0.933691, -0.000232, -0.933691, 0.0, -0.358081, 0.010714, 0.0, 1.0, 0.0, 0.757427, 0.0, 0.0, 0.0, 1.0],
                [0.385659, 0.0, -0.922641, -0.000908, -0.922641, 0.0, -0.385659, 0.040212, 0.0, 1.0, 0.0, 0.756841, 0.0, 0.0, 0.0, 1.0],
                [0.43239, 0.0, -0.901687, -0.001995, -0.901687, 0.0, -0.43239, 0.089443, 0.0, 1.0, 0.0, 0.755859, 0.0, 0.0, 0.0, 1.0],
                [0.498474, 0.0, -0.866905, -0.0034, -0.866905, 0.0, -0.498474, 0.157941, 0.0, 1.0, 0.0, 0.754491, 0.0, 0.0, 0.0, 1.0],
                [0.5829, 0.0, -0.812544, -0.004947, -0.812544, 0.0, -0.5829, 0.244669, 0.0, 1.0, 0.0, 0.752751, 0.0, 0.0, 0.0, 1.0],
                [0.682162, 0.0, -0.731201, -0.006334, -0.731201, 0.0, -0.682162, 0.347948, 0.0, 1.0, 0.0, 0.75067, 0.0, 0.0, 0.0, 1.0],
                [0.78861, 0.0, -0.614894, -0.007117, -0.614894, 0.0, -0.78861, 0.465459, 0.0, 1.0, 0.0, 0.748291, 0.0, 0.0, 0.0, 1.0],
                [0.889113, 0.0, -0.457688, -0.006726, -0.457688, 0.0, -0.889113, 0.594343, 0.0, 1.0, 0.0, 0.745672, 0.0, 0.0, 0.0, 1.0],
                [0.965646, 0.0, -0.259863, -0.004602, -0.259863, 0.0, -0.965646, 0.731379, 0.0, 1.0, 0.0, 0.742885, 0.0, 0.0, 0.0, 1.0],
                [0.999493, 0.0, -0.031846, -0.000428, -0.031846, 0.0, -0.999493, 0.873159, 0.0, 1.0, 0.0, 0.740011, 0.0, 0.0, 0.0, 1.0],
                [0.978607, 0.0, 0.20574, 0.00563, 0.20574, 0.0, -0.978607, 1.01613, 0.0, 1.0, 0.0, 0.737137, 0.0, 0.0, 0.0, 1.0],
                [0.903703, 0.0, 0.428161, 0.012892, 0.428161, 0.0, -0.903703, 1.156537, 0.0, 1.0, 0.0, 0.73435, 0.0, 0.0, 0.0, 1.0],
                [0.787995, 0.0, 0.615681, 0.020413, 0.615681, 0.0, -0.787995, 1.290422, 0.0, 1.0, 0.0, 0.731731, 0.0, 0.0, 0.0, 1.0],
                [0.650717, 0.0, 0.75932, 0.027344, 0.75932, 0.0, -0.650717, 1.413858, 0.0, 1.0, 0.0, 0.729352, 0.0, 0.0, 0.0, 1.0],
                [0.509685, 0.0, 0.860361, 0.033154, 0.860361, 0.0, -0.509685, 1.523316, 0.0, 1.0, 0.0, 0.727271, 0.0, 0.0, 0.0, 1.0],
                [0.377272, 0.0, 0.926102, 0.037645, 0.926102, 0.0, -0.377272, 1.615971, 0.0, 1.0, 0.0, 0.725531, 0.0, 0.0, 0.0, 1.0],
                [0.260091, 0.0, 0.965584, 0.040853, 0.965584, 0.0, -0.260091, 1.689826, 0.0, 1.0, 0.0, 0.724162, 0.0, 0.0, 0.0, 1.0],
                [0.160524, 0.0, 0.987032, 0.042926, 0.987032, 0.0, -0.160524, 1.743679, 0.0, 1.0, 0.0, 0.723181, 0.0, 0.0, 0.0, 1.0],
                [0.078491, 0.0, 0.996915, 0.044048, 0.996915, 0.0, -0.078491, 1.776995, 0.0, 1.0, 0.0, 0.722594, 0.0, 0.0, 0.0, 1.0],
                [0.01277, 0.0, 0.999918, 0.044388, 0.999918, 0.0, -0.01277, 1.789756, 0.0, 1.0, 0.0, 0.7224, 0.0, 0.0, 0.0, 1.0],
                [-0.048935, 0.0, 0.998802, 0.044294, 0.998802, 0.0, 0.048935, 1.791669, 0.0, 1.0, 0.0, 0.72263, 0.0, 0.0, 0.0, 1.0],
                [-0.118365, 0.0, 0.99297, 0.043966, 0.99297, 0.0, 0.118365, 1.79225, 0.0, 1.0, 0.0, 0.723322, 0.0, 0.0, 0.0, 1.0],
                [-0.196114, 0.0, 0.980581, 0.043325, 0.980581, 0.0, 0.196114, 1.791512, 0.0, 1.0, 0.0, 0.72448, 0.0, 0.0, 0.0, 1.0],
                [-0.282448, 0.0, 0.959282, 0.042267, 0.959282, 0.0, 0.282448, 1.789488, 0.0, 1.0, 0.0, 0.726096, 0.0, 0.0, 0.0, 1.0],
                [-0.377044, 0.0, 0.926195, 0.040669, 0.926195, 0.0, 0.377044, 1.786226, 0.0, 1.0, 0.0, 0.728149, 0.0, 0.0, 0.0, 1.0],
                [-0.478623, 0.0, 0.878021, 0.038391, 0.878021, 0.0, 0.478623, 1.781787, 0.0, 1.0, 0.0, 0.730605, 0.0, 0.0, 0.0, 1.0],
                [-0.584551, 0.0, 0.811357, 0.035293, 0.811357, 0.0, 0.584551, 1.77623, 0.0, 1.0, 0.0, 0.733413, 0.0, 0.0, 0.0, 1.0],
                [-0.690526, 0.0, 0.723307, 0.031262, 0.723307, 0.0, 0.690526, 1.769603, 0.0, 1.0, 0.0, 0.736504, 0.0, 0.0, 0.0, 1.0],
                [-0.790569, 0.0, 0.612373, 0.02625, 0.612373, 0.0, 0.790569, 1.761941, 0.0, 1.0, 0.0, 0.739794, 0.0, 0.0, 0.0, 1.0],
                [-0.877571, 0.0, 0.479447, 0.020319, 0.479447, 0.0, 0.877571, 1.753281, 0.0, 1.0, 0.0, 0.743186, 0.0, 0.0, 0.0, 1.0],
                [-0.944507, 0.0, 0.328491, 0.013664, 0.328491, 0.0, 0.944507, 1.743692, 0.0, 1.0, 0.0, 0.746578, 0.0, 0.0, 0.0, 1.0],
                [-0.986053, 0.0, 0.166429, 0.006606, 0.166429, 0.0, 0.986053, 1.733329, 0.0, 1.0, 0.0, 0.749868, 0.0, 0.0, 0.0, 1.0],
                [-0.999998, 0.0, 0.002022, -0.000464, 0.002022, 0.0, 0.999998, 1.722464, 0.0, 1.0, 0.0, 0.752959, 0.0, 0.0, 0.0, 1.0],
                [-0.98777, 0.0, -0.155921, -0.00716, -0.155921, 0.0, 0.98777, 1.711483, 0.0, 1.0, 0.0, 0.755767, 0.0, 0.0, 0.0, 1.0],
                [-0.953853, 0.0, -0.300273, -0.01318, -0.300273, 0.0, 0.953853, 1.70085, 0.0, 1.0, 0.0, 0.758223, 0.0, 0.0, 0.0, 1.0],
                [-0.90445, 0.0, -0.42658, -0.018346, -0.42658, 0.0, 0.90445, 1.69103, 0.0, 1.0, 0.0, 0.760276, 0.0, 0.0, 0.0, 1.0],
                [-0.846027, 0.0, -0.53314, -0.022598, -0.53314, 0.0, 0.846027, 1.682437, 0.0, 1.0, 0.0, 0.761892, 0.0, 0.0, 0.0, 1.0],
                [-0.78427, 0.0, -0.62042, -0.025973, -0.62042, 0.0, 0.78427, 1.675389, 0.0, 1.0, 0.0, 0.76305, 0.0, 0.0, 0.0, 1.0],
                [-0.723578, 0.0, -0.690243, -0.028562, -0.690243, 0.0, 0.723578, 1.670099, 0.0, 1.0, 0.0, 0.763742, 0.0, 0.0, 0.0, 1.0],
                [-0.667011, 0.0, -0.745048, -0.030481, -0.745048, 0.0, 0.667011, 1.666684, 0.0, 1.0, 0.0, 0.763972, 0.0, 0.0, 0.0, 1.0],
                [-0.608035, 0.0, -0.79391, -0.032105, -0.79391, 0.0, 0.608035, 1.672322, 0.0, 1.0, 0.0, 0.763865, 0.0, 0.0, 0.0, 1.0],
                [-0.536709, 0.0, -0.843767, -0.033707, -0.843767, 0.0, 0.536709, 1.694387, 0.0, 1.0, 0.0, 0.763544, 0.0, 0.0, 0.0, 1.0],
                [-0.449606, 0.0, -0.893227, -0.035228, -0.893227, 0.0, 0.449606, 1.733036, 0.0, 1.0, 0.0, 0.763006, 0.0, 0.0, 0.0, 1.0],
                [-0.342722, 0.0, -0.939437, -0.036554, -0.939437, 0.0, 0.342722, 1.788102, 0.0, 1.0, 0.0, 0.76225, 0.0, 0.0, 0.0, 1.0],
                [-0.211844, 0.0, -0.977303, -0.037491, -0.977303, 0.0, 0.211844, 1.859012, 0.0, 1.0, 0.0, 0.761277, 0.0, 0.0, 0.0, 1.0],
                [-0.053551, 0.0, -0.998565, -0.037735, -0.998565, 0.0, 0.053551, 1.944735, 0.0, 1.0, 0.0, 0.760088, 0.0, 0.0, 0.0, 1.0],
                [0.132721, 0.0, -0.991153, -0.036862, -0.991153, 0.0, -0.132721, 2.043787, 0.0, 1.0, 0.0, 0.758684, 0.0, 0.0, 0.0, 1.0],
                [0.34139, 0.0, -0.939922, -0.034364, -0.939922, 0.0, -0.34139, 2.154309, 0.0, 1.0, 0.0, 0.75707, 0.0, 0.0, 0.0, 1.0],
                [0.557212, 0.0, -0.83037, -0.029794, -0.83037, 0.0, -0.557212, 2.274209, 0.0, 1.0, 0.0, 0.755251, 0.0, 0.0, 0.0, 1.0],
                [0.754704, 0.0, -0.656065, -0.023035, -0.656065, 0.0, -0.754704, 2.401257, 0.0, 1.0, 0.0, 0.753235, 0.0, 0.0, 0.0, 1.0],
                [0.904479, 0.0, -0.426518, -0.014552, -0.426518, 0.0, -0.904479, 2.533, 0.0, 1.0, 0.0, 0.75103, 0.0, 0.0, 0.0, 1.0],
                [0.985764, 0.0, -0.168133, -0.005366, -0.168133, 0.0, -0.985764, 2.666536, 0.0, 1.0, 0.0, 0.748647, 0.0, 0.0, 0.0, 1.0],
                [0.996325, 0.0, 0.085654, 0.003327, 0.085654, 0.0, -0.996325, 2.798437, 0.0, 1.0, 0.0, 0.7461, 0.0, 0.0, 0.0, 1.0],
                [0.951327, 0.0, 0.308183, 0.010648, 0.308183, 0.0, -0.951327, 2.925038, 0.0, 1.0, 0.0, 0.743403, 0.0, 0.0, 0.0, 1.0],
                [0.873509, 0.0, 0.486808, 0.016244, 0.486808, 0.0, -0.873509, 3.042956, 0.0, 1.0, 0.0, 0.740573, 0.0, 0.0, 0.0, 1.0],
                [0.783648, 0.0, 0.621205, 0.020189, 0.621205, 0.0, -0.783648, 3.149485, 0.0, 1.0, 0.0, 0.73763, 0.0, 0.0, 0.0, 1.0],
                [0.696288, 0.0, 0.717762, 0.02277, 0.717762, 0.0, -0.696288, 3.242723, 0.0, 1.0, 0.0, 0.734594, 0.0, 0.0, 0.0, 1.0],
                [0.619815, 0.0, 0.784748, 0.024315, 0.784748, 0.0, -0.619815, 3.321505, 0.0, 1.0, 0.0, 0.731486, 0.0, 0.0, 0.0, 1.0],
                [0.558242, 0.0, 0.829678, 0.025108, 0.829678, 0.0, -0.558242, 3.38525, 0.0, 1.0, 0.0, 0.72833, 0.0, 0.0, 0.0, 1.0],
                [0.513022, 0.0, 0.858375, 0.025363, 0.858375, 0.0, -0.513022, 3.433815, 0.0, 1.0, 0.0, 0.72515, 0.0, 0.0, 0.0, 1.0],
                [0.476315, 0.0, 0.879275, 0.025353, 0.879275, 0.0, -0.476315, 3.473811, 0.0, 1.0, 0.0, 0.72197, 0.0, 0.0, 0.0, 1.0],
                [0.440099, 0.0, 0.897949, 0.025245, 0.897949, 0.0, -0.440099, 3.511647, 0.0, 1.0, 0.0, 0.718814, 0.0, 0.0, 0.0, 1.0],
                [0.404472, 0.0, 0.91455, 0.025049, 0.91455, 0.0, -0.404472, 3.547114, 0.0, 1.0, 0.0, 0.715706, 0.0, 0.0, 0.0, 1.0],
                [0.36955, 0.0, 0.929211, 0.024774, 0.929211, 0.0, -0.36955, 3.580004, 0.0, 1.0, 0.0, 0.71267, 0.0, 0.0, 0.0, 1.0],
                [0.335473, 0.0, 0.94205, 0.024427, 0.94205, 0.0, -0.335473, 3.610124, 0.0, 1.0, 0.0, 0.709727, 0.0, 0.0, 0.0, 1.0],
                [0.30241, 0.0, 0.953178, 0.024015, 0.953178, 0.0, -0.30241, 3.637302, 0.0, 1.0, 0.0, 0.706897, 0.0, 0.0, 0.0, 1.0],
                [0.270559, 0.0, 0.962703, 0.023545, 0.962703, 0.0, -0.270559, 3.661415, 0.0, 1.0, 0.0, 0.7042, 0.0, 0.0, 0.0, 1.0],
                [0.240152, 0.0, 0.970735, 0.023025, 0.970735, 0.0, -0.240152, 3.682397, 0.0, 1.0, 0.0, 0.701653, 0.0, 0.0, 0.0, 1.0],
                [0.211437, 0.0, 0.977392, 0.022462, 0.977392, 0.0, -0.211437, 3.700257, 0.0, 1.0, 0.0, 0.69927, 0.0, 0.0, 0.0, 1.0],
                [0.184674, 0.0, 0.9828, 0.02186, 0.9828, 0.0, -0.184674, 3.715089, 0.0, 1.0, 0.0, 0.697065, 0.0, 0.0, 0.0, 1.0],
                [0.160113, 0.0, 0.987099, 0.021229, 0.987099, 0.0, -0.160113, 3.727068, 0.0, 1.0, 0.0, 0.695049, 0.0, 0.0, 0.0, 1.0],
                [0.137974, 0.0, 0.990436, 0.020573, 0.990436, 0.0, -0.137974, 3.736446, 0.0, 1.0, 0.0, 0.69323, 0.0, 0.0, 0.0, 1.0],
                [0.118436, 0.0, 0.992962, 0.019899, 0.992962, 0.0, -0.118436, 3.743531, 0.0, 1.0, 0.0, 0.691616, 0.0, 0.0, 0.0, 1.0],
                [0.10162, 0.0, 0.994823, 0.019212, 0.994823, 0.0, -0.10162, 3.748665, 0.0, 1.0, 0.0, 0.690212, 0.0, 0.0, 0.0, 1.0],
                [0.087586, 0.0, 0.996157, 0.018517, 0.996157, 0.0, -0.087586, 3.7522, 0.0, 1.0, 0.0, 0.689023, 0.0, 0.0, 0.0, 1.0],
                [0.076334, 0.0, 0.997082, 0.017818, 0.997082, 0.0, -0.076334, 3.75448, 0.0, 1.0, 0.0, 0.68805, 0.0, 0.0, 0.0, 1.0],
                [0.067807, 0.0, 0.997698, 0.017119, 0.997698, 0.0, -0.067807, 3.755822, 0.0, 1.0, 0.0, 0.687294, 0.0, 0.0, 0.0, 1.0],
                [0.061903, 0.0, 0.998082, 0.016421, 0.998082, 0.0, -0.061903, 3.756509, 0.0, 1.0, 0.0, 0.686756, 0.0, 0.0, 0.0, 1.0],
                [0.058483, 0.0, 0.998288, 0.015728, 0.998288, 0.0, -0.058483, 3.756787, 0.0, 1.0, 0.0, 0.686435, 0.0, 0.0, 0.0, 1.0],
                [0.057383, 0.0, 0.998352, 0.015041, 0.998352, 0.0, -0.057383, 3.756861, 0.0, 1.0, 0.0, 0.686329, 0.0, 0.0, 0.0, 1.0],
                [0.058777, 0.0, 0.998271, 0.014361, 0.998271, 0.0, -0.058777, 3.756871, 0.0, 1.0, 0.0, 0.686426, 0.0, 0.0, 0.0, 1.0],
                [0.062982, 0.0, 0.998015, 0.013688, 0.998015, 0.0, -0.062982, 3.756845, 0.0, 1.0, 0.0, 0.686721, 0.0, 0.0, 0.0, 1.0],
                [0.070029, 0.0, 0.997545, 0.013023, 0.997545, 0.0, -0.070029, 3.756786, 0.0, 1.0, 0.0, 0.687215, 0.0, 0.0, 0.0, 1.0],
                [0.079943, 0.0, 0.996799, 0.012366, 0.996799, 0.0, -0.079943, 3.7567, 0.0, 1.0, 0.0, 0.687909, 0.0, 0.0, 0.0, 1.0],
                [0.092739, 0.0, 0.99569, 0.011718, 0.99569, 0.0, -0.092739, 3.756592, 0.0, 1.0, 0.0, 0.688802, 0.0, 0.0, 0.0, 1.0],
                [0.108418, 0.0, 0.994106, 0.011078, 0.994106, 0.0, -0.108418, 3.756468, 0.0, 1.0, 0.0, 0.689895, 0.0, 0.0, 0.0, 1.0],
                [0.126962, 0.0, 0.991908, 0.010447, 0.991908, 0.0, -0.126962, 3.756331, 0.0, 1.0, 0.0, 0.691184, 0.0, 0.0, 0.0, 1.0],
                [0.14833, 0.0, 0.988938, 0.009823, 0.988938, 0.0, -0.14833, 3.756187, 0.0, 1.0, 0.0, 0.692666, 0.0, 0.0, 0.0, 1.0],
                [0.17245, 0.0, 0.985018, 0.009209, 0.985018, 0.0, -0.17245, 3.756041, 0.0, 1.0, 0.0, 0.694336, 0.0, 0.0, 0.0, 1.0],
                [0.199215, 0.0, 0.979956, 0.008603, 0.979956, 0.0, -0.199215, 3.755898, 0.0, 1.0, 0.0, 0.696187, 0.0, 0.0, 0.0, 1.0],
                [0.228478, 0.0, 0.973549, 0.008007, 0.973549, 0.0, -0.228478, 3.755761, 0.0, 1.0, 0.0, 0.698212, 0.0, 0.0, 0.0, 1.0],
                [0.260045, 0.0, 0.965597, 0.007421, 0.965597, 0.0, -0.260045, 3.755635, 0.0, 1.0, 0.0, 0.7004, 0.0, 0.0, 0.0, 1.0],
                [0.293673, 0.0, 0.955906, 0.006846, 0.955906, 0.0, -0.293673, 3.755524, 0.0, 1.0, 0.0, 0.702739, 0.0, 0.0, 0.0, 1.0],
                [0.32907, 0.0, 0.944306, 0.006284, 0.944306, 0.0, -0.32907, 3.755432, 0.0, 1.0, 0.0, 0.705215, 0.0, 0.0, 0.0, 1.0],
                [0.365893, 0.0, 0.930657, 0.005737, 0.930657, 0.0, -0.365893, 3.75536, 0.0, 1.0, 0.0, 0.707813, 0.0, 0.0, 0.0, 1.0],
                [0.403761, 0.0, 0.914864, 0.005206, 0.914864, 0.0, -0.403761, 3.755313, 0.0, 1.0, 0.0, 0.710515, 0.0, 0.0, 0.0, 1.0],
                [0.442254, 0.0, 0.89689, 0.004695, 0.89689, 0.0, -0.442254, 3.75529, 0.0, 1.0, 0.0, 0.713304, 0.0, 0.0, 0.0, 1.0],
                [0.480933, 0.0, 0.876757, 0.004205, 0.876757, 0.0, -0.480933, 3.755294, 0.0, 1.0, 0.0, 0.716157, 0.0, 0.0, 0.0, 1.0],
                [0.519349, 0.0, 0.854562, 0.00374, 0.854562, 0.0, -0.519349, 3.755323, 0.0, 1.0, 0.0, 0.719055, 0.0, 0.0, 0.0, 1.0],
                [0.557064, 0.0, 0.83047, 0.0033, 0.83047, 0.0, -0.557064, 3.755377, 0.0, 1.0, 0.0, 0.721975, 0.0, 0.0, 0.0, 1.0],
                [0.593663, 0.0, 0.804714, 0.002889, 0.804714, 0.0, -0.593663, 3.755455, 0.0, 1.0, 0.0, 0.724895, 0.0, 0.0, 0.0, 1.0],
                [0.628772, 0.0, 0.777589, 0.002508, 0.777589, 0.0, -0.628772, 3.755554, 0.0, 1.0, 0.0, 0.727793, 0.0, 0.0, 0.0, 1.0],
                [0.662073, 0.0, 0.749439, 0.002157, 0.749439, 0.0, -0.662073, 3.755672, 0.0, 1.0, 0.0, 0.730646, 0.0, 0.0, 0.0, 1.0],
                [0.693307, 0.0, 0.720642, 0.001839, 0.720642, 0.0, -0.693307, 3.755805, 0.0, 1.0, 0.0, 0.733434, 0.0, 0.0, 0.0, 1.0],
                [0.722284, 0.0, 0.691596, 0.001552, 0.691596, 0.0, -0.722284, 3.755949, 0.0, 1.0, 0.0, 0.736137, 0.0, 0.0, 0.0, 1.0],
                [0.748882, 0.0, 0.662703, 0.001295, 0.662703, 0.0, -0.748882, 3.756102, 0.0, 1.0, 0.0, 0.738735, 0.0, 0.0, 0.0, 1.0],
                [0.773043, 0.0, 0.634353, 0.001069, 0.634353, 0.0, -0.773043, 3.756259, 0.0, 1.0, 0.0, 0.741211, 0.0, 0.0, 0.0, 1.0],
                [0.794767, 0.0, 0.606915, 0.000871, 0.606915, 0.0, -0.794767, 3.756416, 0.0, 1.0, 0.0, 0.74355, 0.0, 0.0, 0.0, 1.0],
                [0.8141, 0.0, 0.580725, 0.0007, 0.580725, 0.0, -0.8141, 3.756572, 0.0, 1.0, 0.0, 0.745738, 0.0, 0.0, 0.0, 1.0],
                [0.831129, 0.0, 0.556079, 0.000553, 0.556079, 0.0, -0.831129, 3.756722, 0.0, 1.0, 0.0, 0.747763, 0.0, 0.0, 0.0, 1.0],
                [0.845967, 0.0, 0.533235, 0.000429, 0.533235, 0.0, -0.845967, 3.756865, 0.0, 1.0, 0.0, 0.749614, 0.0, 0.0, 0.0, 1.0],
                [0.858744, 0.0, 0.512405, 0.000324, 0.512405, 0.0, -0.858744, 3.756998, 0.0, 1.0, 0.0, 0.751284, 0.0, 0.0, 0.0, 1.0],
                [0.869597, 0.0, 0.493761, 0.000238, 0.493761, 0.0, -0.869597, 3.757118, 0.0, 1.0, 0.0, 0.752766, 0.0, 0.0, 0.0, 1.0],
                [0.878666, 0.0, 0.477437, 0.000168, 0.477437, 0.0, -0.878666, 3.757226, 0.0, 1.0, 0.0, 0.754055, 0.0, 0.0, 0.0, 1.0],
                [0.88608, 0.0, 0.463532, 0.000112, 0.463532, 0.0, -0.88608, 3.757318, 0.0, 1.0, 0.0, 0.755147, 0.0, 0.0, 0.0, 1.0],
                [0.891961, 0.0, 0.452113, 6.8e-05, 0.452113, 0.0, -0.891961, 3.757395, 0.0, 1.0, 0.0, 0.756041, 0.0, 0.0, 0.0, 1.0],
                [0.896412, 0.0, 0.443222, 3.5e-05, 0.443222, 0.0, -0.896412, 3.757455, 0.0, 1.0, 0.0, 0.756735, 0.0, 0.0, 0.0, 1.0],
                [0.89952, 0.0, 0.43688, 1.3e-05, 0.43688, 0.0, -0.89952, 3.757499, 0.0, 1.0, 0.0, 0.757228, 0.0, 0.0, 0.0, 1.0],
                [0.901352, 0.0, 0.433087, -0.0, 0.433087, 0.0, -0.901352, 3.757524, 0.0, 1.0, 0.0, 0.757523, 0.0, 0.0, 0.0, 1.0],
                [0.901956, 0.0, 0.431828, -5e-06, 0.431828, 0.0, -0.901956, 3.757533, 0.0, 1.0, 0.0, 0.757621, 0.0, 0.0, 0.0, 1.0]
            ]
        },
        {
            "name": "Thigh_R",
            "time": [0.0, 0.0167, 0.0333, 0.05, 0.0667, 0.0833, 0.1, 0.1167, 0.1333, 0.15, 0.1667, 0.1833, 0.2, 0.2167, 0.2333, 0.25, 0.2667, 0.2833, 0.3, 0.3167, 0.3333, 0.35, 0.3667, 0.3833, 0.4, 0.4167, 0.4333, 0.45, 0.4667, 0.4833, 0.5, 0.5167, 0.5333, 0.55, 0.5667, 0.5833, 0.6, 0.6167, 0.6333, 0.65, 0.6667, 0.6833, 0.7, 0.7167, 0.7333, 0.75, 0.7667, 0.7833, 0.8, 0.8167, 0.8333, 0.85, 0.8667, 0.8833, 0.9, 0.9167, 0.9333, 0.95, 0.9667, 0.9833, 1.0, 1.0167, 1.0333, 1.05, 1.0667, 1.0833, 1.1, 1.1167, 1.1333, 1.15, 1.1667, 1.1833, 1.2, 1.2167, 1.2333, 1.25, 1.2667, 1.2833, 1.3, 1.3167, 1.3333, 1.35, 1.3667, 1.3833, 1.4, 1.4167, 1.4333, 1.45, 1.4667, 1.4833, 1.5, 1.5167, 1.5333, 1.55, 1.5667, 1.5833, 1.6, 1.6167, 1.6333, 1.65, 1.6667, 1.6833, 1.7, 1.7167, 1.7333, 1.75, 1.7667, 1.7833, 1.8, 1.8167, 1.8333, 1.85, 1.8667, 1.8833, 1.9, 1.9167, 1.9333, 1.95, 1.9667, 1.9833, 2.0],
            "transform": [
                [0.999833, 0.017136, 0.006357, 0.124994, 0.007962, -0.721415, 0.692457, -0.002831, 0.016452, -0.69229, -0.721431, -1.2e-05, 0.0, 0.0, 0.0, 1.0],
                [0.999815, 0.018005, 0.006851, 0.124994, 0.008231, -0.720807, 0.693086, -0.002831, 0.017418, -0.692901, -0.720822, -1.2e-05, 0.0, 0.0, 0.0, 1.0],
                [0.999752, 0.020637, 0.008346, 0.124994, 0.009039, -0.718965, 0.694987, -0.002831, 0.020343, -0.694739, -0.718973, -1.2e-05, 0.0, 0.0, 0.0, 1.0],
                [0.999627, 0.025054, 0.01085, 0.124994, 0.010365, -0.715872, 0.698155, -0.002831, 0.025259, -0.697782, -0.715865, -1.2e-05, 0.0, 0.0, 0.0, 1.0],
                [0.999409, 0.031251, 0.014353, 0.124994, 0.01216, -0.711533, 0.702547, -0.002831, 0.032168, -0.701957, -0.711493, -1.2e-05, 0.0, 0.0, 0.0, 1.0],
                [0.999055, 0.039183, 0.018822, 0.124994, 0.014349, -0.705987, 0.708079, -0.002831, 0.041033, -0.707139, -0.705883, -1.2e-05, 0.0, 0.0, 0.0, 1.0],
                [0.998518, 0.048751, 0.024195, 0.124994, 0.016828, -0.699317, 0.714613, -0.002831, 0.051758, -0.713147, -0.699101, -1.2e-05, 0.0, 0.0, 0.0, 1.0],
                [0.997749, 0.05979, 0.030378, 0.124994, 0.019466, -0.691656, 0.721964, -0.002831, 0.064177, -0.719748, -0.691263, -1.2e-05, 0.0, 0.0, 0.0, 1.0],
                [0.996705, 0.072059, 0.037241, 0.124994, 0.022122, -0.683201, 0.729895, -0.002831, 0.078039, -0.726666, -0.682544, -1.2e-05, 0.0, 0.0, 0.0, 1.0],
                [0.99536, 0.085245, 0.044623, 0.124994, 0.024649, -0.674208, 0.738129, -0.002831, 0.093007, -0.733605, -0.673182, -1.2e-05, 0.0, 0.0, 0.0, 1.0],
                [0.993714, 0.098964, 0.052335, 0.124994, 0.026919, -0.664989, 0.746368, -0.002831, 0.108666, -0.740268, -0.663473, -1.2e-05, 0.0, 0.0, 0.0, 1.0],
                [0.991795, 0.11279, 0.060167, 0.124994, 0.02883, -0.655888, 0.754307, -0.002831, 0.124541, -0.746384, -0.653759, -1.2e-05, 0.0, 0.0, 0.0, 1.0],
                [0.989668, 0.126276, 0.067905, 0.124994, 0.030327, -0.647267, 0.761659, -0.002831, 0.140132, -0.751731, -0.64441, -1.2e-05, 0.0, 0.0, 0.0, 1.0],
                [0.987424, 0.138986, 0.07534, 0.124994, 0.031399, -0.639471, 0.768174, -0.002831, 0.154943, -0.756148, -0.635793, -1.2e-05, 0.0, 0.0, 0.0, 1.0],
                [0.985175, 0.150531, 0.082279, 0.124994, 0.032078, -0.632808, 0.773643, -0.002831, 0.168525, -0.759535, -0.628256, -1.2e-05, 0.0, 0.0, 0.0, 1.0],
                [0.983042, 0.160582, 0.088557, 0.124994, 0.03243, -0.627531, 0.777916, -0.002831, 0.180492, -0.761852, -0.622097, -1.2e-05, 0.0, 0.0, 0.0, 1.0],
                [0.981139, 0.168887, 0.094038, 0.124994, 0.032538, -0.623829, 0.780883, -0.002831, 0.190545, -0.763095, -0.617559, -1.2e-05, 0.0, 0.0, 0.0, 1.0],
                [0.979568, 0.175273, 0.098617, 0.124994, 0.032487, -0.621825, 0.782481, -0.002831, 0.19847, -0.76329, -0.614815, -1.2e-05, 0.0, 0.0, 0.0, 1.0],
                [0.978407, 0.179638, 0.10222, 0.124994, 0.032353, -0.621585, 0.782678, -0.002831, 0.204137, -0.762471, -0.613976, -1.2e-05, 0.0, 0.0, 0.0, 1.0],
                [0.977708, 0.181944, 0.1048, 0.124994, 0.032194, -0.62312, 0.781463, -0.002831, 0.207486, -0.760669, -0.615087, -1.2e-05, 0.0, 0.0, 0.0, 1.0],
                [0.977494, 0.182206, 0.106329, 0.124994, 0.032043, -0.626407, 0.778837, -0.002831, 0.208514, -0.757902, -0.618148, -1.2e-05, 0.0, 0.0, 0.0, 1.0],
                [0.977517, 0.180987, 0.10818, 0.124994, 0.031627, -0.633104, 0.77342, -0.002831, 0.208468, -0.75261, -0.624594, -1.2e-05, 0.0, 0.0, 0.0, 1.0],
                [0.97753, 0.178768, 0.111698, 0.124994, 0.030715, -0.64503, 0.763539, -0.002831, 0.208545, -0.742952, -0.636027, -1.2e-05, 0.0, 0.0, 0.0, 1.0],
                [0.977543, 0.175446, 0.116742, 0.124994, 0.029444, -0.662247, 0.748707, -0.002831, 0.20867, -0.728456, -0.65254, -1.2e-05, 0.0, 0.0, 0.0, 1.0],
                [0.97757, 0.170948, 0.123015, 0.124994, 0.028026, -0.684489, 0.728484, -0.002831, 0.208736, -0.708697, -0.673927, -1.2e-05, 0.0, 0.0, 0.0, 1.0],
                [0.977633, 0.165291, 0.130049, 0.124994, 0.026721, -0.710948, 0.702737, -0.002831, 0.208614, -0.683543, -0.699463, -1.2e-05, 0.0, 0.0, 0.0, 1.0],
                [0.977748, 0.158664, 0.137236, 0.124994, 0.025802, -0.740177, 0.671917, -0.002831, 0.208188, -0.653424, -0.727801, -1.2e-05, 0.0, 0.0, 0.0, 1.0],
                [0.977927, 0.151447, 0.14395, 0.124994, 0.025495, -0.770281, 0.637195, -0.002831, 0.207383, -0.619461, -0.75714, -1.2e-05, 0.0, 0.0, 0.0, 1.0],
                [0.978171, 0.144133, 0.149688, 0.124994, 0.02594, -0.799407, 0.600229, -0.002831, 0.206175, -0.583244, -0.785696, -1.2e-05, 0.0, 0.0, 0.0, 1.0],
                [0.978469, 0.137287, 0.154112, 0.124994, 0.027196, -0.825941, 0.563099, -0.002831, 0.204594, -0.546784, -0.811892, -1.2e-05, 0.0, 0.0, 0.0, 1.0],
                [0.978807, 0.131322, 0.157134, 0.124994, 0.029243, -0.849083, 0.527448, -0.002831, 0.202685, -0.511675, -0.834929, -1.2e-05, 0.0, 0.0, 0.0, 1.0],
                [0.97917, 0.126536, 0.158792, 0.124994, 0.032028, -0.868528, 0.494604, -0.002831, 0.2005, -0.479216, -0.85449, -1.2e-05, 0.0, 0.0, 0.0, 1.0],
                [0.979591, 0.123193, 0.158821, 0.124994, 0.036192, -0.885351, 0.463512, -0.002831, 0.197714, -0.448304, -0.871741, -1.2e-05, 0.0, 0.0, 0.0, 1.0],
                [0.980091, 0.12159, 0.156961, 0.124994, 0.042412, -0.900513, 0.432756, -0.002831, 0.193964, -0.417484, -0.887742, -1.2e-05, 0.0, 0.0, 0.0, 1.0],
                [0.980616, 0.12181, 0.153473, 0.124994, 0.050512, -0.913957, 0.402654, -0.002831, 0.189315, -0.387097, -0.902394, -1.2e-05, 0.0, 0.0, 0.0, 1.0],
                [0.981095, 0.123702, 0.148827, 0.124994, 0.060032, -0.925635, 0.373626, -0.002831, 0.183978, -0.357629, -0.915562, -1.2e-05, 0.0, 0.0, 0.0, 1.0],
                [0.981466, 0.12675, 0.143734, 0.124994, 0.070204, -0.935695, 0.345753, -0.002831, 0.178315, -0.329254, -0.927251, -1.2e-05, 0.0, 0.0, 0.0, 1.0],
                [0.981696, 0.130244, 0.138956, 0.124994, 0.080131, -0.944351, 0.31903, -0.002831, 0.172776, -0.302056, -0.937503, -1.2e-05, 0.0, 0.0, 0.0, 1.0],
                [0.981799, 0.133467, 0.135116, 0.124994, 0.089032, -0.951863, 0.293309, -0.002831, 0.167759, -0.275941, -0.946421, -1.2e-05, 0.0, 0.0, 0.0, 1.0],
                [0.981814, 0.135929, 0.132533, 0.124994, 0.096432, -0.958412, 0.268601, -0.002831, 0.163532, -0.250935, -0.95409, -1.2e-05, 0.0, 0.0, 0.0, 1.0],
                [0.981783, 0.13735, 0.131287, 0.124994, 0.102155, -0.964182, 0.244782, -0.002831, 0.160206, -0.226911, -0.960649, -1.2e-05, 0.0, 0.0, 0.0, 1.0],
                [0.981725, 0.138228, 0.130797, 0.124994, 0.107003, -0.969325, 0.221266, -0.002831, 0.15737, -0.203226, -0.966402, -1.2e-05, 0.0, 0.0, 0.0, 1.0],
                [0.981633, 0.139132, 0.130535, 0.124994, 0.111779, -0.973915, 0.197468, -0.002831, 0.154604, -0.17925, -0.97158, -1.2e-05, 0.0, 0.0, 0.0, 1.0],
                [0.981505, 0.140071, 0.13049, 0.124994, 0.116491, -0.977917, 0.173515, -0.002831, 0.151913, -0.155106, -0.976148, -1.2e-05, 0.0, 0.0, 0.0, 1.0],
                [0.981343, 0.141034, 0.130671, 0.124994, 0.121138, -0.981328, 0.149401, -0.002831, 0.149301, -0.130785, -0.980105, -1.2e-05, 0.0, 0.0, 0.0, 1.0],
                [0.981148, 0.142004, 0.131084, 0.124994, 0.125722, -0.984145, 0.125111, -0.002831, 0.146772, -0.106273, -0.983445, -1.2e-05, 0.0, 0.0, 0.0, 1.0],
                [0.98092, 0.142992, 0.131717, 0.124994, 0.130249, -0.986345, 0.100787, -0.002831, 0.14433, -0.081708, -0.986151, -1.2e-05, 0.0, 0.0, 0.0, 1.0],
                [0.980659, 0.143978, 0.132578, 0.124993, 0.134717, -0.987934, 0.076403, -0.002831, 0.141979, -0.057065, -0.988223, -1.2e-05, 0.0, 0.0, 0.0, 1.0],
                [0.980368, 0.144947, 0.133672, 0.124994, 0.139124, -0.98891, 0.051971, -0.002831, 0.139723, -0.032354, -0.989662, -1.2e-05, 0.0, 0.0, 0.0, 1.0],
                [0.980046, 0.145905, 0.134985, 0.124994, 0.143474, -0.989268, 0.027614, -0.002831, 0.137565, -0.007696, -0.990463, -1.2e-05, 0.0, 0.0, 0.0, 1.0],
                [0.979695, 0.146816, 0.136534, 0.124994, 0.147761, -0.989018, 0.003244, -0.002831, 0.135511, 0.016996, -0.99063, -1.2e-05, 0.0, 0.0, 0.0, 1.0],
                [0.979316, 0.147708, 0.138283, 0.124994, 0.15199, -0.988161, -0.020879, -0.002831, 0.133562, 0.041465, -0.990173, -1.2e-05, 0.0, 0.0, 0.0, 1.0],
                [0.978911, 0.148516, 0.140271, 0.124994, 0.156147, -0.986708, -0.044997, -0.002831, 0.131724, 0.065951, -0.98909, -1.2e-05, 0.0, 0.0, 0.0, 1.0],
                [0.978481, 0.14928, 0.142446, 0.124994, 0.160238, -0.984679, -0.068776, -0.002831, 0.129997, 0.090121, -0.98741, -1.2e-05, 0.0, 0.0, 0.0, 1.0],
                [0.978028, 0.149927, 0.14485, 0.124994, 0.164246, -0.982073, -0.092496, -0.002831, 0.128385, 0.114255, -0.98512, -1.2e-05, 0.0, 0.0, 0.0, 1.0],
                [0.977556, 0.150491, 0.147433, 0.124994, 0.168176, -0.978925, -0.115859, -0.002831, 0.12689, 0.138054, -0.982263, -1.2e-05, 0.0, 0.0, 0.0, 1.0],
                [0.977067, 0.150901, 0.150229, 0.124994, 0.172007, -0.975222, -0.139122, -0.002831, 0.125513, 0.161772, -0.978814, -1.2e-05, 0.0, 0.0, 0.0, 1.0],
                [0.976564, 0.151154, 0.153215, 0.124994, 0.175735, -0.970986, -0.162179, -0.002831, 0.124256, 0.185304, -0.974794, -1.2e-05, 0.0, 0.0, 0.0, 1.0],
                [0.976051, 0.151215, 0.156391, 0.124994, 0.179348, -0.966218, -0.185085, -0.002831, 0.12312, 0.2087, -0.970199, -1.2e-05, 0.0, 0.0, 0.0, 1.0],
                [0.975532, 0.151035, 0.159764, 0.124994, 0.18283, -0.960895, -0.207976, -0.002831, 0.122105, 0.232097, -0.964998, -1.2e-05, 0.0, 0.0, 0.0, 1.0],
                [0.975013, 0.15055, 0.163353, 0.124994, 0.186164, -0.954966, -0.231045, -0.002831, 0.121213, 0.255682, -0.959132, -1.2e-05, 0.0, 0.0, 0.0, 1.0],
                [0.974499, 0.149646, 0.167205, 0.124994, 0.189324, -0.948308, -0.25469, -0.002831, 0.120448, 0.279851, -0.952458, -1.2e-05, 0.0, 0.0, 0.0, 1.0],
                [0.974, 0.148091, 0.171444, 0.124994, 0.192268, -0.940601, -0.279827, -0.002831, 0.119821, 0.305515, -0.944618, -1.2e-05, 0.0, 0.0, 0.0, 1.0],
                [0.973533, 0.145293, 0.176417, 0.124994, 0.194898, -0.930939, -0.308814, -0.002831, 0.119365, 0.335024, -0.934618, -1.2e-05, 0.0, 0.0, 0.0, 1.0],
                [0.973196, 0.137045, 0.18468, 0.124993, 0.19658, -0.912489, -0.358776, -0.002831, 0.11935, 0.385464, -0.914971, -1.2e-05, 0.0, 0.0, 0.0, 1.0],
                [0.972628, 0.13902, 0.186191, 0.124994, 0.199708, -0.909747, -0.363974, -0.002831, 0.118787, 0.391195, -0.912609, -1.2e-05, 0.0, 0.0, 0.0, 1.0],
                [0.972079, 0.140846, 0.187684, 0.124994, 0.202652, -0.907126, -0.368856, -0.002831, 0.118301, 0.396592, -0.910341, -1.2e-05, 0.0, 0.0, 0.0, 1.0],
                [0.971551, 0.142521, 0.189144, 0.124994, 0.205403, -0.904637, -0.373418, -0.002831, 0.117887, 0.401646, -0.908176, -1.2e-05, 0.0, 0.0, 0.0, 1.0],
                [0.97105, 0.144048, 0.190559, 0.124994, 0.20796, -0.902289, -0.377659, -0.002831, 0.117538, 0.406354, -0.906124, -1.2e-05, 0.0, 0.0, 0.0, 1.0],
                [0.970577, 0.145426, 0.191914, 0.124994, 0.210316, -0.900091, -0.381579, -0.002831, 0.117249, 0.410715, -0.904194, -1.2e-05, 0.0, 0.0, 0.0, 1.0],
                [0.970136, 0.14666, 0.193202, 0.124994, 0.21247, -0.898049, -0.385181, -0.002831, 0.117014, 0.414728, -0.90239, -1.2e-05, 0.0, 0.0, 0.0, 1.0],
                [0.969729, 0.147749, 0.19441, 0.124994, 0.214421, -0.896167, -0.388469, -0.002831, 0.116828, 0.418395, -0.90072, -1.2e-05, 0.0, 0.0, 0.0, 1.0],
                [0.969358, 0.148701, 0.195531, 0.124994, 0.21617, -0.894449, -0.391447, -0.002831, 0.116684, 0.421721, -0.899186, -1.2e-05, 0.0, 0.0, 0.0, 1.0],
                [0.969025, 0.149516, 0.19656, 0.124994, 0.217715, -0.892897, -0.394124, -0.002831, 0.11658, 0.42471, -0.897792, -1.2e-05, 0.0, 0.0, 0.0, 1.0],
                [0.96873, 0.1502, 0.197489, 0.124994, 0.219061, -0.891512, -0.396506, -0.002831, 0.116509, 0.42737, -0.896538, -1.2e-05, 0.0, 0.0, 0.0, 1.0],
                [0.968474, 0.150759, 0.198315, 0.124994, 0.220211, -0.890294, -0.398602, -0.002831, 0.116466, 0.429707, -0.895426, -1.2e-05, 0.0, 0.0, 0.0, 1.0],
                [0.968259, 0.151195, 0.199036, 0.124994, 0.221167, -0.88924, -0.400421, -0.002831, 0.116449, 0.431731, -0.894454, -1.2e-05, 0.0, 0.0, 0.0, 1.0],
                [0.968082, 0.151515, 0.199647, 0.124993, 0.221935, -0.888349, -0.401971, -0.002831, 0.116452, 0.43345, -0.893622, -1.2e-05, 0.0, 0.0, 0.0, 1.0],
                [0.967946, 0.151724, 0.200149, 0.124993, 0.222518, -0.887617, -0.403264, -0.002831, 0.116471, 0.434875, -0.892927, -1.2e-05, 0.0, 0.0, 0.0, 1.0],
                [0.967848, 0.151826, 0.200544, 0.124994, 0.222924, -0.88704, -0.404307, -0.002831, 0.116506, 0.436014, -0.892366, -1.2e-05, 0.0, 0.0, 0.0, 1.0],
                [0.967789, 0.151826, 0.200829, 0.124994, 0.223157, -0.886615, -0.40511, -0.002831, 0.116552, 0.436878, -0.891938, -1.2e-05, 0.0, 0.0, 0.0, 1.0],
                [0.967841, 0.151728, 0.200656, 0.124994, 0.223009, -0.886585, -0.405258, -0.002831, 0.11641, 0.436973, -0.89191, -1.2e-05, 0.0, 0.0, 0.0, 1.0],
                [0.968077, 0.151532, 0.199664, 0.124994, 0.222263, -0.887201, -0.404318, -0.002831, 0.115875, 0.435789, -0.892559, -1.2e-05, 0.0, 0.0, 0.0, 1.0],
                [0.968495, 0.151235, 0.197849, 0.124994, 0.220916, -0.888466, -0.402273, -0.002831, 0.114945, 0.433308, -0.893886, -1.2e-05, 0.0, 0.0, 0.0, 1.0],
                [0.969093, 0.150833, 0.195211, 0.124994, 0.218975, -0.890375, -0.399102, -0.002831, 0.113613, 0.429513, -0.895885, -1.2e-05, 0.0, 0.0, 0.0, 1.0],
                [0.969862, 0.150325, 0.191755, 0.124994, 0.216451, -0.892916, -0.394778, -0.002831, 0.111876, 0.424386, -0.898543, -1.2e-05, 0.0, 0.0, 0.0, 1.0],
                [0.970791, 0.149704, 0.187494, 0.124994, 0.213365, -0.896069, -0.389276, -0.002831, 0.109732, 0.417909, -0.901837, -1.2e-05, 0.0, 0.0, 0.0, 1.0],
                [0.971865, 0.148967, 0.182448, 0.124993, 0.20974, -0.899807, -0.382566, -0.002831, 0.107178, 0.410069, -0.905735, -1.2e-05, 0.0, 0.0, 0.0, 1.0],
                [0.973068, 0.148108, 0.176642, 0.124994, 0.205615, -0.90409, -0.374624, -0.002831, 0.104216, 0.400854, -0.910195, -1.2e-05, 0.0, 0.0, 0.0, 1.0],
                [0.974041, 0.159295, 0.160837, 0.124994, 0.203062, -0.928864, -0.309801, -0.002831, 0.100046, 0.334419, -0.937099, -1.2e-05, 0.0, 0.0, 0.0, 1.0],
                [0.975221, 0.164781, 0.147616, 0.124994, 0.199373, -0.943805, -0.263595, -0.002831, 0.095886, 0.286494, -0.953272, -1.2e-05, 0.0, 0.0, 0.0, 1.0],
                [0.976523, 0.167578, 0.135348, 0.124994, 0.195005, -0.954657, -0.224951, -0.002831, 0.091514, 0.246063, -0.964924, -1.2e-05, 0.0, 0.0, 0.0, 1.0],
                [0.977896, 0.168858, 0.123316, 0.124994, 0.190196, -0.963357, -0.189123, -0.002831, 0.086863, 0.208397, -0.974179, -1.2e-05, 0.0, 0.0, 0.0, 1.0],
                [0.979307, 0.168957, 0.111405, 0.124995, 0.185056, -0.970429, -0.154986, -0.002831, 0.081925, 0.172395, -0.981615, -1.2e-05, 0.0, 0.0, 0.0, 1.0],
                [0.980731, 0.168056, 0.099618, 0.124994, 0.179673, -0.976111, -0.122163, -0.002831, 0.076708, 0.137707, -0.987498, -1.2e-05, 0.0, 0.0, 0.0, 1.0],
                [0.982142, 0.166317, 0.087951, 0.124994, 0.174136, -0.980574, -0.090281, -0.002831, 0.071228, 0.103984, -0.992025, -1.2e-05, 0.0, 0.0, 0.0, 1.0],
                [0.98352, 0.163825, 0.076488, 0.124994, 0.168517, -0.9839, -0.059512, -0.002831, 0.065507, 0.071421, -0.995293, -1.2e-05, 0.0, 0.0, 0.0, 1.0],
                [0.984845, 0.160677, 0.065298, 0.124994, 0.162886, -0.986188, -0.030014, -0.002831, 0.059574, 0.040195, -0.997414, -1.2e-05, 0.0, 0.0, 0.0, 1.0],
                [0.986101, 0.156977, 0.054441, 0.124994, 0.157314, -0.987547, -0.001934, -0.002831, 0.053459, 0.010472, -0.998515, -1.2e-05, 0.0, 0.0, 0.0, 1.0],
                [0.987274, 0.152832, 0.043961, 0.124994, 0.151864, -0.988095, 0.024603, -0.002831, 0.047198, -0.017614, -0.99873, -1.2e-05, 0.0, 0.0, 0.0, 1.0],
                [0.988353, 0.148355, 0.033891, 0.124994, 0.146597, -0.987956, 0.049521, -0.002831, 0.04083, -0.043976, -0.998198, -1.2e-05, 0.0, 0.0, 0.0, 1.0],
                [0.989333, 0.143632, 0.024302, 0.124994, 0.141555, -0.987277, 0.072435, -0.002831, 0.034396, -0.068222, -0.997077, -1.2e-05, 0.0, 0.0, 0.0, 1.0],
                [0.990207, 0.138773, 0.015207, 0.124994, 0.136779, -0.9862, 0.093274, -0.002831, 0.027941, -0.090281, -0.995524, -1.2e-05, 0.0, 0.0, 0.0, 1.0],
                [0.990976, 0.133875, 0.00663, 0.124994, 0.132302, -0.984872, 0.111906, -0.002831, 0.021511, -0.110019, -0.993697, -1.2e-05, 0.0, 0.0, 0.0, 1.0],
                [0.99164, 0.129026, -0.001403, 0.124994, 0.128141, -0.983444, 0.128132, -0.002831, 0.015152, -0.12724, -0.991756, -1.2e-05, 0.0, 0.0, 0.0, 1.0],
                [0.992203, 0.124315, -0.00891, 0.124994, 0.124315, -0.982017, 0.142084, -0.002831, 0.008913, -0.142084, -0.989814, -1.2e-05, 0.0, 0.0, 0.0, 1.0],
                [0.99267, 0.11981, -0.01587, 0.124993, 0.120823, -0.980715, 0.153618, -0.002831, 0.002841, -0.15441, -0.988003, -1.2e-05, 0.0, 0.0, 0.0, 1.0],
                [0.993049, 0.115571, -0.022273, 0.124994, 0.117659, -0.979641, 0.162662, -0.002831, -0.00302, -0.164152, -0.986431, -1.2e-05, 0.0, 0.0, 0.0, 1.0],
                [0.99335, 0.11165, -0.02811, 0.124994, 0.114811, -0.97887, 0.169208, -0.002831, -0.008624, -0.17131, -0.98518, -1.2e-05, 0.0, 0.0, 0.0, 1.0],
                [0.99358, 0.108085, -0.033403, 0.124994, 0.112268, -0.978413, 0.173505, -0.002831, -0.013929, -0.176141, -0.984267, -1.2e-05, 0.0, 0.0, 0.0, 1.0],
                [0.993752, 0.104902, -0.038119, 0.124994, 0.110002, -0.978339, 0.175364, -0.002831, -0.018897, -0.178462, -0.983766, -1.2e-05, 0.0, 0.0, 0.0, 1.0],
                [0.993874, 0.102116, -0.042273, 0.124994, 0.107994, -0.978616, 0.175064, -0.002831, -0.023492, -0.178556, -0.983649, -1.2e-05, 0.0, 0.0, 0.0, 1.0],
                [0.993957, 0.099731, -0.045866, 0.124994, 0.106224, -0.979217, 0.172773, -0.002831, -0.027682, -0.176601, -0.983893, -1.2e-05, 0.0, 0.0, 0.0, 1.0],
                [0.994011, 0.097742, -0.04888, 0.124994, 0.104663, -0.980129, 0.168501, -0.002831, -0.031439, -0.172608, -0.984489, -1.2e-05, 0.0, 0.0, 0.0, 1.0],
                [0.994044, 0.096135, -0.051328, 0.124994, 0.103293, -0.981279, 0.162549, -0.002831, -0.03474, -0.166883, -0.985364, -1.2e-05, 0.0, 0.0, 0.0, 1.0],
                [0.994065, 0.094887, -0.053217, 0.124994, 0.1021, -0.982593, 0.155197, -0.002831, -0.037564, -0.159709, -0.986449, -1.2e-05, 0.0, 0.0, 0.0, 1.0],
                [0.994078, 0.093967, -0.054568, 0.124994, 0.101073, -0.983982, 0.146845, -0.002831, -0.039896, -0.151491, -0.987653, -1.2e-05, 0.0, 0.0, 0.0, 1.0],
                [0.994091, 0.093337, -0.055426, 0.124994, 0.100215, -0.985333, 0.138111, -0.002831, -0.041723, -0.142849, -0.988865, -1.2e-05, 0.0, 0.0, 0.0, 1.0],
                [0.994102, 0.092952, -0.055869, 0.124994, 0.099547, -0.986508, 0.129972, -0.002831, -0.043034, -0.134767, -0.989942, -1.2e-05, 0.0, 0.0, 0.0, 1.0],
                [0.994111, 0.092757, -0.056026, 0.124994, 0.099107, -0.987333, 0.123899, -0.002831, -0.043824, -0.128722, -0.990712, -1.2e-05, 0.0, 0.0, 0.0, 1.0],
                [0.994115, 0.092701, -0.056047, 0.124994, 0.09895, -0.98764, 0.121552, -0.002831, -0.044087, -0.126382, -0.991001, -1.2e-05, 0.0, 0.0, 0.0, 1.0]
            ]
        },
        {
            "name": "Leg_R",
            "time": [0.0, 0.0167, 0.0333, 0.05, 0.0667, 0.0833, 0.1, 0.1167, 0.1333, 0.15, 0.1667, 0.1833, 0.2, 0.2167, 0.2333, 0.25, 0.2667, 0.2833, 0.3, 0.3167, 0.3333, 0.35, 0.3667, 0.3833, 0.4, 0.4167, 0.4333, 0.45, 0.4667, 0.4833, 0.5, 0.5167, 0.5333, 0.55, 0.5667, 0.5833, 0.6, 0.6167, 0.6333, 0.65, 0.6667, 0.6833, 0.7, 0.7167, 0.7333, 0.75, 0.7667, 0.7833, 0.8, 0.8167, 0.8333, 0.85, 0.8667, 0.8833, 0.9, 0.9167, 0.9333, 0.95, 0.9667, 0.9833, 1.0, 1.0167, 1.0333, 1.05, 1.0667, 1.0833, 1.1, 1.1167, 1.1333, 1.15, 1.1667, 1.1833, 1.2, 1.2167, 1.2333, 1.25, 1.2667, 1.2833, 1.3, 1.3167, 1.3333, 1.35, 1.3667, 1.3833, 1.4, 1.4167, 1.4333, 1.45, 1.4667, 1.4833, 1.5, 1.5167, 1.5333, 1.55, 1.5667, 1.5833, 1.6, 1.6167, 1.6333, 1.65, 1.6667, 1.6833, 1.7, 1.7167, 1.7333, 1.75, 1.7667, 1.7833, 1.8, 1.8167, 1.8333, 1.85, 1.8667, 1.8833, 1.9, 1.9167, 1.9333, 1.95, 1.9667, 1.9833, 2.0],
            "transform": [
                [0.998955, -0.035646, -0.028587, -0.0, 0.035758, 0.220384, 0.974758, 0.374721, -0.028446, -0.974761, 0.221428, 0.0, 0.0, 0.0, 0.0, 1.0],
                [0.998955, -0.03565, -0.028603, -0.0, 0.035762, 0.219935, 0.974859, 0.374721, -0.028463, -0.974863, 0.22098, -0.0, 0.0, 0.0, 0.0, 1.0],
                [0.998953, -0.035661, -0.028652, 0.0, 0.035773, 0.218586, 0.975162, 0.374721, -0.028512, -0.975166, 0.219633, 0.0, 0.0, 0.0, 0.0, 1.0],
                [0.99895, -0.035679, -0.028733, 0.0, 0.035791, 0.21636, 0.975658, 0.374721, -0.028594, -0.975661, 0.217409, 0.0, 0.0, 0.0, 0.0, 1.0],
                [0.998946, -0.035703, -0.028844, -0.0, 0.035815, 0.213323, 0.976325, 0.374721, -0.028705, -0.976329, 0.214377, -0.0, 0.0, 0.0, 0.0, 1.0],
                [0.998941, -0.035733, -0.02898, -0.0, 0.035845, 0.209595, 0.977131, 0.374721, -0.028841, -0.977135, 0.210654, 0.0, 0.0, 0.0, 0.0, 1.0],
                [0.998935, -0.035766, -0.029136, 0.0, 0.035878, 0.205347, 0.978031, 0.374721, -0.028997, -0.978035, 0.206412, -0.0, 0.0, 0.0, 0.0, 1.0],
                [0.998929, -0.0358, -0.029302, -0.0, 0.035913, 0.200794, 0.978975, 0.374721, -0.029164, -0.978979, 0.201864, 0.0, 0.0, 0.0, 0.0, 1.0],
                [0.998923, -0.035834, -0.02947, 0.0, 0.035947, 0.196191, 0.979907, 0.374721, -0.029333, -0.979911, 0.197267, 0.0, 0.0, 0.0, 0.0, 1.0],
