{
    "vertices": {
        "positions": {
            "stride": 3,
            "count": 4,
            "array": [-1.0, -1.0, 0.0, 1.0, -1.0, 0.0, -1.0, 1.0, 0.0, 1.0, 1.0, 0.0]
        },
        "uvs": {
            "stride": 2,
            "count": 4,
            "array": [1.0, 1.0, 0.0, 0.0, 0.0, 1.0, 1.0, 0.0]
        },
        "normals": {
            "stride": 3,
            "count": 1,
            "array": [0.0, 0.0, 1.0]
        },
        "vcounts": {
            "stride": 1,
            "count": 4,
            "array": [0, 0, 0, 0]
        },
        "weights": {
            "stride": 1,
            "count": 0,
            "array": []
        },
        "vindices": {
            "stride": 1,
            "count": 0,
            "array": []
        },
        "parts": {
            "noGroups": {
                "stride": 3,
                "count": 6,
                "array": [1, 0, 0, 2, 1, 0, 0, 2, 0, 1, 0, 0, 3, 3, 0, 2, 1, 0]
            }
        }
    },
    "armature": {
        "joints": ["Root", "Thigh_R", "Leg_R", "Knee_R", "Thigh_L", "Leg_L", "Knee_L", "Torso", "Chest", "Head", "Shoulder_R", "Arm_R", "Hand_R", "Tool_R", "Elbow_R", "Shoulder_L", "Arm_L", "Hand_L", "Tool_L", "Elbow_L", "IKThigh_R", "IKLeg_R"],
        "hierarchy": [
            {
                "name": "Root",
                "transform": [1.0, 0.0, 0.0, -5e-06, 0.0, 0.0, -1.0, 0.000946, 0.0, 1.0, 0.0, 0.763972, 0.0, 0.0, 0.0, 1.0],
                "children": [
                    {
                        "name": "Thigh_R",
                        "transform": [1.0, 5.7e-05, 5.7e-05, 0.124994, 5.7e-05, -0.999999, 0.001565, -0.002831, 5.7e-05, -0.001565, -0.999999, -1.2e-05, 0.0, 0.0, 0.0, 1.0],
                        "children": [
                            {
                                "name": "Leg_R",
                                "transform": [1.0, -0.000114, -0.000115, -0.0, 0.000115, 0.999995, 0.003128, 0.374721, 0.000115, -0.003128, 0.999995, 0.0, 0.0, 0.0, 0.0, 1.0],
                                "children": []
                            },
                            {
                                "name": "Knee_R",
                                "transform": [1.0, -5.7e-05, 5.7e-05, -0.0, 5.7e-05, 0.001565, -0.999999, 0.374721, 5.7e-05, 0.999999, 0.001565, 0.0, 0.0, 0.0, 0.0, 1.0],
                                "children": []
                            }
                        ]
                    },
                    {
                        "name": "Thigh_L",
                        "transform": [1.0, -0.0, -0.0, -0.125006, -0.0, -0.999999, 0.001565, -0.002831, -0.0, -0.001565, -0.999999, -1.2e-05, 0.0, 0.0, 0.0, 1.0],
                        "children": [
                            {
                                "name": "Leg_L",
                                "transform": [1.0, 0.0, 1e-06, -0.0, -0.0, 0.999995, 0.003128, 0.374721, -1e-06, -0.003128, 0.999995, 0.0, 0.0, 0.0, 0.0, 1.0],
                                "children": []
                            },
                            {
                                "name": "Knee_L",
                                "transform": [1.0, 0.0, -0.0, -0.0, -0.0, 0.001565, -0.999999, 0.374721, -0.0, 0.999999, 0.001565, 0.0, 0.0, 0.0, 0.0, 1.0],
                                "children": []
                            }
                        ]
                    },
                    {
                        "name": "Torso",
                        "transform": [1.0, 0.0, 0.0, 0.0, 0.0, 0.999988, -0.004949, 0.05, -0.0, 0.004949, 0.999988, 0.0, 0.0, 0.0, 0.0, 1.0],
                        "children": [
                            {
                                "name": "Chest",
                                "transform": [1.0, 0.0, 0.0, 0.0, -0.0, 0.999963, 0.008661, 0.300004, 0.0, -0.008661, 0.999963, -0.0, 0.0, 0.0, 0.0, 1.0],
                                "children": [
                                    {
                                        "name": "Head",
                                        "transform": [1.0, -0.0, -0.0, 0.0, -0.0, 0.999993, -0.003712, 0.400003, 0.0, 0.003712, 0.999993, -0.0, 0.0, 0.0, 0.0, 1.0],
                                        "children": []
                                    },
                                    {
                                        "name": "Shoulder_R",
                                        "transform": [-0.0, 0.952114, 0.305743, 0.0, -0.003712, -0.305741, 0.952107, 0.400003, 0.999993, -0.001135, 0.003534, -0.0, 0.0, 0.0, 0.0, 1.0],
                                        "children": [
                                            {
                                                "name": "Arm_R",
                                                "transform": [0.0, 0.005597, -0.999984, 0.0, 0.952114, 0.305738, 0.001712, 0.39386, 0.305743, -0.952099, -0.005329, 0.0, 0.0, 0.0, 0.0, 1.0],
                                                "children": [
                                                    {
                                                        "name": "Hand_R",
                                                        "transform": [1.0, -0.0, -0.0, 0.0, 0.0, 0.999876, -0.01572, 0.300005, 0.0, 0.01572, 0.999876, 0.0, 0.0, 0.0, 0.0, 1.0],
                                                        "children": [
                                                            {
                                                                "name": "Tool_R",
                                                                "transform": [1.0, -2.8e-05, 2.8e-05, 9e-06, -2.8e-05, -0.999995, -0.003302, 0.271229, 2.8e-05, 0.003302, -0.999995, 0.001151, 0.0, 0.0, 0.0, 1.0],
                                                                "children": []
                                                            }
                                                        ]
                                                    },
                                                    {
                                                        "name": "Elbow_R",
                                                        "transform": [-1.0, 0.0, -0.0, 0.0, 0.0, 0.005597, -0.999984, 0.300005, -0.0, -0.999984, -0.005597, 0.0, 0.0, 0.0, 0.0, 1.0],
                                                        "children": []
                                                    }
                                                ]
                                            }
                                        ]
                                    },
                                    {
                                        "name": "Shoulder_L",
                                        "transform": [0.0, -0.952114, -0.305743, 0.0, 0.003712, -0.305741, 0.952107, 0.400003, -0.999993, -0.001135, 0.003534, -0.0, 0.0, 0.0, 0.0, 1.0],
                                        "children": [
                                            {
                                                "name": "Arm_L",
                                                "transform": [-3e-05, -0.005597, 0.999984, -0.0, -0.952123, 0.30571, 0.001683, 0.39386, -0.305715, -0.952108, -0.005338, 0.0, 0.0, 0.0, 0.0, 1.0],
                                                "children": [
                                                    {
                                                        "name": "Hand_L",
                                                        "transform": [1.0, -3.1e-05, -3e-05, 0.0, 3e-05, 0.999876, -0.01572, 0.300005, 3e-05, 0.01572, 0.999876, -0.0, 0.0, 0.0, 0.0, 1.0],
                                                        "children": [
                                                            {
                                                                "name": "Tool_L",
                                                                "transform": [1.0, 0.0, -0.0, -9e-06, -0.0, -0.999995, -0.003302, 0.271229, -0.0, 0.003302, -0.999995, 0.001151, 0.0, 0.0, 0.0, 1.0],
                                                                "children": []
                                                            }
                                                        ]
                                                    },
                                                    {
                                                        "name": "Elbow_L",
                                                        "transform": [-1.0, 3e-05, 3e-05, 0.0, -3e-05, 0.005597, -0.999984, 0.300005, -3e-05, -0.999985, -0.005597, -0.0, 0.0, 0.0, 0.0, 1.0],
                                                        "children": []
                                                    }
                                                ]
                                            }
                                        ]
                                    }
                                ]
                            }
                        ]
                    },
                    {
                        "name": "IKThigh_R",
                        "transform": [1.0, 5.7e-05, 5.7e-05, 0.124994, 5.7e-05, -0.999999, 0.001565, -0.002831, 5.7e-05, -0.001565, -0.999999, -1.2e-05, 0.0, 0.0, 0.0, 1.0],
                        "children": [
                            {
                                "name": "IKLeg_R",
                                "transform": [1.0, -0.000114, -0.000115, -0.0, 0.000115, 0.999995, 0.003128, 0.374721, 0.000115, -0.003128, 0.999995, 0.0, 0.0, 0.0, 0.0, 1.0],
                                "children": []
                            }
                        ]
                    }
                ]
            },
            {},
            {},
            {},
            {},
            {},
            {},
            {},
            {},
            {},
            {},
            {},
            {},
            {},
            {},
            {}
        ]
    },
    "animation": [
        {
            "name": "Root",
            "time": [0.0, 0.0167, 0.0333, 0.05, 0.0667, 0.0833, 0.1, 0.1167, 0.1333, 0.15, 0.1667, 0.1833, 0.2, 0.2167, 0.2333, 0.25, 0.2667, 0.2833, 0.3, 0.3167, 0.3333, 0.35, 0.3667, 0.3833, 0.4, 0.4167, 0.4333, 0.45, 0.4667, 0.4833, 0.5, 0.5167, 0.5333, 0.55, 0.5667, 0.5833, 0.6, 0.6167, 0.6333, 0.65, 0.6667, 0.6833, 0.7, 0.7167, 0.7333, 0.75, 0.7667, 0.7833, 0.8, 0.8167, 0.8333, 0.85, 0.8667, 0.8833, 0.9, 0.9167, 0.9333, 0.95, 0.9667, 0.9833, 1.0, 1.0167, 1.0333, 1.05, 1.0667, 1.0833, 1.1, 1.1167, 1.1333, 1.15, 1.1667, 1.1833, 1.2, 1.2167, 1.2333, 1.25, 1.2667, 1.2833, 1.3, 1.3167, 1.3333, 1.35, 1.3667, 1.3833, 1.4, 1.4167, 1.4333, 1.45, 1.4667, 1.4833, 1.5],
            "transform": [
                [1.0, 0.0, -0.0, -5e-06, -0.0, 0.0, -1.0, 0.000946, 0.0, 1.0, 0.0, 0.757621, 0.0, 0.0, 0.0, 1.0],
                [0.999961, 0.0, 0.008817, -5e-06, 0.008817, 0.0, -0.999961, 0.016303, 0.0, 1.0, 0.0, 0.756893, 0.0, 0.0, 0.0, 1.0],
                [0.99935, 0.0, 0.036056, -5e-06, 0.036056, 0.0, -0.99935, 0.063509, 0.0, 1.0, 0.0, 0.754692, 0.0, 0.0, 0.0, 1.0],
                [0.996635, 0.0, 0.081969, -5e-06, 0.081969, 0.0, -0.996635, 0.142576, 0.0, 1.0, 0.0, 0.751011, 0.0, 0.0, 0.0, 1.0],
                [0.989462, 0.0, 0.144794, -5e-06, 0.144794, 0.0, -0.989462, 0.250199, 0.0, 1.0, 0.0, 0.745875, 0.0, 0.0, 0.0, 1.0],
                [0.975491, 0.0, 0.220041, -5e-06, 0.220041, 0.0, -0.975491, 0.378958, 0.0, 1.0, 0.0, 0.739348, 0.0, 0.0, 0.0, 1.0],
                [0.953659, 0.0, 0.300889, -5e-06, 0.300889, 0.0, -0.953659, 0.518019, 0.0, 1.0, 0.0, 0.73154, 0.0, 0.0, 0.0, 1.0],
                [0.925011, 0.0, 0.37994, -5e-06, 0.37994, 0.0, -0.925011, 0.655513, 0.0, 1.0, 0.0, 0.722615, 0.0, 0.0, 0.0, 1.0],
                [0.892361, 0.0, 0.451322, -5e-06, 0.451322, 0.0, -0.892361, 0.781319, 0.0, 1.0, 0.0, 0.712791, 0.0, 0.0, 0.0, 1.0],
                [0.859133, 0.0, 0.511752, -5e-06, 0.511752, 0.0, -0.859133, 0.888681, 0.0, 1.0, 0.0, 0.702334, 0.0, 0.0, 0.0, 1.0],
                [0.828296, 0.0, 0.560291, -5e-06, 0.560291, 0.0, -0.828296, 0.974226, 0.0, 1.0, 0.0, 0.691551, 0.0, 0.0, 0.0, 1.0],
                [0.796686, 0.0, 0.604394, -5e-06, 0.604394, 0.0, -0.796686, 1.048018, 0.0, 1.0, 0.0, 0.680767, 0.0, 0.0, 0.0, 1.0],
                [0.759563, 0.0, 0.650434, -5e-06, 0.650434, 0.0, -0.759563, 1.120243, 0.0, 1.0, 0.0, 0.670311, 0.0, 0.0, 0.0, 1.0],
                [0.717485, 0.0, 0.696574, -5e-06, 0.696574, 0.0, -0.717485, 1.189479, 0.0, 1.0, 0.0, 0.660486, 0.0, 0.0, 0.0, 1.0],
                [0.672154, 0.0, 0.740411, -5e-06, 0.740411, 0.0, -0.672154, 1.253993, 0.0, 1.0, 0.0, 0.651561, 0.0, 0.0, 0.0, 1.0],
                [0.626533, 0.0, 0.779395, -5e-06, 0.779395, 0.0, -0.626533, 1.312028, 0.0, 1.0, 0.0, 0.643753, 0.0, 0.0, 0.0, 1.0],
                [0.584368, 0.0, 0.811489, -5e-06, 0.811489, 0.0, -0.584368, 1.362241, 0.0, 1.0, 0.0, 0.637226, 0.0, 0.0, 0.0, 1.0],
                [0.549212, 0.0, 0.835683, -5e-06, 0.835683, 0.0, -0.549212, 1.404078, 0.0, 1.0, 0.0, 0.63209, 0.0, 0.0, 0.0, 1.0],
                [0.523512, 0.0, 0.852018, -5e-06, 0.852018, 0.0, -0.523512, 1.43783, 0.0, 1.0, 0.0, 0.62841, 0.0, 0.0, 0.0, 1.0],
                [0.508291, 0.0, 0.861186, -5e-06, 0.861186, 0.0, -0.508291, 1.464386, 0.0, 1.0, 0.0, 0.626208, 0.0, 0.0, 0.0, 1.0],
                [0.503388, 0.0, 0.86406, -5e-06, 0.86406, 0.0, -0.503388, 1.484891, 0.0, 1.0, 0.0, 0.62548, 0.0, 0.0, 0.0, 1.0],
                [0.503388, 0.0, 0.86406, -5e-06, 0.86406, 0.0, -0.503388, 1.502302, 0.0, 1.0, 0.0, 0.62548, 0.0, 0.0, 0.0, 1.0],
                [0.503388, 0.0, 0.86406, -5e-06, 0.86406, 0.0, -0.503388, 1.518776, 0.0, 1.0, 0.0, 0.62548, 0.0, 0.0, 0.0, 1.0],
                [0.503388, 0.0, 0.86406, -5e-06, 0.86406, 0.0, -0.503388, 1.534282, 0.0, 1.0, 0.0, 0.62548, 0.0, 0.0, 0.0, 1.0],
                [0.503388, 0.0, 0.86406, -5e-06, 0.86406, 0.0, -0.503388, 1.548791, 0.0, 1.0, 0.0, 0.62548, 0.0, 0.0, 0.0, 1.0],
                [0.503388, 0.0, 0.86406, -5e-06, 0.86406, 0.0, -0.503388, 1.562279, 0.0, 1.0, 0.0, 0.62548, 0.0, 0.0, 0.0, 1.0],
                [0.503388, 0.0, 0.86406, -5e-06, 0.86406, 0.0, -0.503388, 1.574729, 0.0, 1.0, 0.0, 0.62548, 0.0, 0.0, 0.0, 1.0],
                [0.503388, 0.0, 0.86406, -5e-06, 0.86406, 0.0, -0.503388, 1.586131, 0.0, 1.0, 0.0, 0.62548, 0.0, 0.0, 0.0, 1.0],
                [0.503388, 0.0, 0.86406, -5e-06, 0.86406, 0.0, -0.503388, 1.596488, 0.0, 1.0, 0.0, 0.62548, 0.0, 0.0, 0.0, 1.0],
                [0.503388, 0.0, 0.86406, -5e-06, 0.86406, 0.0, -0.503388, 1.605812, 0.0, 1.0, 0.0, 0.62548, 0.0, 0.0, 0.0, 1.0],
                [0.503388, 0.0, 0.86406, -5e-06, 0.86406, 0.0, -0.503388, 1.614127, 0.0, 1.0, 0.0, 0.62548, 0.0, 0.0, 0.0, 1.0],
                [0.503388, 0.0, 0.86406, -5e-06, 0.86406, 0.0, -0.503388, 1.621475, 0.0, 1.0, 0.0, 0.62548, 0.0, 0.0, 0.0, 1.0],
                [0.503388, 0.0, 0.86406, -5e-06, 0.86406, 0.0, -0.503388, 1.627909, 0.0, 1.0, 0.0, 0.62548, 0.0, 0.0, 0.0, 1.0],
                [0.503388, 0.0, 0.86406, -5e-06, 0.86406, 0.0, -0.503388, 1.633498, 0.0, 1.0, 0.0, 0.62548, 0.0, 0.0, 0.0, 1.0],
                [0.503388, 0.0, 0.86406, -5e-06, 0.86406, 0.0, -0.503388, 1.638326, 0.0, 1.0, 0.0, 0.62548, 0.0, 0.0, 0.0, 1.0],
                [0.503388, 0.0, 0.86406, -5e-06, 0.86406, 0.0, -0.503388, 1.642486, 0.0, 1.0, 0.0, 0.62548, 0.0, 0.0, 0.0, 1.0],
                [0.503388, 0.0, 0.86406, -5e-06, 0.86406, 0.0, -0.503388, 1.646084, 0.0, 1.0, 0.0, 0.62548, 0.0, 0.0, 0.0, 1.0],
                [0.503388, 0.0, 0.86406, -5e-06, 0.86406, 0.0, -0.503388, 1.649231, 0.0, 1.0, 0.0, 0.62548, 0.0, 0.0, 0.0, 1.0],
                [0.503388, 0.0, 0.86406, -5e-06, 0.86406, 0.0, -0.503388, 1.652041, 0.0, 1.0, 0.0, 0.62548, 0.0, 0.0, 0.0, 1.0],
                [0.503388, 0.0, 0.86406, -5e-06, 0.86406, 0.0, -0.503388, 1.654629, 0.0, 1.0, 0.0, 0.62548, 0.0, 0.0, 0.0, 1.0],
                [0.503388, 0.0, 0.86406, -5e-06, 0.86406, 0.0, -0.503388, 1.657105, 0.0, 1.0, 0.0, 0.62548, 0.0, 0.0, 0.0, 1.0],
                [0.503388, 0.0, 0.86406, -5e-06, 0.86406, 0.0, -0.503388, 1.659576, 0.0, 1.0, 0.0, 0.62548, 0.0, 0.0, 0.0, 1.0],
                [0.503388, 0.0, 0.86406, -5e-06, 0.86406, 0.0, -0.503388, 1.662137, 0.0, 1.0, 0.0, 0.62548, 0.0, 0.0, 0.0, 1.0],
                [0.503388, 0.0, 0.86406, -5e-06, 0.86406, 0.0, -0.503388, 1.664877, 0.0, 1.0, 0.0, 0.62548, 0.0, 0.0, 0.0, 1.0],
                [0.503388, 0.0, 0.86406, -5e-06, 0.86406, 0.0, -0.503388, 1.667872, 0.0, 1.0, 0.0, 0.62548, 0.0, 0.0, 0.0, 1.0],
                [0.503388, 0.0, 0.86406, -5e-06, 0.86406, 0.0, -0.503388, 1.671187, 0.0, 1.0, 0.0, 0.62548, 0.0, 0.0, 0.0, 1.0],
                [0.503388, 0.0, 0.86406, -5e-06, 0.86406, 0.0, -0.503388, 1.674878, 0.0, 1.0, 0.0, 0.62548, 0.0, 0.0, 0.0, 1.0],
                [0.503388, 0.0, 0.86406, -5e-06, 0.86406, 0.0, -0.503388, 1.67899, 0.0, 1.0, 0.0, 0.62548, 0.0, 0.0, 0.0, 1.0],
                [0.503388, 0.0, 0.86406, -5e-06, 0.86406, 0.0, -0.503388, 1.683558, 0.0, 1.0, 0.0, 0.62548, 0.0, 0.0, 0.0, 1.0],
                [0.503388, 0.0, 0.86406, -5e-06, 0.86406, 0.0, -0.503388, 1.688609, 0.0, 1.0, 0.0, 0.62548, 0.0, 0.0, 0.0, 1.0],
                [0.503388, 0.0, 0.86406, -5e-06, 0.86406, 0.0, -0.503388, 1.694162, 0.0, 1.0, 0.0, 0.62548, 0.0, 0.0, 0.0, 1.0],
                [0.504085, 0.0, 0.863654, -5e-06, 0.863654, 0.0, -0.504085, 1.700032, 0.0, 1.0, 0.0, 0.625662, 0.0, 0.0, 0.0, 1.0],
                [0.506186, 0.0, 0.862424, -5e-06, 0.862424, 0.0, -0.506186, 1.706017, 0.0, 1.0, 0.0, 0.626208, 0.0, 0.0, 0.0, 1.0],
                [0.509697, 0.0, 0.860354, -5e-06, 0.860354, 0.0, -0.509697, 1.712114, 0.0, 1.0, 0.0, 0.627124, 0.0, 0.0, 0.0, 1.0],
                [0.514618, 0.0, 0.857419, -5e-06, 0.857419, 0.0, -0.514618, 1.718315, 0.0, 1.0, 0.0, 0.62841, 0.0, 0.0, 0.0, 1.0],
                [0.520938, 0.0, 0.853595, -5e-06, 0.853595, 0.0, -0.520938, 1.724614, 0.0, 1.0, 0.0, 0.630066, 0.0, 0.0, 0.0, 1.0],
                [0.528633, 0.0, 0.84885, -5e-06, 0.84885, 0.0, -0.528633, 1.731001, 0.0, 1.0, 0.0, 0.63209, 0.0, 0.0, 0.0, 1.0],
                [0.53767, 0.0, 0.843155, -5e-06, 0.843155, 0.0, -0.53767, 1.737465, 0.0, 1.0, 0.0, 0.634479, 0.0, 0.0, 0.0, 1.0],
                [0.548, 0.0, 0.836478, -5e-06, 0.836478, 0.0, -0.548, 1.743996, 0.0, 1.0, 0.0, 0.637226, 0.0, 0.0, 0.0, 1.0],
                [0.55956, 0.0, 0.82879, -5e-06, 0.82879, 0.0, -0.55956, 1.750579, 0.0, 1.0, 0.0, 0.640321, 0.0, 0.0, 0.0, 1.0],
                [0.572272, 0.0, 0.820064, -5e-06, 0.820064, 0.0, -0.572272, 1.757198, 0.0, 1.0, 0.0, 0.643753, 0.0, 0.0, 0.0, 1.0],
                [0.586041, 0.0, 0.810281, -5e-06, 0.810281, 0.0, -0.586041, 1.763839, 0.0, 1.0, 0.0, 0.647506, 0.0, 0.0, 0.0, 1.0],
                [0.600756, 0.0, 0.799432, -5e-06, 0.799432, 0.0, -0.600756, 1.77048, 0.0, 1.0, 0.0, 0.651561, 0.0, 0.0, 0.0, 1.0],
                [0.616293, 0.0, 0.787517, -5e-06, 0.787517, 0.0, -0.616293, 1.777104, 0.0, 1.0, 0.0, 0.655896, 0.0, 0.0, 0.0, 1.0],
                [0.63251, 0.0, 0.774552, -5e-06, 0.774552, 0.0, -0.63251, 1.783688, 0.0, 1.0, 0.0, 0.660486, 0.0, 0.0, 0.0, 1.0],
                [0.649257, 0.0, 0.760569, -5e-06, 0.760569, 0.0, -0.649257, 1.79021, 0.0, 1.0, 0.0, 0.665302, 0.0, 0.0, 0.0, 1.0],
                [0.666371, 0.0, 0.74562, -5e-06, 0.74562, 0.0, -0.666371, 1.796646, 0.0, 1.0, 0.0, 0.670311, 0.0, 0.0, 0.0, 1.0],
                [0.683686, 0.0, 0.729777, -5e-06, 0.729777, 0.0, -0.683686, 1.802974, 0.0, 1.0, 0.0, 0.675478, 0.0, 0.0, 0.0, 1.0],
                [0.701032, 0.0, 0.71313, -5e-06, 0.71313, 0.0, -0.701032, 1.809168, 0.0, 1.0, 0.0, 0.680767, 0.0, 0.0, 0.0, 1.0],
                [0.718242, 0.0, 0.695794, -5e-06, 0.695794, 0.0, -0.718242, 1.815204, 0.0, 1.0, 0.0, 0.686138, 0.0, 0.0, 0.0, 1.0],
                [0.735156, 0.0, 0.677898, -5e-06, 0.677898, 0.0, -0.735156, 1.82106, 0.0, 1.0, 0.0, 0.691551, 0.0, 0.0, 0.0, 1.0],
                [0.751624, 0.0, 0.659591, -5e-06, 0.659591, 0.0, -0.751624, 1.826712, 0.0, 1.0, 0.0, 0.696963, 0.0, 0.0, 0.0, 1.0],
                [0.767512, 0.0, 0.641035, -5e-06, 0.641035, 0.0, -0.767512, 1.832139, 0.0, 1.0, 0.0, 0.702334, 0.0, 0.0, 0.0, 1.0],
                [0.7827, 0.0, 0.622399, -5e-06, 0.622399, 0.0, -0.7827, 1.837323, 0.0, 1.0, 0.0, 0.707623, 0.0, 0.0, 0.0, 1.0],
                [0.797091, 0.0, 0.603859, -5e-06, 0.603859, 0.0, -0.797091, 1.842246, 0.0, 1.0, 0.0, 0.712791, 0.0, 0.0, 0.0, 1.0],
                [0.810606, 0.0, 0.585592, -5e-06, 0.585592, 0.0, -0.810606, 1.846892, 0.0, 1.0, 0.0, 0.7178, 0.0, 0.0, 0.0, 1.0],
                [0.823188, 0.0, 0.567769, -5e-06, 0.567769, 0.0, -0.823188, 1.851249, 0.0, 1.0, 0.0, 0.722615, 0.0, 0.0, 0.0, 1.0],
                [0.834799, 0.0, 0.550555, -5e-06, 0.550555, 0.0, -0.834799, 1.855307, 0.0, 1.0, 0.0, 0.727205, 0.0, 0.0, 0.0, 1.0],
                [0.845418, 0.0, 0.534106, -5e-06, 0.534106, 0.0, -0.845418, 1.859057, 0.0, 1.0, 0.0, 0.73154, 0.0, 0.0, 0.0, 1.0],
                [0.855041, 0.0, 0.518561, -5e-06, 0.518561, 0.0, -0.855041, 1.862494, 0.0, 1.0, 0.0, 0.735596, 0.0, 0.0, 0.0, 1.0],
                [0.863677, 0.0, 0.504045, -5e-06, 0.504045, 0.0, -0.863677, 1.865614, 0.0, 1.0, 0.0, 0.739348, 0.0, 0.0, 0.0, 1.0],
                [0.871346, 0.0, 0.490669, -5e-06, 0.490669, 0.0, -0.871346, 1.868416, 0.0, 1.0, 0.0, 0.74278, 0.0, 0.0, 0.0, 1.0],
                [0.878074, 0.0, 0.478525, -5e-06, 0.478525, 0.0, -0.878074, 1.870902, 0.0, 1.0, 0.0, 0.745875, 0.0, 0.0, 0.0, 1.0],
                [0.883893, 0.0, 0.467689, -5e-06, 0.467689, 0.0, -0.883893, 1.873073, 0.0, 1.0, 0.0, 0.748622, 0.0, 0.0, 0.0, 1.0],
                [0.888839, 0.0, 0.458221, -5e-06, 0.458221, 0.0, -0.888839, 1.874933, 0.0, 1.0, 0.0, 0.751011, 0.0, 0.0, 0.0, 1.0],
                [0.892945, 0.0, 0.450166, -5e-06, 0.450166, 0.0, -0.892945, 1.876487, 0.0, 1.0, 0.0, 0.753036, 0.0, 0.0, 0.0, 1.0],
                [0.896245, 0.0, 0.443558, -5e-06, 0.443558, 0.0, -0.896245, 1.877742, 0.0, 1.0, 0.0, 0.754692, 0.0, 0.0, 0.0, 1.0],
                [0.898772, 0.0, 0.438416, -5e-06, 0.438416, 0.0, -0.898772, 1.878704, 0.0, 1.0, 0.0, 0.755978, 0.0, 0.0, 0.0, 1.0],
                [0.900552, 0.0, 0.434749, -5e-06, 0.434749, 0.0, -0.900552, 1.87938, 0.0, 1.0, 0.0, 0.756893, 0.0, 0.0, 0.0, 1.0],
                [0.901607, 0.0, 0.432556, -5e-06, 0.432556, 0.0, -0.901607, 1.87978, 0.0, 1.0, 0.0, 0.75744, 0.0, 0.0, 0.0, 1.0],
                [0.901956, 0.0, 0.431828, -5e-06, 0.431828, 0.0, -0.901956, 1.879911, 0.0, 1.0, 0.0, 0.757621, 0.0, 0.0, 0.0, 1.0]
            ]
        },
        {
            "name": "Thigh_R",
            "time": [0.0, 0.0167, 0.0333, 0.05, 0.0667, 0.0833, 0.1, 0.1167, 0.1333, 0.15, 0.1667, 0.1833, 0.2, 0.2167, 0.2333, 0.25, 0.2667, 0.2833, 0.3, 0.3167, 0.3333, 0.35, 0.3667, 0.3833, 0.4, 0.4167, 0.4333, 0.45, 0.4667, 0.4833, 0.5, 0.5167, 0.5333, 0.55, 0.5667, 0.5833, 0.6, 0.6167, 0.6333, 0.65, 0.6667, 0.6833, 0.7, 0.7167, 0.7333, 0.75, 0.7667, 0.7833, 0.8, 0.8167, 0.8333, 0.85, 0.8667, 0.8833, 0.9, 0.9167, 0.9333, 0.95, 0.9667, 0.9833, 1.0, 1.0167, 1.0333, 1.05, 1.0667, 1.0833, 1.1, 1.1167, 1.1333, 1.15, 1.1667, 1.1833, 1.2, 1.2167, 1.2333, 1.25, 1.2667, 1.2833, 1.3, 1.3167, 1.3333, 1.35, 1.3667, 1.3833, 1.4, 1.4167, 1.4333, 1.45, 1.4667, 1.4833, 1.5],
            "transform": [
                [0.999833, 0.017136, 0.006357, 0.124994, 0.007962, -0.721415, 0.692457, -0.002831, 0.016452, -0.69229, -0.721431, -1.2e-05, 0.0, 0.0, 0.0, 1.0],
                [0.999561, 0.029124, 0.005369, 0.124994, 0.017253, -0.720049, 0.693708, -0.002831, 0.02407, -0.693312, -0.720236, -1.2e-05, 0.0, 0.0, 0.0, 1.0],
                [0.99785, 0.065451, 0.003483, 0.124994, 0.04452, -0.715826, 0.696857, -0.002831, 0.048103, -0.695204, -0.717201, -1.2e-05, 0.0, 0.0, 0.0, 1.0],
                [0.992122, 0.12519, 0.004493, 0.124994, 0.086222, -0.708445, 0.700479, -0.002831, 0.090876, -0.694574, -0.713659, -1.2e-05, 0.0, 0.0, 0.0, 1.0],
                [0.978833, 0.204099, 0.015178, 0.124994, 0.134646, -0.698044, 0.703281, -0.002831, 0.154134, -0.686351, -0.71075, -1.2e-05, 0.0, 0.0, 0.0, 1.0],
                [0.955033, 0.29336, 0.04304, 0.124994, 0.17888, -0.68584, 0.705425, -0.002831, 0.236462, -0.666005, -0.707476, -1.2e-05, 0.0, 0.0, 0.0, 1.0],
                [0.920385, 0.380281, 0.090979, 0.124994, 0.208858, -0.674829, 0.707803, -0.002831, 0.33056, -0.632449, -0.700527, -1.2e-05, 0.0, 0.0, 0.0, 1.0],
                [0.878802, 0.452299, 0.152094, 0.124994, 0.220692, -0.667831, 0.710842, -0.002831, 0.423086, -0.591123, -0.686711, -1.2e-05, 0.0, 0.0, 0.0, 1.0],
                [0.838478, 0.502388, 0.211094, 0.124994, 0.218773, -0.665123, 0.713967, -0.002831, 0.499093, -0.552464, -0.6676, -1.2e-05, 0.0, 0.0, 0.0, 1.0],
                [0.808983, 0.531244, 0.251645, 0.124994, 0.212217, -0.663161, 0.717761, -0.002831, 0.548188, -0.527254, -0.649226, -1.2e-05, 0.0, 0.0, 0.0, 1.0],
                [0.79707, 0.543208, 0.263825, 0.124994, 0.208795, -0.657832, 0.723644, -0.002831, 0.566642, -0.52171, -0.637758, -1.2e-05, 0.0, 0.0, 0.0, 1.0],
                [0.794984, 0.547392, 0.261464, 0.124994, 0.208189, -0.65102, 0.729952, -0.002831, 0.569788, -0.525866, -0.631512, -1.2e-05, 0.0, 0.0, 0.0, 1.0],
                [0.792984, 0.550653, 0.260686, 0.124994, 0.207295, -0.646222, 0.734456, -0.002831, 0.572891, -0.528374, -0.626591, -1.2e-05, 0.0, 0.0, 0.0, 1.0],
                [0.791136, 0.552912, 0.261517, 0.124994, 0.206143, -0.64359, 0.737087, -0.002831, 0.575854, -0.529226, -0.623147, -1.2e-05, 0.0, 0.0, 0.0, 1.0],
                [0.789489, 0.554252, 0.263648, 0.124994, 0.20483, -0.64286, 0.738089, -0.002831, 0.578577, -0.52871, -0.621059, -1.2e-05, 0.0, 0.0, 0.0, 1.0],
                [0.788076, 0.554913, 0.266474, 0.124994, 0.203502, -0.643398, 0.737988, -0.002831, 0.580968, -0.527362, -0.619972, -1.2e-05, 0.0, 0.0, 0.0, 1.0],
                [0.786911, 0.555207, 0.269289, 0.124994, 0.202312, -0.644413, 0.737429, -0.002831, 0.582959, -0.525811, -0.619421, -1.2e-05, 0.0, 0.0, 0.0, 1.0],
                [0.786002, 0.555403, 0.271527, 0.124994, 0.201376, -0.645264, 0.736941, -0.002831, 0.584506, -0.524558, -0.619025, -1.2e-05, 0.0, 0.0, 0.0, 1.0],
                [0.785351, 0.555632, 0.272942, 0.124994, 0.200746, -0.64566, 0.736766, -0.002831, 0.585598, -0.523828, -0.618611, -1.2e-05, 0.0, 0.0, 0.0, 1.0],
                [0.784959, 0.555866, 0.273591, 0.124994, 0.200407, -0.64567, 0.73685, -0.002831, 0.586239, -0.523568, -0.618224, -1.2e-05, 0.0, 0.0, 0.0, 1.0],
                [0.784828, 0.55598, 0.273734, 0.124994, 0.200308, -0.645589, 0.736947, -0.002831, 0.586448, -0.523546, -0.618045, -1.2e-05, 0.0, 0.0, 0.0, 1.0],
                [0.784828, 0.55598, 0.273734, 0.124994, 0.200308, -0.645589, 0.736947, -0.002831, 0.586448, -0.523546, -0.618044, -1.2e-05, 0.0, 0.0, 0.0, 1.0],
                [0.784828, 0.55598, 0.273734, 0.124994, 0.200308, -0.645589, 0.736947, -0.002831, 0.586448, -0.523546, -0.618045, -1.2e-05, 0.0, 0.0, 0.0, 1.0],
                [0.784828, 0.55598, 0.273734, 0.124994, 0.200308, -0.645589, 0.736947, -0.002831, 0.586448, -0.523546, -0.618044, -1.2e-05, 0.0, 0.0, 0.0, 1.0],
                [0.784828, 0.55598, 0.273734, 0.124994, 0.200308, -0.645589, 0.736947, -0.002831, 0.586448, -0.523546, -0.618044, -1.2e-05, 0.0, 0.0, 0.0, 1.0],
                [0.784828, 0.55598, 0.273734, 0.124994, 0.200308, -0.645589, 0.736947, -0.002831, 0.586448, -0.523546, -0.618044, -1.2e-05, 0.0, 0.0, 0.0, 1.0],
                [0.784828, 0.55598, 0.273734, 0.124994, 0.200308, -0.645589, 0.736947, -0.002831, 0.586448, -0.523546, -0.618044, -1.2e-05, 0.0, 0.0, 0.0, 1.0],
                [0.784828, 0.55598, 0.273734, 0.124994, 0.200308, -0.645589, 0.736947, -0.002831, 0.586448, -0.523546, -0.618045, -1.2e-05, 0.0, 0.0, 0.0, 1.0],
                [0.784828, 0.55598, 0.273734, 0.124994, 0.200308, -0.645589, 0.736947, -0.002831, 0.586448, -0.523546, -0.618045, -1.2e-05, 0.0, 0.0, 0.0, 1.0],
                [0.784828, 0.55598, 0.273734, 0.124994, 0.200308, -0.645589, 0.736947, -0.002831, 0.586448, -0.523546, -0.618045, -1.2e-05, 0.0, 0.0, 0.0, 1.0],
                [0.784828, 0.55598, 0.273734, 0.124994, 0.200308, -0.645589, 0.736947, -0.002831, 0.586448, -0.523546, -0.618045, -1.2e-05, 0.0, 0.0, 0.0, 1.0],
                [0.784828, 0.555981, 0.273734, 0.124994, 0.200308, -0.645589, 0.736947, -0.002831, 0.586448, -0.523546, -0.618044, -1.2e-05, 0.0, 0.0, 0.0, 1.0],
                [0.784828, 0.55598, 0.273734, 0.124994, 0.200308, -0.645589, 0.736947, -0.002831, 0.586448, -0.523546, -0.618045, -1.2e-05, 0.0, 0.0, 0.0, 1.0],
                [0.784828, 0.55598, 0.273734, 0.124994, 0.200308, -0.645589, 0.736947, -0.002831, 0.586448, -0.523546, -0.618044, -1.2e-05, 0.0, 0.0, 0.0, 1.0],
                [0.784828, 0.55598, 0.273734, 0.124994, 0.200308, -0.645589, 0.736947, -0.002831, 0.586448, -0.523546, -0.618044, -1.2e-05, 0.0, 0.0, 0.0, 1.0],
                [0.784828, 0.55598, 0.273734, 0.124994, 0.200308, -0.645589, 0.736947, -0.002831, 0.586448, -0.523546, -0.618045, -1.2e-05, 0.0, 0.0, 0.0, 1.0],
                [0.784828, 0.55598, 0.273734, 0.124994, 0.200308, -0.645589, 0.736947, -0.002831, 0.586448, -0.523546, -0.618045, -1.2e-05, 0.0, 0.0, 0.0, 1.0],
                [0.784828, 0.55598, 0.273734, 0.124994, 0.200308, -0.645589, 0.736947, -0.002831, 0.586448, -0.523546, -0.618044, -1.2e-05, 0.0, 0.0, 0.0, 1.0],
                [0.784828, 0.55598, 0.273734, 0.124994, 0.200308, -0.645589, 0.736947, -0.002831, 0.586448, -0.523546, -0.618044, -1.2e-05, 0.0, 0.0, 0.0, 1.0],
                [0.784828, 0.55598, 0.273734, 0.124994, 0.200308, -0.645589, 0.736947, -0.002831, 0.586448, -0.523546, -0.618045, -1.2e-05, 0.0, 0.0, 0.0, 1.0],
                [0.784828, 0.55598, 0.273734, 0.124994, 0.200308, -0.645589, 0.736947, -0.002831, 0.586448, -0.523546, -0.618045, -1.2e-05, 0.0, 0.0, 0.0, 1.0],
                [0.784828, 0.55598, 0.273734, 0.124994, 0.200308, -0.645589, 0.736947, -0.002831, 0.586448, -0.523546, -0.618044, -1.2e-05, 0.0, 0.0, 0.0, 1.0],
                [0.784828, 0.55598, 0.273734, 0.124994, 0.200308, -0.645589, 0.736947, -0.002831, 0.586448, -0.523546, -0.618045, -1.2e-05, 0.0, 0.0, 0.0, 1.0],
                [0.784828, 0.55598, 0.273734, 0.124994, 0.200308, -0.645589, 0.736947, -0.002831, 0.586448, -0.523546, -0.618045, -1.2e-05, 0.0, 0.0, 0.0, 1.0],
                [0.784828, 0.55598, 0.273734, 0.124994, 0.200308, -0.645589, 0.736947, -0.002831, 0.586448, -0.523546, -0.618045, -1.2e-05, 0.0, 0.0, 0.0, 1.0],
                [0.784828, 0.55598, 0.273734, 0.124994, 0.200308, -0.645589, 0.736947, -0.002831, 0.586448, -0.523546, -0.618045, -1.2e-05, 0.0, 0.0, 0.0, 1.0],
                [0.784828, 0.55598, 0.273734, 0.124994, 0.200308, -0.645589, 0.736947, -0.002831, 0.586448, -0.523546, -0.618045, -1.2e-05, 0.0, 0.0, 0.0, 1.0],
                [0.784828, 0.55598, 0.273734, 0.124994, 0.200308, -0.645589, 0.736947, -0.002831, 0.586448, -0.523546, -0.618044, -1.2e-05, 0.0, 0.0, 0.0, 1.0],
                [0.784828, 0.555981, 0.273734, 0.124994, 0.200308, -0.645589, 0.736947, -0.002831, 0.586448, -0.523546, -0.618044, -1.2e-05, 0.0, 0.0, 0.0, 1.0],
                [0.784828, 0.55598, 0.273734, 0.124994, 0.200308, -0.645589, 0.736947, -0.002831, 0.586448, -0.523546, -0.618044, -1.2e-05, 0.0, 0.0, 0.0, 1.0],
                [0.784828, 0.55598, 0.273734, 0.124994, 0.200308, -0.645589, 0.736947, -0.002831, 0.586448, -0.523546, -0.618044, -1.2e-05, 0.0, 0.0, 0.0, 1.0],
                [0.785514, 0.555261, 0.273224, 0.124994, 0.200595, -0.64613, 0.736395, -0.002831, 0.58543, -0.523642, -0.618927, -1.2e-05, 0.0, 0.0, 0.0, 1.0],
                [0.787577, 0.553092, 0.271684, 0.124994, 0.20145, -0.64776, 0.734728, -0.002831, 0.582358, -0.523924, -0.621581, -1.2e-05, 0.0, 0.0, 0.0, 1.0],
                [0.791002, 0.549454, 0.269102, 0.124994, 0.202847, -0.650491, 0.731925, -0.002831, 0.577207, -0.524368, -0.625995, -1.2e-05, 0.0, 0.0, 0.0, 1.0],
                [0.795759, 0.54433, 0.265466, 0.124994, 0.204739, -0.654332, 0.727964, -0.002831, 0.569956, -0.524932, -0.632136, -1.2e-05, 0.0, 0.0, 0.0, 1.0],
                [0.801791, 0.537709, 0.260768, 0.124994, 0.207055, -0.659285, 0.722822, -0.002831, 0.560588, -0.525559, -0.639944, -1.2e-05, 0.0, 0.0, 0.0, 1.0],
                [0.809019, 0.529585, 0.255004, 0.124994, 0.209702, -0.665346, 0.716477, -0.002831, 0.549102, -0.526169, -0.649333, -1.2e-05, 0.0, 0.0, 0.0, 1.0],
                [0.817341, 0.519962, 0.24818, 0.124994, 0.212567, -0.672504, 0.70891, -0.002831, 0.535508, -0.526666, -0.660192, -1.2e-05, 0.0, 0.0, 0.0, 1.0],
                [0.82663, 0.508855, 0.24031, 0.124994, 0.215518, -0.680736, 0.700107, -0.002831, 0.519841, -0.526938, -0.672385, -1.2e-05, 0.0, 0.0, 0.0, 1.0],
                [0.836739, 0.496298, 0.23142, 0.124994, 0.218412, -0.690006, 0.690064, -0.002831, 0.502159, -0.526859, -0.685753, -1.2e-05, 0.0, 0.0, 0.0, 1.0],
                [0.847502, 0.482342, 0.221554, 0.124994, 0.221095, -0.700262, 0.678786, -0.002831, 0.482553, -0.526288, -0.700117, -1.2e-05, 0.0, 0.0, 0.0, 1.0],
                [0.858738, 0.467061, 0.210769, 0.124994, 0.223411, -0.711437, 0.666291, -0.002831, 0.461147, -0.525082, -0.715285, -1.2e-05, 0.0, 0.0, 0.0, 1.0],
                [0.870258, 0.450529, 0.199185, 0.124994, 0.225206, -0.723513, 0.652542, -0.002831, 0.438102, -0.523022, -0.731104, -1.2e-05, 0.0, 0.0, 0.0, 1.0],
                [0.881865, 0.432921, 0.186795, 0.124994, 0.226346, -0.736241, 0.637743, -0.002831, 0.413619, -0.520123, -0.747255, -1.2e-05, 0.0, 0.0, 0.0, 1.0],
                [0.893373, 0.414353, 0.173772, 0.124994, 0.226707, -0.749594, 0.621862, -0.002831, 0.387928, -0.51616, -0.763604, -1.2e-05, 0.0, 0.0, 0.0, 1.0],
                [0.904603, 0.394989, 0.160243, 0.124994, 0.226195, -0.763454, 0.604957, -0.002831, 0.36129, -0.511, -0.779968, -1.2e-05, 0.0, 0.0, 0.0, 1.0],
                [0.915393, 0.375024, 0.146333, 0.124994, 0.224744, -0.77767, 0.587128, -0.002831, 0.333986, -0.504565, -0.796158, -1.2e-05, 0.0, 0.0, 0.0, 1.0],
                [0.925605, 0.354658, 0.132182, 0.124994, 0.222323, -0.792099, 0.568463, -0.002831, 0.306311, -0.496785, -0.812021, -1.2e-05, 0.0, 0.0, 0.0, 1.0],
                [0.93513, 0.334102, 0.117931, 0.124994, 0.218938, -0.806599, 0.549057, -0.002831, 0.278564, -0.48762, -0.827423, -1.2e-05, 0.0, 0.0, 0.0, 1.0],
                [0.943884, 0.313568, 0.103716, 0.124994, 0.214626, -0.821031, 0.529003, -0.002831, 0.251033, -0.477057, -0.842258, -1.2e-05, 0.0, 0.0, 0.0, 1.0],
                [0.951818, 0.293257, 0.089685, 0.124994, 0.209457, -0.835292, 0.508346, -0.002831, 0.223989, -0.465067, -0.856471, -1.2e-05, 0.0, 0.0, 0.0, 1.0],
                [0.958905, 0.273382, 0.07592, 0.124994, 0.203527, -0.8492, 0.487275, -0.002831, 0.197683, -0.451798, -0.869942, -1.2e-05, 0.0, 0.0, 0.0, 1.0],
                [0.965149, 0.254115, 0.062551, 0.124994, 0.19695, -0.86269, 0.465807, -0.002831, 0.172331, -0.437253, -0.882673, -1.2e-05, 0.0, 0.0, 0.0, 1.0],
                [0.970575, 0.235621, 0.049666, 0.124994, 0.189858, -0.875664, 0.444034, -0.002831, 0.148114, -0.421539, -0.894633, -1.2e-05, 0.0, 0.0, 0.0, 1.0],
                [0.975225, 0.218037, 0.03735, 0.124994, 0.182387, -0.888061, 0.421997, -0.002831, 0.12518, -0.40473, -0.905827, -1.2e-05, 0.0, 0.0, 0.0, 1.0],
                [0.979156, 0.201483, 0.025655, 0.124994, 0.174677, -0.899796, 0.399819, -0.002831, 0.103641, -0.387004, -0.916235, -1.2e-05, 0.0, 0.0, 0.0, 1.0],
                [0.982432, 0.186046, 0.014652, 0.124994, 0.166863, -0.910862, 0.377473, -0.002831, 0.083573, -0.368397, -0.925905, -1.2e-05, 0.0, 0.0, 0.0, 1.0],
                [0.985122, 0.171803, 0.004348, 0.124994, 0.159079, -0.921153, 0.355205, -0.002831, 0.06503, -0.349229, -0.934778, -1.2e-05, 0.0, 0.0, 0.0, 1.0],
                [0.987299, 0.158787, -0.005178, 0.124994, 0.151437, -0.930744, 0.33284, -0.002831, 0.048031, -0.329397, -0.942969, -1.2e-05, 0.0, 0.0, 0.0, 1.0],
                [0.989033, 0.147032, -0.013943, 0.124994, 0.144053, -0.93953, 0.310696, -0.002831, 0.032582, -0.309297, -0.950407, -1.2e-05, 0.0, 0.0, 0.0, 1.0],
                [0.990393, 0.136536, -0.021885, 0.124994, 0.137013, -0.947595, 0.288602, -0.002831, 0.018666, -0.288828, -0.957199, -1.2e-05, 0.0, 0.0, 0.0, 1.0],
                [0.991441, 0.127289, -0.029005, 0.124994, 0.130401, -0.954902, 0.266752, -0.002831, 0.006258, -0.268251, -0.963329, -1.2e-05, 0.0, 0.0, 0.0, 1.0],
                [0.992235, 0.119265, -0.03529, 0.124994, 0.124289, -0.961458, 0.245256, -0.002831, -0.004679, -0.247738, -0.968815, -1.2e-05, 0.0, 0.0, 0.0, 1.0],
                [0.992824, 0.112427, -0.040734, 0.124994, 0.118735, -0.967261, 0.224294, -0.002831, -0.014183, -0.227521, -0.97367, -1.2e-05, 0.0, 0.0, 0.0, 1.0],
                [0.993255, 0.106726, -0.045308, 0.124994, 0.11378, -0.97237, 0.20384, -0.002831, -0.022301, -0.20762, -0.977955, -1.2e-05, 0.0, 0.0, 0.0, 1.0],
                [0.993565, 0.102106, -0.049023, 0.124994, 0.109469, -0.97677, 0.184217, -0.002831, -0.029075, -0.188398, -0.981663, -1.2e-05, 0.0, 0.0, 0.0, 1.0],
                [0.993783, 0.098503, -0.051879, 0.124994, 0.105834, -0.980484, 0.165683, -0.002831, -0.034546, -0.170144, -0.984813, -1.2e-05, 0.0, 0.0, 0.0, 1.0],
                [0.993935, 0.095842, -0.053923, 0.124994, 0.102915, -0.98347, 0.14898, -0.002831, -0.038753, -0.153626, -0.987369, -1.2e-05, 0.0, 0.0, 0.0, 1.0],
                [0.994036, 0.094046, -0.055209, 0.124994, 0.100754, -0.985716, 0.134951, -0.002831, -0.041728, -0.139708, -0.989313, -1.2e-05, 0.0, 0.0, 0.0, 1.0],
                [0.994095, 0.093027, -0.055863, 0.124994, 0.09941, -0.987141, 0.125177, -0.002831, -0.0435, -0.129991, -0.990561, -1.2e-05, 0.0, 0.0, 0.0, 1.0],
                [0.994115, 0.092701, -0.056047, 0.124994, 0.09895, -0.987641, 0.12155, -0.002831, -0.044087, -0.126381, -0.991002, -1.2e-05, 0.0, 0.0, 0.0, 1.0]
            ]
        },
        {
            "name": "Leg_R",
            "time": [0.0, 0.0167, 0.0333, 0.05, 0.0667, 0.0833, 0.1, 0.1167, 0.1333, 0.15, 0.1667, 0.1833, 0.2, 0.2167, 0.2333, 0.25, 0.2667, 0.2833, 0.3, 0.3167, 0.3333, 0.35, 0.3667, 0.3833, 0.4, 0.4167, 0.4333, 0.45, 0.4667, 0.4833, 0.5, 0.5167, 0.5333, 0.55, 0.5667, 0.5833, 0.6, 0.6167, 0.6333, 0.65, 0.6667, 0.6833, 0.7, 0.7167, 0.7333, 0.75, 0.7667, 0.7833, 0.8, 0.8167, 0.8333, 0.85, 0.8667, 0.8833, 0.9, 0.9167, 0.9333, 0.95, 0.9667, 0.9833, 1.0, 1.0167, 1.0333, 1.05, 1.0667, 1.0833, 1.1, 1.1167, 1.1333, 1.15, 1.1667, 1.1833, 1.2, 1.2167, 1.2333, 1.25, 1.2667, 1.2833, 1.3, 1.3167, 1.3333, 1.35, 1.3667, 1.3833, 1.4, 1.4167, 1.4333, 1.45, 1.4667, 1.4833, 1.5],
            "transform": [
                [0.998956, -0.035646, -0.028587, 0.0, 0.035758, 0.220384, 0.974758, 0.374721, -0.028446, -0.974762, 0.221428, 0.0, 0.0, 0.0, 0.0, 1.0],
                [0.998961, -0.035614, -0.028445, -0.0, 0.035726, 0.224266, 0.973873, 0.374721, -0.028304, -0.973877, 0.225306, 0.0, 0.0, 0.0, 0.0, 1.0],
                [0.998979, -0.035493, -0.02794, -0.0, 0.035605, 0.238096, 0.970589, 0.374721, -0.027797, -0.970593, 0.239116, 0.0, 0.0, 0.0, 0.0, 1.0],
                [0.999018, -0.03522, -0.026892, 0.0, 0.035331, 0.26678, 0.96311, 0.374721, -0.026746, -0.963114, 0.267762, 0.0, 0.0, 0.0, 0.0, 1.0],
                [0.999083, -0.034678, -0.025115, 0.0, 0.034788, 0.315451, 0.948304, 0.374721, -0.024963, -0.948308, 0.316369, 0.0, 0.0, 0.0, 0.0, 1.0],
                [0.999176, -0.033729, -0.022579, -0.0, 0.033836, 0.384871, 0.92235, 0.374721, -0.02242, -0.922354, 0.385696, -0.0, 0.0, 0.0, 0.0, 1.0],
                [0.999288, -0.032278, -0.019512, 0.0, 0.03238, 0.468872, 0.882672, 0.374721, -0.019343, -0.882676, 0.469584, 0.0, 0.0, 0.0, 0.0, 1.0],
                [0.999402, -0.030433, -0.016417, 0.0, 0.030529, 0.553608, 0.832218, 0.374721, -0.016238, -0.83222, 0.554206, -0.0, 0.0, 0.0, 0.0, 1.0],
