{
    "animation": [
        {
            "name": "Root",
            "time": [0.0, 0.0167, 0.0333, 0.05, 0.0667, 0.0833, 0.1, 0.1167, 0.1333, 0.15, 0.1667, 0.1833, 0.2, 0.2167, 0.2333, 0.25, 0.2667, 0.2833, 0.3, 0.3167, 0.3333, 0.35, 0.3667, 0.3833, 0.4, 0.4167, 0.4333, 0.45, 0.4667, 0.4833, 0.5, 0.5167, 0.5333, 0.55, 0.5667, 0.5833, 0.6, 0.6167, 0.6333, 0.65, 0.6667],
            "transform": [
                [0.969149, 0.0, 0.246474, -5e-06, 0.246474, 0.0, -0.969149, 0.000946, 0.0, 1.0, 0.0, 0.757621, 0.0, 0.0, 0.0, 1.0],
                [0.969149, 0.0, 0.246474, -5e-06, 0.246474, 0.0, -0.969149, -0.000422, 0.0, 1.0, 0.0, 0.757125, 0.0, 0.0, 0.0, 1.0],
                [0.969149, 0.0, 0.246474, -5e-06, 0.246474, 0.0, -0.969149, -0.004557, 0.0, 1.0, 0.0, 0.755623, 0.0, 0.0, 0.0, 1.0],
                [0.969149, 0.0, 0.246474, -5e-06, 0.246474, 0.0, -0.969149, -0.011438, 0.0, 1.0, 0.0, 0.753124, 0.0, 0.0, 0.0, 1.0],
                [0.969149, 0.0, 0.246474, -5e-06, 0.246474, 0.0, -0.969149, -0.020922, 0.0, 1.0, 0.0, 0.74968, 0.0, 0.0, 0.0, 1.0],
                [0.969149, 0.0, 0.246474, -5e-06, 0.246474, 0.0, -0.969149, -0.032708, 0.0, 1.0, 0.0, 0.7454, 0.0, 0.0, 0.0, 1.0],
                [0.969149, 0.0, 0.246474, -5e-06, 0.246474, 0.0, -0.969149, -0.046321, 0.0, 1.0, 0.0, 0.740457, 0.0, 0.0, 0.0, 1.0],
                [0.969149, 0.0, 0.246474, -5e-06, 0.246474, 0.0, -0.969149, -0.061115, 0.0, 1.0, 0.0, 0.735084, 0.0, 0.0, 0.0, 1.0],
                [0.969149, 0.0, 0.246474, -5e-06, 0.246474, 0.0, -0.969149, -0.076318, 0.0, 1.0, 0.0, 0.729564, 0.0, 0.0, 0.0, 1.0],
                [0.969149, 0.0, 0.246474, -5e-06, 0.246474, 0.0, -0.969149, -0.091111, 0.0, 1.0, 0.0, 0.724192, 0.0, 0.0, 0.0, 1.0],
                [0.969149, 0.0, 0.246474, -5e-06, 0.246474, 0.0, -0.969149, -0.104725, 0.0, 1.0, 0.0, 0.719248, 0.0, 0.0, 0.0, 1.0],
                [0.969149, 0.0, 0.246474, -5e-06, 0.246474, 0.0, -0.969149, -0.116511, 0.0, 1.0, 0.0, 0.714968, 0.0, 0.0, 0.0, 1.0],
                [0.969149, 0.0, 0.246474, -5e-06, 0.246474, 0.0, -0.969149, -0.125995, 0.0, 1.0, 0.0, 0.711524, 0.0, 0.0, 0.0, 1.0],
                [0.969149, 0.0, 0.246474, -5e-06, 0.246474, 0.0, -0.969149, -0.132876, 0.0, 1.0, 0.0, 0.709025, 0.0, 0.0, 0.0, 1.0],
                [0.969149, 0.0, 0.246474, -5e-06, 0.246474, 0.0, -0.969149, -0.137011, 0.0, 1.0, 0.0, 0.707524, 0.0, 0.0, 0.0, 1.0],
                [0.969149, 0.0, 0.246474, -5e-06, 0.246474, 0.0, -0.969149, -0.138379, 0.0, 1.0, 0.0, 0.707027, 0.0, 0.0, 0.0, 1.0],
                [0.969149, 0.0, 0.246474, -5e-06, 0.246474, 0.0, -0.969149, -0.137888, 0.0, 1.0, 0.0, 0.707205, 0.0, 0.0, 0.0, 1.0],
                [0.969149, 0.0, 0.246474, -5e-06, 0.246474, 0.0, -0.969149, -0.136406, 0.0, 1.0, 0.0, 0.707743, 0.0, 0.0, 0.0, 1.0],
                [0.969149, 0.0, 0.246474, -5e-06, 0.246474, 0.0, -0.969149, -0.133925, 0.0, 1.0, 0.0, 0.708644, 0.0, 0.0, 0.0, 1.0],
                [0.969149, 0.0, 0.246474, -5e-06, 0.246474, 0.0, -0.969149, -0.130448, 0.0, 1.0, 0.0, 0.709907, 0.0, 0.0, 0.0, 1.0],
                [0.969149, 0.0, 0.246474, -5e-06, 0.246474, 0.0, -0.969149, -0.125995, 0.0, 1.0, 0.0, 0.711524, 0.0, 0.0, 0.0, 1.0],
                [0.969149, 0.0, 0.246474, -5e-06, 0.246474, 0.0, -0.969149, -0.120601, 0.0, 1.0, 0.0, 0.713483, 0.0, 0.0, 0.0, 1.0],
                [0.969149, 0.0, 0.246474, -5e-06, 0.246474, 0.0, -0.969149, -0.114325, 0.0, 1.0, 0.0, 0.715762, 0.0, 0.0, 0.0, 1.0],
                [0.969149, 0.0, 0.246474, -5e-06, 0.246474, 0.0, -0.969149, -0.107246, 0.0, 1.0, 0.0, 0.718333, 0.0, 0.0, 0.0, 1.0],
                [0.969149, 0.0, 0.246474, -5e-06, 0.246474, 0.0, -0.969149, -0.099466, 0.0, 1.0, 0.0, 0.721158, 0.0, 0.0, 0.0, 1.0],
                [0.969149, 0.0, 0.246474, -5e-06, 0.246474, 0.0, -0.969149, -0.091111, 0.0, 1.0, 0.0, 0.724192, 0.0, 0.0, 0.0, 1.0],
                [0.969149, 0.0, 0.246474, -5e-06, 0.246474, 0.0, -0.969149, -0.082329, 0.0, 1.0, 0.0, 0.727381, 0.0, 0.0, 0.0, 1.0],
                [0.969149, 0.0, 0.246474, -5e-06, 0.246474, 0.0, -0.969149, -0.073284, 0.0, 1.0, 0.0, 0.730666, 0.0, 0.0, 0.0, 1.0],
                [0.969149, 0.0, 0.246474, -5e-06, 0.246474, 0.0, -0.969149, -0.064149, 0.0, 1.0, 0.0, 0.733983, 0.0, 0.0, 0.0, 1.0],
                [0.969149, 0.0, 0.246474, -5e-06, 0.246474, 0.0, -0.969149, -0.055103, 0.0, 1.0, 0.0, 0.737268, 0.0, 0.0, 0.0, 1.0],
                [0.969149, 0.0, 0.246474, -5e-06, 0.246474, 0.0, -0.969149, -0.046321, 0.0, 1.0, 0.0, 0.740457, 0.0, 0.0, 0.0, 1.0],
                [0.969149, 0.0, 0.246474, -5e-06, 0.246474, 0.0, -0.969149, -0.037967, 0.0, 1.0, 0.0, 0.74349, 0.0, 0.0, 0.0, 1.0],
                [0.969149, 0.0, 0.246474, -5e-06, 0.246474, 0.0, -0.969149, -0.030187, 0.0, 1.0, 0.0, 0.746316, 0.0, 0.0, 0.0, 1.0],
                [0.969149, 0.0, 0.246474, -5e-06, 0.246474, 0.0, -0.969149, -0.023107, 0.0, 1.0, 0.0, 0.748887, 0.0, 0.0, 0.0, 1.0],
                [0.969149, 0.0, 0.246474, -5e-06, 0.246474, 0.0, -0.969149, -0.016831, 0.0, 1.0, 0.0, 0.751166, 0.0, 0.0, 0.0, 1.0],
                [0.969149, 0.0, 0.246474, -5e-06, 0.246474, 0.0, -0.969149, -0.011438, 0.0, 1.0, 0.0, 0.753124, 0.0, 0.0, 0.0, 1.0],
                [0.969149, 0.0, 0.246474, -5e-06, 0.246474, 0.0, -0.969149, -0.006985, 0.0, 1.0, 0.0, 0.754741, 0.0, 0.0, 0.0, 1.0],
                [0.969149, 0.0, 0.246474, -5e-06, 0.246474, 0.0, -0.969149, -0.003508, 0.0, 1.0, 0.0, 0.756004, 0.0, 0.0, 0.0, 1.0],
                [0.969149, 0.0, 0.246474, -5e-06, 0.246474, 0.0, -0.969149, -0.001027, 0.0, 1.0, 0.0, 0.756905, 0.0, 0.0, 0.0, 1.0],
                [0.969149, 0.0, 0.246474, -5e-06, 0.246474, 0.0, -0.969149, 0.000456, 0.0, 1.0, 0.0, 0.757443, 0.0, 0.0, 0.0, 1.0],
                [0.969149, 0.0, 0.246474, -5e-06, 0.246474, 0.0, -0.969149, 0.000946, 0.0, 1.0, 0.0, 0.757621, 0.0, 0.0, 0.0, 1.0]
            ]
        },
        {
            "name": "Thigh_R",
            "time": [0.0, 0.0167, 0.0333, 0.05, 0.0667, 0.0833, 0.1, 0.1167, 0.1333, 0.15, 0.1667, 0.1833, 0.2, 0.2167, 0.2333, 0.25, 0.2667, 0.2833, 0.3, 0.3167, 0.3333, 0.35, 0.3667, 0.3833, 0.4, 0.4167, 0.4333, 0.45, 0.4667, 0.4833, 0.5, 0.5167, 0.5333, 0.55, 0.5667, 0.5833, 0.6, 0.6167, 0.6333, 0.65, 0.6667],
            "transform": [
                [0.994115, 0.092701, -0.056047, 0.124994, 0.09895, -0.987641, 0.121551, -0.002831, -0.044087, -0.126381, -0.991002, -1.2e-05, 0.0, 0.0, 0.0, 1.0],
                [0.994044, 0.093037, -0.056759, 0.124994, 0.099814, -0.986292, 0.131396, -0.002831, -0.043756, -0.136279, -0.989704, -1.2e-05, 0.0, 0.0, 0.0, 1.0],
                [0.99384, 0.09413, -0.058499, 0.124994, 0.102244, -0.982414, 0.156229, -0.002831, -0.042765, -0.161248, -0.985987, -1.2e-05, 0.0, 0.0, 0.0, 1.0],
                [0.993518, 0.096079, -0.060754, 0.124994, 0.105974, -0.976202, 0.189206, -0.002831, -0.041129, -0.194418, -0.980056, -1.2e-05, 0.0, 0.0, 0.0, 1.0],
                [0.993082, 0.098887, -0.063324, 0.124994, 0.110798, -0.967709, 0.226411, -0.002831, -0.03889, -0.231861, -0.971972, -1.2e-05, 0.0, 0.0, 0.0, 1.0],
                [0.992533, 0.102473, -0.066159, 0.124994, 0.116503, -0.957073, 0.265402, -0.002831, -0.036123, -0.271128, -0.961865, -1.2e-05, 0.0, 0.0, 0.0, 1.0],
                [0.99188, 0.106668, -0.069251, 0.124994, 0.122835, -0.944592, 0.304397, -0.002831, -0.032945, -0.310432, -0.950025, -1.2e-05, 0.0, 0.0, 0.0, 1.0],
                [0.991141, 0.111243, -0.072556, 0.124994, 0.129492, -0.930815, 0.341783, -0.002831, -0.029515, -0.348151, -0.936974, -1.2e-05, 0.0, 0.0, 0.0, 1.0],
                [0.990348, 0.115929, -0.07597, 0.124994, 0.136139, -0.916504, 0.376147, -0.002831, -0.026021, -0.382859, -0.923441, -1.2e-05, 0.0, 0.0, 0.0, 1.0],
                [0.989543, 0.120459, -0.079332, 0.124994, 0.142446, -0.902548, 0.406344, -0.002831, -0.022653, -0.413396, -0.91027, -1.2e-05, 0.0, 0.0, 0.0, 1.0],
                [0.988774, 0.124591, -0.082474, 0.124994, 0.148126, -0.889738, 0.431769, -0.002831, -0.019585, -0.439139, -0.898206, -1.2e-05, 0.0, 0.0, 0.0, 1.0],
                [0.988087, 0.128129, -0.085249, 0.124994, 0.152961, -0.878656, 0.452291, -0.002831, -0.016953, -0.459942, -0.887787, -1.2e-05, 0.0, 0.0, 0.0, 1.0],
                [0.98752, 0.130956, -0.087495, 0.124994, 0.156794, -0.869853, 0.467729, -0.002831, -0.014856, -0.475611, -0.879531, -1.2e-05, 0.0, 0.0, 0.0, 1.0],
                [0.9871, 0.132995, -0.089134, 0.124994, 0.159545, -0.863526, 0.478402, -0.002831, -0.013345, -0.486452, -0.873606, -1.2e-05, 0.0, 0.0, 0.0, 1.0],
                [0.986845, 0.134215, -0.090123, 0.124994, 0.161186, -0.859751, 0.48461, -0.002831, -0.012441, -0.492762, -0.870076, -1.2e-05, 0.0, 0.0, 0.0, 1.0],
                [0.986761, 0.134618, -0.09045, 0.124994, 0.161727, -0.858508, 0.48663, -0.002831, -0.012143, -0.494816, -0.868913, -1.2e-05, 0.0, 0.0, 0.0, 1.0],
                [0.986791, 0.134474, -0.090333, 0.124994, 0.161533, -0.858953, 0.485907, -0.002831, -0.01225, -0.494081, -0.86933, -1.2e-05, 0.0, 0.0, 0.0, 1.0],
                [0.986883, 0.134037, -0.089978, 0.124994, 0.160947, -0.860302, 0.483711, -0.002831, -0.012573, -0.491848, -0.870591, -1.2e-05, 0.0, 0.0, 0.0, 1.0],
                [0.987036, 0.133305, -0.089385, 0.124994, 0.159962, -0.862566, 0.479991, -0.002831, -0.013115, -0.488067, -0.872708, -1.2e-05, 0.0, 0.0, 0.0, 1.0],
                [0.987249, 0.132277, -0.088555, 0.124994, 0.158577, -0.865752, 0.474686, -0.002831, -0.013877, -0.482676, -0.875689, -1.2e-05, 0.0, 0.0, 0.0, 1.0],
                [0.98752, 0.130956, -0.087495, 0.124994, 0.156794, -0.869853, 0.467729, -0.002831, -0.014856, -0.475611, -0.879531, -1.2e-05, 0.0, 0.0, 0.0, 1.0],
                [0.987844, 0.129351, -0.086216, 0.124994, 0.15462, -0.874849, 0.459055, -0.002831, -0.016046, -0.466806, -0.884215, -1.2e-05, 0.0, 0.0, 0.0, 1.0],
                [0.988216, 0.127475, -0.084735, 0.124994, 0.152071, -0.880696, 0.448608, -0.002831, -0.017439, -0.456208, -0.889703, -1.2e-05, 0.0, 0.0, 0.0, 1.0],
                [0.988629, 0.125347, -0.083074, 0.124994, 0.149169, -0.887326, 0.436349, -0.002831, -0.019019, -0.44378, -0.895934, -1.2e-05, 0.0, 0.0, 0.0, 1.0],
                [0.989075, 0.123, -0.081254, 0.124994, 0.145945, -0.89468, 0.422193, -0.002831, -0.020767, -0.429439, -0.902857, -1.2e-05, 0.0, 0.0, 0.0, 1.0],
                [0.989543, 0.120459, -0.079332, 0.124994, 0.142446, -0.902548, 0.406344, -0.002831, -0.022653, -0.413395, -0.91027, -1.2e-05, 0.0, 0.0, 0.0, 1.0],
                [0.990025, 0.117774, -0.077331, 0.124994, 0.13872, -0.91083, 0.388774, -0.002831, -0.024648, -0.395624, -0.918082, -1.2e-05, 0.0, 0.0, 0.0, 1.0],
                [0.990509, 0.114996, -0.075286, 0.124994, 0.134827, -0.919364, 0.369582, -0.002831, -0.026715, -0.376225, -0.926143, -1.2e-05, 0.0, 0.0, 0.0, 1.0],
                [0.990986, 0.112181, -0.073231, 0.124994, 0.130832, -0.927978, 0.348911, -0.002831, -0.028816, -0.355347, -0.934291, -1.2e-05, 0.0, 0.0, 0.0, 1.0],
                [0.991445, 0.109382, -0.07122, 0.124994, 0.126813, -0.936418, 0.327169, -0.002831, -0.030905, -0.333402, -0.942278, -1.2e-05, 0.0, 0.0, 0.0, 1.0],
                [0.99188, 0.106668, -0.069251, 0.124994, 0.122835, -0.944592, 0.304397, -0.002831, -0.032945, -0.310432, -0.950025, -1.2e-05, 0.0, 0.0, 0.0, 1.0],
                [0.992284, 0.10409, -0.067364, 0.124994, 0.118975, -0.952284, 0.281069, -0.002831, -0.034893, -0.286915, -0.957321, -1.2e-05, 0.0, 0.0, 0.0, 1.0],
                [0.992652, 0.1017, -0.065573, 0.124994, 0.115303, -0.959356, 0.257568, -0.002831, -0.036713, -0.263236, -0.964033, -1.2e-05, 0.0, 0.0, 0.0, 1.0],
                [0.992981, 0.099547, -0.063868, 0.124994, 0.111875, -0.965752, 0.234109, -0.002831, -0.038376, -0.239611, -0.970111, -1.2e-05, 0.0, 0.0, 0.0, 1.0],
                [0.99327, 0.097665, -0.062261, 0.124994, 0.10875, -0.971379, 0.211176, -0.002831, -0.039855, -0.216526, -0.975463, -1.2e-05, 0.0, 0.0, 0.0, 1.0],
                [0.993518, 0.096079, -0.060754, 0.124994, 0.105974, -0.976202, 0.189206, -0.002831, -0.041129, -0.194418, -0.980056, -1.2e-05, 0.0, 0.0, 0.0, 1.0],
                [0.993725, 0.094804, -0.059357, 0.124994, 0.103593, -0.980203, 0.168729, -0.002831, -0.042186, -0.173819, -0.983874, -1.2e-05, 0.0, 0.0, 0.0, 1.0],
                [0.99389, 0.093844, -0.058101, 0.124994, 0.101648, -0.983376, 0.150465, -0.002831, -0.043015, -0.155451, -0.986907, -1.2e-05, 0.0, 0.0, 0.0, 1.0],
                [0.994012, 0.09319, -0.05705, 0.124994, 0.100186, -0.985703, 0.135468, -0.002831, -0.04361, -0.140373, -0.989138, -1.2e-05, 0.0, 0.0, 0.0, 1.0],
                [0.994089, 0.092818, -0.056319, 0.124994, 0.099267, -0.987144, 0.12527, -0.002831, -0.043968, -0.13012, -0.990523, -1.2e-05, 0.0, 0.0, 0.0, 1.0],
                [0.994115, 0.092701, -0.056047, 0.124994, 0.09895, -0.987641, 0.121551, -0.002831, -0.044087, -0.126381, -0.991002, -1.2e-05, 0.0, 0.0, 0.0, 1.0]
            ]
        },
        {
            "name": "Leg_R",
            "time": [0.0, 0.0167, 0.0333, 0.05, 0.0667, 0.0833, 0.1, 0.1167, 0.1333, 0.15, 0.1667, 0.1833, 0.2, 0.2167, 0.2333, 0.25, 0.2667, 0.2833, 0.3, 0.3167, 0.3333, 0.35, 0.3667, 0.3833, 0.4, 0.4167, 0.4333, 0.45, 0.4667, 0.4833, 0.5, 0.5167, 0.5333, 0.55, 0.5667, 0.5833, 0.6, 0.6167, 0.6333, 0.65, 0.6667],
            "transform": [
                [0.999992, -0.004059, -0.000341, -0.0, 0.004072, 0.993813, 0.110991, 0.374721, -0.000112, -0.110991, 0.993821, 0.0, 0.0, 0.0, 0.0, 1.0],
                [0.999989, -0.004652, -0.000412, -0.0, 0.004666, 0.991866, 0.127202, 0.374721, -0.000183, -0.127202, 0.991877, -0.0, 0.0, 0.0, 0.0, 1.0],
                [0.999981, -0.00608, -0.000624, 0.0, 0.006099, 0.986063, 0.166259, 0.374721, -0.000395, -0.166259, 0.986082, 0.0, 0.0, 0.0, 0.0, 1.0],
                [0.999969, -0.00784, -0.000965, -0.0, 0.007865, 0.976716, 0.214393, 0.374721, -0.000738, -0.214394, 0.976747, 0.0, 0.0, 0.0, 0.0, 1.0],
                [0.999952, -0.009658, -0.001413, -0.0, 0.009688, 0.964447, 0.2641, 0.374721, -0.001187, -0.264101, 0.964494, -0.0, 0.0, 0.0, 0.0, 1.0],
                [0.999933, -0.011385, -0.001932, -0.0, 0.011421, 0.950234, 0.311328, 0.374721, -0.001708, -0.311329, 0.950301, 0.0, 0.0, 0.0, 0.0, 1.0],
                [0.999913, -0.012942, -0.002482, -0.0, 0.012982, 0.935194, 0.353897, 0.374721, -0.002259, -0.353898, 0.935281, -0.0, 0.0, 0.0, 0.0, 1.0],
                [0.999893, -0.014278, -0.003018, -0.0, 0.014323, 0.920515, 0.390445, 0.374721, -0.002797, -0.390446, 0.920621, 0.0, 0.0, 0.0, 0.0, 1.0],
                [0.999876, -0.01537, -0.003502, 0.0, 0.015418, 0.907253, 0.420302, 0.374721, -0.003283, -0.420303, 0.907377, 0.0, 0.0, 0.0, 0.0, 1.0],
                [0.999861, -0.016213, -0.003906, 0.0, 0.016264, 0.8962, 0.443353, 0.374721, -0.003688, -0.443354, 0.896339, -0.0, 0.0, 0.0, 0.0, 1.0],
                [0.999849, -0.016833, -0.00422, 0.0, 0.016886, 0.887604, 0.460298, 0.374721, -0.004002, -0.460299, 0.887754, 0.0, 0.0, 0.0, 0.0, 1.0],
                [0.999841, -0.017274, -0.004452, 0.0, 0.017328, 0.881239, 0.472354, 0.374721, -0.004236, -0.472355, 0.881398, 0.0, 0.0, 0.0, 0.0, 1.0],
                [0.999835, -0.017559, -0.004607, 0.0, 0.017614, 0.877001, 0.480166, 0.374721, -0.004391, -0.480167, 0.877166, -0.0, 0.0, 0.0, 0.0, 1.0],
                [0.999832, -0.017733, -0.004703, 0.0, 0.017789, 0.874379, 0.484918, 0.374721, -0.004487, -0.484919, 0.874547, -0.0, 0.0, 0.0, 0.0, 1.0],
                [0.99983, -0.017824, -0.004754, 0.0, 0.01788, 0.872986, 0.487417, 0.374721, -0.004538, -0.487419, 0.873156, 0.0, 0.0, 0.0, 0.0, 1.0],
                [0.999829, -0.017852, -0.004769, -0.0, 0.017909, 0.872556, 0.488186, 0.374721, -0.004554, -0.488188, 0.872726, -0.0, 0.0, 0.0, 0.0, 1.0],
                [0.999829, -0.017843, -0.004764, 0.0, 0.017899, 0.872708, 0.487914, 0.374721, -0.004548, -0.487916, 0.872879, -0.0, 0.0, 0.0, 0.0, 1.0],
                [0.99983, -0.017812, -0.004746, 0.0, 0.017868, 0.873181, 0.487068, 0.374721, -0.004531, -0.48707, 0.873351, 0.0, 0.0, 0.0, 0.0, 1.0],
                [0.999831, -0.017757, -0.004716, -0.0, 0.017813, 0.874013, 0.485577, 0.374721, -0.0045, -0.485578, 0.874181, 0.0, 0.0, 0.0, 0.0, 1.0],
                [0.999833, -0.017675, -0.00467, 0.0, 0.01773, 0.875261, 0.483327, 0.374721, -0.004455, -0.483328, 0.875427, -0.0, 0.0, 0.0, 0.0, 1.0],
                [0.999835, -0.017559, -0.004607, -0.0, 0.017614, 0.877001, 0.480166, 0.374721, -0.004391, -0.480167, 0.877166, 0.0, 0.0, 0.0, 0.0, 1.0],
                [0.999838, -0.017403, -0.004522, 0.0, 0.017458, 0.879323, 0.475907, 0.374721, -0.004306, -0.475908, 0.879484, -0.0, 0.0, 0.0, 0.0, 1.0],
                [0.999842, -0.0172, -0.004413, 0.0, 0.017254, 0.882318, 0.470337, 0.374721, -0.004196, -0.470339, 0.882475, 0.0, 0.0, 0.0, 0.0, 1.0],
                [0.999847, -0.01694, -0.004275, 0.0, 0.016993, 0.886078, 0.463225, 0.374721, -0.004058, -0.463227, 0.88623, 0.0, 0.0, 0.0, 0.0, 1.0],
                [0.999853, -0.016609, -0.004105, -0.0, 0.016661, 0.89075, 0.454188, 0.374721, -0.003887, -0.45419, 0.890896, 0.0, 0.0, 0.0, 0.0, 1.0],
                [0.999861, -0.016213, -0.003906, -0.0, 0.016264, 0.8962, 0.443352, 0.374721, -0.003688, -0.443354, 0.896339, 0.0, 0.0, 0.0, 0.0, 1.0],
                [0.999869, -0.015736, -0.003674, 0.0, 0.015786, 0.902538, 0.430321, 0.374721, -0.003455, -0.430323, 0.902668, 0.0, 0.0, 0.0, 0.0, 1.0],
                [0.999879, -0.015172, -0.003411, 0.0, 0.01522, 0.909743, 0.414892, 0.374721, -0.003191, -0.414894, 0.909864, -0.0, 0.0, 0.0, 0.0, 1.0],
                [0.99989, -0.014515, -0.003119, -0.0, 0.01456, 0.917742, 0.396909, 0.374721, -0.002898, -0.39691, 0.917853, 0.0, 0.0, 0.0, 0.0, 1.0],
                [0.999901, -0.013776, -0.002809, -0.0, 0.013819, 0.92623, 0.376706, 0.374721, -0.002588, -0.376707, 0.926328, 0.0, 0.0, 0.0, 0.0, 1.0],
                [0.999913, -0.012942, -0.002482, 0.0, 0.012982, 0.935194, 0.353897, 0.374721, -0.002259, -0.353898, 0.935281, 0.0, 0.0, 0.0, 0.0, 1.0],
                [0.999925, -0.01203, -0.00215, 0.0, 0.012068, 0.944267, 0.328959, 0.374721, -0.001927, -0.32896, 0.944342, -0.0, 0.0, 0.0, 0.0, 1.0],
                [0.999937, -0.011052, -0.001825, -0.0, 0.011087, 0.953169, 0.302235, 0.374721, -0.001601, -0.302235, 0.953232, -0.0, 0.0, 0.0, 0.0, 1.0],
                [0.999949, -0.010012, -0.001512, 0.0, 0.010044, 0.961736, 0.273792, 0.374721, -0.001287, -0.273793, 0.961787, 0.0, 0.0, 0.0, 0.0, 1.0],
                [0.999959, -0.008934, -0.001223, -0.0, 0.008962, 0.969659, 0.244298, 0.374721, -0.000996, -0.244298, 0.969699, 0.0, 0.0, 0.0, 0.0, 1.0],
                [0.999969, -0.00784, -0.000965, -0.0, 0.007865, 0.976716, 0.214393, 0.374721, -0.000738, -0.214394, 0.976747, 0.0, 0.0, 0.0, 0.0, 1.0],
                [0.999977, -0.006765, -0.000746, -0.0, 0.006786, 0.982717, 0.184988, 0.374721, -0.000518, -0.184988, 0.982741, -0.0, 0.0, 0.0, 0.0, 1.0],
                [0.999983, -0.005757, -0.000571, -0.0, 0.005775, 0.987513, 0.157431, 0.374721, -0.000342, -0.157432, 0.98753, 0.0, 0.0, 0.0, 0.0, 1.0],
                [0.999988, -0.004893, -0.000444, -0.0, 0.004908, 0.990996, 0.133802, 0.374721, -0.000215, -0.133803, 0.991008, -0.0, 0.0, 0.0, 0.0, 1.0],
                [0.999991, -0.004285, -0.000367, -0.0, 0.004299, 0.993101, 0.117184, 0.374721, -0.000138, -0.117185, 0.99311, 0.0, 0.0, 0.0, 0.0, 1.0],
                [0.999992, -0.004059, -0.000341, -0.0, 0.004072, 0.993813, 0.110991, 0.374721, -0.000112, -0.110991, 0.993821, 0.0, 0.0, 0.0, 0.0, 1.0]
            ]
        },
        {
            "name": "Knee_R",
            "time": [0.0, 0.0167, 0.0333, 0.05, 0.0667, 0.0833, 0.1, 0.1167, 0.1333, 0.15, 0.1667, 0.1833, 0.2, 0.2167, 0.2333, 0.25, 0.2667, 0.2833, 0.3, 0.3167, 0.3333, 0.35, 0.3667, 0.3833, 0.4, 0.4167, 0.4333, 0.45, 0.4667, 0.4833, 0.5, 0.5167, 0.5333, 0.55, 0.5667, 0.5833, 0.6, 0.6167, 0.6333, 0.65, 0.6667],
            "transform": [
                [1.0, -5.7e-05, 5.7e-05, 0.0, 5.7e-05, 0.001565, -0.999999, 0.374721, 5.7e-05, 0.999999, 0.001565, -0.0, 0.0, 0.0, 0.0, 1.0],
                [1.0, -5.7e-05, 5.7e-05, -0.0, 5.7e-05, 0.001565, -0.999999, 0.374721, 5.7e-05, 0.999999, 0.001565, -0.0, 0.0, 0.0, 0.0, 1.0],
                [1.0, -5.7e-05, 5.7e-05, -0.0, 5.7e-05, 0.001565, -0.999999, 0.374721, 5.7e-05, 0.999999, 0.001565, 0.0, 0.0, 0.0, 0.0, 1.0],
                [1.0, -5.7e-05, 5.7e-05, 0.0, 5.7e-05, 0.001565, -0.999999, 0.374721, 5.7e-05, 0.999999, 0.001565, 0.0, 0.0, 0.0, 0.0, 1.0],
                [1.0, -5.7e-05, 5.7e-05, -0.0, 5.7e-05, 0.001565, -0.999999, 0.374721, 5.7e-05, 0.999999, 0.001565, 0.0, 0.0, 0.0, 0.0, 1.0],
                [1.0, -5.7e-05, 5.7e-05, 0.0, 5.7e-05, 0.001565, -0.999999, 0.374721, 5.7e-05, 0.999999, 0.001565, -0.0, 0.0, 0.0, 0.0, 1.0],
                [1.0, -5.7e-05, 5.7e-05, 0.0, 5.7e-05, 0.001565, -0.999999, 0.374721, 5.7e-05, 0.999999, 0.001565, -0.0, 0.0, 0.0, 0.0, 1.0],
                [1.0, -5.7e-05, 5.7e-05, -0.0, 5.7e-05, 0.001565, -0.999999, 0.374721, 5.7e-05, 0.999999, 0.001565, 0.0, 0.0, 0.0, 0.0, 1.0],
                [1.0, -5.7e-05, 5.7e-05, 0.0, 5.7e-05, 0.001565, -0.999999, 0.374721, 5.7e-05, 0.999999, 0.001565, 0.0, 0.0, 0.0, 0.0, 1.0],
                [1.0, -5.7e-05, 5.7e-05, 0.0, 5.7e-05, 0.001565, -0.999999, 0.374721, 5.7e-05, 0.999999, 0.001565, -0.0, 0.0, 0.0, 0.0, 1.0],
                [1.0, -5.7e-05, 5.7e-05, 0.0, 5.7e-05, 0.001565, -0.999999, 0.374721, 5.7e-05, 0.999999, 0.001565, 0.0, 0.0, 0.0, 0.0, 1.0],
                [1.0, -5.7e-05, 5.7e-05, 0.0, 5.7e-05, 0.001565, -0.999999, 0.374721, 5.7e-05, 0.999999, 0.001565, -0.0, 0.0, 0.0, 0.0, 1.0],
                [1.0, -5.7e-05, 5.7e-05, 0.0, 5.7e-05, 0.001565, -0.999999, 0.374721, 5.7e-05, 0.999999, 0.001565, 0.0, 0.0, 0.0, 0.0, 1.0],
                [1.0, -5.7e-05, 5.7e-05, -0.0, 5.7e-05, 0.001565, -0.999999, 0.374721, 5.7e-05, 0.999999, 0.001565, -0.0, 0.0, 0.0, 0.0, 1.0],
                [1.0, -5.7e-05, 5.7e-05, 0.0, 5.7e-05, 0.001565, -0.999999, 0.374721, 5.7e-05, 0.999999, 0.001565, 0.0, 0.0, 0.0, 0.0, 1.0],
                [1.0, -5.7e-05, 5.7e-05, -0.0, 5.7e-05, 0.001565, -0.999999, 0.374721, 5.7e-05, 0.999999, 0.001565, -0.0, 0.0, 0.0, 0.0, 1.0],
                [1.0, -5.7e-05, 5.7e-05, 0.0, 5.7e-05, 0.001565, -0.999999, 0.374721, 5.7e-05, 0.999999, 0.001565, -0.0, 0.0, 0.0, 0.0, 1.0],
                [1.0, -5.7e-05, 5.7e-05, 0.0, 5.7e-05, 0.001565, -0.999999, 0.374721, 5.7e-05, 0.999999, 0.001565, 0.0, 0.0, 0.0, 0.0, 1.0],
                [1.0, -5.7e-05, 5.7e-05, -0.0, 5.7e-05, 0.001565, -0.999999, 0.374721, 5.7e-05, 0.999999, 0.001565, -0.0, 0.0, 0.0, 0.0, 1.0],
                [1.0, -5.7e-05, 5.7e-05, 0.0, 5.7e-05, 0.001565, -0.999999, 0.374721, 5.7e-05, 0.999999, 0.001565, -0.0, 0.0, 0.0, 0.0, 1.0],
                [1.0, -5.7e-05, 5.7e-05, -0.0, 5.7e-05, 0.001565, -0.999999, 0.374721, 5.7e-05, 0.999999, 0.001565, 0.0, 0.0, 0.0, 0.0, 1.0],
                [1.0, -5.7e-05, 5.7e-05, -0.0, 5.7e-05, 0.001565, -0.999999, 0.374721, 5.7e-05, 0.999999, 0.001565, 0.0, 0.0, 0.0, 0.0, 1.0],
                [1.0, -5.7e-05, 5.7e-05, 0.0, 5.7e-05, 0.001565, -0.999999, 0.374721, 5.7e-05, 0.999999, 0.001565, 0.0, 0.0, 0.0, 0.0, 1.0],
                [1.0, -5.7e-05, 5.7e-05, -0.0, 5.7e-05, 0.001565, -0.999999, 0.374721, 5.7e-05, 0.999999, 0.001565, 0.0, 0.0, 0.0, 0.0, 1.0],
                [1.0, -5.7e-05, 5.7e-05, 0.0, 5.7e-05, 0.001565, -0.999999, 0.374721, 5.7e-05, 0.999999, 0.001565, 0.0, 0.0, 0.0, 0.0, 1.0],
                [1.0, -5.7e-05, 5.7e-05, -0.0, 5.7e-05, 0.001565, -0.999999, 0.374721, 5.7e-05, 0.999999, 0.001565, 0.0, 0.0, 0.0, 0.0, 1.0],
                [1.0, -5.7e-05, 5.7e-05, 0.0, 5.7e-05, 0.001565, -0.999999, 0.374721, 5.7e-05, 0.999999, 0.001565, 0.0, 0.0, 0.0, 0.0, 1.0],
                [1.0, -5.7e-05, 5.7e-05, 0.0, 5.7e-05, 0.001565, -0.999999, 0.374721, 5.7e-05, 0.999999, 0.001565, -0.0, 0.0, 0.0, 0.0, 1.0],
                [1.0, -5.7e-05, 5.7e-05, 0.0, 5.7e-05, 0.001565, -0.999999, 0.374721, 5.7e-05, 0.999999, 0.001565, -0.0, 0.0, 0.0, 0.0, 1.0],
                [1.0, -5.7e-05, 5.7e-05, -0.0, 5.7e-05, 0.001565, -0.999999, 0.374721, 5.7e-05, 0.999999, 0.001565, -0.0, 0.0, 0.0, 0.0, 1.0],
                [1.0, -5.7e-05, 5.7e-05, -0.0, 5.7e-05, 0.001565, -0.999999, 0.374721, 5.7e-05, 0.999999, 0.001565, -0.0, 0.0, 0.0, 0.0, 1.0],
                [1.0, -5.7e-05, 5.7e-05, -0.0, 5.7e-05, 0.001565, -0.999999, 0.374721, 5.7e-05, 0.999999, 0.001565, -0.0, 0.0, 0.0, 0.0, 1.0],
                [1.0, -5.7e-05, 5.7e-05, 0.0, 5.7e-05, 0.001565, -0.999999, 0.374721, 5.7e-05, 0.999999, 0.001565, -0.0, 0.0, 0.0, 0.0, 1.0],
                [1.0, -5.7e-05, 5.7e-05, 0.0, 5.7e-05, 0.001565, -0.999999, 0.374721, 5.7e-05, 0.999999, 0.001565, 0.0, 0.0, 0.0, 0.0, 1.0],
                [1.0, -5.7e-05, 5.7e-05, -0.0, 5.7e-05, 0.001565, -0.999999, 0.374721, 5.7e-05, 0.999999, 0.001565, 0.0, 0.0, 0.0, 0.0, 1.0],
                [1.0, -5.7e-05, 5.7e-05, 0.0, 5.7e-05, 0.001565, -0.999999, 0.374721, 5.7e-05, 0.999999, 0.001565, 0.0, 0.0, 0.0, 0.0, 1.0],
                [1.0, -5.7e-05, 5.7e-05, -0.0, 5.7e-05, 0.001565, -0.999999, 0.374721, 5.7e-05, 0.999999, 0.001565, 0.0, 0.0, 0.0, 0.0, 1.0],
                [1.0, -5.7e-05, 5.7e-05, -0.0, 5.7e-05, 0.001565, -0.999999, 0.374721, 5.7e-05, 0.999999, 0.001565, -0.0, 0.0, 0.0, 0.0, 1.0],
                [1.0, -5.7e-05, 5.7e-05, -0.0, 5.7e-05, 0.001565, -0.999999, 0.374721, 5.7e-05, 0.999999, 0.001565, 0.0, 0.0, 0.0, 0.0, 1.0],
                [1.0, -5.7e-05, 5.7e-05, -0.0, 5.7e-05, 0.001565, -0.999999, 0.374721, 5.7e-05, 0.999999, 0.001565, 0.0, 0.0, 0.0, 0.0, 1.0],
                [1.0, -5.7e-05, 5.7e-05, 0.0, 5.7e-05, 0.001565, -0.999999, 0.374721, 5.7e-05, 0.999999, 0.001565, -0.0, 0.0, 0.0, 0.0, 1.0]
            ]
        },
        {
            "name": "Thigh_L",
            "time": [0.0, 0.0167, 0.0333, 0.05, 0.0667, 0.0833, 0.1, 0.1167, 0.1333, 0.15, 0.1667, 0.1833, 0.2, 0.2167, 0.2333, 0.25, 0.2667, 0.2833, 0.3, 0.3167, 0.3333, 0.35, 0.3667, 0.3833, 0.4, 0.4167, 0.4333, 0.45, 0.4667, 0.4833, 0.5, 0.5167, 0.5333, 0.55, 0.5667, 0.5833, 0.6, 0.6167, 0.6333, 0.65, 0.6667],
            "transform": [
                [0.994503, -0.095774, 0.042316, -0.125006, -0.095227, -0.995346, -0.014756, -0.002831, 0.043532, 0.010646, -0.998995, -1.2e-05, 0.0, 0.0, 0.0, 1.0],
                [0.994451, -0.095801, 0.043459, -0.125006, -0.095566, -0.995395, -0.007442, -0.002831, 0.043971, 0.003247, -0.999027, -1.2e-05, 0.0, 0.0, 0.0, 1.0],
                [0.994294, -0.096077, 0.046356, -0.125006, -0.096586, -0.995285, 0.008864, -0.002831, 0.045286, -0.013291, -0.998886, -1.2e-05, 0.0, 0.0, 0.0, 1.0],
                [0.994029, -0.096824, 0.050309, -0.125006, -0.098267, -0.994792, 0.027044, -0.002831, 0.047428, -0.031826, -0.998367, -1.2e-05, 0.0, 0.0, 0.0, 1.0],
                [0.99366, -0.098123, 0.054886, -0.125006, -0.100555, -0.993983, 0.043439, -0.002831, 0.050294, -0.048683, -0.997547, -1.2e-05, 0.0, 0.0, 0.0, 1.0],
                [0.993193, -0.099965, 0.059792, -0.125006, -0.103355, -0.993034, 0.056569, -0.002831, 0.05372, -0.062364, -0.996607, -1.2e-05, 0.0, 0.0, 0.0, 1.0],
                [0.992645, -0.102291, 0.064752, -0.125006, -0.106535, -0.992124, 0.065883, -0.002831, 0.057502, -0.072297, -0.995724, -1.2e-05, 0.0, 0.0, 0.0, 1.0],
                [0.99204, -0.105021, 0.069477, -0.125006, -0.109932, -0.991393, 0.071095, -0.002831, 0.061412, -0.078167, -0.995047, -1.2e-05, 0.0, 0.0, 0.0, 1.0],
                [0.99141, -0.108019, 0.073743, -0.125006, -0.113365, -0.990896, 0.072621, -0.002831, 0.065228, -0.080358, -0.99463, -1.2e-05, 0.0, 0.0, 0.0, 1.0],
                [0.990789, -0.111105, 0.077407, -0.125006, -0.116657, -0.990608, 0.071327, -0.002831, 0.068755, -0.0797, -0.994445, -1.2e-05, 0.0, 0.0, 0.0, 1.0],
                [0.990213, -0.114095, 0.080378, -0.125006, -0.119649, -0.990483, 0.068029, -0.002831, 0.071851, -0.07698, -0.99444, -1.2e-05, 0.0, 0.0, 0.0, 1.0],
                [0.98971, -0.116802, 0.082654, -0.125006, -0.122213, -0.990455, 0.063735, -0.002831, 0.074421, -0.073181, -0.994538, -1.2e-05, 0.0, 0.0, 0.0, 1.0],
                [0.989302, -0.119046, 0.084313, -0.125006, -0.124261, -0.99046, 0.059564, -0.002831, 0.076418, -0.069403, -0.994657, -1.2e-05, 0.0, 0.0, 0.0, 1.0],
                [0.989006, -0.12072, 0.085408, -0.125006, -0.125739, -0.990479, 0.056045, -0.002831, 0.077829, -0.066168, -0.994768, -1.2e-05, 0.0, 0.0, 0.0, 1.0],
                [0.988827, -0.121743, 0.086025, -0.125006, -0.126625, -0.990492, 0.053763, -0.002831, 0.078662, -0.064055, -0.994841, -1.2e-05, 0.0, 0.0, 0.0, 1.0],
                [0.988768, -0.122084, 0.086223, -0.125006, -0.126918, -0.990497, 0.052981, -0.002831, 0.078935, -0.06333, -0.994866, -1.2e-05, 0.0, 0.0, 0.0, 1.0],
                [0.988789, -0.121961, 0.086152, -0.125006, -0.126813, -0.990495, 0.053263, -0.002831, 0.078837, -0.063592, -0.994857, -1.2e-05, 0.0, 0.0, 0.0, 1.0],
                [0.988853, -0.121592, 0.085937, -0.125006, -0.126496, -0.99049, 0.054104, -0.002831, 0.078541, -0.064372, -0.99483, -1.2e-05, 0.0, 0.0, 0.0, 1.0],
                [0.98896, -0.120978, 0.085567, -0.125006, -0.125964, -0.990482, 0.055478, -0.002831, 0.078041, -0.065644, -0.994787, -1.2e-05, 0.0, 0.0, 0.0, 1.0],
                [0.98911, -0.120125, 0.085031, -0.125006, -0.125219, -0.990471, 0.057327, -0.002831, 0.077335, -0.06735, -0.994728, -1.2e-05, 0.0, 0.0, 0.0, 1.0],
                [0.989303, -0.119046, 0.084313, -0.125006, -0.124261, -0.99046, 0.059564, -0.002831, 0.076418, -0.069403, -0.994657, -1.2e-05, 0.0, 0.0, 0.0, 1.0],
                [0.989534, -0.117766, 0.083384, -0.125006, -0.123098, -0.990457, 0.061973, -0.002831, 0.07529, -0.071589, -0.994589, -1.2e-05, 0.0, 0.0, 0.0, 1.0],
                [0.989803, -0.116293, 0.082252, -0.125006, -0.121739, -0.990456, 0.064621, -0.002831, 0.073952, -0.073975, -0.994514, -1.2e-05, 0.0, 0.0, 0.0, 1.0],
                [0.990106, -0.114665, 0.080887, -0.125006, -0.120199, -0.990472, 0.067215, -0.002831, 0.072409, -0.076273, -0.994454, -1.2e-05, 0.0, 0.0, 0.0, 1.0],
                [0.990436, -0.112923, 0.079273, -0.125006, -0.118497, -0.990518, 0.069517, -0.002831, 0.070672, -0.078245, -0.994426, -1.2e-05, 0.0, 0.0, 0.0, 1.0],
                [0.990789, -0.111105, 0.077407, -0.125006, -0.116657, -0.990608, 0.071327, -0.002831, 0.068755, -0.0797, -0.994445, -1.2e-05, 0.0, 0.0, 0.0, 1.0],
                [0.991159, -0.109257, 0.075282, -0.125006, -0.114708, -0.990761, 0.072345, -0.002831, 0.066682, -0.080341, -0.994534, -1.2e-05, 0.0, 0.0, 0.0, 1.0],
                [0.991536, -0.107405, 0.072937, -0.125006, -0.112684, -0.990975, 0.072591, -0.002831, 0.064482, -0.080196, -0.994691, -1.2e-05, 0.0, 0.0, 0.0, 1.0],
                [0.991915, -0.105604, 0.070373, -0.125006, -0.110621, -0.991274, 0.071678, -0.002831, 0.06219, -0.078884, -0.994942, -1.2e-05, 0.0, 0.0, 0.0, 1.0],
                [0.992287, -0.103893, 0.067624, -0.125006, -0.108558, -0.991663, 0.069421, -0.002831, 0.059848, -0.076226, -0.995293, -1.2e-05, 0.0, 0.0, 0.0, 1.0],
                [0.992645, -0.102291, 0.064752, -0.125006, -0.106535, -0.992124, 0.065883, -0.002831, 0.057502, -0.072297, -0.995724, -1.2e-05, 0.0, 0.0, 0.0, 1.0],
                [0.992982, -0.10084, 0.061788, -0.125006, -0.10459, -0.992655, 0.060798, -0.002831, 0.055203, -0.066834, -0.996236, -1.2e-05, 0.0, 0.0, 0.0, 1.0],
                [0.993293, -0.099555, 0.0588, -0.125006, -0.10276, -0.993225, 0.05426, -0.002831, 0.052999, -0.059938, -0.996794, -1.2e-05, 0.0, 0.0, 0.0, 1.0],
                [0.993574, -0.09845, 0.055849, -0.125006, -0.101078, -0.993798, 0.046347, -0.002831, 0.05094, -0.051694, -0.997363, -1.2e-05, 0.0, 0.0, 0.0, 1.0],
                [0.99382, -0.09754, 0.052994, -0.125006, -0.099572, -0.994336, 0.037155, -0.002831, 0.04907, -0.042202, -0.997903, -1.2e-05, 0.0, 0.0, 0.0, 1.0],
                [0.994029, -0.096824, 0.050309, -0.125006, -0.098267, -0.994792, 0.027044, -0.002831, 0.047428, -0.031826, -0.998367, -1.2e-05, 0.0, 0.0, 0.0, 1.0],
                [0.994201, -0.096314, 0.047834, -0.125006, -0.097181, -0.995136, 0.016126, -0.002831, 0.046048, -0.020681, -0.998725, -1.2e-05, 0.0, 0.0, 0.0, 1.0],
                [0.994334, -0.09599, 0.045672, -0.125006, -0.096328, -0.995336, 0.005256, -0.002831, 0.044954, -0.009626, -0.998943, -1.2e-05, 0.0, 0.0, 0.0, 1.0],
                [0.994429, -0.095827, 0.043923, -0.125006, -0.095716, -0.995398, -0.004639, -0.002831, 0.044165, 0.000409, -0.999024, -1.2e-05, 0.0, 0.0, 0.0, 1.0],
                [0.994485, -0.095776, 0.042745, -0.125006, -0.095349, -0.995372, -0.011931, -0.002831, 0.04369, 0.00779, -0.999015, -1.2e-05, 0.0, 0.0, 0.0, 1.0],
                [0.994503, -0.095774, 0.042316, -0.125006, -0.095227, -0.995346, -0.014756, -0.002831, 0.043532, 0.010646, -0.998995, -1.2e-05, 0.0, 0.0, 0.0, 1.0]
            ]
        },
        {
            "name": "Leg_L",
            "time": [0.0, 0.0167, 0.0333, 0.05, 0.0667, 0.0833, 0.1, 0.1167, 0.1333, 0.15, 0.1667, 0.1833, 0.2, 0.2167, 0.2333, 0.25, 0.2667, 0.2833, 0.3, 0.3167, 0.3333, 0.35, 0.3667, 0.3833, 0.4, 0.4167, 0.4333, 0.45, 0.4667, 0.4833, 0.5, 0.5167, 0.5333, 0.55, 0.5667, 0.5833, 0.6, 0.6167, 0.6333, 0.65, 0.6667],
            "transform": [
                [1.0, 8e-06, 1e-06, 0.0, -8e-06, 0.993969, 0.109656, 0.374721, -0.0, -0.109656, 0.99397, 0.0, 0.0, 0.0, 0.0, 1.0],
                [1.0, 1e-05, 1e-06, -0.0, -1e-05, 0.991858, 0.127348, 0.374721, -0.0, -0.127348, 0.991858, -0.0, 0.0, 0.0, 0.0, 1.0],
                [1.0, 1.3e-05, 2e-06, -0.0, -1.3e-05, 0.985598, 0.169104, 0.374721, 0.0, -0.169104, 0.985598, -0.0, 0.0, 0.0, 0.0, 1.0],
                [1.0, 1.7e-05, 3e-06, -0.0, -1.7e-05, 0.975396, 0.220459, 0.374721, 1e-06, -0.220459, 0.975396, -0.0, 0.0, 0.0, 0.0, 1.0],
                [1.0, 2.1e-05, 4e-06, 0.0, -2.1e-05, 0.96182, 0.273681, 0.374721, 2e-06, -0.273681, 0.96182, -0.0, 0.0, 0.0, 0.0, 1.0],
                [1.0, 2.5e-05, 5e-06, 0.0, -2.5e-05, 0.945663, 0.325148, 0.374721, 3e-06, -0.325148, 0.945663, 0.0, 0.0, 0.0, 0.0, 1.0],
                [1.0, 2.8e-05, 6e-06, -0.0, -2.9e-05, 0.927916, 0.372789, 0.374721, 5e-06, -0.372788, 0.927916, -0.0, 0.0, 0.0, 0.0, 1.0],
                [1.0, 3.2e-05, 8e-06, 0.0, -3.2e-05, 0.909914, 0.414796, 0.374721, 6e-06, -0.414796, 0.909914, 0.0, 0.0, 0.0, 0.0, 1.0],
                [1.0, 3.4e-05, 9e-06, 0.0, -3.5e-05, 0.892783, 0.450488, 0.374721, 8e-06, -0.450488, 0.892782, 0.0, 0.0, 0.0, 0.0, 1.0],
                [1.0, 3.7e-05, 1e-05, 0.0, -3.7e-05, 0.877324, 0.479898, 0.374721, 9e-06, -0.479898, 0.877324, 0.0, 0.0, 0.0, 0.0, 1.0],
                [1.0, 3.8e-05, 1.1e-05, 0.0, -3.9e-05, 0.864265, 0.503037, 0.374721, 1e-05, -0.503036, 0.864265, -0.0, 0.0, 0.0, 0.0, 1.0],
                [1.0, 4e-05, 1.2e-05, -0.0, -4e-05, 0.853885, 0.520462, 0.374721, 1.1e-05, -0.520462, 0.853885, 0.0, 0.0, 0.0, 0.0, 1.0],
                [1.0, 4.1e-05, 1.3e-05, -0.0, -4.1e-05, 0.845993, 0.533195, 0.374721, 1.1e-05, -0.533195, 0.845993, -0.0, 0.0, 0.0, 0.0, 1.0],
                [1.0, 4.1e-05, 1.3e-05, 0.0, -4.2e-05, 0.840653, 0.541574, 0.374721, 1.2e-05, -0.541574, 0.840653, -0.0, 0.0, 0.0, 0.0, 1.0],
                [1.0, 4.2e-05, 1.3e-05, 0.0, -4.2e-05, 0.837576, 0.546322, 0.374721, 1.2e-05, -0.546321, 0.837575, 0.0, 0.0, 0.0, 0.0, 1.0],
                [1.0, 4.2e-05, 1.3e-05, -0.0, -4.2e-05, 0.836579, 0.547845, 0.374721, 1.2e-05, -0.547845, 0.83658, -0.0, 0.0, 0.0, 0.0, 1.0],
                [1.0, 4.2e-05, 1.3e-05, 0.0, -4.2e-05, 0.836935, 0.547302, 0.374721, 1.2e-05, -0.547301, 0.836935, -0.0, 0.0, 0.0, 0.0, 1.0],
                [1.0, 4.2e-05, 1.3e-05, 0.0, -4.2e-05, 0.83802, 0.54564, 0.374721, 1.2e-05, -0.54564, 0.83802, 0.0, 0.0, 0.0, 0.0, 1.0],
                [1.0, 4.1e-05, 1.3e-05, 0.0, -4.2e-05, 0.839863, 0.542799, 0.374721, 1.2e-05, -0.542798, 0.839863, 0.0, 0.0, 0.0, 0.0, 1.0],
                [1.0, 4.1e-05, 1.3e-05, -0.0, -4.1e-05, 0.842506, 0.538688, 0.374721, 1.1e-05, -0.538688, 0.842505, 0.0, 0.0, 0.0, 0.0, 1.0],
                [1.0, 4.1e-05, 1.3e-05, 0.0, -4.1e-05, 0.845993, 0.533195, 0.374721, 1.1e-05, -0.533195, 0.845993, -0.0, 0.0, 0.0, 0.0, 1.0],
                [1.0, 4e-05, 1.2e-05, -0.0, -4e-05, 0.85047, 0.526024, 0.374721, 1.1e-05, -0.526023, 0.85047, -0.0, 0.0, 0.0, 0.0, 1.0],
                [1.0, 3.9e-05, 1.2e-05, 0.0, -4e-05, 0.855749, 0.517391, 0.374721, 1e-05, -0.517391, 0.855749, 0.0, 0.0, 0.0, 0.0, 1.0],
                [1.0, 3.9e-05, 1.1e-05, -0.0, -3.9e-05, 0.861973, 0.506953, 0.374721, 1e-05, -0.506953, 0.861973, -0.0, 0.0, 0.0, 0.0, 1.0],
                [1.0, 3.8e-05, 1.1e-05, 0.0, -3.8e-05, 0.869183, 0.494491, 0.374721, 9e-06, -0.494491, 0.869183, -0.0, 0.0, 0.0, 0.0, 1.0],
                [1.0, 3.7e-05, 1e-05, -0.0, -3.7e-05, 0.877325, 0.479897, 0.374721, 9e-06, -0.479897, 0.877325, 0.0, 0.0, 0.0, 0.0, 1.0],
                [1.0, 3.5e-05, 9e-06, -0.0, -3.6e-05, 0.886401, 0.462918, 0.374721, 8e-06, -0.462918, 0.886401, 0.0, 0.0, 0.0, 0.0, 1.0],
                [1.0, 3.4e-05, 9e-06, -0.0, -3.4e-05, 0.89608, 0.443892, 0.374721, 7e-06, -0.443892, 0.89608, 0.0, 0.0, 0.0, 0.0, 1.0],
                [1.0, 3.2e-05, 8e-06, -0.0, -3.3e-05, 0.906383, 0.422458, 0.374721, 6e-06, -0.422458, 0.906382, 0.0, 0.0, 0.0, 0.0, 1.0],
                [1.0, 3e-05, 7e-06, -0.0, -3.1e-05, 0.917121, 0.398608, 0.374721, 6e-06, -0.398608, 0.917121, -0.0, 0.0, 0.0, 0.0, 1.0],
                [1.0, 2.8e-05, 6e-06, 0.0, -2.9e-05, 0.927916, 0.372789, 0.374721, 5e-06, -0.372788, 0.927916, -0.0, 0.0, 0.0, 0.0, 1.0],
                [1.0, 2.6e-05, 5e-06, -0.0, -2.7e-05, 0.938671, 0.344815, 0.374721, 4e-06, -0.344815, 0.938671, 0.0, 0.0, 0.0, 0.0, 1.0],
                [1.0, 2.4e-05, 5e-06, -0.0, -2.4e-05, 0.949043, 0.315146, 0.374721, 3e-06, -0.315146, 0.949043, 0.0, 0.0, 0.0, 0.0, 1.0],
                [1.0, 2.2e-05, 4e-06, 0.0, -2.2e-05, 0.95877, 0.284183, 0.374721, 2e-06, -0.284183, 0.95877, 0.0, 0.0, 0.0, 0.0, 1.0],
                [1.0, 1.9e-05, 3e-06, -0.0, -1.9e-05, 0.967642, 0.252327, 0.374721, 2e-06, -0.252327, 0.967642, 0.0, 0.0, 0.0, 0.0, 1.0],
                [1.0, 1.7e-05, 3e-06, 0.0, -1.7e-05, 0.975396, 0.220459, 0.374721, 1e-06, -0.220459, 0.975396, -0.0, 0.0, 0.0, 0.0, 1.0],
                [1.0, 1.4e-05, 2e-06, -0.0, -1.5e-05, 0.981988, 0.188944, 0.374721, 1e-06, -0.188944, 0.981988, -0.0, 0.0, 0.0, 0.0, 1.0],
                [1.0, 1.2e-05, 2e-06, 0.0, -1.2e-05, 0.987185, 0.159582, 0.374721, 0.0, -0.159582, 0.987185, -0.0, 0.0, 0.0, 0.0, 1.0],
                [1.0, 1e-05, 1e-06, -0.0, -1e-05, 0.99094, 0.134302, 0.374721, 0.0, -0.134302, 0.99094, -0.0, 0.0, 0.0, 0.0, 1.0],
                [1.0, 9e-06, 1e-06, 0.0, -9e-06, 0.993201, 0.116408, 0.374721, -0.0, -0.116408, 0.993202, -0.0, 0.0, 0.0, 0.0, 1.0],
                [1.0, 8e-06, 1e-06, 0.0, -8e-06, 0.993969, 0.109656, 0.374721, -0.0, -0.109656, 0.99397, 0.0, 0.0, 0.0, 0.0, 1.0]
            ]
        },
        {
            "name": "Knee_L",
            "time": [0.0, 0.0167, 0.0333, 0.05, 0.0667, 0.0833, 0.1, 0.1167, 0.1333, 0.15, 0.1667, 0.1833, 0.2, 0.2167, 0.2333, 0.25, 0.2667, 0.2833, 0.3, 0.3167, 0.3333, 0.35, 0.3667, 0.3833, 0.4, 0.4167, 0.4333, 0.45, 0.4667, 0.4833, 0.5, 0.5167, 0.5333, 0.55, 0.5667, 0.5833, 0.6, 0.6167, 0.6333, 0.65, 0.6667],
            "transform": [
                [1.0, 0.0, -0.0, 0.0, -0.0, 0.001565, -0.999999, 0.374721, -0.0, 0.999999, 0.001565, 0.0, 0.0, 0.0, 0.0, 1.0],
                [1.0, 0.0, -0.0, -0.0, -0.0, 0.001565, -0.999999, 0.374721, -0.0, 0.999999, 0.001565, -0.0, 0.0, 0.0, 0.0, 1.0],
                [1.0, 0.0, -0.0, -0.0, -0.0, 0.001565, -0.999999, 0.374721, -0.0, 0.999999, 0.001565, -0.0, 0.0, 0.0, 0.0, 1.0],
                [1.0, 0.0, -0.0, 0.0, -0.0, 0.001565, -0.999999, 0.374721, -0.0, 0.999999, 0.001565, -0.0, 0.0, 0.0, 0.0, 1.0],
