{
    "animation": [
        {
            "name": "Root",
            "time": [0.0, 0.0167, 0.0333, 0.05, 0.0667, 0.0833, 0.1, 0.1167, 0.1333, 0.15, 0.1667, 0.1833, 0.2, 0.2167, 0.2333, 0.25, 0.2667, 0.2833, 0.3, 0.3167, 0.3333, 0.35, 0.3667, 0.3833, 0.4, 0.4167, 0.4333, 0.45, 0.4667, 0.4833, 0.5, 0.5167, 0.5333, 0.55, 0.5667, 0.5833, 0.6, 0.6167, 0.6333, 0.65, 0.6667, 0.6833, 0.7, 0.7167, 0.7333, 0.75, 0.7667, 0.7833, 0.8, 0.8167, 0.8333, 0.85, 0.8667, 0.8833, 0.9, 0.9167, 0.9333, 0.95, 0.9667, 0.9833, 1.0, 1.0167, 1.0333, 1.05, 1.0667, 1.0833, 1.1, 1.1167, 1.1333, 1.15, 1.1667, 1.1833, 1.2, 1.2167, 1.2333, 1.25, 1.2667, 1.2833, 1.3, 1.3167, 1.3333, 1.35, 1.3667, 1.3833, 1.4, 1.4167, 1.4333, 1.45, 1.4667, 1.4833, 1.5, 1.5167, 1.5333, 1.55, 1.5667, 1.5833, 1.6, 1.6167, 1.6333, 1.65, 1.6667, 1.6833, 1.7, 1.7167, 1.7333, 1.75, 1.7667, 1.7833, 1.8, 1.8167, 1.8333, 1.85, 1.8667, 1.8833, 1.9, 1.9167, 1.9333, 1.95, 1.9667, 1.9833, 2.0],
            "transform": [
                [0.969149, 0.0, 0.246474, -5e-06, 0.246474, 0.0, -0.969149, 0.000946, 0.0, 1.0, 0.0, 0.757621, 0.0, 0.0, 0.0, 1.0],
                [0.969149, 0.0, 0.246474, -5e-06, 0.246474, 0.0, -0.969149, 0.000946, 0.0, 1.0, 0.0, 0.757583, 0.0, 0.0, 0.0, 1.0],
                [0.969149, 0.0, 0.246474, -5e-06, 0.246474, 0.0, -0.969149, 0.000946, 0.0, 1.0, 0.0, 0.757466, 0.0, 0.0, 0.0, 1.0],
                [0.969149, 0.0, 0.246474, -5e-06, 0.246474, 0.0, -0.969149, 0.000946, 0.0, 1.0, 0.0, 0.757271, 0.0, 0.0, 0.0, 1.0],
                [0.969149, 0.0, 0.246474, -5e-06, 0.246474, 0.0, -0.969149, 0.000946, 0.0, 1.0, 0.0, 0.756998, 0.0, 0.0, 0.0, 1.0],
                [0.969149, 0.0, 0.246474, -5e-06, 0.246474, 0.0, -0.969149, 0.000946, 0.0, 1.0, 0.0, 0.756652, 0.0, 0.0, 0.0, 1.0],
                [0.969149, 0.0, 0.246474, -5e-06, 0.246474, 0.0, -0.969149, 0.000946, 0.0, 1.0, 0.0, 0.756237, 0.0, 0.0, 0.0, 1.0],
                [0.969149, 0.0, 0.246474, -5e-06, 0.246474, 0.0, -0.969149, 0.000946, 0.0, 1.0, 0.0, 0.755764, 0.0, 0.0, 0.0, 1.0],
                [0.969149, 0.0, 0.246474, -5e-06, 0.246474, 0.0, -0.969149, 0.000946, 0.0, 1.0, 0.0, 0.755242, 0.0, 0.0, 0.0, 1.0],
                [0.969149, 0.0, 0.246474, -5e-06, 0.246474, 0.0, -0.969149, 0.000946, 0.0, 1.0, 0.0, 0.754688, 0.0, 0.0, 0.0, 1.0],
                [0.969149, 0.0, 0.246474, -5e-06, 0.246474, 0.0, -0.969149, 0.000946, 0.0, 1.0, 0.0, 0.754115, 0.0, 0.0, 0.0, 1.0],
                [0.969149, 0.0, 0.246474, -5e-06, 0.246474, 0.0, -0.969149, 0.000946, 0.0, 1.0, 0.0, 0.753543, 0.0, 0.0, 0.0, 1.0],
                [0.969149, 0.0, 0.246474, -5e-06, 0.246474, 0.0, -0.969149, 0.000946, 0.0, 1.0, 0.0, 0.752988, 0.0, 0.0, 0.0, 1.0],
                [0.969149, 0.0, 0.246474, -5e-06, 0.246474, 0.0, -0.969149, 0.000946, 0.0, 1.0, 0.0, 0.752467, 0.0, 0.0, 0.0, 1.0],
                [0.969149, 0.0, 0.246474, -5e-06, 0.246474, 0.0, -0.969149, 0.000946, 0.0, 1.0, 0.0, 0.751993, 0.0, 0.0, 0.0, 1.0],
                [0.969149, 0.0, 0.246474, -5e-06, 0.246474, 0.0, -0.969149, 0.000946, 0.0, 1.0, 0.0, 0.751579, 0.0, 0.0, 0.0, 1.0],
                [0.969149, 0.0, 0.246474, -5e-06, 0.246474, 0.0, -0.969149, 0.000946, 0.0, 1.0, 0.0, 0.751233, 0.0, 0.0, 0.0, 1.0],
                [0.969149, 0.0, 0.246474, -5e-06, 0.246474, 0.0, -0.969149, 0.000946, 0.0, 1.0, 0.0, 0.75096, 0.0, 0.0, 0.0, 1.0],
                [0.969149, 0.0, 0.246474, -5e-06, 0.246474, 0.0, -0.969149, 0.000946, 0.0, 1.0, 0.0, 0.750765, 0.0, 0.0, 0.0, 1.0],
                [0.969149, 0.0, 0.246474, -5e-06, 0.246474, 0.0, -0.969149, 0.000946, 0.0, 1.0, 0.0, 0.750648, 0.0, 0.0, 0.0, 1.0],
                [0.969149, 0.0, 0.246474, -5e-06, 0.246474, 0.0, -0.969149, 0.000946, 0.0, 1.0, 0.0, 0.750609, 0.0, 0.0, 0.0, 1.0],
                [0.969149, 0.0, 0.246474, -5e-06, 0.246474, 0.0, -0.969149, 0.000946, 0.0, 1.0, 0.0, 0.750611, 0.0, 0.0, 0.0, 1.0],
                [0.969149, 0.0, 0.246474, -5e-06, 0.246474, 0.0, -0.969149, 0.000946, 0.0, 1.0, 0.0, 0.750615, 0.0, 0.0, 0.0, 1.0],
                [0.969149, 0.0, 0.246474, -5e-06, 0.246474, 0.0, -0.969149, 0.000946, 0.0, 1.0, 0.0, 0.750623, 0.0, 0.0, 0.0, 1.0],
                [0.969149, 0.0, 0.246474, -5e-06, 0.246474, 0.0, -0.969149, 0.000946, 0.0, 1.0, 0.0, 0.750634, 0.0, 0.0, 0.0, 1.0],
                [0.969149, 0.0, 0.246474, -5e-06, 0.246474, 0.0, -0.969149, 0.000946, 0.0, 1.0, 0.0, 0.750648, 0.0, 0.0, 0.0, 1.0],
                [0.969149, 0.0, 0.246474, -5e-06, 0.246474, 0.0, -0.969149, 0.000946, 0.0, 1.0, 0.0, 0.750665, 0.0, 0.0, 0.0, 1.0],
                [0.969149, 0.0, 0.246474, -5e-06, 0.246474, 0.0, -0.969149, 0.000946, 0.0, 1.0, 0.0, 0.750685, 0.0, 0.0, 0.0, 1.0],
                [0.969149, 0.0, 0.246474, -5e-06, 0.246474, 0.0, -0.969149, 0.000946, 0.0, 1.0, 0.0, 0.750709, 0.0, 0.0, 0.0, 1.0],
                [0.969149, 0.0, 0.246474, -5e-06, 0.246474, 0.0, -0.969149, 0.000946, 0.0, 1.0, 0.0, 0.750735, 0.0, 0.0, 0.0, 1.0],
                [0.969149, 0.0, 0.246474, -5e-06, 0.246474, 0.0, -0.969149, 0.000946, 0.0, 1.0, 0.0, 0.750765, 0.0, 0.0, 0.0, 1.0],
                [0.969149, 0.0, 0.246474, -5e-06, 0.246474, 0.0, -0.969149, 0.000946, 0.0, 1.0, 0.0, 0.750798, 0.0, 0.0, 0.0, 1.0],
                [0.969149, 0.0, 0.246474, -5e-06, 0.246474, 0.0, -0.969149, 0.000946, 0.0, 1.0, 0.0, 0.750834, 0.0, 0.0, 0.0, 1.0],
                [0.969149, 0.0, 0.246474, -5e-06, 0.246474, 0.0, -0.969149, 0.000946, 0.0, 1.0, 0.0, 0.750873, 0.0, 0.0, 0.0, 1.0],
                [0.969149, 0.0, 0.246474, -5e-06, 0.246474, 0.0, -0.969149, 0.000946, 0.0, 1.0, 0.0, 0.750915, 0.0, 0.0, 0.0, 1.0],
                [0.969149, 0.0, 0.246474, -5e-06, 0.246474, 0.0, -0.969149, 0.000946, 0.0, 1.0, 0.0, 0.75096, 0.0, 0.0, 0.0, 1.0],
                [0.969149, 0.0, 0.246474, -5e-06, 0.246474, 0.0, -0.969149, 0.000946, 0.0, 1.0, 0.0, 0.751009, 0.0, 0.0, 0.0, 1.0],
                [0.969149, 0.0, 0.246474, -5e-06, 0.246474, 0.0, -0.969149, 0.000946, 0.0, 1.0, 0.0, 0.75106, 0.0, 0.0, 0.0, 1.0],
                [0.969149, 0.0, 0.246474, -5e-06, 0.246474, 0.0, -0.969149, 0.000946, 0.0, 1.0, 0.0, 0.751115, 0.0, 0.0, 0.0, 1.0],
                [0.969149, 0.0, 0.246474, -5e-06, 0.246474, 0.0, -0.969149, 0.000946, 0.0, 1.0, 0.0, 0.751172, 0.0, 0.0, 0.0, 1.0],
                [0.969149, 0.0, 0.246474, -5e-06, 0.246474, 0.0, -0.969149, 0.000946, 0.0, 1.0, 0.0, 0.751233, 0.0, 0.0, 0.0, 1.0],
                [0.969149, 0.0, 0.246474, -5e-06, 0.246474, 0.0, -0.969149, 0.000946, 0.0, 1.0, 0.0, 0.751296, 0.0, 0.0, 0.0, 1.0],
                [0.969149, 0.0, 0.246474, -5e-06, 0.246474, 0.0, -0.969149, 0.000946, 0.0, 1.0, 0.0, 0.751363, 0.0, 0.0, 0.0, 1.0],
                [0.969149, 0.0, 0.246474, -5e-06, 0.246474, 0.0, -0.969149, 0.000946, 0.0, 1.0, 0.0, 0.751432, 0.0, 0.0, 0.0, 1.0],
                [0.969149, 0.0, 0.246474, -5e-06, 0.246474, 0.0, -0.969149, 0.000946, 0.0, 1.0, 0.0, 0.751504, 0.0, 0.0, 0.0, 1.0],
                [0.969149, 0.0, 0.246474, -5e-06, 0.246474, 0.0, -0.969149, 0.000946, 0.0, 1.0, 0.0, 0.751579, 0.0, 0.0, 0.0, 1.0],
                [0.969149, 0.0, 0.246474, -5e-06, 0.246474, 0.0, -0.969149, 0.000946, 0.0, 1.0, 0.0, 0.751657, 0.0, 0.0, 0.0, 1.0],
                [0.969149, 0.0, 0.246474, -5e-06, 0.246474, 0.0, -0.969149, 0.000946, 0.0, 1.0, 0.0, 0.751737, 0.0, 0.0, 0.0, 1.0],
                [0.969149, 0.0, 0.246474, -5e-06, 0.246474, 0.0, -0.969149, 0.000946, 0.0, 1.0, 0.0, 0.75182, 0.0, 0.0, 0.0, 1.0],
                [0.969149, 0.0, 0.246474, -5e-06, 0.246474, 0.0, -0.969149, 0.000946, 0.0, 1.0, 0.0, 0.751905, 0.0, 0.0, 0.0, 1.0],
                [0.969149, 0.0, 0.246474, -5e-06, 0.246474, 0.0, -0.969149, 0.000946, 0.0, 1.0, 0.0, 0.751993, 0.0, 0.0, 0.0, 1.0],
                [0.969149, 0.0, 0.246474, -5e-06, 0.246474, 0.0, -0.969149, 0.000946, 0.0, 1.0, 0.0, 0.752084, 0.0, 0.0, 0.0, 1.0],
                [0.969149, 0.0, 0.246474, -5e-06, 0.246474, 0.0, -0.969149, 0.000946, 0.0, 1.0, 0.0, 0.752176, 0.0, 0.0, 0.0, 1.0],
                [0.969149, 0.0, 0.246474, -5e-06, 0.246474, 0.0, -0.969149, 0.000946, 0.0, 1.0, 0.0, 0.752271, 0.0, 0.0, 0.0, 1.0],
                [0.969149, 0.0, 0.246474, -5e-06, 0.246474, 0.0, -0.969149, 0.000946, 0.0, 1.0, 0.0, 0.752368, 0.0, 0.0, 0.0, 1.0],
                [0.969149, 0.0, 0.246474, -5e-06, 0.246474, 0.0, -0.969149, 0.000946, 0.0, 1.0, 0.0, 0.752467, 0.0, 0.0, 0.0, 1.0],
                [0.969149, 0.0, 0.246474, -5e-06, 0.246474, 0.0, -0.969149, 0.000946, 0.0, 1.0, 0.0, 0.752568, 0.0, 0.0, 0.0, 1.0],
                [0.969149, 0.0, 0.246474, -5e-06, 0.246474, 0.0, -0.969149, 0.000946, 0.0, 1.0, 0.0, 0.75267, 0.0, 0.0, 0.0, 1.0],
                [0.969149, 0.0, 0.246474, -5e-06, 0.246474, 0.0, -0.969149, 0.000946, 0.0, 1.0, 0.0, 0.752775, 0.0, 0.0, 0.0, 1.0],
                [0.969149, 0.0, 0.246474, -5e-06, 0.246474, 0.0, -0.969149, 0.000946, 0.0, 1.0, 0.0, 0.752881, 0.0, 0.0, 0.0, 1.0],
                [0.969149, 0.0, 0.246474, -5e-06, 0.246474, 0.0, -0.969149, 0.000946, 0.0, 1.0, 0.0, 0.752988, 0.0, 0.0, 0.0, 1.0],
                [0.969149, 0.0, 0.246474, -5e-06, 0.246474, 0.0, -0.969149, 0.000946, 0.0, 1.0, 0.0, 0.753097, 0.0, 0.0, 0.0, 1.0],
                [0.969149, 0.0, 0.246474, -5e-06, 0.246474, 0.0, -0.969149, 0.000946, 0.0, 1.0, 0.0, 0.753207, 0.0, 0.0, 0.0, 1.0],
                [0.969149, 0.0, 0.246474, -5e-06, 0.246474, 0.0, -0.969149, 0.000946, 0.0, 1.0, 0.0, 0.753318, 0.0, 0.0, 0.0, 1.0],
                [0.969149, 0.0, 0.246474, -5e-06, 0.246474, 0.0, -0.969149, 0.000946, 0.0, 1.0, 0.0, 0.75343, 0.0, 0.0, 0.0, 1.0],
                [0.969149, 0.0, 0.246474, -5e-06, 0.246474, 0.0, -0.969149, 0.000946, 0.0, 1.0, 0.0, 0.753543, 0.0, 0.0, 0.0, 1.0],
                [0.969149, 0.0, 0.246474, -5e-06, 0.246474, 0.0, -0.969149, 0.000946, 0.0, 1.0, 0.0, 0.753657, 0.0, 0.0, 0.0, 1.0],
                [0.969149, 0.0, 0.246474, -5e-06, 0.246474, 0.0, -0.969149, 0.000946, 0.0, 1.0, 0.0, 0.753771, 0.0, 0.0, 0.0, 1.0],
                [0.969149, 0.0, 0.246474, -5e-06, 0.246474, 0.0, -0.969149, 0.000946, 0.0, 1.0, 0.0, 0.753885, 0.0, 0.0, 0.0, 1.0],
                [0.969149, 0.0, 0.246474, -5e-06, 0.246474, 0.0, -0.969149, 0.000946, 0.0, 1.0, 0.0, 0.754, 0.0, 0.0, 0.0, 1.0],
                [0.969149, 0.0, 0.246474, -5e-06, 0.246474, 0.0, -0.969149, 0.000946, 0.0, 1.0, 0.0, 0.754115, 0.0, 0.0, 0.0, 1.0],
                [0.969149, 0.0, 0.246474, -5e-06, 0.246474, 0.0, -0.969149, 0.000946, 0.0, 1.0, 0.0, 0.75423, 0.0, 0.0, 0.0, 1.0],
                [0.969149, 0.0, 0.246474, -5e-06, 0.246474, 0.0, -0.969149, 0.000946, 0.0, 1.0, 0.0, 0.754345, 0.0, 0.0, 0.0, 1.0],
                [0.969149, 0.0, 0.246474, -5e-06, 0.246474, 0.0, -0.969149, 0.000946, 0.0, 1.0, 0.0, 0.75446, 0.0, 0.0, 0.0, 1.0],
                [0.969149, 0.0, 0.246474, -5e-06, 0.246474, 0.0, -0.969149, 0.000946, 0.0, 1.0, 0.0, 0.754574, 0.0, 0.0, 0.0, 1.0],
                [0.969149, 0.0, 0.246474, -5e-06, 0.246474, 0.0, -0.969149, 0.000946, 0.0, 1.0, 0.0, 0.754688, 0.0, 0.0, 0.0, 1.0],
                [0.969149, 0.0, 0.246474, -5e-06, 0.246474, 0.0, -0.969149, 0.000946, 0.0, 1.0, 0.0, 0.7548, 0.0, 0.0, 0.0, 1.0],
                [0.969149, 0.0, 0.246474, -5e-06, 0.246474, 0.0, -0.969149, 0.000946, 0.0, 1.0, 0.0, 0.754913, 0.0, 0.0, 0.0, 1.0],
                [0.969149, 0.0, 0.246474, -5e-06, 0.246474, 0.0, -0.969149, 0.000946, 0.0, 1.0, 0.0, 0.755024, 0.0, 0.0, 0.0, 1.0],
                [0.969149, 0.0, 0.246474, -5e-06, 0.246474, 0.0, -0.969149, 0.000946, 0.0, 1.0, 0.0, 0.755134, 0.0, 0.0, 0.0, 1.0],
                [0.969149, 0.0, 0.246474, -5e-06, 0.246474, 0.0, -0.969149, 0.000946, 0.0, 1.0, 0.0, 0.755242, 0.0, 0.0, 0.0, 1.0],
                [0.969149, 0.0, 0.246474, -5e-06, 0.246474, 0.0, -0.969149, 0.000946, 0.0, 1.0, 0.0, 0.75535, 0.0, 0.0, 0.0, 1.0],
                [0.969149, 0.0, 0.246474, -5e-06, 0.246474, 0.0, -0.969149, 0.000946, 0.0, 1.0, 0.0, 0.755456, 0.0, 0.0, 0.0, 1.0],
                [0.969149, 0.0, 0.246474, -5e-06, 0.246474, 0.0, -0.969149, 0.000946, 0.0, 1.0, 0.0, 0.75556, 0.0, 0.0, 0.0, 1.0],
                [0.969149, 0.0, 0.246474, -5e-06, 0.246474, 0.0, -0.969149, 0.000946, 0.0, 1.0, 0.0, 0.755663, 0.0, 0.0, 0.0, 1.0],
                [0.969149, 0.0, 0.246474, -5e-06, 0.246474, 0.0, -0.969149, 0.000946, 0.0, 1.0, 0.0, 0.755764, 0.0, 0.0, 0.0, 1.0],
                [0.969149, 0.0, 0.246474, -5e-06, 0.246474, 0.0, -0.969149, 0.000946, 0.0, 1.0, 0.0, 0.755863, 0.0, 0.0, 0.0, 1.0],
                [0.969149, 0.0, 0.246474, -5e-06, 0.246474, 0.0, -0.969149, 0.000946, 0.0, 1.0, 0.0, 0.75596, 0.0, 0.0, 0.0, 1.0],
                [0.969149, 0.0, 0.246474, -5e-06, 0.246474, 0.0, -0.969149, 0.000946, 0.0, 1.0, 0.0, 0.756054, 0.0, 0.0, 0.0, 1.0],
                [0.969149, 0.0, 0.246474, -5e-06, 0.246474, 0.0, -0.969149, 0.000946, 0.0, 1.0, 0.0, 0.756147, 0.0, 0.0, 0.0, 1.0],
                [0.969149, 0.0, 0.246474, -5e-06, 0.246474, 0.0, -0.969149, 0.000946, 0.0, 1.0, 0.0, 0.756237, 0.0, 0.0, 0.0, 1.0],
                [0.969149, 0.0, 0.246474, -5e-06, 0.246474, 0.0, -0.969149, 0.000946, 0.0, 1.0, 0.0, 0.756325, 0.0, 0.0, 0.0, 1.0],
                [0.969149, 0.0, 0.246474, -5e-06, 0.246474, 0.0, -0.969149, 0.000946, 0.0, 1.0, 0.0, 0.756411, 0.0, 0.0, 0.0, 1.0],
                [0.969149, 0.0, 0.246474, -5e-06, 0.246474, 0.0, -0.969149, 0.000946, 0.0, 1.0, 0.0, 0.756494, 0.0, 0.0, 0.0, 1.0],
                [0.969149, 0.0, 0.246474, -5e-06, 0.246474, 0.0, -0.969149, 0.000946, 0.0, 1.0, 0.0, 0.756574, 0.0, 0.0, 0.0, 1.0],
                [0.969149, 0.0, 0.246474, -5e-06, 0.246474, 0.0, -0.969149, 0.000946, 0.0, 1.0, 0.0, 0.756652, 0.0, 0.0, 0.0, 1.0],
                [0.969149, 0.0, 0.246474, -5e-06, 0.246474, 0.0, -0.969149, 0.000946, 0.0, 1.0, 0.0, 0.756727, 0.0, 0.0, 0.0, 1.0],
                [0.969149, 0.0, 0.246474, -5e-06, 0.246474, 0.0, -0.969149, 0.000946, 0.0, 1.0, 0.0, 0.756799, 0.0, 0.0, 0.0, 1.0],
                [0.969149, 0.0, 0.246474, -5e-06, 0.246474, 0.0, -0.969149, 0.000946, 0.0, 1.0, 0.0, 0.756868, 0.0, 0.0, 0.0, 1.0],
                [0.969149, 0.0, 0.246474, -5e-06, 0.246474, 0.0, -0.969149, 0.000946, 0.0, 1.0, 0.0, 0.756935, 0.0, 0.0, 0.0, 1.0],
                [0.969149, 0.0, 0.246474, -5e-06, 0.246474, 0.0, -0.969149, 0.000946, 0.0, 1.0, 0.0, 0.756998, 0.0, 0.0, 0.0, 1.0],
                [0.969149, 0.0, 0.246474, -5e-06, 0.246474, 0.0, -0.969149, 0.000946, 0.0, 1.0, 0.0, 0.757059, 0.0, 0.0, 0.0, 1.0],
                [0.969149, 0.0, 0.246474, -5e-06, 0.246474, 0.0, -0.969149, 0.000946, 0.0, 1.0, 0.0, 0.757116, 0.0, 0.0, 0.0, 1.0],
                [0.969149, 0.0, 0.246474, -5e-06, 0.246474, 0.0, -0.969149, 0.000946, 0.0, 1.0, 0.0, 0.757171, 0.0, 0.0, 0.0, 1.0],
                [0.969149, 0.0, 0.246474, -5e-06, 0.246474, 0.0, -0.969149, 0.000946, 0.0, 1.0, 0.0, 0.757222, 0.0, 0.0, 0.0, 1.0],
                [0.969149, 0.0, 0.246474, -5e-06, 0.246474, 0.0, -0.969149, 0.000946, 0.0, 1.0, 0.0, 0.757271, 0.0, 0.0, 0.0, 1.0],
                [0.969149, 0.0, 0.246474, -5e-06, 0.246474, 0.0, -0.969149, 0.000946, 0.0, 1.0, 0.0, 0.757316, 0.0, 0.0, 0.0, 1.0],
                [0.969149, 0.0, 0.246474, -5e-06, 0.246474, 0.0, -0.969149, 0.000946, 0.0, 1.0, 0.0, 0.757358, 0.0, 0.0, 0.0, 1.0],
                [0.969149, 0.0, 0.246474, -5e-06, 0.246474, 0.0, -0.969149, 0.000946, 0.0, 1.0, 0.0, 0.757397, 0.0, 0.0, 0.0, 1.0],
                [0.969149, 0.0, 0.246474, -5e-06, 0.246474, 0.0, -0.969149, 0.000946, 0.0, 1.0, 0.0, 0.757433, 0.0, 0.0, 0.0, 1.0],
                [0.969149, 0.0, 0.246474, -5e-06, 0.246474, 0.0, -0.969149, 0.000946, 0.0, 1.0, 0.0, 0.757466, 0.0, 0.0, 0.0, 1.0],
                [0.969149, 0.0, 0.246474, -5e-06, 0.246474, 0.0, -0.969149, 0.000946, 0.0, 1.0, 0.0, 0.757496, 0.0, 0.0, 0.0, 1.0],
                [0.969149, 0.0, 0.246474, -5e-06, 0.246474, 0.0, -0.969149, 0.000946, 0.0, 1.0, 0.0, 0.757522, 0.0, 0.0, 0.0, 1.0],
                [0.969149, 0.0, 0.246474, -5e-06, 0.246474, 0.0, -0.969149, 0.000946, 0.0, 1.0, 0.0, 0.757545, 0.0, 0.0, 0.0, 1.0],
                [0.969149, 0.0, 0.246474, -5e-06, 0.246474, 0.0, -0.969149, 0.000946, 0.0, 1.0, 0.0, 0.757566, 0.0, 0.0, 0.0, 1.0],
                [0.969149, 0.0, 0.246474, -5e-06, 0.246474, 0.0, -0.969149, 0.000946, 0.0, 1.0, 0.0, 0.757583, 0.0, 0.0, 0.0, 1.0],
                [0.969149, 0.0, 0.246474, -5e-06, 0.246474, 0.0, -0.969149, 0.000946, 0.0, 1.0, 0.0, 0.757597, 0.0, 0.0, 0.0, 1.0],
                [0.969149, 0.0, 0.246474, -5e-06, 0.246474, 0.0, -0.969149, 0.000946, 0.0, 1.0, 0.0, 0.757607, 0.0, 0.0, 0.0, 1.0],
                [0.969149, 0.0, 0.246474, -5e-06, 0.246474, 0.0, -0.969149, 0.000946, 0.0, 1.0, 0.0, 0.757615, 0.0, 0.0, 0.0, 1.0],
                [0.969149, 0.0, 0.246474, -5e-06, 0.246474, 0.0, -0.969149, 0.000946, 0.0, 1.0, 0.0, 0.75762, 0.0, 0.0, 0.0, 1.0],
                [0.969149, 0.0, 0.246474, -5e-06, 0.246474, 0.0, -0.969149, 0.000946, 0.0, 1.0, 0.0, 0.757621, 0.0, 0.0, 0.0, 1.0]
            ]
        },
        {
            "name": "Thigh_R",
            "time": [0.0, 0.0167, 0.0333, 0.05, 0.0667, 0.0833, 0.1, 0.1167, 0.1333, 0.15, 0.1667, 0.1833, 0.2, 0.2167, 0.2333, 0.25, 0.2667, 0.2833, 0.3, 0.3167, 0.3333, 0.35, 0.3667, 0.3833, 0.4, 0.4167, 0.4333, 0.45, 0.4667, 0.4833, 0.5, 0.5167, 0.5333, 0.55, 0.5667, 0.5833, 0.6, 0.6167, 0.6333, 0.65, 0.6667, 0.6833, 0.7, 0.7167, 0.7333, 0.75, 0.7667, 0.7833, 0.8, 0.8167, 0.8333, 0.85, 0.8667, 0.8833, 0.9, 0.9167, 0.9333, 0.95, 0.9667, 0.9833, 1.0, 1.0167, 1.0333, 1.05, 1.0667, 1.0833, 1.1, 1.1167, 1.1333, 1.15, 1.1667, 1.1833, 1.2, 1.2167, 1.2333, 1.25, 1.2667, 1.2833, 1.3, 1.3167, 1.3333, 1.35, 1.3667, 1.3833, 1.4, 1.4167, 1.4333, 1.45, 1.4667, 1.4833, 1.5, 1.5167, 1.5333, 1.55, 1.5667, 1.5833, 1.6, 1.6167, 1.6333, 1.65, 1.6667, 1.6833, 1.7, 1.7167, 1.7333, 1.75, 1.7667, 1.7833, 1.8, 1.8167, 1.8333, 1.85, 1.8667, 1.8833, 1.9, 1.9167, 1.9333, 1.95, 1.9667, 1.9833, 2.0],
            "transform": [
                [0.994115, 0.092701, -0.056047, 0.124994, 0.09895, -0.987641, 0.121551, -0.002831, -0.044087, -0.126381, -0.991002, -1.2e-05, 0.0, 0.0, 0.0, 1.0],
                [0.994112, 0.092688, -0.056128, 0.124994, 0.098987, -0.987529, 0.122425, -0.002831, -0.04408, -0.12726, -0.99089, -1.2e-05, 0.0, 0.0, 0.0, 1.0],
                [0.994101, 0.092648, -0.056378, 0.124994, 0.0991, -0.987176, 0.125149, -0.002831, -0.04406, -0.129997, -0.990535, -1.2e-05, 0.0, 0.0, 0.0, 1.0],
                [0.994085, 0.092589, -0.056757, 0.124994, 0.099275, -0.986625, 0.129287, -0.002831, -0.044027, -0.134157, -0.989982, -1.2e-05, 0.0, 0.0, 0.0, 1.0],
                [0.994064, 0.09251, -0.057254, 0.124994, 0.099507, -0.985875, 0.134716, -0.002831, -0.043983, -0.139613, -0.989229, -1.2e-05, 0.0, 0.0, 0.0, 1.0],
                [0.994039, 0.092419, -0.057831, 0.124994, 0.09978, -0.984964, 0.141029, -0.002831, -0.043928, -0.145959, -0.988315, -1.2e-05, 0.0, 0.0, 0.0, 1.0],
                [0.994012, 0.092321, -0.058457, 0.124994, 0.100082, -0.983925, 0.147899, -0.002831, -0.043863, -0.152863, -0.987274, -1.2e-05, 0.0, 0.0, 0.0, 1.0],
                [0.993982, 0.092218, -0.059115, 0.124994, 0.100404, -0.982778, 0.155134, -0.002831, -0.043791, -0.160136, -0.986123, -1.2e-05, 0.0, 0.0, 0.0, 1.0],
                [0.993953, 0.092115, -0.059775, 0.124994, 0.100734, -0.98157, 0.162398, -0.002831, -0.043714, -0.167438, -0.984913, -1.2e-05, 0.0, 0.0, 0.0, 1.0],
                [0.993922, 0.092012, -0.060434, 0.124994, 0.101068, -0.980305, 0.169667, -0.002831, -0.043632, -0.174744, -0.983647, -1.2e-05, 0.0, 0.0, 0.0, 1.0],
                [0.993893, 0.091915, -0.061058, 0.124994, 0.10139, -0.979053, 0.176564, -0.002831, -0.04355, -0.181676, -0.982394, -1.2e-05, 0.0, 0.0, 0.0, 1.0],
                [0.993865, 0.091823, -0.061653, 0.124994, 0.101701, -0.977811, 0.183146, -0.002831, -0.043468, -0.188292, -0.981151, -1.2e-05, 0.0, 0.0, 0.0, 1.0],
                [0.993839, 0.09174, -0.062193, 0.124994, 0.101988, -0.976643, 0.189119, -0.002831, -0.04339, -0.194297, -0.979983, -1.2e-05, 0.0, 0.0, 0.0, 1.0],
                [0.993815, 0.091664, -0.062683, 0.124994, 0.10225, -0.97555, 0.194544, -0.002831, -0.043317, -0.19975, -0.978889, -1.2e-05, 0.0, 0.0, 0.0, 1.0],
                [0.993794, 0.091601, -0.063103, 0.124994, 0.102479, -0.974584, 0.199208, -0.002831, -0.043252, -0.204438, -0.977924, -1.2e-05, 0.0, 0.0, 0.0, 1.0],
                [0.993777, 0.091547, -0.063459, 0.124994, 0.102675, -0.973747, 0.203159, -0.002831, -0.043195, -0.20841, -0.977087, -1.2e-05, 0.0, 0.0, 0.0, 1.0],
                [0.993762, 0.091503, -0.063749, 0.124994, 0.102835, -0.973053, 0.206377, -0.002831, -0.043147, -0.211646, -0.976394, -1.2e-05, 0.0, 0.0, 0.0, 1.0],
                [0.993751, 0.091469, -0.063972, 0.124994, 0.10296, -0.972511, 0.208858, -0.002831, -0.04311, -0.21414, -0.975852, -1.2e-05, 0.0, 0.0, 0.0, 1.0],
                [0.993743, 0.091446, -0.06413, 0.124994, 0.103048, -0.972123, 0.210611, -0.002831, -0.043083, -0.215902, -0.975464, -1.2e-05, 0.0, 0.0, 0.0, 1.0],
                [0.993738, 0.091432, -0.064223, 0.124994, 0.1031, -0.971895, 0.211638, -0.002831, -0.043067, -0.216934, -0.975236, -1.2e-05, 0.0, 0.0, 0.0, 1.0],
                [0.993736, 0.091425, -0.064262, 0.124994, 0.103121, -0.971798, 0.212073, -0.002831, -0.043061, -0.217371, -0.975139, -1.2e-05, 0.0, 0.0, 0.0, 1.0],
                [0.993736, 0.091425, -0.064261, 0.124994, 0.10312, -0.971801, 0.212059, -0.002831, -0.043061, -0.217358, -0.975142, -1.2e-05, 0.0, 0.0, 0.0, 1.0],
                [0.993736, 0.091425, -0.064257, 0.124994, 0.103118, -0.97181, 0.212019, -0.002831, -0.043062, -0.217317, -0.975151, -1.2e-05, 0.0, 0.0, 0.0, 1.0],
                [0.993737, 0.091426, -0.064251, 0.124994, 0.103114, -0.971825, 0.211951, -0.002831, -0.043063, -0.217249, -0.975166, -1.2e-05, 0.0, 0.0, 0.0, 1.0],
                [0.993737, 0.091428, -0.064243, 0.124994, 0.103109, -0.971846, 0.211855, -0.002831, -0.043065, -0.217153, -0.975188, -1.2e-05, 0.0, 0.0, 0.0, 1.0],
                [0.993738, 0.091432, -0.064223, 0.124994, 0.1031, -0.971895, 0.211638, -0.002831, -0.043067, -0.216934, -0.975236, -1.2e-05, 0.0, 0.0, 0.0, 1.0],
                [0.993739, 0.091434, -0.06421, 0.124994, 0.103092, -0.971927, 0.211492, -0.002831, -0.043069, -0.216788, -0.975269, -1.2e-05, 0.0, 0.0, 0.0, 1.0],
                [0.99374, 0.091436, -0.064194, 0.124994, 0.103083, -0.971966, 0.211318, -0.002831, -0.043072, -0.216613, -0.975307, -1.2e-05, 0.0, 0.0, 0.0, 1.0],
                [0.993741, 0.091439, -0.064175, 0.124994, 0.103073, -0.972012, 0.211111, -0.002831, -0.043075, -0.216404, -0.975353, -1.2e-05, 0.0, 0.0, 0.0, 1.0],
                [0.993742, 0.091442, -0.064154, 0.124994, 0.103061, -0.972065, 0.210875, -0.002831, -0.043079, -0.216167, -0.975406, -1.2e-05, 0.0, 0.0, 0.0, 1.0],
                [0.993743, 0.091446, -0.06413, 0.124994, 0.103048, -0.972123, 0.210611, -0.002831, -0.043083, -0.215902, -0.975464, -1.2e-05, 0.0, 0.0, 0.0, 1.0],
                [0.993744, 0.09145, -0.064104, 0.124994, 0.103033, -0.972188, 0.210319, -0.002831, -0.043088, -0.215608, -0.975529, -1.2e-05, 0.0, 0.0, 0.0, 1.0],
                [0.993746, 0.091454, -0.064075, 0.124994, 0.103017, -0.972259, 0.209997, -0.002831, -0.043092, -0.215285, -0.9756, -1.2e-05, 0.0, 0.0, 0.0, 1.0],
                [0.993747, 0.091459, -0.064043, 0.124994, 0.102999, -0.972337, 0.209646, -0.002831, -0.043098, -0.214932, -0.975678, -1.2e-05, 0.0, 0.0, 0.0, 1.0],
                [0.993749, 0.091464, -0.064009, 0.124994, 0.10298, -0.972421, 0.209267, -0.002831, -0.043104, -0.214551, -0.975761, -1.2e-05, 0.0, 0.0, 0.0, 1.0],
                [0.993751, 0.091469, -0.063972, 0.124994, 0.10296, -0.972511, 0.208858, -0.002831, -0.04311, -0.21414, -0.975852, -1.2e-05, 0.0, 0.0, 0.0, 1.0],
                [0.993753, 0.091475, -0.063933, 0.124994, 0.102938, -0.972607, 0.208421, -0.002831, -0.043116, -0.2137, -0.975947, -1.2e-05, 0.0, 0.0, 0.0, 1.0],
                [0.993755, 0.091482, -0.063891, 0.124994, 0.102914, -0.972709, 0.207954, -0.002831, -0.043123, -0.21323, -0.97605, -1.2e-05, 0.0, 0.0, 0.0, 1.0],
                [0.993757, 0.091488, -0.063846, 0.124994, 0.102889, -0.972818, 0.207458, -0.002831, -0.043131, -0.212732, -0.976159, -1.2e-05, 0.0, 0.0, 0.0, 1.0],
                [0.99376, 0.091495, -0.063799, 0.124994, 0.102863, -0.972933, 0.206933, -0.002831, -0.043139, -0.212204, -0.976273, -1.2e-05, 0.0, 0.0, 0.0, 1.0],
                [0.993762, 0.091503, -0.063749, 0.124994, 0.102835, -0.973053, 0.206377, -0.002831, -0.043147, -0.211646, -0.976394, -1.2e-05, 0.0, 0.0, 0.0, 1.0],
                [0.993765, 0.091511, -0.063696, 0.124994, 0.102806, -0.97318, 0.205792, -0.002831, -0.043156, -0.211058, -0.976521, -1.2e-05, 0.0, 0.0, 0.0, 1.0],
                [0.993768, 0.091519, -0.063641, 0.124994, 0.102775, -0.973313, 0.205179, -0.002831, -0.043165, -0.210441, -0.976654, -1.2e-05, 0.0, 0.0, 0.0, 1.0],
                [0.99377, 0.091528, -0.063583, 0.124994, 0.102743, -0.973452, 0.204534, -0.002831, -0.043174, -0.209793, -0.976792, -1.2e-05, 0.0, 0.0, 0.0, 1.0],
                [0.993773, 0.091537, -0.063522, 0.124994, 0.10271, -0.973597, 0.203861, -0.002831, -0.043184, -0.209116, -0.976937, -1.2e-05, 0.0, 0.0, 0.0, 1.0],
                [0.993777, 0.091547, -0.063459, 0.124994, 0.102675, -0.973747, 0.203159, -0.002831, -0.043195, -0.20841, -0.977087, -1.2e-05, 0.0, 0.0, 0.0, 1.0],
                [0.99378, 0.091557, -0.063393, 0.124994, 0.102638, -0.973904, 0.202427, -0.002831, -0.043205, -0.207674, -0.977244, -1.2e-05, 0.0, 0.0, 0.0, 1.0],
                [0.993783, 0.091567, -0.063324, 0.124994, 0.1026, -0.974066, 0.201665, -0.002831, -0.043216, -0.206908, -0.977406, -1.2e-05, 0.0, 0.0, 0.0, 1.0],
                [0.993787, 0.091578, -0.063253, 0.124994, 0.102561, -0.974233, 0.200875, -0.002831, -0.043228, -0.206115, -0.977573, -1.2e-05, 0.0, 0.0, 0.0, 1.0],
                [0.993791, 0.091589, -0.063179, 0.124994, 0.102521, -0.974406, 0.200056, -0.002831, -0.043239, -0.205291, -0.977746, -1.2e-05, 0.0, 0.0, 0.0, 1.0],
                [0.993794, 0.091601, -0.063103, 0.124994, 0.102479, -0.974584, 0.199208, -0.002831, -0.043252, -0.204438, -0.977924, -1.2e-05, 0.0, 0.0, 0.0, 1.0],
                [0.993798, 0.091613, -0.063024, 0.124994, 0.102436, -0.974767, 0.198331, -0.002831, -0.043264, -0.203557, -0.978107, -1.2e-05, 0.0, 0.0, 0.0, 1.0],
                [0.993802, 0.091625, -0.062942, 0.124994, 0.102391, -0.974956, 0.197426, -0.002831, -0.043277, -0.202647, -0.978295, -1.2e-05, 0.0, 0.0, 0.0, 1.0],
                [0.993806, 0.091638, -0.062858, 0.124994, 0.102345, -0.975149, 0.196493, -0.002831, -0.04329, -0.201709, -0.978489, -1.2e-05, 0.0, 0.0, 0.0, 1.0],
                [0.993811, 0.091651, -0.062772, 0.124994, 0.102298, -0.975347, 0.195532, -0.002831, -0.043303, -0.200743, -0.978687, -1.2e-05, 0.0, 0.0, 0.0, 1.0],
                [0.993815, 0.091664, -0.062683, 0.124994, 0.10225, -0.97555, 0.194544, -0.002831, -0.043317, -0.19975, -0.978889, -1.2e-05, 0.0, 0.0, 0.0, 1.0],
                [0.99382, 0.091678, -0.062591, 0.124994, 0.102201, -0.975757, 0.193529, -0.002831, -0.043331, -0.19873, -0.979096, -1.2e-05, 0.0, 0.0, 0.0, 1.0],
                [0.993824, 0.091695, -0.06249, 0.124994, 0.102147, -0.975984, 0.192409, -0.002831, -0.043346, -0.197604, -0.979323, -1.2e-05, 0.0, 0.0, 0.0, 1.0],
                [0.993829, 0.091709, -0.062393, 0.124994, 0.102095, -0.976199, 0.191342, -0.002831, -0.043361, -0.196531, -0.979539, -1.2e-05, 0.0, 0.0, 0.0, 1.0],
                [0.993834, 0.091725, -0.062294, 0.124994, 0.102042, -0.976419, 0.190243, -0.002831, -0.043375, -0.195426, -0.979759, -1.2e-05, 0.0, 0.0, 0.0, 1.0],
                [0.993839, 0.09174, -0.062193, 0.124994, 0.101988, -0.976643, 0.189119, -0.002831, -0.04339, -0.194297, -0.979983, -1.2e-05, 0.0, 0.0, 0.0, 1.0],
                [0.993844, 0.091756, -0.062089, 0.124994, 0.101932, -0.976871, 0.18797, -0.002831, -0.043406, -0.193141, -0.980211, -1.2e-05, 0.0, 0.0, 0.0, 1.0],
                [0.993849, 0.091772, -0.061983, 0.124994, 0.101876, -0.977102, 0.186798, -0.002831, -0.043421, -0.191964, -0.980441, -1.2e-05, 0.0, 0.0, 0.0, 1.0],
                [0.993854, 0.091789, -0.061875, 0.124994, 0.101818, -0.977335, 0.185603, -0.002831, -0.043437, -0.190763, -0.980675, -1.2e-05, 0.0, 0.0, 0.0, 1.0],
                [0.993859, 0.091806, -0.061765, 0.124994, 0.10176, -0.977572, 0.184385, -0.002831, -0.043453, -0.189538, -0.980912, -1.2e-05, 0.0, 0.0, 0.0, 1.0],
                [0.993865, 0.091823, -0.061653, 0.124994, 0.101701, -0.977811, 0.183146, -0.002831, -0.043468, -0.188292, -0.981151, -1.2e-05, 0.0, 0.0, 0.0, 1.0],
                [0.99387, 0.09184, -0.06154, 0.124994, 0.101641, -0.978052, 0.181885, -0.002831, -0.043485, -0.187025, -0.981392, -1.2e-05, 0.0, 0.0, 0.0, 1.0],
                [0.993876, 0.091858, -0.061424, 0.124994, 0.10158, -0.978296, 0.180604, -0.002831, -0.043501, -0.185738, -0.981636, -1.2e-05, 0.0, 0.0, 0.0, 1.0],
                [0.993881, 0.091876, -0.061306, 0.124994, 0.101518, -0.978541, 0.179306, -0.002831, -0.043517, -0.184433, -0.981882, -1.2e-05, 0.0, 0.0, 0.0, 1.0],
                [0.993887, 0.091894, -0.061187, 0.124994, 0.101456, -0.978788, 0.177988, -0.002831, -0.043533, -0.183108, -0.982129, -1.2e-05, 0.0, 0.0, 0.0, 1.0],
                [0.993893, 0.091915, -0.061058, 0.124994, 0.10139, -0.979053, 0.176564, -0.002831, -0.04355, -0.181676, -0.982394, -1.2e-05, 0.0, 0.0, 0.0, 1.0],
                [0.993899, 0.091934, -0.060938, 0.124994, 0.101327, -0.979298, 0.175236, -0.002831, -0.043567, -0.180341, -0.982639, -1.2e-05, 0.0, 0.0, 0.0, 1.0],
                [0.993905, 0.091953, -0.060814, 0.124994, 0.101263, -0.979549, 0.173863, -0.002831, -0.043583, -0.178961, -0.982891, -1.2e-05, 0.0, 0.0, 0.0, 1.0],
                [0.99391, 0.091972, -0.060689, 0.124994, 0.101198, -0.979801, 0.172477, -0.002831, -0.0436, -0.177569, -0.983142, -1.2e-05, 0.0, 0.0, 0.0, 1.0],
                [0.993916, 0.091992, -0.060562, 0.124994, 0.101133, -0.980053, 0.171078, -0.002831, -0.043616, -0.176162, -0.983395, -1.2e-05, 0.0, 0.0, 0.0, 1.0],
                [0.993922, 0.092012, -0.060434, 0.124994, 0.101068, -0.980305, 0.169667, -0.002831, -0.043632, -0.174744, -0.983647, -1.2e-05, 0.0, 0.0, 0.0, 1.0],
                [0.993928, 0.092032, -0.060305, 0.124994, 0.101002, -0.980557, 0.168246, -0.002831, -0.043649, -0.173316, -0.983899, -1.2e-05, 0.0, 0.0, 0.0, 1.0],
                [0.993934, 0.092052, -0.060176, 0.124994, 0.100936, -0.980808, 0.166816, -0.002831, -0.043665, -0.171878, -0.98415, -1.2e-05, 0.0, 0.0, 0.0, 1.0],
                [0.99394, 0.092072, -0.060045, 0.124994, 0.10087, -0.981058, 0.165379, -0.002831, -0.043681, -0.170433, -0.984401, -1.2e-05, 0.0, 0.0, 0.0, 1.0],
                [0.993946, 0.092092, -0.059915, 0.124994, 0.100803, -0.981307, 0.163934, -0.002831, -0.043697, -0.168981, -0.98465, -1.2e-05, 0.0, 0.0, 0.0, 1.0],
                [0.993953, 0.092115, -0.059775, 0.124994, 0.100734, -0.98157, 0.162398, -0.002831, -0.043714, -0.167438, -0.984913, -1.2e-05, 0.0, 0.0, 0.0, 1.0],
                [0.993958, 0.092135, -0.059646, 0.124994, 0.100669, -0.981811, 0.160975, -0.002831, -0.04373, -0.166006, -0.985155, -1.2e-05, 0.0, 0.0, 0.0, 1.0],
                [0.993965, 0.092155, -0.059513, 0.124994, 0.100602, -0.982056, 0.159513, -0.002831, -0.043745, -0.164537, -0.9854, -1.2e-05, 0.0, 0.0, 0.0, 1.0],
                [0.99397, 0.092176, -0.059381, 0.124994, 0.100536, -0.982299, 0.158052, -0.002831, -0.043761, -0.163069, -0.985644, -1.2e-05, 0.0, 0.0, 0.0, 1.0],
                [0.993976, 0.092197, -0.059248, 0.124994, 0.10047, -0.98254, 0.156591, -0.002831, -0.043776, -0.1616, -0.985885, -1.2e-05, 0.0, 0.0, 0.0, 1.0],
                [0.993982, 0.092218, -0.059115, 0.124994, 0.100404, -0.982778, 0.155134, -0.002831, -0.043791, -0.160136, -0.986123, -1.2e-05, 0.0, 0.0, 0.0, 1.0],
                [0.993988, 0.092238, -0.058983, 0.124994, 0.100339, -0.983012, 0.153682, -0.002831, -0.043806, -0.158676, -0.986359, -1.2e-05, 0.0, 0.0, 0.0, 1.0],
                [0.993994, 0.092259, -0.058852, 0.124994, 0.100274, -0.983244, 0.152235, -0.002831, -0.043821, -0.157222, -0.986591, -1.2e-05, 0.0, 0.0, 0.0, 1.0],
                [0.994, 0.092279, -0.058721, 0.124994, 0.10021, -0.983472, 0.150797, -0.002831, -0.043835, -0.155776, -0.98682, -1.2e-05, 0.0, 0.0, 0.0, 1.0],
                [0.994006, 0.092301, -0.058585, 0.124994, 0.100144, -0.983706, 0.149306, -0.002831, -0.043849, -0.154278, -0.987054, -1.2e-05, 0.0, 0.0, 0.0, 1.0],
                [0.994012, 0.092321, -0.058457, 0.124994, 0.100082, -0.983925, 0.147899, -0.002831, -0.043863, -0.152863, -0.987274, -1.2e-05, 0.0, 0.0, 0.0, 1.0],
                [0.994017, 0.092341, -0.058329, 0.124994, 0.10002, -0.984143, 0.146489, -0.002831, -0.043877, -0.151447, -0.987491, -1.2e-05, 0.0, 0.0, 0.0, 1.0],
                [0.994023, 0.092361, -0.058202, 0.124994, 0.099958, -0.984355, 0.145094, -0.002831, -0.04389, -0.150045, -0.987705, -1.2e-05, 0.0, 0.0, 0.0, 1.0],
                [0.994029, 0.092381, -0.058076, 0.124994, 0.099898, -0.984563, 0.143719, -0.002831, -0.043903, -0.148662, -0.987913, -1.2e-05, 0.0, 0.0, 0.0, 1.0],
                [0.994034, 0.0924, -0.057953, 0.124994, 0.099839, -0.984766, 0.142364, -0.002831, -0.043915, -0.1473, -0.988117, -1.2e-05, 0.0, 0.0, 0.0, 1.0],
                [0.994039, 0.092419, -0.057831, 0.124994, 0.09978, -0.984964, 0.141029, -0.002831, -0.043928, -0.145959, -0.988315, -1.2e-05, 0.0, 0.0, 0.0, 1.0],
                [0.994045, 0.09244, -0.057703, 0.124994, 0.09972, -0.985169, 0.139633, -0.002831, -0.04394, -0.144555, -0.988521, -1.2e-05, 0.0, 0.0, 0.0, 1.0],
                [0.99405, 0.092458, -0.057589, 0.124994, 0.099666, -0.985351, 0.138384, -0.002831, -0.043951, -0.1433, -0.988703, -1.2e-05, 0.0, 0.0, 0.0, 1.0],
                [0.994055, 0.092475, -0.057476, 0.124994, 0.099612, -0.98553, 0.137139, -0.002831, -0.043962, -0.142049, -0.988883, -1.2e-05, 0.0, 0.0, 0.0, 1.0],
                [0.99406, 0.092493, -0.057363, 0.124994, 0.099559, -0.985706, 0.135911, -0.002831, -0.043973, -0.140815, -0.989059, -1.2e-05, 0.0, 0.0, 0.0, 1.0],
                [0.994064, 0.09251, -0.057254, 0.124994, 0.099507, -0.985875, 0.134716, -0.002831, -0.043983, -0.139613, -0.989229, -1.2e-05, 0.0, 0.0, 0.0, 1.0],
                [0.994069, 0.092527, -0.057148, 0.124994, 0.099458, -0.986037, 0.133559, -0.002831, -0.043993, -0.138451, -0.989392, -1.2e-05, 0.0, 0.0, 0.0, 1.0],
                [0.994073, 0.092543, -0.057046, 0.124994, 0.09941, -0.986193, 0.132441, -0.002831, -0.044002, -0.137327, -0.989548, -1.2e-05, 0.0, 0.0, 0.0, 1.0],
                [0.994077, 0.092558, -0.056947, 0.124994, 0.099364, -0.986342, 0.131364, -0.002831, -0.044011, -0.136244, -0.989697, -1.2e-05, 0.0, 0.0, 0.0, 1.0],
                [0.994082, 0.092575, -0.056845, 0.124994, 0.099316, -0.986495, 0.130246, -0.002831, -0.04402, -0.135121, -0.989851, -1.2e-05, 0.0, 0.0, 0.0, 1.0],
                [0.994085, 0.092589, -0.056757, 0.124994, 0.099275, -0.986625, 0.129287, -0.002831, -0.044027, -0.134157, -0.989982, -1.2e-05, 0.0, 0.0, 0.0, 1.0],
                [0.994089, 0.092602, -0.056673, 0.124994, 0.099236, -0.986749, 0.128369, -0.002831, -0.044035, -0.133234, -0.990106, -1.2e-05, 0.0, 0.0, 0.0, 1.0],
                [0.994092, 0.092615, -0.056592, 0.124994, 0.099199, -0.986868, 0.12748, -0.002831, -0.044042, -0.132341, -0.990226, -1.2e-05, 0.0, 0.0, 0.0, 1.0],
                [0.994096, 0.092627, -0.056515, 0.124994, 0.099163, -0.986979, 0.126644, -0.002831, -0.044048, -0.131501, -0.990337, -1.2e-05, 0.0, 0.0, 0.0, 1.0],
                [0.994099, 0.092638, -0.056444, 0.124994, 0.099131, -0.987082, 0.125866, -0.002831, -0.044055, -0.130718, -0.990441, -1.2e-05, 0.0, 0.0, 0.0, 1.0],
                [0.994101, 0.092648, -0.056378, 0.124994, 0.0991, -0.987176, 0.125149, -0.002831, -0.04406, -0.129997, -0.990535, -1.2e-05, 0.0, 0.0, 0.0, 1.0],
                [0.994104, 0.092658, -0.056317, 0.124994, 0.099073, -0.987262, 0.12449, -0.002831, -0.044065, -0.129336, -0.990622, -1.2e-05, 0.0, 0.0, 0.0, 1.0],
                [0.994106, 0.092666, -0.056263, 0.124994, 0.099048, -0.987339, 0.123896, -0.002831, -0.04407, -0.128739, -0.990699, -1.2e-05, 0.0, 0.0, 0.0, 1.0],
                [0.994108, 0.092674, -0.056214, 0.124994, 0.099026, -0.987408, 0.123368, -0.002831, -0.044074, -0.128207, -0.990768, -1.2e-05, 0.0, 0.0, 0.0, 1.0],
                [0.99411, 0.092681, -0.056172, 0.124994, 0.099006, -0.987467, 0.122907, -0.002831, -0.044077, -0.127744, -0.990828, -1.2e-05, 0.0, 0.0, 0.0, 1.0],
                [0.994112, 0.092688, -0.056128, 0.124994, 0.098987, -0.987529, 0.122425, -0.002831, -0.04408, -0.12726, -0.99089, -1.2e-05, 0.0, 0.0, 0.0, 1.0],
                [0.994113, 0.092693, -0.056099, 0.124994, 0.098973, -0.987569, 0.12211, -0.002831, -0.044083, -0.126944, -0.99093, -1.2e-05, 0.0, 0.0, 0.0, 1.0],
                [0.994114, 0.092696, -0.056076, 0.124994, 0.098963, -0.9876, 0.121867, -0.002831, -0.044085, -0.126699, -0.990961, -1.2e-05, 0.0, 0.0, 0.0, 1.0],
                [0.994115, 0.092699, -0.05606, 0.124994, 0.098956, -0.987623, 0.121691, -0.002831, -0.044086, -0.126522, -0.990984, -1.2e-05, 0.0, 0.0, 0.0, 1.0],
                [0.994115, 0.0927, -0.056051, 0.124994, 0.098951, -0.987636, 0.121586, -0.002831, -0.044087, -0.126417, -0.990997, -1.2e-05, 0.0, 0.0, 0.0, 1.0],
                [0.994115, 0.092701, -0.056047, 0.124994, 0.09895, -0.987641, 0.121551, -0.002831, -0.044087, -0.126381, -0.991002, -1.2e-05, 0.0, 0.0, 0.0, 1.0]
            ]
        },
        {
            "name": "Leg_R",
            "time": [0.0, 0.0167, 0.0333, 0.05, 0.0667, 0.0833, 0.1, 0.1167, 0.1333, 0.15, 0.1667, 0.1833, 0.2, 0.2167, 0.2333, 0.25, 0.2667, 0.2833, 0.3, 0.3167, 0.3333, 0.35, 0.3667, 0.3833, 0.4, 0.4167, 0.4333, 0.45, 0.4667, 0.4833, 0.5, 0.5167, 0.5333, 0.55, 0.5667, 0.5833, 0.6, 0.6167, 0.6333, 0.65, 0.6667, 0.6833, 0.7, 0.7167, 0.7333, 0.75, 0.7667, 0.7833, 0.8, 0.8167, 0.8333, 0.85, 0.8667, 0.8833, 0.9, 0.9167, 0.9333, 0.95, 0.9667, 0.9833, 1.0, 1.0167, 1.0333, 1.05, 1.0667, 1.0833, 1.1, 1.1167, 1.1333, 1.15, 1.1667, 1.1833, 1.2, 1.2167, 1.2333, 1.25, 1.2667, 1.2833, 1.3, 1.3167, 1.3333, 1.35, 1.3667, 1.3833, 1.4, 1.4167, 1.4333, 1.45, 1.4667, 1.4833, 1.5, 1.5167, 1.5333, 1.55, 1.5667, 1.5833, 1.6, 1.6167, 1.6333, 1.65, 1.6667, 1.6833, 1.7, 1.7167, 1.7333, 1.75, 1.7667, 1.7833, 1.8, 1.8167, 1.8333, 1.85, 1.8667, 1.8833, 1.9, 1.9167, 1.9333, 1.95, 1.9667, 1.9833, 2.0],
            "transform": [
                [0.999992, -0.004059, -0.000341, -0.0, 0.004072, 0.993813, 0.110991, 0.374721, -0.000112, -0.110991, 0.993821, 0.0, 0.0, 0.0, 0.0, 1.0],
                [0.999991, -0.004123, -0.000348, 0.0, 0.004136, 0.993616, 0.112742, 0.374721, -0.000119, -0.112742, 0.993624, 0.0, 0.0, 0.0, 0.0, 1.0],
                [0.99999, -0.004322, -0.000371, -0.0, 0.004336, 0.992981, 0.118198, 0.374721, -0.000142, -0.118199, 0.99299, 0.0, 0.0, 0.0, 0.0, 1.0],
                [0.999989, -0.004625, -0.000409, -0.0, 0.00464, 0.991958, 0.126482, 0.374721, -0.00018, -0.126482, 0.991969, -0.0, 0.0, 0.0, 0.0, 1.0],
                [0.999987, -0.005022, -0.000462, -0.0, 0.005038, 0.990511, 0.13734, 0.374721, -0.000233, -0.137341, 0.990524, -0.0, 0.0, 0.0, 0.0, 1.0],
                [0.999985, -0.005484, -0.000528, 0.0, 0.005501, 0.988678, 0.149952, 0.374721, -0.0003, -0.149953, 0.988693, -0.0, 0.0, 0.0, 0.0, 1.0],
                [0.999982, -0.005985, -0.000608, 0.0, 0.006003, 0.986499, 0.163653, 0.374721, -0.00038, -0.163654, 0.986518, 0.0, 0.0, 0.0, 0.0, 1.0],
                [0.999978, -0.006511, -0.000699, -0.0, 0.006532, 0.983998, 0.17806, 0.374721, -0.000471, -0.178061, 0.984019, 0.0, 0.0, 0.0, 0.0, 1.0],
                [0.999975, -0.007039, -0.000799, 0.0, 0.007061, 0.981273, 0.192494, 0.374721, -0.000571, -0.192495, 0.981297, 0.0, 0.0, 0.0, 0.0, 1.0],
