{
    "animation": [
        {
            "name": "Root",
            "time": [0.0, 0.0167, 0.0333, 0.05, 0.0667, 0.0833, 0.1, 0.1167, 0.1333, 0.15, 0.1667, 0.1833, 0.2, 0.2167, 0.2333, 0.25, 0.2667, 0.2833, 0.3, 0.3167, 0.3333, 0.35, 0.3667, 0.3833, 0.4, 0.4167, 0.4333, 0.45, 0.4667, 0.4833, 0.5, 0.5167, 0.5333, 0.55, 0.5667, 0.5833, 0.6, 0.6167, 0.6333, 0.65, 0.6667, 0.6833, 0.7, 0.7167, 0.7333, 0.75, 0.7667, 0.7833, 0.8, 0.8167, 0.8333, 0.85, 0.8667, 0.8833, 0.9, 0.9167, 0.9333, 0.95, 0.9667, 0.9833, 1.0, 1.0167, 1.0333, 1.05, 1.0667, 1.0833, 1.1, 1.1167, 1.1333, 1.15, 1.1667, 1.1833, 1.2, 1.2167, 1.2333, 1.25, 1.2667, 1.2833, 1.3, 1.3167, 1.3333, 1.35, 1.3667, 1.3833, 1.4, 1.4167, 1.4333, 1.45, 1.4667, 1.4833, 1.5, 1.5167, 1.5333, 1.55, 1.5667, 1.5833, 1.6, 1.6167, 1.6333, 1.65, 1.6667, 1.6833, 1.7, 1.7167, 1.7333, 1.75, 1.7667, 1.7833, 1.8, 1.8167, 1.8333, 1.85, 1.8667, 1.8833, 1.9, 1.9167, 1.9333, 1.95, 1.9667, 1.9833, 2.0, 2.0167, 2.0333, 2.05, 2.0667, 2.0833, 2.1, 2.1167, 2.1333, 2.15, 2.1667, 2.1833, 2.2, 2.2167, 2.2333, 2.25, 2.2667, 2.2833, 2.3, 2.3167, 2.3333, 2.35, 2.3667, 2.3833, 2.4, 2.4167, 2.4333, 2.45, 2.4667, 2.4833, 2.5, 2.5167, 2.5333, 2.55, 2.5667, 2.5833, 2.6, 2.6167, 2.6333, 2.65, 2.6667, 2.6833, 2.7, 2.7167, 2.7333, 2.75, 2.7667, 2.7833, 2.8, 2.8167, 2.8333, 2.85, 2.8667, 2.8833, 2.9, 2.9167, 2.9333, 2.95, 2.9667, 2.9833, 3.0, 3.0167, 3.0333, 3.05, 3.0667, 3.0833, 3.1, 3.1167, 3.1333, 3.15, 3.1667, 3.1833, 3.2, 3.2167, 3.2333, 3.25, 3.2667, 3.2833, 3.3, 3.3167, 3.3333],
            "transform": [
                [0.901956, 0.0, 0.431828, -5e-06, 0.431828, 0.0, -0.901956, 0.000946, 0.0, 1.0, 0.0, 0.757621, 0.0, 0.0, 0.0, 1.0],
                [0.90285, 0.0, 0.429957, -5e-06, 0.429957, 0.0, -0.90285, 0.000946, 0.0, 1.0, 0.0, 0.757621, 0.0, 0.0, 0.0, 1.0],
                [0.905527, 0.0, 0.424288, -5e-06, 0.424288, 0.0, -0.905527, 0.000946, 0.0, 1.0, 0.0, 0.757621, 0.0, 0.0, 0.0, 1.0],
                [0.909953, 0.0, 0.414712, -5e-06, 0.414712, 0.0, -0.909953, 0.000946, 0.0, 1.0, 0.0, 0.757621, 0.0, 0.0, 0.0, 1.0],
                [0.916039, 0.0, 0.401089, -5e-06, 0.401089, 0.0, -0.916039, 0.000946, 0.0, 1.0, 0.0, 0.757621, 0.0, 0.0, 0.0, 1.0],
                [0.923645, 0.0, 0.38325, -5e-06, 0.38325, 0.0, -0.923645, 0.000946, 0.0, 1.0, 0.0, 0.757621, 0.0, 0.0, 0.0, 1.0],
                [0.932565, 0.0, 0.361003, -5e-06, 0.361003, 0.0, -0.932565, 0.000946, 0.0, 1.0, 0.0, 0.757621, 0.0, 0.0, 0.0, 1.0],
                [0.942522, 0.0, 0.334145, -5e-06, 0.334145, 0.0, -0.942522, 0.000946, 0.0, 1.0, 0.0, 0.757621, 0.0, 0.0, 0.0, 1.0],
                [0.953159, 0.0, 0.302469, -5e-06, 0.302469, 0.0, -0.953159, 0.000946, 0.0, 1.0, 0.0, 0.757621, 0.0, 0.0, 0.0, 1.0],
                [0.964031, 0.0, 0.26579, -5e-06, 0.26579, 0.0, -0.964031, 0.000946, 0.0, 1.0, 0.0, 0.757621, 0.0, 0.0, 0.0, 1.0],
                [0.974598, 0.0, 0.22396, -5e-06, 0.22396, 0.0, -0.974598, 0.000946, 0.0, 1.0, 0.0, 0.757621, 0.0, 0.0, 0.0, 1.0],
                [0.984229, 0.0, 0.176897, -5e-06, 0.176897, 0.0, -0.984229, 0.000946, 0.0, 1.0, 0.0, 0.757621, 0.0, 0.0, 0.0, 1.0],
                [0.992205, 0.0, 0.124616, -5e-06, 0.124616, 0.0, -0.992205, 0.000946, 0.0, 1.0, 0.0, 0.757621, 0.0, 0.0, 0.0, 1.0],
                [0.997735, 0.0, 0.067263, -5e-06, 0.067263, 0.0, -0.997735, 0.000946, 0.0, 1.0, 0.0, 0.757621, 0.0, 0.0, 0.0, 1.0],
                [0.999987, 0.0, 0.005143, -5e-06, 0.005143, 0.0, -0.999987, 0.000946, 0.0, 1.0, 0.0, 0.757621, 0.0, 0.0, 0.0, 1.0],
                [0.998123, 0.0, -0.061248, -5e-06, -0.061248, 0.0, -0.998123, 0.000946, 0.0, 1.0, 0.0, 0.757621, 0.0, 0.0, 0.0, 1.0],
                [0.991354, 0.0, -0.131216, -5e-06, -0.131216, 0.0, -0.991354, 0.000946, 0.0, 1.0, 0.0, 0.757621, 0.0, 0.0, 0.0, 1.0],
                [0.979, 0.0, -0.20386, -5e-06, -0.20386, 0.0, -0.979, 0.000946, 0.0, 1.0, 0.0, 0.757621, 0.0, 0.0, 0.0, 1.0],
                [0.960551, 0.0, -0.278103, -5e-06, -0.278103, 0.0, -0.960551, 0.000946, 0.0, 1.0, 0.0, 0.757621, 0.0, 0.0, 0.0, 1.0],
                [0.935725, 0.0, -0.352729, -5e-06, -0.352729, 0.0, -0.935725, 0.000946, 0.0, 1.0, 0.0, 0.757621, 0.0, 0.0, 0.0, 1.0],
                [0.90451, 0.0, -0.426452, -5e-06, -0.426452, 0.0, -0.90451, 0.000946, 0.0, 1.0, 0.0, 0.757621, 0.0, 0.0, 0.0, 1.0],
                [0.867182, 0.0, -0.497991, -5e-06, -0.497991, 0.0, -0.867182, 0.000946, 0.0, 1.0, 0.0, 0.757621, 0.0, 0.0, 0.0, 1.0],
                [0.824299, 0.0, -0.566154, -5e-06, -0.566154, 0.0, -0.824299, 0.000946, 0.0, 1.0, 0.0, 0.757621, 0.0, 0.0, 0.0, 1.0],
                [0.776662, 0.0, -0.629918, -5e-06, -0.629918, 0.0, -0.776662, 0.000946, 0.0, 1.0, 0.0, 0.757621, 0.0, 0.0, 0.0, 1.0],
                [0.725258, 0.0, -0.688478, -5e-06, -0.688478, 0.0, -0.725258, 0.000946, 0.0, 1.0, 0.0, 0.757621, 0.0, 0.0, 0.0, 1.0],
                [0.671185, 0.0, -0.74129, -5e-06, -0.74129, 0.0, -0.671185, 0.000946, 0.0, 1.0, 0.0, 0.757621, 0.0, 0.0, 0.0, 1.0],
                [0.615578, 0.0, -0.788076, -5e-06, -0.788076, 0.0, -0.615578, 0.000946, 0.0, 1.0, 0.0, 0.757621, 0.0, 0.0, 0.0, 1.0],
                [0.559539, 0.0, -0.828804, -5e-06, -0.828804, 0.0, -0.559539, 0.000946, 0.0, 1.0, 0.0, 0.757621, 0.0, 0.0, 0.0, 1.0],
                [0.504077, 0.0, -0.863658, -5e-06, -0.863658, 0.0, -0.504077, 0.000946, 0.0, 1.0, 0.0, 0.757621, 0.0, 0.0, 0.0, 1.0],
                [0.450077, 0.0, -0.89299, -5e-06, -0.89299, 0.0, -0.450077, 0.000946, 0.0, 1.0, 0.0, 0.757621, 0.0, 0.0, 0.0, 1.0],
                [0.398273, 0.0, -0.917267, -5e-06, -0.917267, 0.0, -0.398273, 0.000946, 0.0, 1.0, 0.0, 0.757621, 0.0, 0.0, 0.0, 1.0],
                [0.349247, 0.0, -0.937031, -5e-06, -0.937031, 0.0, -0.349247, 0.000946, 0.0, 1.0, 0.0, 0.757621, 0.0, 0.0, 0.0, 1.0],
                [0.303434, 0.0, -0.952852, -5e-06, -0.952852, 0.0, -0.303434, 0.000946, 0.0, 1.0, 0.0, 0.757621, 0.0, 0.0, 0.0, 1.0],
                [0.26114, 0.0, -0.965301, -5e-06, -0.965301, 0.0, -0.26114, 0.000946, 0.0, 1.0, 0.0, 0.757621, 0.0, 0.0, 0.0, 1.0],
                [0.22256, 0.0, -0.974919, -5e-06, -0.974919, 0.0, -0.22256, 0.000946, 0.0, 1.0, 0.0, 0.757621, 0.0, 0.0, 0.0, 1.0],
                [0.187803, 0.0, -0.982207, -5e-06, -0.982207, 0.0, -0.187803, 0.000946, 0.0, 1.0, 0.0, 0.757621, 0.0, 0.0, 0.0, 1.0],
                [0.156903, 0.0, -0.987614, -5e-06, -0.987614, 0.0, -0.156903, 0.000946, 0.0, 1.0, 0.0, 0.757621, 0.0, 0.0, 0.0, 1.0],
                [0.12985, 0.0, -0.991534, -5e-06, -0.991534, 0.0, -0.12985, 0.000946, 0.0, 1.0, 0.0, 0.757621, 0.0, 0.0, 0.0, 1.0],
                [0.106598, 0.0, -0.994302, -5e-06, -0.994302, 0.0, -0.106598, 0.000946, 0.0, 1.0, 0.0, 0.757621, 0.0, 0.0, 0.0, 1.0],
                [0.087079, 0.0, -0.996201, -5e-06, -0.996201, 0.0, -0.087079, 0.000946, 0.0, 1.0, 0.0, 0.757621, 0.0, 0.0, 0.0, 1.0],
                [0.071217, 0.0, -0.997461, -5e-06, -0.997461, 0.0, -0.071217, 0.000946, 0.0, 1.0, 0.0, 0.757621, 0.0, 0.0, 0.0, 1.0],
                [0.057281, 0.0, -0.998358, -5e-06, -0.998358, 0.0, -0.057281, 0.000946, 0.0, 1.0, 0.0, 0.757621, 0.0, 0.0, 0.0, 1.0],
                [0.043601, 0.0, -0.999049, -5e-06, -0.999049, 0.0, -0.043601, 0.000946, 0.0, 1.0, 0.0, 0.757621, 0.0, 0.0, 0.0, 1.0],
                [0.030195, 0.0, -0.999544, -5e-06, -0.999544, 0.0, -0.030195, 0.000946, 0.0, 1.0, 0.0, 0.757621, 0.0, 0.0, 0.0, 1.0],
                [0.017082, 0.0, -0.999854, -5e-06, -0.999854, 0.0, -0.017082, 0.000946, 0.0, 1.0, 0.0, 0.757621, 0.0, 0.0, 0.0, 1.0],
                [0.004279, 0.0, -0.999991, -5e-06, -0.999991, 0.0, -0.004279, 0.000946, 0.0, 1.0, 0.0, 0.757621, 0.0, 0.0, 0.0, 1.0],
                [-0.008195, 0.0, -0.999967, -5e-06, -0.999967, 0.0, 0.008195, 0.000946, 0.0, 1.0, 0.0, 0.757621, 0.0, 0.0, 0.0, 1.0],
                [-0.020323, 0.0, -0.999794, -5e-06, -0.999794, 0.0, 0.020323, 0.000946, 0.0, 1.0, 0.0, 0.757621, 0.0, 0.0, 0.0, 1.0],
                [-0.032086, 0.0, -0.999485, -5e-06, -0.999485, 0.0, 0.032086, 0.000946, 0.0, 1.0, 0.0, 0.757621, 0.0, 0.0, 0.0, 1.0],
                [-0.043466, 0.0, -0.999055, -5e-06, -0.999055, 0.0, 0.043466, 0.000946, 0.0, 1.0, 0.0, 0.757621, 0.0, 0.0, 0.0, 1.0],
                [-0.054447, 0.0, -0.998517, -5e-06, -0.998517, 0.0, 0.054447, 0.000946, 0.0, 1.0, 0.0, 0.757621, 0.0, 0.0, 0.0, 1.0],
                [-0.065011, 0.0, -0.997884, -5e-06, -0.997884, 0.0, 0.065011, 0.000946, 0.0, 1.0, 0.0, 0.757621, 0.0, 0.0, 0.0, 1.0],
                [-0.075143, 0.0, -0.997173, -5e-06, -0.997173, 0.0, 0.075143, 0.000946, 0.0, 1.0, 0.0, 0.757621, 0.0, 0.0, 0.0, 1.0],
                [-0.084829, 0.0, -0.996395, -5e-06, -0.996395, 0.0, 0.084829, 0.000946, 0.0, 1.0, 0.0, 0.757621, 0.0, 0.0, 0.0, 1.0],
                [-0.094057, 0.0, -0.995567, -5e-06, -0.995567, 0.0, 0.094057, 0.000946, 0.0, 1.0, 0.0, 0.757621, 0.0, 0.0, 0.0, 1.0],
                [-0.102816, 0.0, -0.9947, -5e-06, -0.9947, 0.0, 0.102816, 0.000946, 0.0, 1.0, 0.0, 0.757621, 0.0, 0.0, 0.0, 1.0],
                [-0.111097, 0.0, -0.99381, -5e-06, -0.99381, 0.0, 0.111097, 0.000946, 0.0, 1.0, 0.0, 0.757621, 0.0, 0.0, 0.0, 1.0],
                [-0.118895, 0.0, -0.992907, -5e-06, -0.992907, 0.0, 0.118895, 0.000946, 0.0, 1.0, 0.0, 0.757621, 0.0, 0.0, 0.0, 1.0],
                [-0.126206, 0.0, -0.992004, -5e-06, -0.992004, 0.0, 0.126206, 0.000946, 0.0, 1.0, 0.0, 0.757621, 0.0, 0.0, 0.0, 1.0],
                [-0.133029, 0.0, -0.991112, -5e-06, -0.991112, 0.0, 0.133029, 0.000946, 0.0, 1.0, 0.0, 0.757621, 0.0, 0.0, 0.0, 1.0],
                [-0.139369, 0.0, -0.990241, -5e-06, -0.990241, 0.0, 0.139369, 0.000946, 0.0, 1.0, 0.0, 0.757621, 0.0, 0.0, 0.0, 1.0],
                [-0.145229, 0.0, -0.989398, -5e-06, -0.989398, 0.0, 0.145229, 0.000946, 0.0, 1.0, 0.0, 0.757621, 0.0, 0.0, 0.0, 1.0],
                [-0.150618, 0.0, -0.988592, -5e-06, -0.988592, 0.0, 0.150618, 0.000946, 0.0, 1.0, 0.0, 0.757621, 0.0, 0.0, 0.0, 1.0],
                [-0.155548, 0.0, -0.987828, -5e-06, -0.987828, 0.0, 0.155548, 0.000946, 0.0, 1.0, 0.0, 0.757621, 0.0, 0.0, 0.0, 1.0],
                [-0.160033, 0.0, -0.987112, -5e-06, -0.987112, 0.0, 0.160033, 0.000946, 0.0, 1.0, 0.0, 0.757621, 0.0, 0.0, 0.0, 1.0],
                [-0.164087, 0.0, -0.986446, -5e-06, -0.986446, 0.0, 0.164087, 0.000946, 0.0, 1.0, 0.0, 0.757621, 0.0, 0.0, 0.0, 1.0],
                [-0.167729, 0.0, -0.985833, -5e-06, -0.985833, 0.0, 0.167729, 0.000946, 0.0, 1.0, 0.0, 0.757621, 0.0, 0.0, 0.0, 1.0],
                [-0.170979, 0.0, -0.985275, -5e-06, -0.985275, 0.0, 0.170979, 0.000946, 0.0, 1.0, 0.0, 0.757621, 0.0, 0.0, 0.0, 1.0],
                [-0.173856, 0.0, -0.984771, -5e-06, -0.984771, 0.0, 0.173856, 0.000946, 0.0, 1.0, 0.0, 0.757621, 0.0, 0.0, 0.0, 1.0],
                [-0.176385, 0.0, -0.984321, -5e-06, -0.984321, 0.0, 0.176385, 0.000946, 0.0, 1.0, 0.0, 0.757621, 0.0, 0.0, 0.0, 1.0],
                [-0.178585, 0.0, -0.983925, -5e-06, -0.983925, 0.0, 0.178585, 0.000946, 0.0, 1.0, 0.0, 0.757621, 0.0, 0.0, 0.0, 1.0],
                [-0.180479, 0.0, -0.983579, -5e-06, -0.983579, 0.0, 0.180479, 0.000946, 0.0, 1.0, 0.0, 0.757621, 0.0, 0.0, 0.0, 1.0],
                [-0.182089, 0.0, -0.983282, -5e-06, -0.983282, 0.0, 0.182089, 0.000946, 0.0, 1.0, 0.0, 0.757621, 0.0, 0.0, 0.0, 1.0],
                [-0.183438, 0.0, -0.983031, -5e-06, -0.983031, 0.0, 0.183438, 0.000946, 0.0, 1.0, 0.0, 0.757621, 0.0, 0.0, 0.0, 1.0],
                [-0.184546, 0.0, -0.982824, -5e-06, -0.982824, 0.0, 0.184546, 0.000946, 0.0, 1.0, 0.0, 0.757621, 0.0, 0.0, 0.0, 1.0],
                [-0.185434, 0.0, -0.982657, -5e-06, -0.982657, 0.0, 0.185434, 0.000946, 0.0, 1.0, 0.0, 0.757621, 0.0, 0.0, 0.0, 1.0],
                [-0.186121, 0.0, -0.982527, -5e-06, -0.982527, 0.0, 0.186121, 0.000946, 0.0, 1.0, 0.0, 0.757621, 0.0, 0.0, 0.0, 1.0],
                [-0.186627, 0.0, -0.982431, -5e-06, -0.982431, 0.0, 0.186627, 0.000946, 0.0, 1.0, 0.0, 0.757621, 0.0, 0.0, 0.0, 1.0],
                [-0.186968, 0.0, -0.982366, -5e-06, -0.982366, 0.0, 0.186968, 0.000946, 0.0, 1.0, 0.0, 0.757621, 0.0, 0.0, 0.0, 1.0],
                [-0.187161, 0.0, -0.982329, -5e-06, -0.982329, 0.0, 0.187161, 0.000946, 0.0, 1.0, 0.0, 0.757621, 0.0, 0.0, 0.0, 1.0],
                [-0.187223, 0.0, -0.982318, -5e-06, -0.982318, 0.0, 0.187223, 0.000946, 0.0, 1.0, 0.0, 0.757621, 0.0, 0.0, 0.0, 1.0],
                [-0.187223, 0.0, -0.982318, -5.4e-05, -0.982318, 0.0, 0.187223, 0.000921, 0.0, 1.0, 0.0, 0.75538, 0.0, 0.0, 0.0, 1.0],
                [-0.187223, 0.0, -0.982318, -0.000203, -0.982318, 0.0, 0.187223, 0.000845, 0.0, 1.0, 0.0, 0.74848, 0.0, 0.0, 0.0, 1.0],
                [-0.187223, 0.0, -0.982318, -0.000453, -0.982318, 0.0, 0.187223, 0.000717, 0.0, 1.0, 0.0, 0.7369, 0.0, 0.0, 0.0, 1.0],
                [-0.187223, 0.0, -0.982318, -0.000803, -0.982318, 0.0, 0.187223, 0.000538, 0.0, 1.0, 0.0, 0.721098, 0.0, 0.0, 0.0, 1.0],
                [-0.187223, 0.0, -0.982318, -0.001251, -0.982318, 0.0, 0.187223, 0.000309, 0.0, 1.0, 0.0, 0.702128, 0.0, 0.0, 0.0, 1.0],
                [-0.187223, 0.0, -0.982318, -0.001794, -0.982318, 0.0, 0.187223, 3.2e-05, 0.0, 1.0, 0.0, 0.681552, 0.0, 0.0, 0.0, 1.0],
                [-0.187223, 0.0, -0.982318, -0.002426, -0.982318, 0.0, 0.187223, -0.000291, 0.0, 1.0, 0.0, 0.661088, 0.0, 0.0, 0.0, 1.0],
                [-0.187223, 0.0, -0.982318, -0.003139, -0.982318, 0.0, 0.187223, -0.000655, 0.0, 1.0, 0.0, 0.642214, 0.0, 0.0, 0.0, 1.0],
                [-0.187223, 0.0, -0.982318, -0.003922, -0.982318, 0.0, 0.187223, -0.001056, 0.0, 1.0, 0.0, 0.625926, 0.0, 0.0, 0.0, 1.0],
                [-0.187223, 0.0, -0.982318, -0.004763, -0.982318, 0.0, 0.187223, -0.001486, 0.0, 1.0, 0.0, 0.612731, 0.0, 0.0, 0.0, 1.0],
                [-0.187223, 0.0, -0.982318, -0.005647, -0.982318, 0.0, 0.187223, -0.001937, 0.0, 1.0, 0.0, 0.600649, 0.0, 0.0, 0.0, 1.0],
                [-0.187223, 0.0, -0.982318, -0.006558, -0.982318, 0.0, 0.187223, -0.002403, 0.0, 1.0, 0.0, 0.588126, 0.0, 0.0, 0.0, 1.0],
                [-0.187223, 0.0, -0.982318, -0.007477, -0.982318, 0.0, 0.187223, -0.002873, 0.0, 1.0, 0.0, 0.576552, 0.0, 0.0, 0.0, 1.0],
                [-0.187223, 0.0, -0.982318, -0.008388, -0.982318, 0.0, 0.187223, -0.003338, 0.0, 1.0, 0.0, 0.567617, 0.0, 0.0, 0.0, 1.0],
                [-0.187223, 0.0, -0.982318, -0.009272, -0.982318, 0.0, 0.187223, -0.00379, 0.0, 1.0, 0.0, 0.562347, 0.0, 0.0, 0.0, 1.0],
                [-0.187223, 0.0, -0.982318, -0.010113, -0.982318, 0.0, 0.187223, -0.00422, 0.0, 1.0, 0.0, 0.560716, 0.0, 0.0, 0.0, 1.0],
                [-0.144276, 0.0, -0.989537, -0.01177, -0.989537, 0.0, 0.144276, 0.052614, 0.0, 1.0, 0.0, 0.570612, 0.0, 0.0, 0.0, 1.0],
                [-0.004184, 0.0, -0.999991, -0.014833, -0.999991, 0.0, 0.004184, 0.228311, 0.0, 1.0, 0.0, 0.600392, 0.0, 0.0, 0.0, 1.0],
                [0.250437, 0.0, -0.968133, -0.018328, -0.968133, 0.0, -0.250437, 0.521329, 0.0, 1.0, 0.0, 0.648975, 0.0, 0.0, 0.0, 1.0],
                [0.595428, 0.0, -0.803408, -0.020698, -0.803408, 0.0, -0.595428, 0.914782, 0.0, 1.0, 0.0, 0.713149, 0.0, 0.0, 0.0, 1.0],
                [0.898326, 0.0, -0.43933, -0.02125, -0.43933, 0.0, -0.898326, 1.374456, 0.0, 1.0, 0.0, 0.787524, 0.0, 0.0, 0.0, 1.0],
                [0.999662, 0.0, 0.02601, -0.021522, 0.02601, 0.0, -0.999662, 1.853555, 0.0, 1.0, 0.0, 0.865585, 0.0, 0.0, 0.0, 1.0],
                [0.911366, 0.0, 0.411598, -0.022885, 0.411598, 0.0, -0.911366, 2.304638, 0.0, 1.0, 0.0, 0.941344, 0.0, 0.0, 0.0, 1.0],
                [0.755787, 0.0, 0.654817, -0.024601, 0.654817, 0.0, -0.755787, 2.693149, 0.0, 1.0, 0.0, 1.010433, 0.0, 0.0, 0.0, 1.0],
                [0.613746, 0.0, 0.789503, -0.025371, 0.789503, 0.0, -0.613746, 3.001695, 0.0, 1.0, 0.0, 1.070162, 0.0, 0.0, 0.0, 1.0],
                [0.489587, 0.0, 0.871955, -0.025546, 0.871955, 0.0, -0.489587, 3.261274, 0.0, 1.0, 0.0, 1.124784, 0.0, 0.0, 0.0, 1.0],
                [0.36782, 0.0, 0.929897, -0.026003, 0.929897, 0.0, -0.36782, 3.505924, 0.0, 1.0, 0.0, 1.178487, 0.0, 0.0, 0.0, 1.0],
                [0.250977, 0.0, 0.967993, -0.026659, 0.967993, 0.0, -0.250977, 3.733731, 0.0, 1.0, 0.0, 1.229496, 0.0, 0.0, 0.0, 1.0],
                [0.140035, 0.0, 0.990146, -0.027456, 0.990146, 0.0, -0.140035, 3.943684, 0.0, 1.0, 0.0, 1.276223, 0.0, 0.0, 0.0, 1.0],
                [0.035004, 0.0, 0.999387, -0.028356, 0.999387, 0.0, -0.035004, 4.136362, 0.0, 1.0, 0.0, 1.317352, 0.0, 0.0, 0.0, 1.0],
                [-0.064644, 0.0, 0.997908, -0.029338, 0.997908, 0.0, 0.064644, 4.314247, 0.0, 1.0, 0.0, 1.351882, 0.0, 0.0, 0.0, 1.0],
                [-0.159645, 0.0, 0.987174, -0.03039, 0.987174, 0.0, 0.159645, 4.481288, 0.0, 1.0, 0.0, 1.379123, 0.0, 0.0, 0.0, 1.0],
                [-0.250683, 0.0, 0.968069, -0.031508, 0.968069, 0.0, 0.250683, 4.641882, 0.0, 1.0, 0.0, 1.398675, 0.0, 0.0, 0.0, 1.0],
                [-0.338213, 0.0, 0.94107, -0.03269, 0.94107, 0.0, 0.338213, 4.799904, 0.0, 1.0, 0.0, 1.410375, 0.0, 0.0, 0.0, 1.0],
                [-0.422372, 0.0, 0.906423, -0.033934, 0.906423, 0.0, 0.422372, 4.958232, 0.0, 1.0, 0.0, 1.414245, 0.0, 0.0, 0.0, 1.0],
                [-0.509466, 0.0, 0.860491, -0.034986, 0.860491, 0.0, 0.509466, 5.113932, 0.0, 1.0, 0.0, 1.411547, 0.0, 0.0, 0.0, 1.0],
                [-0.604748, 0.0, 0.796417, -0.035656, 0.796417, 0.0, 0.604748, 5.262099, 0.0, 1.0, 0.0, 1.403252, 0.0, 0.0, 0.0, 1.0],
                [-0.704933, 0.0, 0.709274, -0.035997, 0.709274, 0.0, 0.704933, 5.401861, 0.0, 1.0, 0.0, 1.389088, 0.0, 0.0, 0.0, 1.0],
                [-0.804007, 0.0, 0.59462, -0.035931, 0.59462, 0.0, 0.804007, 5.532418, 0.0, 1.0, 0.0, 1.368858, 0.0, 0.0, 0.0, 1.0],
                [-0.892931, 0.0, 0.450195, -0.035145, 0.450195, 0.0, 0.892931, 5.653234, 0.0, 1.0, 0.0, 1.342483, 0.0, 0.0, 0.0, 1.0],
                [-0.960556, 0.0, 0.278088, -0.033024, 0.278088, 0.0, 0.960556, 5.764328, 0.0, 1.0, 0.0, 1.310052, 0.0, 0.0, 0.0, 1.0],
                [-0.99627, 0.0, 0.086282, -0.028717, 0.086282, 0.0, 0.99627, 5.866571, 0.0, 1.0, 0.0, 1.271863, 0.0, 0.0, 0.0, 1.0],
                [-0.993711, 0.0, -0.111969, -0.021388, -0.111969, 0.0, 0.993711, 5.961851, 0.0, 1.0, 0.0, 1.228439, 0.0, 0.0, 0.0, 1.0],
                [-0.953468, 0.0, -0.301495, -0.010562, -0.301495, 0.0, 0.953468, 6.05289, 0.0, 1.0, 0.0, 1.180514, 0.0, 0.0, 0.0, 1.0],
                [-0.882828, 0.0, -0.469698, 0.003655, -0.469698, 0.0, 0.882828, 6.142745, 0.0, 1.0, 0.0, 1.128986, 0.0, 0.0, 0.0, 1.0],
                [-0.792756, 0.0, -0.60954, 0.020619, -0.60954, 0.0, 0.792756, 6.234221, 0.0, 1.0, 0.0, 1.074849, 0.0, 0.0, 0.0, 1.0],
                [-0.694227, 0.0, -0.719756, 0.039396, -0.719756, 0.0, 0.694227, 6.329472, 0.0, 1.0, 0.0, 1.019121, 0.0, 0.0, 0.0, 1.0],
                [-0.595836, 0.0, -0.803106, 0.059037, -0.803106, 0.0, 0.595836, 6.429888, 0.0, 1.0, 0.0, 0.962787, 0.0, 0.0, 0.0, 1.0],
                [-0.503118, 0.0, -0.864217, 0.078744, -0.864217, 0.0, 0.503118, 6.536194, 0.0, 1.0, 0.0, 0.906763, 0.0, 0.0, 0.0, 1.0],
                [-0.418978, 0.0, -0.907996, 0.097933, -0.907996, 0.0, 0.418978, 6.648633, 0.0, 1.0, 0.0, 0.851864, 0.0, 0.0, 0.0, 1.0],
                [-0.332851, 0.0, -0.942979, 0.11904, -0.942979, 0.0, 0.332851, 6.773993, 0.0, 1.0, 0.0, 0.794281, 0.0, 0.0, 0.0, 1.0],
                [-0.232525, 0.0, -0.972591, 0.14501, -0.972591, 0.0, 0.232525, 6.91894, 0.0, 1.0, 0.0, 0.730334, 0.0, 0.0, 0.0, 1.0],
                [-0.118532, 0.0, -0.99295, 0.17573, -0.99295, 0.0, 0.118532, 7.081613, 0.0, 1.0, 0.0, 0.661662, 0.0, 0.0, 0.0, 1.0],
                [0.00526, 0.0, -0.999986, 0.210232, -0.999986, 0.0, -0.00526, 7.257082, 0.0, 1.0, 0.0, 0.591096, 0.0, 0.0, 0.0, 1.0],
                [0.130825, 0.0, -0.991405, 0.246585, -0.991405, 0.0, -0.130825, 7.436783, 0.0, 1.0, 0.0, 0.522646, 0.0, 0.0, 0.0, 1.0],
                [0.247221, 0.0, -0.968959, 0.282353, -0.968959, 0.0, -0.247221, 7.609312, 0.0, 1.0, 0.0, 0.460911, 0.0, 0.0, 0.0, 1.0],
                [0.343971, 0.0, -0.93898, 0.315493, -0.93898, 0.0, -0.343971, 7.762808, 0.0, 1.0, 0.0, 0.410048, 0.0, 0.0, 0.0, 1.0],
                [0.414294, 0.0, -0.910143, 0.345001, -0.910143, 0.0, -0.414294, 7.887712, 0.0, 1.0, 0.0, 0.37289, 0.0, 0.0, 0.0, 1.0],
                [0.455852, 0.0, -0.890056, 0.370801, -0.890056, 0.0, -0.455852, 7.978283, 0.0, 1.0, 0.0, 0.350695, 0.0, 0.0, 0.0, 1.0],
                [0.469311, 0.0, -0.883033, 0.393108, -0.883033, 0.0, -0.469311, 8.03247, 0.0, 1.0, 0.0, 0.343446, 0.0, 0.0, 0.0, 1.0],
                [0.469311, 0.0, -0.883033, 0.413504, -0.883033, 0.0, -0.469311, 8.067517, 0.0, 1.0, 0.0, 0.343446, 0.0, 0.0, 0.0, 1.0],
                [0.469311, 0.0, -0.883033, 0.433468, -0.883033, 0.0, -0.469311, 8.100472, 0.0, 1.0, 0.0, 0.343446, 0.0, 0.0, 0.0, 1.0],
                [0.469311, 0.0, -0.883033, 0.452886, -0.883033, 0.0, -0.469311, 8.131149, 0.0, 1.0, 0.0, 0.343446, 0.0, 0.0, 0.0, 1.0],
                [0.469311, 0.0, -0.883033, 0.471651, -0.883033, 0.0, -0.469311, 8.15936, 0.0, 1.0, 0.0, 0.343446, 0.0, 0.0, 0.0, 1.0],
                [0.469311, 0.0, -0.883033, 0.489664, -0.883033, 0.0, -0.469311, 8.18493, 0.0, 1.0, 0.0, 0.343446, 0.0, 0.0, 0.0, 1.0],
                [0.469311, 0.0, -0.883033, 0.506833, -0.883033, 0.0, -0.469311, 8.20771, 0.0, 1.0, 0.0, 0.343446, 0.0, 0.0, 0.0, 1.0],
                [0.469311, 0.0, -0.883033, 0.523075, -0.883033, 0.0, -0.469311, 8.227595, 0.0, 1.0, 0.0, 0.343446, 0.0, 0.0, 0.0, 1.0],
                [0.469311, 0.0, -0.883033, 0.538319, -0.883033, 0.0, -0.469311, 8.244539, 0.0, 1.0, 0.0, 0.343446, 0.0, 0.0, 0.0, 1.0],
                [0.469311, 0.0, -0.883033, 0.5525, -0.883033, 0.0, -0.469311, 8.258573, 0.0, 1.0, 0.0, 0.343446, 0.0, 0.0, 0.0, 1.0],
                [0.469311, 0.0, -0.883033, 0.565565, -0.883033, 0.0, -0.469311, 8.269811, 0.0, 1.0, 0.0, 0.343446, 0.0, 0.0, 0.0, 1.0],
                [0.469311, 0.0, -0.883033, 0.577467, -0.883033, 0.0, -0.469311, 8.278456, 0.0, 1.0, 0.0, 0.343446, 0.0, 0.0, 0.0, 1.0],
                [0.469311, 0.0, -0.883033, 0.58817, -0.883033, 0.0, -0.469311, 8.284779, 0.0, 1.0, 0.0, 0.343446, 0.0, 0.0, 0.0, 1.0],
                [0.469311, 0.0, -0.883033, 0.597646, -0.883033, 0.0, -0.469311, 8.289115, 0.0, 1.0, 0.0, 0.343446, 0.0, 0.0, 0.0, 1.0],
                [0.469311, 0.0, -0.883033, 0.605873, -0.883033, 0.0, -0.469311, 8.291824, 0.0, 1.0, 0.0, 0.343446, 0.0, 0.0, 0.0, 1.0],
                [0.469311, 0.0, -0.883033, 0.612835, -0.883033, 0.0, -0.469311, 8.293279, 0.0, 1.0, 0.0, 0.343446, 0.0, 0.0, 0.0, 1.0],
                [0.469311, 0.0, -0.883033, 0.618527, -0.883033, 0.0, -0.469311, 8.293836, 0.0, 1.0, 0.0, 0.343446, 0.0, 0.0, 0.0, 1.0],
                [0.469311, 0.0, -0.883033, 0.622944, -0.883033, 0.0, -0.469311, 8.293822, 0.0, 1.0, 0.0, 0.343446, 0.0, 0.0, 0.0, 1.0],
                [0.469311, 0.0, -0.883033, 0.626088, -0.883033, 0.0, -0.469311, 8.293531, 0.0, 1.0, 0.0, 0.343446, 0.0, 0.0, 0.0, 1.0],
                [0.469311, 0.0, -0.883033, 0.627967, -0.883033, 0.0, -0.469311, 8.293209, 0.0, 1.0, 0.0, 0.343446, 0.0, 0.0, 0.0, 1.0],
                [0.469311, 0.0, -0.883033, 0.628591, -0.883033, 0.0, -0.469311, 8.293064, 0.0, 1.0, 0.0, 0.343446, 0.0, 0.0, 0.0, 1.0],
                [0.470989, 0.0, -0.882139, 0.628057, -0.882139, 0.0, -0.470989, 8.294382, 0.0, 1.0, 0.0, 0.344014, 0.0, 0.0, 0.0, 1.0],
                [0.476044, 0.0, -0.879422, 0.626432, -0.879422, 0.0, -0.476044, 8.298348, 0.0, 1.0, 0.0, 0.345728, 0.0, 0.0, 0.0, 1.0],
                [0.484497, 0.0, -0.874793, 0.623656, -0.874793, 0.0, -0.484497, 8.304956, 0.0, 1.0, 0.0, 0.348597, 0.0, 0.0, 0.0, 1.0],
                [0.496347, 0.0, -0.868124, 0.619642, -0.868124, 0.0, -0.496347, 8.314168, 0.0, 1.0, 0.0, 0.352627, 0.0, 0.0, 0.0, 1.0],
                [0.511564, 0.0, -0.859245, 0.614273, -0.859245, 0.0, -0.511564, 8.32591, 0.0, 1.0, 0.0, 0.357818, 0.0, 0.0, 0.0, 1.0],
                [0.530086, 0.0, -0.847944, 0.607408, -0.847944, 0.0, -0.530086, 8.340064, 0.0, 1.0, 0.0, 0.364164, 0.0, 0.0, 0.0, 1.0],
                [0.551803, 0.0, -0.833974, 0.598884, -0.833974, 0.0, -0.551803, 8.356465, 0.0, 1.0, 0.0, 0.371652, 0.0, 0.0, 0.0, 1.0],
                [0.576554, 0.0, -0.817059, 0.588528, -0.817059, 0.0, -0.576554, 8.374896, 0.0, 1.0, 0.0, 0.380261, 0.0, 0.0, 0.0, 1.0],
                [0.60411, 0.0, -0.796901, 0.576158, -0.796901, 0.0, -0.60411, 8.395077, 0.0, 1.0, 0.0, 0.389963, 0.0, 0.0, 0.0, 1.0],
                [0.634167, 0.0, -0.773196, 0.561603, -0.773196, 0.0, -0.634167, 8.416664, 0.0, 1.0, 0.0, 0.40072, 0.0, 0.0, 0.0, 1.0],
                [0.666338, 0.0, -0.74565, 0.544715, -0.74565, 0.0, -0.666338, 8.439251, 0.0, 1.0, 0.0, 0.412482, 0.0, 0.0, 0.0, 1.0],
                [0.700144, 0.0, -0.714002, 0.525384, -0.714002, 0.0, -0.700144, 8.462368, 0.0, 1.0, 0.0, 0.425192, 0.0, 0.0, 0.0, 1.0],
                [0.735019, 0.0, -0.678047, 0.503559, -0.678047, 0.0, -0.735019, 8.485488, 0.0, 1.0, 0.0, 0.43878, 0.0, 0.0, 0.0, 1.0],
                [0.770312, 0.0, -0.637667, 0.479266, -0.637667, 0.0, -0.770312, 8.508048, 0.0, 1.0, 0.0, 0.453166, 0.0, 0.0, 0.0, 1.0],
                [0.805306, 0.0, -0.592859, 0.452623, -0.592859, 0.0, -0.805306, 8.529462, 0.0, 1.0, 0.0, 0.468259, 0.0, 0.0, 0.0, 1.0],
                [0.839244, 0.0, -0.543756, 0.42385, -0.543756, 0.0, -0.839244, 8.549149, 0.0, 1.0, 0.0, 0.48396, 0.0, 0.0, 0.0, 1.0],
                [0.871359, 0.0, -0.490645, 0.393275, -0.490645, 0.0, -0.871359, 8.566568, 0.0, 1.0, 0.0, 0.500157, 0.0, 0.0, 0.0, 1.0],
                [0.900922, 0.0, -0.43398, 0.361324, -0.43398, 0.0, -0.900922, 8.581249, 0.0, 1.0, 0.0, 0.516735, 0.0, 0.0, 0.0, 1.0],
                [0.92728, 0.0, -0.374369, 0.328507, -0.374369, 0.0, -0.92728, 8.592825, 0.0, 1.0, 0.0, 0.533569, 0.0, 0.0, 0.0, 1.0],
                [0.949899, 0.0, -0.312557, 0.295393, -0.312557, 0.0, -0.949899, 8.601054, 0.0, 1.0, 0.0, 0.550533, 0.0, 0.0, 0.0, 1.0],
                [0.968403, 0.0, -0.249391, 0.262573, -0.249391, 0.0, -0.968403, 8.605843, 0.0, 1.0, 0.0, 0.567498, 0.0, 0.0, 0.0, 1.0],
                [0.982592, 0.0, -0.185776, 0.230627, -0.185776, 0.0, -0.982592, 8.607242, 0.0, 1.0, 0.0, 0.584332, 0.0, 0.0, 0.0, 1.0],
                [0.992453, 0.0, -0.122628, 0.200085, -0.122628, 0.0, -0.992453, 8.605447, 0.0, 1.0, 0.0, 0.60091, 0.0, 0.0, 0.0, 1.0],
                [0.998149, 0.0, -0.060824, 0.171399, -0.060824, 0.0, -0.998149, 8.600771, 0.0, 1.0, 0.0, 0.617107, 0.0, 0.0, 0.0, 1.0],
                [0.999999, 0.0, -0.001163, 0.144921, -0.001163, 0.0, -0.999999, 8.593625, 0.0, 1.0, 0.0, 0.632807, 0.0, 0.0, 0.0, 1.0],
                [0.998449, 0.0, 0.05567, 0.120892, 0.05567, 0.0, -0.998449, 8.584476, 0.0, 1.0, 0.0, 0.647901, 0.0, 0.0, 0.0, 1.0],
                [0.994029, 0.0, 0.109116, 0.099439, 0.109116, 0.0, -0.994029, 8.573825, 0.0, 1.0, 0.0, 0.662287, 0.0, 0.0, 0.0, 1.0],
                [0.987318, 0.0, 0.158755, 0.080588, 0.158755, 0.0, -0.987318, 8.562169, 0.0, 1.0, 0.0, 0.675875, 0.0, 0.0, 0.0, 1.0],
                [0.97891, 0.0, 0.204294, 0.064276, 0.204294, 0.0, -0.97891, 8.549982, 0.0, 1.0, 0.0, 0.688585, 0.0, 0.0, 0.0, 1.0],
                [0.969381, 0.0, 0.245561, 0.05037, 0.245561, 0.0, -0.969381, 8.537696, 0.0, 1.0, 0.0, 0.700347, 0.0, 0.0, 0.0, 1.0],
                [0.959273, 0.0, 0.282482, 0.038688, 0.282482, 0.0, -0.959273, 8.525694, 0.0, 1.0, 0.0, 0.711104, 0.0, 0.0, 0.0, 1.0],
                [0.94907, 0.0, 0.315064, 0.029019, 0.315064, 0.0, -0.94907, 8.514298, 0.0, 1.0, 0.0, 0.720806, 0.0, 0.0, 0.0, 1.0],
                [0.9392, 0.0, 0.343371, 0.021138, 0.343371, 0.0, -0.9392, 8.503777, 0.0, 1.0, 0.0, 0.729415, 0.0, 0.0, 0.0, 1.0],
                [0.930021, 0.0, 0.367507, 0.014825, 0.367507, 0.0, -0.930021, 8.49434, 0.0, 1.0, 0.0, 0.736903, 0.0, 0.0, 0.0, 1.0],
                [0.921829, 0.0, 0.387598, 0.00987, 0.387598, 0.0, -0.921829, 8.486154, 0.0, 1.0, 0.0, 0.743249, 0.0, 0.0, 0.0, 1.0],
                [0.914857, 0.0, 0.403779, 0.006088, 0.403779, 0.0, -0.914857, 8.479338, 0.0, 1.0, 0.0, 0.748439, 0.0, 0.0, 0.0, 1.0],
                [0.909282, 0.0, 0.416181, 0.00332, 0.416181, 0.0, -0.909282, 8.473979, 0.0, 1.0, 0.0, 0.752469, 0.0, 0.0, 0.0, 1.0],
                [0.905229, 0.0, 0.424924, 0.001439, 0.424924, 0.0, -0.905229, 8.470128, 0.0, 1.0, 0.0, 0.755339, 0.0, 0.0, 0.0, 1.0],
                [0.902775, 0.0, 0.430112, 0.00035, 0.430112, 0.0, -0.902775, 8.467814, 0.0, 1.0, 0.0, 0.757053, 0.0, 0.0, 0.0, 1.0],
                [0.901956, 0.0, 0.431828, -5e-06, 0.431828, 0.0, -0.901956, 8.467045, 0.0, 1.0, 0.0, 0.757621, 0.0, 0.0, 0.0, 1.0]
            ]
        },
        {
            "name": "Thigh_R",
            "time": [0.0, 0.0167, 0.0333, 0.05, 0.0667, 0.0833, 0.1, 0.1167, 0.1333, 0.15, 0.1667, 0.1833, 0.2, 0.2167, 0.2333, 0.25, 0.2667, 0.2833, 0.3, 0.3167, 0.3333, 0.35, 0.3667, 0.3833, 0.4, 0.4167, 0.4333, 0.45, 0.4667, 0.4833, 0.5, 0.5167, 0.5333, 0.55, 0.5667, 0.5833, 0.6, 0.6167, 0.6333, 0.65, 0.6667, 0.6833, 0.7, 0.7167, 0.7333, 0.75, 0.7667, 0.7833, 0.8, 0.8167, 0.8333, 0.85, 0.8667, 0.8833, 0.9, 0.9167, 0.9333, 0.95, 0.9667, 0.9833, 1.0, 1.0167, 1.0333, 1.05, 1.0667, 1.0833, 1.1, 1.1167, 1.1333, 1.15, 1.1667, 1.1833, 1.2, 1.2167, 1.2333, 1.25, 1.2667, 1.2833, 1.3, 1.3167, 1.3333, 1.35, 1.3667, 1.3833, 1.4, 1.4167, 1.4333, 1.45, 1.4667, 1.4833, 1.5, 1.5167, 1.5333, 1.55, 1.5667, 1.5833, 1.6, 1.6167, 1.6333, 1.65, 1.6667, 1.6833, 1.7, 1.7167, 1.7333, 1.75, 1.7667, 1.7833, 1.8, 1.8167, 1.8333, 1.85, 1.8667, 1.8833, 1.9, 1.9167, 1.9333, 1.95, 1.9667, 1.9833, 2.0, 2.0167, 2.0333, 2.05, 2.0667, 2.0833, 2.1, 2.1167, 2.1333, 2.15, 2.1667, 2.1833, 2.2, 2.2167, 2.2333, 2.25, 2.2667, 2.2833, 2.3, 2.3167, 2.3333, 2.35, 2.3667, 2.3833, 2.4, 2.4167, 2.4333, 2.45, 2.4667, 2.4833, 2.5, 2.5167, 2.5333, 2.55, 2.5667, 2.5833, 2.6, 2.6167, 2.6333, 2.65, 2.6667, 2.6833, 2.7, 2.7167, 2.7333, 2.75, 2.7667, 2.7833, 2.8, 2.8167, 2.8333, 2.85, 2.8667, 2.8833, 2.9, 2.9167, 2.9333, 2.95, 2.9667, 2.9833, 3.0, 3.0167, 3.0333, 3.05, 3.0667, 3.0833, 3.1, 3.1167, 3.1333, 3.15, 3.1667, 3.1833, 3.2, 3.2167, 3.2333, 3.25, 3.2667, 3.2833, 3.3, 3.3167, 3.3333],
            "transform": [
                [0.994115, 0.092701, -0.056047, 0.124994, 0.09895, -0.987641, 0.12155, -0.002831, -0.044087, -0.126381, -0.991002, -1.2e-05, 0.0, 0.0, 0.0, 1.0],
                [0.994115, 0.092701, -0.056047, 0.124994, 0.09895, -0.987641, 0.12155, -0.002831, -0.044087, -0.126381, -0.991002, -1.2e-05, 0.0, 0.0, 0.0, 1.0],
                [0.994115, 0.092701, -0.056048, 0.124994, 0.09895, -0.98764, 0.121552, -0.002831, -0.044087, -0.126382, -0.991001, -1.2e-05, 0.0, 0.0, 0.0, 1.0],
                [0.994115, 0.092701, -0.056047, 0.124994, 0.09895, -0.987641, 0.121551, -0.002831, -0.044087, -0.126381, -0.991002, -1.2e-05, 0.0, 0.0, 0.0, 1.0],
                [0.994115, 0.092701, -0.056047, 0.124994, 0.09895, -0.987641, 0.12155, -0.002831, -0.044087, -0.126381, -0.991002, -1.2e-05, 0.0, 0.0, 0.0, 1.0],
                [0.994115, 0.092701, -0.056047, 0.124994, 0.09895, -0.987641, 0.12155, -0.002831, -0.044087, -0.126381, -0.991001, -1.2e-05, 0.0, 0.0, 0.0, 1.0],
                [0.994115, 0.092701, -0.056048, 0.124994, 0.09895, -0.987641, 0.121551, -0.002831, -0.044087, -0.126381, -0.991002, -1.2e-05, 0.0, 0.0, 0.0, 1.0],
                [0.994115, 0.092701, -0.056047, 0.124994, 0.09895, -0.987641, 0.121549, -0.002831, -0.044087, -0.12638, -0.991002, -1.2e-05, 0.0, 0.0, 0.0, 1.0],
                [0.994115, 0.092701, -0.056047, 0.124994, 0.09895, -0.987641, 0.12155, -0.002831, -0.044087, -0.126381, -0.991002, -1.2e-05, 0.0, 0.0, 0.0, 1.0],
                [0.994115, 0.092701, -0.056048, 0.124994, 0.09895, -0.98764, 0.121552, -0.002831, -0.044087, -0.126383, -0.991002, -1.2e-05, 0.0, 0.0, 0.0, 1.0],
                [0.994115, 0.092701, -0.056047, 0.124994, 0.09895, -0.987641, 0.12155, -0.002831, -0.044087, -0.126381, -0.991001, -1.2e-05, 0.0, 0.0, 0.0, 1.0],
                [0.994115, 0.092701, -0.056047, 0.124994, 0.09895, -0.987641, 0.121551, -0.002831, -0.044087, -0.126381, -0.991001, -1.2e-05, 0.0, 0.0, 0.0, 1.0],
                [0.994115, 0.092701, -0.056047, 0.124994, 0.09895, -0.987641, 0.121551, -0.002831, -0.044087, -0.126381, -0.991001, -1.2e-05, 0.0, 0.0, 0.0, 1.0],
                [0.994115, 0.092701, -0.056048, 0.124994, 0.09895, -0.98764, 0.121552, -0.002831, -0.044087, -0.126382, -0.991001, -1.2e-05, 0.0, 0.0, 0.0, 1.0],
                [0.994115, 0.092701, -0.056048, 0.124994, 0.09895, -0.98764, 0.121552, -0.002831, -0.044087, -0.126382, -0.991002, -1.2e-05, 0.0, 0.0, 0.0, 1.0],
                [0.994115, 0.092701, -0.056047, 0.124994, 0.09895, -0.987641, 0.121551, -0.002831, -0.044087, -0.126381, -0.991002, -1.2e-05, 0.0, 0.0, 0.0, 1.0],
                [0.994115, 0.092701, -0.056048, 0.124994, 0.09895, -0.98764, 0.121552, -0.002831, -0.044087, -0.126382, -0.991001, -1.2e-05, 0.0, 0.0, 0.0, 1.0],
                [0.994115, 0.092701, -0.056047, 0.124994, 0.09895, -0.987641, 0.121551, -0.002831, -0.044087, -0.126381, -0.991002, -1.2e-05, 0.0, 0.0, 0.0, 1.0],
                [0.994115, 0.092701, -0.056047, 0.124994, 0.09895, -0.987641, 0.121549, -0.002831, -0.044087, -0.12638, -0.991002, -1.2e-05, 0.0, 0.0, 0.0, 1.0],
                [0.994115, 0.092701, -0.056047, 0.124994, 0.09895, -0.987641, 0.121549, -0.002831, -0.044087, -0.12638, -0.991002, -1.2e-05, 0.0, 0.0, 0.0, 1.0],
                [0.994115, 0.092701, -0.056048, 0.124994, 0.09895, -0.98764, 0.121552, -0.002831, -0.044087, -0.126382, -0.991001, -1.2e-05, 0.0, 0.0, 0.0, 1.0],
                [0.994115, 0.092701, -0.056047, 0.124994, 0.09895, -0.987641, 0.12155, -0.002831, -0.044087, -0.126381, -0.991002, -1.2e-05, 0.0, 0.0, 0.0, 1.0],
                [0.994115, 0.092701, -0.056047, 0.124994, 0.09895, -0.987641, 0.12155, -0.002831, -0.044087, -0.126381, -0.991002, -1.2e-05, 0.0, 0.0, 0.0, 1.0],
                [0.994115, 0.092701, -0.056048, 0.124994, 0.09895, -0.98764, 0.121553, -0.002831, -0.044087, -0.126384, -0.991001, -1.2e-05, 0.0, 0.0, 0.0, 1.0],
                [0.994115, 0.092701, -0.056048, 0.124994, 0.09895, -0.98764, 0.121552, -0.002831, -0.044087, -0.126383, -0.991001, -1.2e-05, 0.0, 0.0, 0.0, 1.0],
                [0.994115, 0.092701, -0.056048, 0.124994, 0.09895, -0.98764, 0.121553, -0.002831, -0.044087, -0.126384, -0.991001, -1.2e-05, 0.0, 0.0, 0.0, 1.0],
                [0.994115, 0.092701, -0.056047, 0.124994, 0.09895, -0.987641, 0.121549, -0.002831, -0.044087, -0.12638, -0.991002, -1.2e-05, 0.0, 0.0, 0.0, 1.0],
                [0.994115, 0.092701, -0.056048, 0.124994, 0.09895, -0.98764, 0.121553, -0.002831, -0.044087, -0.126384, -0.991001, -1.2e-05, 0.0, 0.0, 0.0, 1.0],
                [0.994115, 0.092701, -0.056048, 0.124994, 0.09895, -0.98764, 0.121553, -0.002831, -0.044087, -0.126384, -0.991001, -1.2e-05, 0.0, 0.0, 0.0, 1.0],
                [0.994115, 0.092701, -0.056048, 0.124994, 0.09895, -0.98764, 0.121553, -0.002831, -0.044087, -0.126384, -0.991001, -1.2e-05, 0.0, 0.0, 0.0, 1.0],
                [0.994115, 0.092701, -0.056048, 0.124994, 0.09895, -0.98764, 0.121552, -0.002831, -0.044087, -0.126382, -0.991001, -1.2e-05, 0.0, 0.0, 0.0, 1.0],
                [0.994115, 0.092701, -0.056047, 0.124994, 0.09895, -0.987641, 0.121551, -0.002831, -0.044087, -0.126382, -0.991002, -1.2e-05, 0.0, 0.0, 0.0, 1.0],
                [0.994115, 0.092701, -0.056048, 0.124994, 0.09895, -0.98764, 0.121553, -0.002831, -0.044087, -0.126384, -0.991001, -1.2e-05, 0.0, 0.0, 0.0, 1.0],
                [0.994115, 0.092701, -0.056048, 0.124994, 0.09895, -0.98764, 0.121552, -0.002831, -0.044087, -0.126383, -0.991001, -1.2e-05, 0.0, 0.0, 0.0, 1.0],
                [0.994115, 0.092701, -0.056047, 0.124994, 0.09895, -0.987641, 0.121551, -0.002831, -0.044087, -0.126381, -0.991002, -1.2e-05, 0.0, 0.0, 0.0, 1.0],
                [0.994115, 0.092701, -0.056047, 0.124994, 0.09895, -0.987641, 0.121551, -0.002831, -0.044087, -0.126381, -0.991001, -1.2e-05, 0.0, 0.0, 0.0, 1.0],
                [0.994115, 0.092701, -0.056047, 0.124994, 0.09895, -0.987641, 0.12155, -0.002831, -0.044087, -0.126381, -0.991001, -1.2e-05, 0.0, 0.0, 0.0, 1.0],
                [0.994115, 0.092701, -0.056048, 0.124994, 0.09895, -0.98764, 0.121552, -0.002831, -0.044087, -0.126383, -0.991001, -1.2e-05, 0.0, 0.0, 0.0, 1.0],
                [0.994115, 0.092701, -0.056048, 0.124994, 0.09895, -0.98764, 0.121552, -0.002831, -0.044087, -0.126382, -0.991001, -1.2e-05, 0.0, 0.0, 0.0, 1.0],
                [0.994115, 0.092701, -0.056047, 0.124994, 0.09895, -0.987641, 0.12155, -0.002831, -0.044087, -0.12638, -0.991002, -1.2e-05, 0.0, 0.0, 0.0, 1.0],
                [0.994115, 0.092701, -0.056047, 0.124994, 0.09895, -0.987641, 0.121551, -0.002831, -0.044087, -0.126381, -0.991002, -1.2e-05, 0.0, 0.0, 0.0, 1.0],
                [0.994115, 0.092701, -0.056047, 0.124994, 0.09895, -0.987641, 0.121549, -0.002831, -0.044087, -0.12638, -0.991002, -1.2e-05, 0.0, 0.0, 0.0, 1.0],
                [0.994115, 0.092701, -0.056047, 0.124994, 0.09895, -0.987641, 0.12155, -0.002831, -0.044087, -0.126381, -0.991002, -1.2e-05, 0.0, 0.0, 0.0, 1.0],
                [0.994115, 0.092701, -0.056047, 0.124994, 0.09895, -0.987641, 0.12155, -0.002831, -0.044087, -0.126381, -0.991001, -1.2e-05, 0.0, 0.0, 0.0, 1.0],
                [0.994115, 0.092701, -0.056047, 0.124994, 0.09895, -0.987641, 0.121551, -0.002831, -0.044087, -0.126381, -0.991001, -1.2e-05, 0.0, 0.0, 0.0, 1.0],
                [0.994115, 0.092701, -0.056047, 0.124994, 0.09895, -0.987641, 0.121551, -0.002831, -0.044087, -0.126381, -0.991001, -1.2e-05, 0.0, 0.0, 0.0, 1.0],
                [0.994115, 0.092701, -0.056047, 0.124994, 0.09895, -0.987641, 0.12155, -0.002831, -0.044087, -0.12638, -0.991002, -1.2e-05, 0.0, 0.0, 0.0, 1.0],
                [0.994115, 0.092701, -0.056048, 0.124994, 0.09895, -0.98764, 0.121552, -0.002831, -0.044087, -0.126382, -0.991002, -1.2e-05, 0.0, 0.0, 0.0, 1.0],
                [0.994115, 0.092701, -0.056047, 0.124994, 0.09895, -0.987641, 0.12155, -0.002831, -0.044087, -0.126381, -0.991002, -1.2e-05, 0.0, 0.0, 0.0, 1.0],
                [0.994115, 0.092701, -0.056048, 0.124994, 0.09895, -0.98764, 0.121552, -0.002831, -0.044087, -0.126382, -0.991001, -1.2e-05, 0.0, 0.0, 0.0, 1.0],
                [0.994115, 0.092701, -0.056047, 0.124994, 0.09895, -0.987641, 0.12155, -0.002831, -0.044087, -0.126381, -0.991001, -1.2e-05, 0.0, 0.0, 0.0, 1.0],
                [0.994115, 0.092701, -0.056047, 0.124994, 0.09895, -0.987641, 0.12155, -0.002831, -0.044087, -0.126381, -0.991002, -1.2e-05, 0.0, 0.0, 0.0, 1.0],
                [0.994115, 0.092701, -0.056047, 0.124994, 0.09895, -0.987641, 0.121551, -0.002831, -0.044087, -0.126381, -0.991002, -1.2e-05, 0.0, 0.0, 0.0, 1.0],
                [0.994115, 0.092701, -0.056047, 0.124994, 0.09895, -0.987641, 0.121551, -0.002831, -0.044087, -0.126381, -0.991001, -1.2e-05, 0.0, 0.0, 0.0, 1.0],
                [0.994115, 0.092701, -0.056048, 0.124994, 0.09895, -0.98764, 0.121552, -0.002831, -0.044087, -0.126383, -0.991001, -1.2e-05, 0.0, 0.0, 0.0, 1.0],
                [0.994115, 0.092701, -0.056048, 0.124994, 0.09895, -0.98764, 0.121552, -0.002831, -0.044087, -0.126382, -0.991001, -1.2e-05, 0.0, 0.0, 0.0, 1.0],
                [0.994115, 0.092701, -0.056048, 0.124994, 0.09895, -0.98764, 0.121552, -0.002831, -0.044087, -0.126382, -0.991001, -1.2e-05, 0.0, 0.0, 0.0, 1.0],
                [0.994115, 0.092701, -0.056047, 0.124994, 0.09895, -0.987641, 0.121551, -0.002831, -0.044087, -0.126381, -0.991002, -1.2e-05, 0.0, 0.0, 0.0, 1.0],
                [0.994115, 0.092701, -0.056048, 0.124994, 0.09895, -0.98764, 0.121552, -0.002831, -0.044087, -0.126382, -0.991001, -1.2e-05, 0.0, 0.0, 0.0, 1.0],
                [0.994115, 0.092701, -0.056047, 0.124994, 0.09895, -0.987641, 0.121551, -0.002831, -0.044087, -0.126382, -0.991002, -1.2e-05, 0.0, 0.0, 0.0, 1.0],
