{
    "animation": [
        {
            "name": "Root",
            "time": [0.0, 0.0167, 0.0333, 0.05, 0.0667, 0.0833, 0.1, 0.1167, 0.1333, 0.15, 0.1667, 0.1833, 0.2, 0.2167, 0.2333, 0.25, 0.2667, 0.2833, 0.3, 0.3167, 0.3333, 0.35, 0.3667, 0.3833, 0.4, 0.4167, 0.4333, 0.45, 0.4667, 0.4833, 0.5, 0.5167, 0.5333, 0.55, 0.5667, 0.5833, 0.6, 0.6167, 0.6333, 0.65, 0.6667, 0.6833, 0.7, 0.7167, 0.7333, 0.75, 0.7667, 0.7833, 0.8, 0.8167, 0.8333, 0.85, 0.8667, 0.8833, 0.9, 0.9167, 0.9333, 0.95, 0.9667, 0.9833, 1.0, 1.0167, 1.0333, 1.05, 1.0667, 1.0833, 1.1, 1.1167, 1.1333, 1.15, 1.1667, 1.1833, 1.2, 1.2167, 1.2333, 1.25, 1.2667, 1.2833, 1.3, 1.3167, 1.3333, 1.35, 1.3667, 1.3833, 1.4, 1.4167, 1.4333, 1.45, 1.4667, 1.4833, 1.5, 1.5167, 1.5333, 1.55, 1.5667, 1.5833, 1.6, 1.6167, 1.6333, 1.65, 1.6667, 1.6833, 1.7, 1.7167, 1.7333, 1.75, 1.7667, 1.7833, 1.8, 1.8167, 1.8333, 1.85, 1.8667, 1.8833, 1.9, 1.9167, 1.9333, 1.95, 1.9667, 1.9833, 2.0, 2.0167, 2.0333, 2.05, 2.0667, 2.0833, 2.1, 2.1167, 2.1333, 2.15, 2.1667, 2.1833, 2.2, 2.2167, 2.2333, 2.25, 2.2667, 2.2833, 2.3, 2.3167, 2.3333, 2.35, 2.3667, 2.3833, 2.4, 2.4167, 2.4333, 2.45, 2.4667, 2.4833, 2.5, 2.5167, 2.5333, 2.55, 2.5667, 2.5833, 2.6, 2.6167, 2.6333, 2.65, 2.6667, 2.6833, 2.7, 2.7167, 2.7333, 2.75, 2.7667, 2.7833, 2.8, 2.8167, 2.8333, 2.85, 2.8667, 2.8833, 2.9, 2.9167, 2.9333, 2.95, 2.9667, 2.9833, 3.0],
            "transform": [
                [0.901956, 0.0, 0.431828, -5e-06, 0.431828, 0.0, -0.901956, 0.000946, 0.0, 1.0, 0.0, 0.757621, 0.0, 0.0, 0.0, 1.0],
                [0.902251, 0.0, 0.431211, -3.2e-05, 0.431211, 0.0, -0.902251, 0.00087, 0.0, 1.0, 0.0, 0.757621, 0.0, 0.0, 0.0, 1.0],
                [0.903139, 0.0, 0.429348, -0.000113, 0.429348, 0.0, -0.903139, 0.000641, 0.0, 1.0, 0.0, 0.757621, 0.0, 0.0, 0.0, 1.0],
                [0.904619, 0.0, 0.426222, -0.00025, 0.426222, 0.0, -0.904619, 0.000256, 0.0, 1.0, 0.0, 0.757621, 0.0, 0.0, 0.0, 1.0],
                [0.906684, 0.0, 0.421811, -0.000443, 0.421811, 0.0, -0.906684, -0.000285, 0.0, 1.0, 0.0, 0.757621, 0.0, 0.0, 0.0, 1.0],
                [0.909322, 0.0, 0.416092, -0.000692, 0.416092, 0.0, -0.909322, -0.000984, 0.0, 1.0, 0.0, 0.757621, 0.0, 0.0, 0.0, 1.0],
                [0.912517, 0.0, 0.40904, -0.000998, 0.40904, 0.0, -0.912517, -0.001842, 0.0, 1.0, 0.0, 0.757621, 0.0, 0.0, 0.0, 1.0],
                [0.916242, 0.0, 0.400626, -0.001362, 0.400626, 0.0, -0.916242, -0.002859, 0.0, 1.0, 0.0, 0.757621, 0.0, 0.0, 0.0, 1.0],
                [0.920466, 0.0, 0.390822, -0.001784, 0.390822, 0.0, -0.920466, -0.004037, 0.0, 1.0, 0.0, 0.757621, 0.0, 0.0, 0.0, 1.0],
                [0.925152, 0.0, 0.379598, -0.002263, 0.379598, 0.0, -0.925152, -0.005375, 0.0, 1.0, 0.0, 0.757621, 0.0, 0.0, 0.0, 1.0],
                [0.93025, 0.0, 0.366926, -0.002801, 0.366926, 0.0, -0.93025, -0.006872, 0.0, 1.0, 0.0, 0.757621, 0.0, 0.0, 0.0, 1.0],
                [0.935708, 0.0, 0.352776, -0.003396, 0.352776, 0.0, -0.935708, -0.008529, 0.0, 1.0, 0.0, 0.757621, 0.0, 0.0, 0.0, 1.0],
                [0.94146, 0.0, 0.337123, -0.00405, 0.337123, 0.0, -0.94146, -0.010345, 0.0, 1.0, 0.0, 0.757621, 0.0, 0.0, 0.0, 1.0],
                [0.947437, 0.0, 0.319944, -0.00476, 0.319944, 0.0, -0.947437, -0.012317, 0.0, 1.0, 0.0, 0.757621, 0.0, 0.0, 0.0, 1.0],
                [0.953555, 0.0, 0.301219, -0.005528, 0.301219, 0.0, -0.953555, -0.014443, 0.0, 1.0, 0.0, 0.757621, 0.0, 0.0, 0.0, 1.0],
                [0.959726, 0.0, 0.280937, -0.006352, 0.280937, 0.0, -0.959726, -0.016722, 0.0, 1.0, 0.0, 0.757621, 0.0, 0.0, 0.0, 1.0],
                [0.965853, 0.0, 0.259091, -0.007231, 0.259091, 0.0, -0.965853, -0.019149, 0.0, 1.0, 0.0, 0.757621, 0.0, 0.0, 0.0, 1.0],
                [0.971829, 0.0, 0.235687, -0.008165, 0.235687, 0.0, -0.971829, -0.021721, 0.0, 1.0, 0.0, 0.757621, 0.0, 0.0, 0.0, 1.0],
                [0.977543, 0.0, 0.210738, -0.009151, 0.210738, 0.0, -0.977543, -0.024434, 0.0, 1.0, 0.0, 0.757621, 0.0, 0.0, 0.0, 1.0],
                [0.982875, 0.0, 0.184273, -0.010189, 0.184273, 0.0, -0.982875, -0.027282, 0.0, 1.0, 0.0, 0.757621, 0.0, 0.0, 0.0, 1.0],
                [0.987705, 0.0, 0.156332, -0.011277, 0.156332, 0.0, -0.987705, -0.03026, 0.0, 1.0, 0.0, 0.757621, 0.0, 0.0, 0.0, 1.0],
                [0.991906, 0.0, 0.126971, -0.012412, 0.126971, 0.0, -0.991906, -0.033363, 0.0, 1.0, 0.0, 0.757621, 0.0, 0.0, 0.0, 1.0],
                [0.995356, 0.0, 0.096263, -0.013592, 0.096263, 0.0, -0.995356, -0.036582, 0.0, 1.0, 0.0, 0.757621, 0.0, 0.0, 0.0, 1.0],
                [0.997931, 0.0, 0.064298, -0.014816, 0.064298, 0.0, -0.997931, -0.03991, 0.0, 1.0, 0.0, 0.757621, 0.0, 0.0, 0.0, 1.0],
                [0.999514, 0.0, 0.031181, -0.01608, 0.031181, 0.0, -0.999514, -0.04334, 0.0, 1.0, 0.0, 0.757621, 0.0, 0.0, 0.0, 1.0],
                [0.999996, 0.0, -0.002962, -0.017382, -0.002962, 0.0, -0.999996, -0.046862, 0.0, 1.0, 0.0, 0.757621, 0.0, 0.0, 0.0, 1.0],
                [0.999278, 0.0, -0.037993, -0.018718, -0.037993, 0.0, -0.999278, -0.050469, 0.0, 1.0, 0.0, 0.757621, 0.0, 0.0, 0.0, 1.0],
                [0.997276, 0.0, -0.073757, -0.020086, -0.073757, 0.0, -0.997276, -0.054149, 0.0, 1.0, 0.0, 0.757621, 0.0, 0.0, 0.0, 1.0],
                [0.993922, 0.0, -0.110085, -0.021483, -0.110085, 0.0, -0.993922, -0.057894, 0.0, 1.0, 0.0, 0.757621, 0.0, 0.0, 0.0, 1.0],
                [0.989166, 0.0, -0.1468, -0.022903, -0.1468, 0.0, -0.989166, -0.061693, 0.0, 1.0, 0.0, 0.757621, 0.0, 0.0, 0.0, 1.0],
                [0.982979, 0.0, -0.183718, -0.024345, -0.183718, 0.0, -0.982979, -0.065536, 0.0, 1.0, 0.0, 0.757621, 0.0, 0.0, 0.0, 1.0],
                [0.975354, 0.0, -0.220647, -0.025805, -0.220647, 0.0, -0.975354, -0.069411, 0.0, 1.0, 0.0, 0.757621, 0.0, 0.0, 0.0, 1.0],
                [0.966305, 0.0, -0.2574, -0.027279, -0.2574, 0.0, -0.966305, -0.073308, 0.0, 1.0, 0.0, 0.757621, 0.0, 0.0, 0.0, 1.0],
                [0.95587, 0.0, -0.29379, -0.028762, -0.29379, 0.0, -0.95587, -0.077217, 0.0, 1.0, 0.0, 0.757621, 0.0, 0.0, 0.0, 1.0],
                [0.944108, 0.0, -0.329637, -0.030252, -0.329637, 0.0, -0.944108, -0.081126, 0.0, 1.0, 0.0, 0.757621, 0.0, 0.0, 0.0, 1.0],
                [0.931096, 0.0, -0.364773, -0.031745, -0.364773, 0.0, -0.931096, -0.085025, 0.0, 1.0, 0.0, 0.757621, 0.0, 0.0, 0.0, 1.0],
                [0.916933, 0.0, -0.399042, -0.033238, -0.399042, 0.0, -0.916933, -0.088903, 0.0, 1.0, 0.0, 0.757621, 0.0, 0.0, 0.0, 1.0],
                [0.901729, 0.0, -0.432302, -0.034725, -0.432302, 0.0, -0.901729, -0.092751, 0.0, 1.0, 0.0, 0.757621, 0.0, 0.0, 0.0, 1.0],
                [0.885609, 0.0, -0.464432, -0.036205, -0.464432, 0.0, -0.885609, -0.096559, 0.0, 1.0, 0.0, 0.757621, 0.0, 0.0, 0.0, 1.0],
                [0.868706, 0.0, -0.495327, -0.037674, -0.495327, 0.0, -0.868706, -0.100317, 0.0, 1.0, 0.0, 0.757621, 0.0, 0.0, 0.0, 1.0],
                [0.851162, 0.0, -0.524903, -0.039129, -0.524903, 0.0, -0.851162, -0.104017, 0.0, 1.0, 0.0, 0.757621, 0.0, 0.0, 0.0, 1.0],
                [0.833118, 0.0, -0.553095, -0.040566, -0.553095, 0.0, -0.833118, -0.10765, 0.0, 1.0, 0.0, 0.757621, 0.0, 0.0, 0.0, 1.0],
                [0.81472, 0.0, -0.579855, -0.041984, -0.579855, 0.0, -0.81472, -0.111208, 0.0, 1.0, 0.0, 0.757621, 0.0, 0.0, 0.0, 1.0],
                [0.796107, 0.0, -0.605156, -0.043378, -0.605156, 0.0, -0.796107, -0.114684, 0.0, 1.0, 0.0, 0.757621, 0.0, 0.0, 0.0, 1.0],
                [0.777417, 0.0, -0.628985, -0.044748, -0.628985, 0.0, -0.777417, -0.118071, 0.0, 1.0, 0.0, 0.757621, 0.0, 0.0, 0.0, 1.0],
                [0.758781, 0.0, -0.651346, -0.046089, -0.651346, 0.0, -0.758781, -0.121362, 0.0, 1.0, 0.0, 0.757621, 0.0, 0.0, 0.0, 1.0],
                [0.740321, 0.0, -0.672253, -0.047401, -0.672253, 0.0, -0.740321, -0.124554, 0.0, 1.0, 0.0, 0.757621, 0.0, 0.0, 0.0, 1.0],
                [0.722151, 0.0, -0.691736, -0.048682, -0.691736, 0.0, -0.722151, -0.127639, 0.0, 1.0, 0.0, 0.757621, 0.0, 0.0, 0.0, 1.0],
                [0.704375, 0.0, -0.709828, -0.049929, -0.709828, 0.0, -0.704375, -0.130614, 0.0, 1.0, 0.0, 0.757621, 0.0, 0.0, 0.0, 1.0],
                [0.687087, 0.0, -0.726575, -0.051142, -0.726575, 0.0, -0.687087, -0.133475, 0.0, 1.0, 0.0, 0.757621, 0.0, 0.0, 0.0, 1.0],
                [0.670371, 0.0, -0.742026, -0.052318, -0.742026, 0.0, -0.670371, -0.136218, 0.0, 1.0, 0.0, 0.757621, 0.0, 0.0, 0.0, 1.0],
                [0.654301, 0.0, -0.756234, -0.053457, -0.756234, 0.0, -0.654301, -0.13884, 0.0, 1.0, 0.0, 0.757621, 0.0, 0.0, 0.0, 1.0],
                [0.638943, 0.0, -0.769254, -0.054558, -0.769254, 0.0, -0.638943, -0.14134, 0.0, 1.0, 0.0, 0.757621, 0.0, 0.0, 0.0, 1.0],
                [0.62435, 0.0, -0.781145, -0.055619, -0.781145, 0.0, -0.62435, -0.143714, 0.0, 1.0, 0.0, 0.757621, 0.0, 0.0, 0.0, 1.0],
                [0.610571, 0.0, -0.791961, -0.05664, -0.791961, 0.0, -0.610571, -0.145961, 0.0, 1.0, 0.0, 0.757621, 0.0, 0.0, 0.0, 1.0],
                [0.597644, 0.0, -0.801762, -0.057621, -0.801762, 0.0, -0.597644, -0.14808, 0.0, 1.0, 0.0, 0.757621, 0.0, 0.0, 0.0, 1.0],
                [0.585601, 0.0, -0.810599, -0.058561, -0.810599, 0.0, -0.585601, -0.15007, 0.0, 1.0, 0.0, 0.757621, 0.0, 0.0, 0.0, 1.0],
                [0.574467, 0.0, -0.818527, -0.059459, -0.818527, 0.0, -0.574467, -0.151931, 0.0, 1.0, 0.0, 0.757621, 0.0, 0.0, 0.0, 1.0],
                [0.564264, 0.0, -0.825595, -0.060316, -0.825595, 0.0, -0.564264, -0.153661, 0.0, 1.0, 0.0, 0.757621, 0.0, 0.0, 0.0, 1.0],
                [0.555004, 0.0, -0.831848, -0.061131, -0.831848, 0.0, -0.555004, -0.155262, 0.0, 1.0, 0.0, 0.757621, 0.0, 0.0, 0.0, 1.0],
                [0.546699, 0.0, -0.83733, -0.061904, -0.83733, 0.0, -0.546699, -0.156734, 0.0, 1.0, 0.0, 0.757621, 0.0, 0.0, 0.0, 1.0],
                [0.538929, 0.0, -0.842351, -0.062657, -0.842351, 0.0, -0.538929, -0.158123, 0.0, 1.0, 0.0, 0.757621, 0.0, 0.0, 0.0, 1.0],
                [0.531277, 0.0, -0.847198, -0.063411, -0.847198, 0.0, -0.531277, -0.159478, 0.0, 1.0, 0.0, 0.757621, 0.0, 0.0, 0.0, 1.0],
                [0.523756, 0.0, -0.851869, -0.064165, -0.851869, 0.0, -0.523756, -0.160795, 0.0, 1.0, 0.0, 0.757621, 0.0, 0.0, 0.0, 1.0],
                [0.516375, 0.0, -0.856362, -0.064919, -0.856362, 0.0, -0.516375, -0.162072, 0.0, 1.0, 0.0, 0.757621, 0.0, 0.0, 0.0, 1.0],
                [0.509148, 0.0, -0.860679, -0.06567, -0.860679, 0.0, -0.509148, -0.163309, 0.0, 1.0, 0.0, 0.757621, 0.0, 0.0, 0.0, 1.0],
                [0.502087, 0.0, -0.864817, -0.066418, -0.864817, 0.0, -0.502087, -0.164503, 0.0, 1.0, 0.0, 0.757621, 0.0, 0.0, 0.0, 1.0],
                [0.495202, 0.0, -0.868778, -0.067163, -0.868778, 0.0, -0.495202, -0.165653, 0.0, 1.0, 0.0, 0.757621, 0.0, 0.0, 0.0, 1.0],
                [0.488508, 0.0, -0.872559, -0.067902, -0.872559, 0.0, -0.488508, -0.166756, 0.0, 1.0, 0.0, 0.757621, 0.0, 0.0, 0.0, 1.0],
                [0.482016, 0.0, -0.876163, -0.068634, -0.876163, 0.0, -0.482016, -0.167811, 0.0, 1.0, 0.0, 0.757621, 0.0, 0.0, 0.0, 1.0],
                [0.475738, 0.0, -0.879587, -0.069358, -0.879587, 0.0, -0.475738, -0.168816, 0.0, 1.0, 0.0, 0.757621, 0.0, 0.0, 0.0, 1.0],
                [0.469685, 0.0, -0.882834, -0.070072, -0.882834, 0.0, -0.469685, -0.169771, 0.0, 1.0, 0.0, 0.757621, 0.0, 0.0, 0.0, 1.0],
                [0.46387, 0.0, -0.885903, -0.070775, -0.885903, 0.0, -0.46387, -0.170673, 0.0, 1.0, 0.0, 0.757621, 0.0, 0.0, 0.0, 1.0],
                [0.458303, 0.0, -0.888796, -0.071464, -0.888796, 0.0, -0.458303, -0.171522, 0.0, 1.0, 0.0, 0.757621, 0.0, 0.0, 0.0, 1.0],
                [0.452993, 0.0, -0.891514, -0.072139, -0.891514, 0.0, -0.452993, -0.172317, 0.0, 1.0, 0.0, 0.757621, 0.0, 0.0, 0.0, 1.0],
                [0.447947, 0.0, -0.89406, -0.072796, -0.89406, 0.0, -0.447947, -0.173058, 0.0, 1.0, 0.0, 0.757621, 0.0, 0.0, 0.0, 1.0],
                [0.443174, 0.0, -0.896435, -0.073435, -0.896435, 0.0, -0.443174, -0.173744, 0.0, 1.0, 0.0, 0.757621, 0.0, 0.0, 0.0, 1.0],
                [0.438679, 0.0, -0.898644, -0.074054, -0.898644, 0.0, -0.438679, -0.174377, 0.0, 1.0, 0.0, 0.757621, 0.0, 0.0, 0.0, 1.0],
                [0.434464, 0.0, -0.900689, -0.074651, -0.900689, 0.0, -0.434464, -0.174956, 0.0, 1.0, 0.0, 0.757621, 0.0, 0.0, 0.0, 1.0],
                [0.430532, 0.0, -0.902575, -0.075224, -0.902575, 0.0, -0.430532, -0.175482, 0.0, 1.0, 0.0, 0.757621, 0.0, 0.0, 0.0, 1.0],
                [0.426883, 0.0, -0.904307, -0.075772, -0.904307, 0.0, -0.426883, -0.175957, 0.0, 1.0, 0.0, 0.757621, 0.0, 0.0, 0.0, 1.0],
                [0.423513, 0.0, -0.90589, -0.076294, -0.90589, 0.0, -0.423513, -0.176384, 0.0, 1.0, 0.0, 0.757621, 0.0, 0.0, 0.0, 1.0],
                [0.420419, 0.0, -0.90733, -0.076788, -0.90733, 0.0, -0.420419, -0.176763, 0.0, 1.0, 0.0, 0.757621, 0.0, 0.0, 0.0, 1.0],
                [0.417595, 0.0, -0.908633, -0.077254, -0.908633, 0.0, -0.417595, -0.177097, 0.0, 1.0, 0.0, 0.757621, 0.0, 0.0, 0.0, 1.0],
                [0.415033, 0.0, -0.909806, -0.077691, -0.909806, 0.0, -0.415033, -0.177389, 0.0, 1.0, 0.0, 0.757621, 0.0, 0.0, 0.0, 1.0],
                [0.412723, 0.0, -0.910856, -0.078098, -0.910856, 0.0, -0.412723, -0.177642, 0.0, 1.0, 0.0, 0.757621, 0.0, 0.0, 0.0, 1.0],
                [0.410655, 0.0, -0.911791, -0.078475, -0.911791, 0.0, -0.410655, -0.177859, 0.0, 1.0, 0.0, 0.757621, 0.0, 0.0, 0.0, 1.0],
                [0.408817, 0.0, -0.912616, -0.078822, -0.912616, 0.0, -0.408817, -0.178042, 0.0, 1.0, 0.0, 0.757621, 0.0, 0.0, 0.0, 1.0],
                [0.407196, 0.0, -0.913341, -0.07914, -0.913341, 0.0, -0.407196, -0.178195, 0.0, 1.0, 0.0, 0.757621, 0.0, 0.0, 0.0, 1.0],
                [0.405779, 0.0, -0.913971, -0.079427, -0.913971, 0.0, -0.405779, -0.178321, 0.0, 1.0, 0.0, 0.757621, 0.0, 0.0, 0.0, 1.0],
                [0.404553, 0.0, -0.914515, -0.079686, -0.914515, 0.0, -0.404553, -0.178423, 0.0, 1.0, 0.0, 0.757621, 0.0, 0.0, 0.0, 1.0],
                [0.403503, 0.0, -0.914978, -0.079915, -0.914978, 0.0, -0.403503, -0.178505, 0.0, 1.0, 0.0, 0.757621, 0.0, 0.0, 0.0, 1.0],
                [0.402615, 0.0, -0.915369, -0.080117, -0.915369, 0.0, -0.402615, -0.178567, 0.0, 1.0, 0.0, 0.757621, 0.0, 0.0, 0.0, 1.0],
                [0.401877, 0.0, -0.915694, -0.080292, -0.915694, 0.0, -0.401877, -0.178615, 0.0, 1.0, 0.0, 0.757621, 0.0, 0.0, 0.0, 1.0],
                [0.401275, 0.0, -0.915958, -0.08044, -0.915958, 0.0, -0.401275, -0.178649, 0.0, 1.0, 0.0, 0.757621, 0.0, 0.0, 0.0, 1.0],
                [0.400796, 0.0, -0.916167, -0.080562, -0.916167, 0.0, -0.400796, -0.178673, 0.0, 1.0, 0.0, 0.757621, 0.0, 0.0, 0.0, 1.0],
                [0.400428, 0.0, -0.916328, -0.08066, -0.916328, 0.0, -0.400428, -0.178688, 0.0, 1.0, 0.0, 0.757621, 0.0, 0.0, 0.0, 1.0],
                [0.40016, 0.0, -0.916445, -0.080735, -0.916445, 0.0, -0.40016, -0.178697, 0.0, 1.0, 0.0, 0.757621, 0.0, 0.0, 0.0, 1.0],
                [0.39998, 0.0, -0.916524, -0.080787, -0.916524, 0.0, -0.39998, -0.178702, 0.0, 1.0, 0.0, 0.757621, 0.0, 0.0, 0.0, 1.0],
                [0.399879, 0.0, -0.916568, -0.080818, -0.916568, 0.0, -0.399879, -0.178703, 0.0, 1.0, 0.0, 0.757621, 0.0, 0.0, 0.0, 1.0],
                [0.399848, 0.0, -0.916582, -0.080828, -0.916582, 0.0, -0.399848, -0.178704, 0.0, 1.0, 0.0, 0.757621, 0.0, 0.0, 0.0, 1.0],
                [0.403132, 0.0, -0.915142, -0.08063, -0.915142, 0.0, -0.403132, -0.177428, 0.0, 1.0, 0.0, 0.757411, 0.0, 0.0, 0.0, 1.0],
                [0.413046, 0.0, -0.91071, -0.080034, -0.91071, 0.0, -0.413046, -0.173577, 0.0, 1.0, 0.0, 0.756774, 0.0, 0.0, 0.0, 1.0],
                [0.42964, 0.0, -0.903001, -0.079036, -0.903001, 0.0, -0.42964, -0.167127, 0.0, 1.0, 0.0, 0.755701, 0.0, 0.0, 0.0, 1.0],
                [0.452893, 0.0, -0.891565, -0.077635, -0.891565, 0.0, -0.452893, -0.158077, 0.0, 1.0, 0.0, 0.754186, 0.0, 0.0, 0.0, 1.0],
                [0.482676, 0.0, -0.875799, -0.075835, -0.875799, 0.0, -0.482676, -0.146447, 0.0, 1.0, 0.0, 0.752224, 0.0, 0.0, 0.0, 1.0],
                [0.518703, 0.0, -0.854954, -0.073643, -0.854954, 0.0, -0.518703, -0.132287, 0.0, 1.0, 0.0, 0.749816, 0.0, 0.0, 0.0, 1.0],
                [0.560473, 0.0, -0.828173, -0.071073, -0.828173, 0.0, -0.560473, -0.115679, 0.0, 1.0, 0.0, 0.746968, 0.0, 0.0, 0.0, 1.0],
                [0.607211, 0.0, -0.794541, -0.068142, -0.794541, 0.0, -0.607211, -0.096743, 0.0, 1.0, 0.0, 0.74369, 0.0, 0.0, 0.0, 1.0],
                [0.657816, 0.0, -0.753178, -0.064875, -0.753178, 0.0, -0.657816, -0.075638, 0.0, 1.0, 0.0, 0.739997, 0.0, 0.0, 0.0, 1.0],
                [0.710837, 0.0, -0.703357, -0.061305, -0.703357, 0.0, -0.710837, -0.052567, 0.0, 1.0, 0.0, 0.735914, 0.0, 0.0, 0.0, 1.0],
                [0.764484, 0.0, -0.644643, -0.057467, -0.644643, 0.0, -0.764484, -0.027774, 0.0, 1.0, 0.0, 0.731469, 0.0, 0.0, 0.0, 1.0],
                [0.816708, 0.0, -0.577052, -0.053407, -0.577052, 0.0, -0.816708, -0.001545, 0.0, 1.0, 0.0, 0.726699, 0.0, 0.0, 0.0, 1.0],
                [0.865351, 0.0, -0.501166, -0.049175, -0.501166, 0.0, -0.865351, 0.025798, 0.0, 1.0, 0.0, 0.721647, 0.0, 0.0, 0.0, 1.0],
                [0.908354, 0.0, -0.418201, -0.044826, -0.418201, 0.0, -0.908354, 0.053902, 0.0, 1.0, 0.0, 0.716361, 0.0, 0.0, 0.0, 1.0],
                [0.943991, 0.0, -0.329972, -0.040416, -0.329972, 0.0, -0.943991, 0.082391, 0.0, 1.0, 0.0, 0.710895, 0.0, 0.0, 0.0, 1.0],
                [0.97108, 0.0, -0.238756, -0.036007, -0.238756, 0.0, -0.97108, 0.110881, 0.0, 1.0, 0.0, 0.705303, 0.0, 0.0, 0.0, 1.0],
                [0.989126, 0.0, -0.147068, -0.031657, -0.147068, 0.0, -0.989126, 0.138984, 0.0, 1.0, 0.0, 0.699645, 0.0, 0.0, 0.0, 1.0],
                [0.998351, 0.0, -0.057403, -0.027425, -0.057403, 0.0, -0.998351, 0.166327, 0.0, 1.0, 0.0, 0.693976, 0.0, 0.0, 0.0, 1.0],
                [0.999608, 0.0, 0.028004, -0.023365, 0.028004, 0.0, -0.999608, 0.192557, 0.0, 1.0, 0.0, 0.688353, 0.0, 0.0, 0.0, 1.0],
                [0.994221, 0.0, 0.107352, -0.019528, 0.107352, 0.0, -0.994221, 0.21735, 0.0, 1.0, 0.0, 0.682827, 0.0, 0.0, 0.0, 1.0],
                [0.983784, 0.0, 0.179356, -0.015957, 0.179356, 0.0, -0.983784, 0.240421, 0.0, 1.0, 0.0, 0.677446, 0.0, 0.0, 0.0, 1.0],
                [0.969967, 0.0, 0.243238, -0.01269, 0.243238, 0.0, -0.969967, 0.261526, 0.0, 1.0, 0.0, 0.672254, 0.0, 0.0, 0.0, 1.0],
                [0.954359, 0.0, 0.298663, -0.009759, 0.298663, 0.0, -0.954359, 0.280462, 0.0, 1.0, 0.0, 0.667285, 0.0, 0.0, 0.0, 1.0],
                [0.93837, 0.0, 0.345634, -0.007189, 0.345634, 0.0, -0.93837, 0.297069, 0.0, 1.0, 0.0, 0.662571, 0.0, 0.0, 0.0, 1.0],
                [0.923174, 0.0, 0.384383, -0.004997, 0.384383, 0.0, -0.923174, 0.31123, 0.0, 1.0, 0.0, 0.658137, 0.0, 0.0, 0.0, 1.0],
                [0.909698, 0.0, 0.41527, -0.003197, 0.41527, 0.0, -0.909698, 0.32286, 0.0, 1.0, 0.0, 0.654001, 0.0, 0.0, 0.0, 1.0],
                [0.898633, 0.0, 0.438702, -0.001796, 0.438702, 0.0, -0.898633, 0.33191, 0.0, 1.0, 0.0, 0.650178, 0.0, 0.0, 0.0, 1.0],
                [0.890455, 0.0, 0.45507, -0.000798, 0.45507, 0.0, -0.890455, 0.338359, 0.0, 1.0, 0.0, 0.646678, 0.0, 0.0, 0.0, 1.0],
                [0.885462, 0.0, 0.464713, -0.000202, 0.464713, 0.0, -0.885462, 0.34221, 0.0, 1.0, 0.0, 0.643506, 0.0, 0.0, 0.0, 1.0],
                [0.883789, 0.0, 0.467885, -5e-06, 0.467885, 0.0, -0.883789, 0.343486, 0.0, 1.0, 0.0, 0.640665, 0.0, 0.0, 0.0, 1.0],
                [0.883789, 0.0, 0.467885, -5e-06, 0.467885, 0.0, -0.883789, 0.343486, 0.0, 1.0, 0.0, 0.638011, 0.0, 0.0, 0.0, 1.0],
                [0.883789, 0.0, 0.467885, -5e-06, 0.467885, 0.0, -0.883789, 0.343486, 0.0, 1.0, 0.0, 0.635408, 0.0, 0.0, 0.0, 1.0],
                [0.883789, 0.0, 0.467885, -5e-06, 0.467885, 0.0, -0.883789, 0.343486, 0.0, 1.0, 0.0, 0.632869, 0.0, 0.0, 0.0, 1.0],
                [0.883789, 0.0, 0.467885, -5e-06, 0.467885, 0.0, -0.883789, 0.343486, 0.0, 1.0, 0.0, 0.63041, 0.0, 0.0, 0.0, 1.0],
                [0.883789, 0.0, 0.467885, -5e-06, 0.467885, 0.0, -0.883789, 0.343486, 0.0, 1.0, 0.0, 0.628048, 0.0, 0.0, 0.0, 1.0],
                [0.883789, 0.0, 0.467885, -5e-06, 0.467885, 0.0, -0.883789, 0.343486, 0.0, 1.0, 0.0, 0.6258, 0.0, 0.0, 0.0, 1.0],
                [0.883789, 0.0, 0.467885, -5e-06, 0.467885, 0.0, -0.883789, 0.343486, 0.0, 1.0, 0.0, 0.623685, 0.0, 0.0, 0.0, 1.0],
                [0.883789, 0.0, 0.467885, -5e-06, 0.467885, 0.0, -0.883789, 0.343486, 0.0, 1.0, 0.0, 0.621721, 0.0, 0.0, 0.0, 1.0],
                [0.883789, 0.0, 0.467885, -5e-06, 0.467885, 0.0, -0.883789, 0.343486, 0.0, 1.0, 0.0, 0.619924, 0.0, 0.0, 0.0, 1.0],
                [0.883789, 0.0, 0.467885, -5e-06, 0.467885, 0.0, -0.883789, 0.343486, 0.0, 1.0, 0.0, 0.618305, 0.0, 0.0, 0.0, 1.0],
                [0.883789, 0.0, 0.467885, -5e-06, 0.467885, 0.0, -0.883789, 0.343486, 0.0, 1.0, 0.0, 0.616874, 0.0, 0.0, 0.0, 1.0],
                [0.883789, 0.0, 0.467885, -5e-06, 0.467885, 0.0, -0.883789, 0.343486, 0.0, 1.0, 0.0, 0.615632, 0.0, 0.0, 0.0, 1.0],
                [0.883789, 0.0, 0.467885, -5e-06, 0.467885, 0.0, -0.883789, 0.343486, 0.0, 1.0, 0.0, 0.614579, 0.0, 0.0, 0.0, 1.0],
                [0.883789, 0.0, 0.467885, -5e-06, 0.467885, 0.0, -0.883789, 0.343486, 0.0, 1.0, 0.0, 0.613708, 0.0, 0.0, 0.0, 1.0],
                [0.883789, 0.0, 0.467885, -5e-06, 0.467885, 0.0, -0.883789, 0.343486, 0.0, 1.0, 0.0, 0.613008, 0.0, 0.0, 0.0, 1.0],
                [0.883789, 0.0, 0.467885, -5e-06, 0.467885, 0.0, -0.883789, 0.343486, 0.0, 1.0, 0.0, 0.612468, 0.0, 0.0, 0.0, 1.0],
                [0.883789, 0.0, 0.467885, -5e-06, 0.467885, 0.0, -0.883789, 0.343486, 0.0, 1.0, 0.0, 0.612074, 0.0, 0.0, 0.0, 1.0],
                [0.883789, 0.0, 0.467885, -5e-06, 0.467885, 0.0, -0.883789, 0.343486, 0.0, 1.0, 0.0, 0.611809, 0.0, 0.0, 0.0, 1.0],
                [0.883789, 0.0, 0.467885, -5e-06, 0.467885, 0.0, -0.883789, 0.343486, 0.0, 1.0, 0.0, 0.61166, 0.0, 0.0, 0.0, 1.0],
                [0.883789, 0.0, 0.467885, -5e-06, 0.467885, 0.0, -0.883789, 0.343486, 0.0, 1.0, 0.0, 0.611613, 0.0, 0.0, 0.0, 1.0],
                [0.883835, 0.0, 0.467798, -5e-06, 0.467798, 0.0, -0.883835, 0.343954, 0.0, 1.0, 0.0, 0.61197, 0.0, 0.0, 0.0, 1.0],
                [0.883975, 0.0, 0.467535, -5e-06, 0.467535, 0.0, -0.883975, 0.345364, 0.0, 1.0, 0.0, 0.613047, 0.0, 0.0, 0.0, 1.0],
                [0.884208, 0.0, 0.467094, -5e-06, 0.467094, 0.0, -0.884208, 0.347725, 0.0, 1.0, 0.0, 0.61485, 0.0, 0.0, 0.0, 1.0],
                [0.884534, 0.0, 0.466475, -5e-06, 0.466475, 0.0, -0.884534, 0.351039, 0.0, 1.0, 0.0, 0.617381, 0.0, 0.0, 0.0, 1.0],
                [0.884953, 0.0, 0.46568, -5e-06, 0.46568, 0.0, -0.884953, 0.355297, 0.0, 1.0, 0.0, 0.620633, 0.0, 0.0, 0.0, 1.0],
                [0.885463, 0.0, 0.464711, -5e-06, 0.464711, 0.0, -0.885463, 0.360481, 0.0, 1.0, 0.0, 0.624592, 0.0, 0.0, 0.0, 1.0],
                [0.886059, 0.0, 0.463573, -5e-06, 0.463573, 0.0, -0.886059, 0.366562, 0.0, 1.0, 0.0, 0.629236, 0.0, 0.0, 0.0, 1.0],
                [0.886737, 0.0, 0.462275, -5e-06, 0.462275, 0.0, -0.886737, 0.373495, 0.0, 1.0, 0.0, 0.63453, 0.0, 0.0, 0.0, 1.0],
                [0.88749, 0.0, 0.460827, -5e-06, 0.460827, 0.0, -0.88749, 0.381222, 0.0, 1.0, 0.0, 0.640431, 0.0, 0.0, 0.0, 1.0],
                [0.88831, 0.0, 0.459243, -5e-06, 0.459243, 0.0, -0.88831, 0.38967, 0.0, 1.0, 0.0, 0.646882, 0.0, 0.0, 0.0, 1.0],
                [0.889189, 0.0, 0.45754, -5e-06, 0.45754, 0.0, -0.889189, 0.398747, 0.0, 1.0, 0.0, 0.653814, 0.0, 0.0, 0.0, 1.0],
                [0.890115, 0.0, 0.455735, -5e-06, 0.455735, 0.0, -0.890115, 0.408351, 0.0, 1.0, 0.0, 0.661148, 0.0, 0.0, 0.0, 1.0],
                [0.891077, 0.0, 0.453852, -5e-06, 0.453852, 0.0, -0.891077, 0.418362, 0.0, 1.0, 0.0, 0.668794, 0.0, 0.0, 0.0, 1.0],
                [0.892061, 0.0, 0.451915, -5e-06, 0.451915, 0.0, -0.892061, 0.428652, 0.0, 1.0, 0.0, 0.676652, 0.0, 0.0, 0.0, 1.0],
                [0.893055, 0.0, 0.449948, -5e-06, 0.449948, 0.0, -0.893055, 0.439083, 0.0, 1.0, 0.0, 0.684617, 0.0, 0.0, 0.0, 1.0],
                [0.894044, 0.0, 0.44798, -5e-06, 0.44798, 0.0, -0.894044, 0.449514, 0.0, 1.0, 0.0, 0.692583, 0.0, 0.0, 0.0, 1.0],
                [0.895015, 0.0, 0.446036, -5e-06, 0.446036, 0.0, -0.895015, 0.459804, 0.0, 1.0, 0.0, 0.700441, 0.0, 0.0, 0.0, 1.0],
                [0.895956, 0.0, 0.444143, -5e-06, 0.444143, 0.0, -0.895956, 0.469815, 0.0, 1.0, 0.0, 0.708086, 0.0, 0.0, 0.0, 1.0],
                [0.896855, 0.0, 0.442324, -5e-06, 0.442324, 0.0, -0.896855, 0.479419, 0.0, 1.0, 0.0, 0.71542, 0.0, 0.0, 0.0, 1.0],
                [0.897702, 0.0, 0.440604, -5e-06, 0.440604, 0.0, -0.897702, 0.488496, 0.0, 1.0, 0.0, 0.722353, 0.0, 0.0, 0.0, 1.0],
                [0.898486, 0.0, 0.439002, -5e-06, 0.439002, 0.0, -0.898486, 0.496943, 0.0, 1.0, 0.0, 0.728804, 0.0, 0.0, 0.0, 1.0],
                [0.899201, 0.0, 0.437535, -5e-06, 0.437535, 0.0, -0.899201, 0.504671, 0.0, 1.0, 0.0, 0.734705, 0.0, 0.0, 0.0, 1.0],
                [0.899841, 0.0, 0.436218, -5e-06, 0.436218, 0.0, -0.899841, 0.511604, 0.0, 1.0, 0.0, 0.739999, 0.0, 0.0, 0.0, 1.0],
                [0.9004, 0.0, 0.435062, -5e-06, 0.435062, 0.0, -0.9004, 0.517685, 0.0, 1.0, 0.0, 0.744643, 0.0, 0.0, 0.0, 1.0],
                [0.900876, 0.0, 0.434076, -5e-06, 0.434076, 0.0, -0.900876, 0.522869, 0.0, 1.0, 0.0, 0.748602, 0.0, 0.0, 0.0, 1.0],
                [0.901266, 0.0, 0.433266, -5e-06, 0.433266, 0.0, -0.901266, 0.527127, 0.0, 1.0, 0.0, 0.751854, 0.0, 0.0, 0.0, 1.0],
                [0.901569, 0.0, 0.432635, -5e-06, 0.432635, 0.0, -0.901569, 0.530441, 0.0, 1.0, 0.0, 0.754384, 0.0, 0.0, 0.0, 1.0],
                [0.901785, 0.0, 0.432185, -5e-06, 0.432185, 0.0, -0.901785, 0.532802, 0.0, 1.0, 0.0, 0.756188, 0.0, 0.0, 0.0, 1.0],
                [0.901913, 0.0, 0.431917, -5e-06, 0.431917, 0.0, -0.901913, 0.534212, 0.0, 1.0, 0.0, 0.757265, 0.0, 0.0, 0.0, 1.0],
                [0.901956, 0.0, 0.431828, -5e-06, 0.431828, 0.0, -0.901956, 0.53468, 0.0, 1.0, 0.0, 0.757621, 0.0, 0.0, 0.0, 1.0]
            ]
        },
        {
            "name": "Thigh_R",
            "time": [0.0, 0.0167, 0.0333, 0.05, 0.0667, 0.0833, 0.1, 0.1167, 0.1333, 0.15, 0.1667, 0.1833, 0.2, 0.2167, 0.2333, 0.25, 0.2667, 0.2833, 0.3, 0.3167, 0.3333, 0.35, 0.3667, 0.3833, 0.4, 0.4167, 0.4333, 0.45, 0.4667, 0.4833, 0.5, 0.5167, 0.5333, 0.55, 0.5667, 0.5833, 0.6, 0.6167, 0.6333, 0.65, 0.6667, 0.6833, 0.7, 0.7167, 0.7333, 0.75, 0.7667, 0.7833, 0.8, 0.8167, 0.8333, 0.85, 0.8667, 0.8833, 0.9, 0.9167, 0.9333, 0.95, 0.9667, 0.9833, 1.0, 1.0167, 1.0333, 1.05, 1.0667, 1.0833, 1.1, 1.1167, 1.1333, 1.15, 1.1667, 1.1833, 1.2, 1.2167, 1.2333, 1.25, 1.2667, 1.2833, 1.3, 1.3167, 1.3333, 1.35, 1.3667, 1.3833, 1.4, 1.4167, 1.4333, 1.45, 1.4667, 1.4833, 1.5, 1.5167, 1.5333, 1.55, 1.5667, 1.5833, 1.6, 1.6167, 1.6333, 1.65, 1.6667, 1.6833, 1.7, 1.7167, 1.7333, 1.75, 1.7667, 1.7833, 1.8, 1.8167, 1.8333, 1.85, 1.8667, 1.8833, 1.9, 1.9167, 1.9333, 1.95, 1.9667, 1.9833, 2.0, 2.0167, 2.0333, 2.05, 2.0667, 2.0833, 2.1, 2.1167, 2.1333, 2.15, 2.1667, 2.1833, 2.2, 2.2167, 2.2333, 2.25, 2.2667, 2.2833, 2.3, 2.3167, 2.3333, 2.35, 2.3667, 2.3833, 2.4, 2.4167, 2.4333, 2.45, 2.4667, 2.4833, 2.5, 2.5167, 2.5333, 2.55, 2.5667, 2.5833, 2.6, 2.6167, 2.6333, 2.65, 2.6667, 2.6833, 2.7, 2.7167, 2.7333, 2.75, 2.7667, 2.7833, 2.8, 2.8167, 2.8333, 2.85, 2.8667, 2.8833, 2.9, 2.9167, 2.9333, 2.95, 2.9667, 2.9833, 3.0],
            "transform": [
                [0.994115, 0.092701, -0.056047, 0.124994, 0.09895, -0.987641, 0.12155, -0.002831, -0.044087, -0.126381, -0.991002, -1.2e-05, 0.0, 0.0, 0.0, 1.0],
                [0.994083, 0.092586, -0.0568, 0.124994, 0.099278, -0.986626, 0.129278, -0.002831, -0.044071, -0.134152, -0.98998, -1.2e-05, 0.0, 0.0, 0.0, 1.0],
                [0.994001, 0.092301, -0.058667, 0.124994, 0.100111, -0.983865, 0.148277, -0.002831, -0.044034, -0.153261, -0.987204, -1.2e-05, 0.0, 0.0, 0.0, 1.0],
                [0.993889, 0.091926, -0.061103, 0.124994, 0.101236, -0.979762, 0.172679, -0.002831, -0.043993, -0.177809, -0.983081, -1.2e-05, 0.0, 0.0, 0.0, 1.0],
                [0.993757, 0.0915, -0.063838, 0.124994, 0.102546, -0.974512, 0.199526, -0.002831, -0.043954, -0.204827, -0.977811, -1.2e-05, 0.0, 0.0, 0.0, 1.0],
                [0.993608, 0.091038, -0.066749, 0.124994, 0.103991, -0.968225, 0.227433, -0.002831, -0.043923, -0.23292, -0.971504, -1.2e-05, 0.0, 0.0, 0.0, 1.0],
                [0.993444, 0.090539, -0.069799, 0.124994, 0.105555, -0.960919, 0.255916, -0.002831, -0.043901, -0.261605, -0.964176, -1.2e-05, 0.0, 0.0, 0.0, 1.0],
                [0.993266, 0.090009, -0.072939, 0.124994, 0.107216, -0.952695, 0.28439, -0.002831, -0.043891, -0.290295, -0.95593, -1.2e-05, 0.0, 0.0, 0.0, 1.0],
                [0.993076, 0.089446, -0.076157, 0.124994, 0.108967, -0.943589, 0.312674, -0.002831, -0.043894, -0.318808, -0.946802, -1.2e-05, 0.0, 0.0, 0.0, 1.0],
                [0.992872, 0.088848, -0.079438, 0.124994, 0.110798, -0.933671, 0.340561, -0.002831, -0.043911, -0.346935, -0.936861, -1.2e-05, 0.0, 0.0, 0.0, 1.0],
                [0.992657, 0.088218, -0.08276, 0.124994, 0.112696, -0.923056, 0.367786, -0.002831, -0.043946, -0.374412, -0.92622, -1.2e-05, 0.0, 0.0, 0.0, 1.0],
                [0.99243, 0.087547, -0.086124, 0.124994, 0.114657, -0.91176, 0.394395, -0.002831, -0.043996, -0.401284, -0.914896, -1.2e-05, 0.0, 0.0, 0.0, 1.0],
                [0.992193, 0.086845, -0.089498, 0.124994, 0.116662, -0.899968, 0.420056, -0.002831, -0.044065, -0.427217, -0.903074, -1.2e-05, 0.0, 0.0, 0.0, 1.0],
                [0.991948, 0.086113, -0.092862, 0.124994, 0.118698, -0.887809, 0.444641, -0.002831, -0.044154, -0.452084, -0.890882, -1.2e-05, 0.0, 0.0, 0.0, 1.0],
                [0.991695, 0.085352, -0.096201, 0.124994, 0.120751, -0.875387, 0.4681, -0.002831, -0.04426, -0.475829, -0.878424, -1.2e-05, 0.0, 0.0, 0.0, 1.0],
                [0.991438, 0.084573, -0.099485, 0.124994, 0.1228, -0.862894, 0.490238, -0.002831, -0.044384, -0.498257, -0.865892, -1.2e-05, 0.0, 0.0, 0.0, 1.0],
                [0.991178, 0.08378, -0.102692, 0.124994, 0.124829, -0.85047, 0.510998, -0.002831, -0.044525, -0.519309, -0.853426, -1.2e-05, 0.0, 0.0, 0.0, 1.0],
                [0.990919, 0.082977, -0.105803, 0.124994, 0.12682, -0.838222, 0.530377, -0.002831, -0.044678, -0.538979, -0.841134, -1.2e-05, 0.0, 0.0, 0.0, 1.0],
                [0.990663, 0.082182, -0.108782, 0.124994, 0.12875, -0.826379, 0.548198, -0.002831, -0.044844, -0.557085, -0.829244, -1.2e-05, 0.0, 0.0, 0.0, 1.0],
                [0.990412, 0.081401, -0.11161, 0.124994, 0.1306, -0.815044, 0.564488, -0.002831, -0.045017, -0.573652, -0.817861, -1.2e-05, 0.0, 0.0, 0.0, 1.0],
                [0.990172, 0.08064, -0.114267, 0.124994, 0.132353, -0.80431, 0.579282, -0.002831, -0.045192, -0.588712, -0.807078, -1.2e-05, 0.0, 0.0, 0.0, 1.0],
                [0.989944, 0.079922, -0.11672, 0.124994, 0.133988, -0.794379, 0.592461, -0.002831, -0.045369, -0.602142, -0.797099, -1.2e-05, 0.0, 0.0, 0.0, 1.0],
                [0.989731, 0.079251, -0.118955, 0.124994, 0.135488, -0.785302, 0.604105, -0.002831, -0.04554, -0.614019, -0.787976, -1.2e-05, 0.0, 0.0, 0.0, 1.0],
                [0.989538, 0.078636, -0.120957, 0.124994, 0.136841, -0.777165, 0.614238, -0.002831, -0.045703, -0.624364, -0.779795, -1.2e-05, 0.0, 0.0, 0.0, 1.0],
                [0.989366, 0.078087, -0.122711, 0.124994, 0.138033, -0.770032, 0.622894, -0.002831, -0.045852, -0.633209, -0.772622, -1.2e-05, 0.0, 0.0, 0.0, 1.0],
                [0.989216, 0.077611, -0.124206, 0.124994, 0.139054, -0.763952, 0.630112, -0.002831, -0.045984, -0.640588, -0.766506, -1.2e-05, 0.0, 0.0, 0.0, 1.0],
                [0.989093, 0.077215, -0.125433, 0.124994, 0.139896, -0.75896, 0.635931, -0.002831, -0.046096, -0.646543, -0.761484, -1.2e-05, 0.0, 0.0, 0.0, 1.0],
                [0.988995, 0.076903, -0.126389, 0.124994, 0.140553, -0.755076, 0.640394, -0.002831, -0.046185, -0.651111, -0.757576, -1.2e-05, 0.0, 0.0, 0.0, 1.0],
                [0.988925, 0.076679, -0.12707, 0.124994, 0.141023, -0.752309, 0.64354, -0.002831, -0.04625, -0.654333, -0.754791, -1.2e-05, 0.0, 0.0, 0.0, 1.0],
                [0.988883, 0.076545, -0.127477, 0.124994, 0.141304, -0.750656, 0.645406, -0.002831, -0.046289, -0.656244, -0.753127, -1.2e-05, 0.0, 0.0, 0.0, 1.0],
                [0.988869, 0.0765, -0.127612, 0.124994, 0.141397, -0.750108, 0.646022, -0.002831, -0.046302, -0.656875, -0.752576, -1.2e-05, 0.0, 0.0, 0.0, 1.0],
                [0.988883, 0.076545, -0.127477, 0.124994, 0.141304, -0.750656, 0.645406, -0.002831, -0.046289, -0.656244, -0.753127, -1.2e-05, 0.0, 0.0, 0.0, 1.0],
                [0.988926, 0.076679, -0.12707, 0.124994, 0.141023, -0.752308, 0.64354, -0.002831, -0.04625, -0.654333, -0.754791, -1.2e-05, 0.0, 0.0, 0.0, 1.0],
                [0.988995, 0.076903, -0.126389, 0.124994, 0.140553, -0.755076, 0.640394, -0.002831, -0.046185, -0.651111, -0.757576, -1.2e-05, 0.0, 0.0, 0.0, 1.0],
                [0.989092, 0.077215, -0.125433, 0.124994, 0.139896, -0.75896, 0.635931, -0.002831, -0.046096, -0.646542, -0.761484, -1.2e-05, 0.0, 0.0, 0.0, 1.0],
                [0.989216, 0.077611, -0.124206, 0.124994, 0.139054, -0.763952, 0.630111, -0.002831, -0.045984, -0.640588, -0.766506, -1.2e-05, 0.0, 0.0, 0.0, 1.0],
                [0.989365, 0.078087, -0.122711, 0.124994, 0.138033, -0.770032, 0.622894, -0.002831, -0.045852, -0.633208, -0.772622, -1.2e-05, 0.0, 0.0, 0.0, 1.0],
                [0.989538, 0.078636, -0.120957, 0.124994, 0.136841, -0.777165, 0.614238, -0.002831, -0.045703, -0.624364, -0.779795, -1.2e-05, 0.0, 0.0, 0.0, 1.0],
                [0.989732, 0.079251, -0.118955, 0.124994, 0.135488, -0.785302, 0.604105, -0.002831, -0.04554, -0.614019, -0.787976, -1.2e-05, 0.0, 0.0, 0.0, 1.0],
                [0.989944, 0.079922, -0.11672, 0.124994, 0.133988, -0.794378, 0.592461, -0.002831, -0.045369, -0.602142, -0.797099, -1.2e-05, 0.0, 0.0, 0.0, 1.0],
                [0.990172, 0.08064, -0.114267, 0.124994, 0.132353, -0.80431, 0.579282, -0.002831, -0.045192, -0.588712, -0.807079, -1.2e-05, 0.0, 0.0, 0.0, 1.0],
                [0.990412, 0.081401, -0.11161, 0.124994, 0.1306, -0.815044, 0.564488, -0.002831, -0.045017, -0.573652, -0.817861, -1.2e-05, 0.0, 0.0, 0.0, 1.0],
                [0.990663, 0.082182, -0.108782, 0.124994, 0.12875, -0.826379, 0.548198, -0.002831, -0.044844, -0.557085, -0.829244, -1.2e-05, 0.0, 0.0, 0.0, 1.0],
                [0.990919, 0.082977, -0.105803, 0.124994, 0.12682, -0.838222, 0.530377, -0.002831, -0.044678, -0.538979, -0.841133, -1.2e-05, 0.0, 0.0, 0.0, 1.0],
                [0.991178, 0.08378, -0.102692, 0.124994, 0.124829, -0.850469, 0.510998, -0.002831, -0.044525, -0.519309, -0.853426, -1.2e-05, 0.0, 0.0, 0.0, 1.0],
                [0.991438, 0.084573, -0.099485, 0.124994, 0.1228, -0.862894, 0.490238, -0.002831, -0.044384, -0.498257, -0.865892, -1.2e-05, 0.0, 0.0, 0.0, 1.0],
                [0.991696, 0.085352, -0.096201, 0.124994, 0.120751, -0.875386, 0.4681, -0.002831, -0.04426, -0.475829, -0.878423, -1.2e-05, 0.0, 0.0, 0.0, 1.0],
                [0.991948, 0.086113, -0.092862, 0.124994, 0.118698, -0.887809, 0.444641, -0.002831, -0.044154, -0.452083, -0.890882, -1.2e-05, 0.0, 0.0, 0.0, 1.0],
                [0.992193, 0.086845, -0.089498, 0.124994, 0.116662, -0.899968, 0.420056, -0.002831, -0.044066, -0.427217, -0.903074, -1.2e-05, 0.0, 0.0, 0.0, 1.0],
                [0.99243, 0.087547, -0.086125, 0.124994, 0.114657, -0.91176, 0.394395, -0.002831, -0.043996, -0.401285, -0.914896, -1.2e-05, 0.0, 0.0, 0.0, 1.0],
                [0.992657, 0.088218, -0.08276, 0.124994, 0.112696, -0.923056, 0.367786, -0.002831, -0.043946, -0.374412, -0.92622, -1.2e-05, 0.0, 0.0, 0.0, 1.0],
                [0.992872, 0.088848, -0.079439, 0.124994, 0.110798, -0.933671, 0.34056, -0.002831, -0.043911, -0.346934, -0.936861, -1.2e-05, 0.0, 0.0, 0.0, 1.0],
                [0.993075, 0.089446, -0.076157, 0.124994, 0.108967, -0.943589, 0.312675, -0.002831, -0.043894, -0.318808, -0.946802, -1.2e-05, 0.0, 0.0, 0.0, 1.0],
                [0.993266, 0.090009, -0.072939, 0.124994, 0.107216, -0.952694, 0.28439, -0.002831, -0.04389, -0.290295, -0.95593, -1.2e-05, 0.0, 0.0, 0.0, 1.0],
                [0.993444, 0.090539, -0.069799, 0.124994, 0.105555, -0.960919, 0.255916, -0.002831, -0.043901, -0.261605, -0.964176, -1.2e-05, 0.0, 0.0, 0.0, 1.0],
                [0.993608, 0.091038, -0.066749, 0.124994, 0.103991, -0.968225, 0.227432, -0.002831, -0.043923, -0.23292, -0.971503, -1.2e-05, 0.0, 0.0, 0.0, 1.0],
                [0.993756, 0.0915, -0.063838, 0.124994, 0.102546, -0.974512, 0.199526, -0.002831, -0.043954, -0.204826, -0.977811, -1.2e-05, 0.0, 0.0, 0.0, 1.0],
                [0.993889, 0.091926, -0.061103, 0.124994, 0.101236, -0.979762, 0.172678, -0.002831, -0.043993, -0.177808, -0.983081, -1.2e-05, 0.0, 0.0, 0.0, 1.0],
                [0.994001, 0.092301, -0.058667, 0.124994, 0.100111, -0.983865, 0.148279, -0.002831, -0.044034, -0.153263, -0.987204, -1.2e-05, 0.0, 0.0, 0.0, 1.0],
                [0.994083, 0.092586, -0.0568, 0.124994, 0.099278, -0.986626, 0.129278, -0.002831, -0.044071, -0.134152, -0.98998, -1.2e-05, 0.0, 0.0, 0.0, 1.0],
                [0.994115, 0.092701, -0.056047, 0.124994, 0.09895, -0.987641, 0.12155, -0.002831, -0.044087, -0.126381, -0.991002, -1.2e-05, 0.0, 0.0, 0.0, 1.0],
                [0.994115, 0.092701, -0.056048, 0.124994, 0.09895, -0.98764, 0.121553, -0.002831, -0.044087, -0.126384, -0.991001, -1.2e-05, 0.0, 0.0, 0.0, 1.0],
                [0.994115, 0.092701, -0.056048, 0.124994, 0.09895, -0.98764, 0.121552, -0.002831, -0.044087, -0.126383, -0.991001, -1.2e-05, 0.0, 0.0, 0.0, 1.0],
                [0.994115, 0.092701, -0.056047, 0.124994, 0.09895, -0.987641, 0.12155, -0.002831, -0.044087, -0.126381, -0.991002, -1.2e-05, 0.0, 0.0, 0.0, 1.0],
                [0.994115, 0.092701, -0.056047, 0.124994, 0.09895, -0.987641, 0.121549, -0.002831, -0.044087, -0.12638, -0.991002, -1.2e-05, 0.0, 0.0, 0.0, 1.0],
                [0.994115, 0.092701, -0.056047, 0.124994, 0.09895, -0.987641, 0.121549, -0.002831, -0.044087, -0.12638, -0.991002, -1.2e-05, 0.0, 0.0, 0.0, 1.0],
                [0.994115, 0.092701, -0.056047, 0.124994, 0.09895, -0.987641, 0.12155, -0.002831, -0.044087, -0.126381, -0.991002, -1.2e-05, 0.0, 0.0, 0.0, 1.0],
                [0.994115, 0.092701, -0.056048, 0.124994, 0.09895, -0.98764, 0.121552, -0.002831, -0.044087, -0.126382, -0.991001, -1.2e-05, 0.0, 0.0, 0.0, 1.0],
                [0.994115, 0.092701, -0.056048, 0.124994, 0.09895, -0.98764, 0.121552, -0.002831, -0.044087, -0.126382, -0.991001, -1.2e-05, 0.0, 0.0, 0.0, 1.0],
                [0.994115, 0.092701, -0.056048, 0.124994, 0.09895, -0.98764, 0.121553, -0.002831, -0.044087, -0.126384, -0.991001, -1.2e-05, 0.0, 0.0, 0.0, 1.0],
                [0.994115, 0.092701, -0.056047, 0.124994, 0.09895, -0.987641, 0.12155, -0.002831, -0.044087, -0.126381, -0.991002, -1.2e-05, 0.0, 0.0, 0.0, 1.0],
                [0.994115, 0.092701, -0.056047, 0.124994, 0.09895, -0.987641, 0.12155, -0.002831, -0.044087, -0.12638, -0.991002, -1.2e-05, 0.0, 0.0, 0.0, 1.0],
                [0.994115, 0.092701, -0.056048, 0.124994, 0.09895, -0.987641, 0.121551, -0.002831, -0.044087, -0.126381, -0.991001, -1.2e-05, 0.0, 0.0, 0.0, 1.0],
                [0.994115, 0.092701, -0.056047, 0.124994, 0.09895, -0.987641, 0.121551, -0.002831, -0.044087, -0.126381, -0.991002, -1.2e-05, 0.0, 0.0, 0.0, 1.0],
                [0.994115, 0.092701, -0.056048, 0.124994, 0.09895, -0.98764, 0.121552, -0.002831, -0.044087, -0.126382, -0.991001, -1.2e-05, 0.0, 0.0, 0.0, 1.0],
                [0.994115, 0.092701, -0.056047, 0.124994, 0.09895, -0.987641, 0.121551, -0.002831, -0.044087, -0.126382, -0.991001, -1.2e-05, 0.0, 0.0, 0.0, 1.0],
                [0.994115, 0.092701, -0.056048, 0.124994, 0.09895, -0.98764, 0.121552, -0.002831, -0.044087, -0.126382, -0.991001, -1.2e-05, 0.0, 0.0, 0.0, 1.0],
                [0.994115, 0.092701, -0.056047, 0.124994, 0.09895, -0.987641, 0.121551, -0.002831, -0.044087, -0.126382, -0.991002, -1.2e-05, 0.0, 0.0, 0.0, 1.0],
