{
    "animation": [
        {
            "name": "Root",
            "time": [0.0, 0.0167, 0.0333, 0.05, 0.0667, 0.0833, 0.1, 0.1167, 0.1333, 0.15, 0.1667, 0.1833, 0.2, 0.2167, 0.2333, 0.25, 0.2667, 0.2833, 0.3, 0.3167, 0.3333, 0.35, 0.3667, 0.3833, 0.4, 0.4167, 0.4333, 0.45, 0.4667, 0.4833, 0.5, 0.5167, 0.5333, 0.55, 0.5667, 0.5833, 0.6, 0.6167, 0.6333, 0.65, 0.6667, 0.6833, 0.7, 0.7167, 0.7333, 0.75, 0.7667, 0.7833, 0.8, 0.8167, 0.8333, 0.85, 0.8667, 0.8833, 0.9, 0.9167, 0.9333, 0.95, 0.9667, 0.9833, 1.0, 1.0167, 1.0333, 1.05, 1.0667, 1.0833, 1.1, 1.1167, 1.1333, 1.15, 1.1667, 1.1833, 1.2, 1.2167, 1.2333, 1.25, 1.2667, 1.2833, 1.3, 1.3167, 1.3333],
            "transform": [
                [0.901956, 0.0, 0.431828, -5e-06, 0.431828, 0.0, -0.901956, 0.000946, 0.0, 1.0, 0.0, 0.757621, 0.0, 0.0, 0.0, 1.0],
                [0.903346, 0.000309, 0.428912, 0.000233, 0.428912, -0.001004, -0.903346, 0.000173, 0.000151, 0.999999, -0.001039, 0.757621, 0.0, 0.0, 0.0, 1.0],
                [0.907496, 0.001232, 0.420059, 0.000945, 0.420061, -0.004075, -0.907487, -0.002195, 0.000594, 0.999991, -0.004216, 0.757614, 0.0, 0.0, 0.0, 1.0],
                [0.914256, 0.00273, 0.405127, 0.0021, 0.405134, -0.009301, -0.91421, -0.006223, 0.001273, 0.999953, -0.009609, 0.757585, 0.0, 0.0, 0.0, 1.0],
                [0.923309, 0.004708, 0.384029, 0.003625, 0.384052, -0.016751, -0.923159, -0.011967, 0.002087, 0.999849, -0.017275, 0.757505, 0.0, 0.0, 0.0, 1.0],
                [0.934157, 0.007021, 0.356795, 0.005408, 0.356852, -0.026462, -0.933786, -0.019452, 0.002885, 0.999625, -0.027225, 0.757332, 0.0, 0.0, 0.0, 1.0],
                [0.946132, 0.009471, 0.323643, 0.007296, 0.323763, -0.038408, -0.945358, -0.028661, 0.003477, 0.999217, -0.039405, 0.757018, 0.0, 0.0, 0.0, 1.0],
                [0.958438, 0.011824, 0.285056, 0.00911, 0.285277, -0.052484, -0.957007, -0.039512, 0.003645, 0.998552, -0.053676, 0.756505, 0.0, 0.0, 0.0, 1.0],
                [0.970219, 0.01383, 0.241836, 0.010656, 0.24221, -0.068482, -0.967804, -0.051844, 0.003177, 0.997557, -0.069792, 0.755738, 0.0, 0.0, 0.0, 1.0],
                [0.980659, 0.015258, 0.195127, 0.011757, 0.195713, -0.086085, -0.976876, -0.065413, 0.001892, 0.996171, -0.087406, 0.75467, 0.0, 0.0, 0.0, 1.0],
                [0.989101, 0.015933, 0.146374, 0.012277, 0.147238, -0.104875, -0.983525, -0.079898, -0.000319, 0.994358, -0.106078, 0.753272, 0.0, 0.0, 0.0, 1.0],
                [0.995138, 0.015763, 0.097223, 0.012147, 0.098431, -0.124367, -0.987342, -0.094924, -0.003472, 0.992111, -0.125314, 0.75154, 0.0, 0.0, 0.0, 1.0],
                [0.998671, 0.014762, 0.049374, 0.011375, 0.050989, -0.144051, -0.988256, -0.110097, -0.007477, 0.98946, -0.144612, 0.749497, 0.0, 0.0, 0.0, 1.0],
                [0.999905, 0.013044, 0.004423, 0.01005, 0.006496, -0.163444, -0.986531, -0.125047, -0.012145, 0.986466, -0.163513, 0.747189, 0.0, 0.0, 0.0, 1.0],
                [0.999284, 0.010803, -0.036271, 0.008323, -0.033701, -0.182128, -0.982697, -0.139449, -0.017222, 0.983216, -0.181633, 0.744683, 0.0, 0.0, 0.0, 1.0],
                [0.997395, 0.008284, -0.071661, 0.006382, -0.068567, -0.199777, -0.977439, -0.153055, -0.022414, 0.979806, -0.198688, 0.742055, 0.0, 0.0, 0.0, 1.0],
                [0.994867, 0.005752, -0.101028, 0.004429, -0.097404, -0.216165, -0.971486, -0.165687, -0.027427, 0.97634, -0.214495, 0.739383, 0.0, 0.0, 0.0, 1.0],
                [0.992281, 0.003456, -0.123958, 0.00266, -0.119809, -0.231152, -0.965513, -0.177241, -0.03199, 0.972911, -0.228954, 0.73674, 0.0, 0.0, 0.0, 1.0],
                [0.990111, 0.00162, -0.140274, 0.001244, -0.135618, -0.244673, -0.960074, -0.187663, -0.035876, 0.969604, -0.242034, 0.73419, 0.0, 0.0, 0.0, 1.0],
                [0.98869, 0.000422, -0.149975, 0.000321, -0.144842, -0.256709, -0.955574, -0.196942, -0.038903, 0.966489, -0.253745, 0.731789, 0.0, 0.0, 0.0, 1.0],
                [0.9882, 0.0, -0.153172, -5e-06, -0.1476, -0.267274, -0.952249, -0.205086, -0.040939, 0.963621, -0.26412, 0.729578, 0.0, 0.0, 0.0, 1.0],
                [0.988199, -1e-06, -0.153178, -5e-06, -0.147173, -0.277251, -0.949459, -0.212777, -0.042468, 0.960797, -0.273979, 0.727402, 0.0, 0.0, 0.0, 1.0],
                [0.988196, -3e-06, -0.153194, -7e-06, -0.146733, -0.287382, -0.94651, -0.220586, -0.044022, 0.957816, -0.28399, 0.725103, 0.0, 0.0, 0.0, 1.0],
                [0.988192, -7e-06, -0.153218, -1e-05, -0.146288, -0.297397, -0.94348, -0.228307, -0.04556, 0.954754, -0.293887, 0.722743, 0.0, 0.0, 0.0, 1.0],
                [0.988188, -1.2e-05, -0.153246, -1.4e-05, -0.145853, -0.306926, -0.940491, -0.235652, -0.047024, 0.951733, -0.303303, 0.720414, 0.0, 0.0, 0.0, 1.0],
                [0.988184, -1.6e-05, -0.153271, -1.7e-05, -0.145446, -0.315537, -0.9377, -0.24229, -0.048347, 0.948913, -0.311811, 0.71824, 0.0, 0.0, 0.0, 1.0],
                [0.988182, -1.9e-05, -0.153286, -1.9e-05, -0.145085, -0.322827, -0.935272, -0.24791, -0.049467, 0.946458, -0.319015, 0.716348, 0.0, 0.0, 0.0, 1.0],
                [0.988182, -2e-05, -0.153287, -2e-05, -0.144785, -0.328528, -0.933331, -0.252305, -0.050341, 0.944494, -0.324648, 0.714834, 0.0, 0.0, 0.0, 1.0],
                [0.988185, -1.7e-05, -0.153269, -1.7e-05, -0.144551, -0.332552, -0.931941, -0.255406, -0.050954, 0.943085, -0.328625, 0.713748, 0.0, 0.0, 0.0, 1.0],
                [0.988191, -1e-05, -0.15323, -1.2e-05, -0.144381, -0.334966, -0.931102, -0.257267, -0.051318, 0.94223, -0.331012, 0.713089, 0.0, 0.0, 0.0, 1.0],
                [0.9882, 0.0, -0.153172, -5e-06, -0.144271, -0.335934, -0.930771, -0.258013, -0.051456, 0.941886, -0.331969, 0.712823, 0.0, 0.0, 0.0, 1.0],
                [0.990264, 0.002396, -0.139185, 0.003572, -0.130635, -0.329418, -0.935103, -0.234741, -0.04809, 0.944181, -0.325898, 0.705011, 0.0, 0.0, 0.0, 1.0],
                [0.995273, 0.00901, -0.096701, 0.013175, -0.08921, -0.308764, -0.946946, -0.164447, -0.03839, 0.951096, -0.306501, 0.681056, 0.0, 0.0, 0.0, 1.0],
                [0.999494, 0.017807, -0.026362, 0.025143, -0.020485, -0.273785, -0.961573, -0.05107, -0.02434, 0.961626, -0.273282, 0.640124, 0.0, 0.0, 0.0, 1.0],
                [0.997426, 0.025415, 0.067052, 0.03421, 0.071072, -0.226159, -0.971494, 0.094349, -0.009526, 0.973759, -0.227383, 0.582747, 0.0, 0.0, 0.0, 1.0],
                [0.98451, 0.028426, 0.173007, 0.036141, 0.175316, -0.170621, -0.969615, 0.253485, 0.001956, 0.984927, -0.172962, 0.512523, 0.0, 0.0, 0.0, 1.0],
                [0.960562, 0.025375, 0.276904, 0.030368, 0.277962, -0.114578, -0.953734, 0.404934, 0.007526, 0.99309, -0.117113, 0.437032, 0.0, 0.0, 0.0, 1.0],
                [0.930777, 0.017756, 0.365157, 0.02008, 0.365512, -0.065658, -0.928488, 0.531058, 0.007489, 0.997684, -0.067603, 0.366423, 0.0, 0.0, 0.0, 1.0],
                [0.902997, 0.008976, 0.429553, 0.009697, 0.429624, -0.029124, -0.902538, 0.622212, 0.004409, 0.999536, -0.030155, 0.310235, 0.0, 0.0, 0.0, 1.0],
                [0.883951, 0.002382, 0.467574, 0.002496, 0.467578, -0.007185, -0.883922, 0.675895, 0.001254, 0.999971, -0.007465, 0.274847, 0.0, 0.0, 0.0, 1.0],
                [0.877315, 0.0, 0.479916, -5e-06, 0.479916, 0.0, -0.877315, 0.693324, 0.0, 1.0, 0.0, 0.262962, 0.0, 0.0, 0.0, 1.0],
                [0.877315, 0.0, 0.479916, -5e-06, 0.479916, 0.0, -0.877315, 0.693324, 0.0, 1.0, 0.0, 0.262969, 0.0, 0.0, 0.0, 1.0],
                [0.877315, 0.0, 0.479916, -5e-06, 0.479916, 0.0, -0.877315, 0.693324, 0.0, 1.0, 0.0, 0.263023, 0.0, 0.0, 0.0, 1.0],
                [0.877315, 0.0, 0.479916, -5e-06, 0.479916, 0.0, -0.877315, 0.693324, 0.0, 1.0, 0.0, 0.26318, 0.0, 0.0, 0.0, 1.0],
                [0.877315, 0.0, 0.479916, -5e-06, 0.479916, 0.0, -0.877315, 0.693324, 0.0, 1.0, 0.0, 0.263507, 0.0, 0.0, 0.0, 1.0],
                [0.877315, 0.0, 0.479916, -5e-06, 0.479916, 0.0, -0.877315, 0.693324, 0.0, 1.0, 0.0, 0.264082, 0.0, 0.0, 0.0, 1.0],
                [0.877315, 0.0, 0.479916, -5e-06, 0.479916, 0.0, -0.877315, 0.693324, 0.0, 1.0, 0.0, 0.264994, 0.0, 0.0, 0.0, 1.0],
                [0.877315, 0.0, 0.479916, -5e-06, 0.479916, 0.0, -0.877315, 0.693324, 0.0, 1.0, 0.0, 0.266338, 0.0, 0.0, 0.0, 1.0],
                [0.877315, 0.0, 0.479916, -5e-06, 0.479916, 0.0, -0.877315, 0.693324, 0.0, 1.0, 0.0, 0.268214, 0.0, 0.0, 0.0, 1.0],
                [0.877315, 0.0, 0.479916, -5e-06, 0.479916, 0.0, -0.877315, 0.693324, 0.0, 1.0, 0.0, 0.270716, 0.0, 0.0, 0.0, 1.0],
                [0.877315, 0.0, 0.479916, -5e-06, 0.479916, 0.0, -0.877315, 0.693324, 0.0, 1.0, 0.0, 0.273934, 0.0, 0.0, 0.0, 1.0],
                [0.877315, 0.0, 0.479916, -5e-06, 0.479916, 0.0, -0.877315, 0.693324, 0.0, 1.0, 0.0, 0.277936, 0.0, 0.0, 0.0, 1.0],
                [0.877315, 0.0, 0.479916, -5e-06, 0.479916, 0.0, -0.877315, 0.693324, 0.0, 1.0, 0.0, 0.282775, 0.0, 0.0, 0.0, 1.0],
                [0.877315, 0.0, 0.479916, -5e-06, 0.479916, 0.0, -0.877315, 0.693324, 0.0, 1.0, 0.0, 0.288477, 0.0, 0.0, 0.0, 1.0],
                [0.877315, 0.0, 0.479916, -5e-06, 0.479916, 0.0, -0.877315, 0.693324, 0.0, 1.0, 0.0, 0.295046, 0.0, 0.0, 0.0, 1.0],
                [0.877315, 0.0, 0.479916, -5e-06, 0.479916, 0.0, -0.877315, 0.693324, 0.0, 1.0, 0.0, 0.302463, 0.0, 0.0, 0.0, 1.0],
                [0.877315, 0.0, 0.479916, -5e-06, 0.479916, 0.0, -0.877315, 0.693324, 0.0, 1.0, 0.0, 0.310695, 0.0, 0.0, 0.0, 1.0],
                [0.877315, 0.0, 0.479916, -5e-06, 0.479916, 0.0, -0.877315, 0.693324, 0.0, 1.0, 0.0, 0.319694, 0.0, 0.0, 0.0, 1.0],
                [0.877315, 0.0, 0.479916, -5e-06, 0.479916, 0.0, -0.877315, 0.693324, 0.0, 1.0, 0.0, 0.329406, 0.0, 0.0, 0.0, 1.0],
                [0.877315, 0.0, 0.479916, -5e-06, 0.479916, 0.0, -0.877315, 0.693324, 0.0, 1.0, 0.0, 0.339772, 0.0, 0.0, 0.0, 1.0],
                [0.877315, 0.0, 0.479916, -5e-06, 0.479916, 0.0, -0.877315, 0.693324, 0.0, 1.0, 0.0, 0.350734, 0.0, 0.0, 0.0, 1.0],
                [0.877457, 0.0, 0.479655, 3.5e-05, 0.479655, 0.0, -0.877457, 0.689508, 0.0, 1.0, 0.0, 0.363455, 0.0, 0.0, 0.0, 1.0],
                [0.877889, 0.0, 0.478865, 0.000151, 0.478865, 0.0, -0.877889, 0.677975, 0.0, 1.0, 0.0, 0.379138, 0.0, 0.0, 0.0, 1.0],
                [0.878609, 0.0, 0.477543, 0.000336, 0.477543, 0.0, -0.878609, 0.658689, 0.0, 1.0, 0.0, 0.397738, 0.0, 0.0, 0.0, 1.0],
                [0.87961, 0.0, 0.475697, 0.000576, 0.475697, 0.0, -0.87961, 0.631778, 0.0, 1.0, 0.0, 0.41914, 0.0, 0.0, 0.0, 1.0],
                [0.880876, 0.0, 0.473347, 0.000849, 0.473347, 0.0, -0.880876, 0.597576, 0.0, 1.0, 0.0, 0.443134, 0.0, 0.0, 0.0, 1.0],
                [0.882383, 0.0, 0.470532, 0.001131, 0.470532, 0.0, -0.882383, 0.556662, 0.0, 1.0, 0.0, 0.469407, 0.0, 0.0, 0.0, 1.0],
                [0.884095, 0.0, 0.467308, 0.001391, 0.467308, 0.0, -0.884095, 0.509894, 0.0, 1.0, 0.0, 0.497529, 0.0, 0.0, 0.0, 1.0],
                [0.885965, 0.0, 0.463752, 0.001602, 0.463752, 0.0, -0.885965, 0.458412, 0.0, 1.0, 0.0, 0.526957, 0.0, 0.0, 0.0, 1.0],
                [0.88794, 0.0, 0.459959, 0.001739, 0.459959, 0.0, -0.88794, 0.403617, 0.0, 1.0, 0.0, 0.557048, 0.0, 0.0, 0.0, 1.0],
                [0.88996, 0.0, 0.456038, 0.001787, 0.456038, 0.0, -0.88996, 0.347111, 0.0, 1.0, 0.0, 0.587093, 0.0, 0.0, 0.0, 1.0],
                [0.891963, 0.0, 0.452109, 0.001739, 0.452109, 0.0, -0.891963, 0.290606, 0.0, 1.0, 0.0, 0.616351, 0.0, 0.0, 0.0, 1.0],
                [0.893888, 0.0, 0.44829, 0.001601, 0.44829, 0.0, -0.893888, 0.235815, 0.0, 1.0, 0.0, 0.644106, 0.0, 0.0, 0.0, 1.0],
                [0.895682, 0.0, 0.444695, 0.001391, 0.444695, 0.0, -0.895682, 0.184338, 0.0, 1.0, 0.0, 0.669708, 0.0, 0.0, 0.0, 1.0],
                [0.897299, 0.0, 0.441423, 0.00113, 0.441423, 0.0, -0.897299, 0.137577, 0.0, 1.0, 0.0, 0.692605, 0.0, 0.0, 0.0, 1.0],
                [0.898704, 0.0, 0.438555, 0.000849, 0.438555, 0.0, -0.898704, 0.096672, 0.0, 1.0, 0.0, 0.712373, 0.0, 0.0, 0.0, 1.0],
                [0.899872, 0.0, 0.436155, 0.000576, 0.436155, 0.0, -0.899872, 0.062477, 0.0, 1.0, 0.0, 0.728711, 0.0, 0.0, 0.0, 1.0],
                [0.900786, 0.0, 0.434264, 0.000336, 0.434264, 0.0, -0.900786, 0.035573, 0.0, 1.0, 0.0, 0.74144, 0.0, 0.0, 0.0, 1.0],
                [0.901438, 0.0, 0.432908, 0.000151, 0.432908, 0.0, -0.901438, 0.016292, 0.0, 1.0, 0.0, 0.750486, 0.0, 0.0, 0.0, 1.0],
                [0.901827, 0.0, 0.432096, 3.5e-05, 0.432096, 0.0, -0.901827, 0.004761, 0.0, 1.0, 0.0, 0.755855, 0.0, 0.0, 0.0, 1.0],
                [0.901956, 0.0, 0.431828, -5e-06, 0.431828, 0.0, -0.901956, 0.000946, 0.0, 1.0, 0.0, 0.757621, 0.0, 0.0, 0.0, 1.0]
            ]
        },
        {
            "name": "Thigh_R",
            "time": [0.0, 0.0167, 0.0333, 0.05, 0.0667, 0.0833, 0.1, 0.1167, 0.1333, 0.15, 0.1667, 0.1833, 0.2, 0.2167, 0.2333, 0.25, 0.2667, 0.2833, 0.3, 0.3167, 0.3333, 0.35, 0.3667, 0.3833, 0.4, 0.4167, 0.4333, 0.45, 0.4667, 0.4833, 0.5, 0.5167, 0.5333, 0.55, 0.5667, 0.5833, 0.6, 0.6167, 0.6333, 0.65, 0.6667, 0.6833, 0.7, 0.7167, 0.7333, 0.75, 0.7667, 0.7833, 0.8, 0.8167, 0.8333, 0.85, 0.8667, 0.8833, 0.9, 0.9167, 0.9333, 0.95, 0.9667, 0.9833, 1.0, 1.0167, 1.0333, 1.05, 1.0667, 1.0833, 1.1, 1.1167, 1.1333, 1.15, 1.1667, 1.1833, 1.2, 1.2167, 1.2333, 1.25, 1.2667, 1.2833, 1.3, 1.3167, 1.3333],
            "transform": [
                [0.994115, 0.092701, -0.056047, 0.124994, 0.09895, -0.987641, 0.12155, -0.002831, -0.044087, -0.126381, -0.991002, -1.2e-05, 0.0, 0.0, 0.0, 1.0],
                [0.993992, 0.092137, -0.059069, 0.124994, 0.10022, -0.983142, 0.152932, -0.002831, -0.043983, -0.157933, -0.98647, -1.2e-05, 0.0, 0.0, 0.0, 1.0],
                [0.993747, 0.09095, -0.064759, 0.124994, 0.102714, -0.972083, 0.210957, -0.002831, -0.043765, -0.21629, -0.975348, -1.2e-05, 0.0, 0.0, 0.0, 1.0],
                [0.99345, 0.089403, -0.071164, 0.124994, 0.10567, -0.955796, 0.274385, -0.002831, -0.043487, -0.280108, -0.958983, -1.2e-05, 0.0, 0.0, 0.0, 1.0],
                [0.99311, 0.087516, -0.077928, 0.124994, 0.108943, -0.934503, 0.338874, -0.002831, -0.043167, -0.345029, -0.937599, -1.2e-05, 0.0, 0.0, 0.0, 1.0],
                [0.99273, 0.085282, -0.08493, 0.124994, 0.112483, -0.908448, 0.402578, -0.002831, -0.042822, -0.409205, -0.911437, -1.2e-05, 0.0, 0.0, 0.0, 1.0],
                [0.992309, 0.08268, -0.092123, 0.124994, 0.116271, -0.877909, 0.464496, -0.002831, -0.042471, -0.471635, -0.88077, -1.2e-05, 0.0, 0.0, 0.0, 1.0],
                [0.991843, 0.079691, -0.099477, 0.124994, 0.120295, -0.843245, 0.523895, -0.002831, -0.042134, -0.531588, -0.845954, -1.2e-05, 0.0, 0.0, 0.0, 1.0],
                [0.991333, 0.076332, -0.106915, 0.124994, 0.124525, -0.805256, 0.579703, -0.002831, -0.041844, -0.587993, -0.807783, -1.2e-05, 0.0, 0.0, 0.0, 1.0],
                [0.990779, 0.072609, -0.114393, 0.124994, 0.128938, -0.764667, 0.631394, -0.002831, -0.041628, -0.640321, -0.766978, -1.2e-05, 0.0, 0.0, 0.0, 1.0],
                [0.990179, 0.068564, -0.121831, 0.124994, 0.133493, -0.722501, 0.678359, -0.002831, -0.041512, -0.687962, -0.724558, -1.2e-05, 0.0, 0.0, 0.0, 1.0],
                [0.989543, 0.064271, -0.129126, 0.124994, 0.138132, -0.679974, 0.720107, -0.002831, -0.04152, -0.730413, -0.681742, -1.2e-05, 0.0, 0.0, 0.0, 1.0],
                [0.988877, 0.059803, -0.136185, 0.124994, 0.142785, -0.638128, 0.756574, -0.002831, -0.041658, -0.767604, -0.639569, -1.2e-05, 0.0, 0.0, 0.0, 1.0],
                [0.988195, 0.055306, -0.142865, 0.124994, 0.147348, -0.598352, 0.787568, -0.002831, -0.041926, -0.799323, -0.599438, -1.2e-05, 0.0, 0.0, 0.0, 1.0],
                [0.98752, 0.050914, -0.149038, 0.124994, 0.151708, -0.561674, 0.813331, -0.002831, -0.042301, -0.82579, -0.562389, -1.2e-05, 0.0, 0.0, 0.0, 1.0],
                [0.986875, 0.046775, -0.154564, 0.124994, 0.155728, -0.528978, 0.834224, -0.002831, -0.042741, -0.847345, -0.52932, -1.2e-05, 0.0, 0.0, 0.0, 1.0],
                [0.98629, 0.0431, -0.159291, 0.124994, 0.159263, -0.501346, 0.850463, -0.002831, -0.043205, -0.864173, -0.501337, -1.2e-05, 0.0, 0.0, 0.0, 1.0],
                [0.985797, 0.040047, -0.163094, 0.124994, 0.16217, -0.479355, 0.862507, -0.002831, -0.043639, -0.876707, -0.479042, -1.2e-05, 0.0, 0.0, 0.0, 1.0],
                [0.985424, 0.037762, -0.165872, 0.124994, 0.16433, -0.463439, 0.870758, -0.002831, -0.043989, -0.885324, -0.462889, -1.2e-05, 0.0, 0.0, 0.0, 1.0],
                [0.985192, 0.036356, -0.167557, 0.124994, 0.165656, -0.453854, 0.875542, -0.002831, -0.044215, -0.890334, -0.453156, -1.2e-05, 0.0, 0.0, 0.0, 1.0],
                [0.985113, 0.035882, -0.168118, 0.124994, 0.1661, -0.450672, 0.877101, -0.002831, -0.044294, -0.891968, -0.449923, -1.2e-05, 0.0, 0.0, 0.0, 1.0],
                [0.985113, 0.035881, -0.168117, 0.124994, 0.166099, -0.450673, 0.8771, -0.002831, -0.044295, -0.891968, -0.449924, -1.2e-05, 0.0, 0.0, 0.0, 1.0],
                [0.985114, 0.035881, -0.168117, 0.124994, 0.166099, -0.450673, 0.8771, -0.002831, -0.044294, -0.891968, -0.449924, -1.2e-05, 0.0, 0.0, 0.0, 1.0],
                [0.985114, 0.035882, -0.168117, 0.124994, 0.166099, -0.450673, 0.8771, -0.002831, -0.044294, -0.891967, -0.449924, -1.2e-05, 0.0, 0.0, 0.0, 1.0],
                [0.985114, 0.035881, -0.168117, 0.124994, 0.166099, -0.450673, 0.8771, -0.002831, -0.044295, -0.891968, -0.449924, -1.2e-05, 0.0, 0.0, 0.0, 1.0],
                [0.985114, 0.035883, -0.168118, 0.124994, 0.1661, -0.450673, 0.8771, -0.002831, -0.044293, -0.891968, -0.449924, -1.2e-05, 0.0, 0.0, 0.0, 1.0],
                [0.985113, 0.035884, -0.168119, 0.124994, 0.166102, -0.450672, 0.8771, -0.002831, -0.044292, -0.891968, -0.449924, -1.2e-05, 0.0, 0.0, 0.0, 1.0],
                [0.985114, 0.035882, -0.168117, 0.124994, 0.166099, -0.450673, 0.8771, -0.002831, -0.044294, -0.891968, -0.449924, -1.2e-05, 0.0, 0.0, 0.0, 1.0],
                [0.985114, 0.035882, -0.168118, 0.124994, 0.1661, -0.450673, 0.8771, -0.002831, -0.044294, -0.891968, -0.449924, -1.2e-05, 0.0, 0.0, 0.0, 1.0],
                [0.985114, 0.03588, -0.168117, 0.124994, 0.166098, -0.450673, 0.8771, -0.002831, -0.044295, -0.891967, -0.449924, -1.2e-05, 0.0, 0.0, 0.0, 1.0],
                [0.985114, 0.035881, -0.168117, 0.124994, 0.166099, -0.450673, 0.877101, -0.002831, -0.044294, -0.891968, -0.449924, -1.2e-05, 0.0, 0.0, 0.0, 1.0],
                [0.984076, 0.034213, -0.174427, 0.124994, 0.171585, -0.439068, 0.881918, -0.002831, -0.046412, -0.897803, -0.437946, -1.2e-05, 0.0, 0.0, 0.0, 1.0],
                [0.980646, 0.028989, -0.193626, 0.124994, 0.188698, -0.403617, 0.895257, -0.002831, -0.052198, -0.914468, -0.401276, -1.2e-05, 0.0, 0.0, 0.0, 1.0],
                [0.974052, 0.019978, -0.225441, 0.124994, 0.218394, -0.344341, 0.91309, -0.002831, -0.059387, -0.938632, -0.339769, -1.2e-05, 0.0, 0.0, 0.0, 1.0],
                [0.963407, 0.007652, -0.267935, 0.124994, 0.260403, -0.263684, 0.928795, -0.002831, -0.063542, -0.964579, -0.256027, -1.2e-05, 0.0, 0.0, 0.0, 1.0],
                [0.948493, -0.006039, -0.316739, 0.124994, 0.311237, -0.168735, 0.935233, -0.002831, -0.059093, -0.985643, -0.158164, -1.2e-05, 0.0, 0.0, 0.0, 1.0],
                [0.930652, -0.018412, -0.36544, 0.124994, 0.363394, -0.070255, 0.928982, -0.002831, -0.042778, -0.997359, -0.058692, -1.2e-05, 0.0, 0.0, 0.0, 1.0],
                [0.912784, -0.02752, -0.407514, 0.124994, 0.408073, 0.019021, 0.912751, -0.002831, -0.017368, -0.99944, 0.028592, -1.2e-05, 0.0, 0.0, 0.0, 1.0],
                [0.898084, -0.033087, -0.438577, 0.124994, 0.439729, 0.088225, 0.893787, -0.002831, 0.009121, -0.99555, 0.093783, -1.2e-05, 0.0, 0.0, 0.0, 1.0],
                [0.888731, -0.035879, -0.457022, 0.124994, 0.457554, 0.130937, 0.879488, -0.002831, 0.028286, -0.990741, 0.132784, -1.2e-05, 0.0, 0.0, 0.0, 1.0],
                [0.885587, -0.0367, -0.46302, 0.124994, 0.463144, 0.14512, 0.874321, -0.002831, 0.035105, -0.988733, 0.145514, -1.2e-05, 0.0, 0.0, 0.0, 1.0],
                [0.88559, -0.036697, -0.463014, 0.124994, 0.463138, 0.145101, 0.874327, -0.002831, 0.035099, -0.988736, 0.145495, -1.2e-05, 0.0, 0.0, 0.0, 1.0],
                [0.885616, -0.036668, -0.462968, 0.124994, 0.463094, 0.144958, 0.874375, -0.002831, 0.035049, -0.988758, 0.145357, -1.2e-05, 0.0, 0.0, 0.0, 1.0],
                [0.885689, -0.036585, -0.462835, 0.124994, 0.462965, 0.144542, 0.874512, -0.002831, 0.034905, -0.988822, 0.144956, -1.2e-05, 0.0, 0.0, 0.0, 1.0],
                [0.88584, -0.036412, -0.462558, 0.124994, 0.462697, 0.143675, 0.874796, -0.002831, 0.034605, -0.988954, 0.14412, -1.2e-05, 0.0, 0.0, 0.0, 1.0],
                [0.886107, -0.036108, -0.462072, 0.124994, 0.462226, 0.142149, 0.875295, -0.002831, 0.034078, -0.989186, 0.142649, -1.2e-05, 0.0, 0.0, 0.0, 1.0],
                [0.886527, -0.035629, -0.461302, 0.124994, 0.46148, 0.139731, 0.876077, -0.002831, 0.033244, -0.989548, 0.140318, -1.2e-05, 0.0, 0.0, 0.0, 1.0],
                [0.887142, -0.034931, -0.460173, 0.124994, 0.460384, 0.13617, 0.877214, -0.002831, 0.03202, -0.990069, 0.136884, -1.2e-05, 0.0, 0.0, 0.0, 1.0],
                [0.88799, -0.033968, -0.458607, 0.124994, 0.458862, 0.131206, 0.878766, -0.002831, 0.030322, -0.990773, 0.132096, -1.2e-05, 0.0, 0.0, 0.0, 1.0],
                [0.889104, -0.032707, -0.456535, 0.124994, 0.456844, 0.124592, 0.880778, -0.002831, 0.028073, -0.991668, 0.125717, -1.2e-05, 0.0, 0.0, 0.0, 1.0],
                [0.890507, -0.031124, -0.453903, 0.124994, 0.45427, 0.11611, 0.883265, -0.002831, 0.025212, -0.992748, 0.117536, -1.2e-05, 0.0, 0.0, 0.0, 1.0],
                [0.89221, -0.029214, -0.450675, 0.124994, 0.451099, 0.105588, 0.886206, -0.002831, 0.021697, -0.99398, 0.107385, -1.2e-05, 0.0, 0.0, 0.0, 1.0],
                [0.894206, -0.026987, -0.446842, 0.124994, 0.447313, 0.092915, 0.889538, -0.002831, 0.017513, -0.995308, 0.095157, -1.2e-05, 0.0, 0.0, 0.0, 1.0],
                [0.896473, -0.024474, -0.442422, 0.124994, 0.442917, 0.078051, 0.893159, -0.002831, 0.012672, -0.996649, 0.08081, -1.2e-05, 0.0, 0.0, 0.0, 1.0],
                [0.898976, -0.021719, -0.437459, 0.124994, 0.437939, 0.061021, 0.896931, -0.002831, 0.007214, -0.9979, 0.064368, -1.2e-05, 0.0, 0.0, 0.0, 1.0],
                [0.901669, -0.018776, -0.432019, 0.124994, 0.432425, 0.041917, 0.900695, -0.002831, 0.001197, -0.998944, 0.045914, -1.2e-05, 0.0, 0.0, 0.0, 1.0],
                [0.904502, -0.015702, -0.426181, 0.124994, 0.426437, 0.020874, 0.904276, -0.002831, -0.005303, -0.999658, 0.025576, -1.2e-05, 0.0, 0.0, 0.0, 1.0],
                [0.907421, -0.012553, -0.420034, 0.124994, 0.420044, -0.001936, 0.907501, -0.002831, -0.012204, -0.999919, 0.003516, -1.2e-05, 0.0, 0.0, 0.0, 1.0],
                [0.910379, -0.009375, -0.413669, 0.124994, 0.413319, -0.026321, 0.910205, -0.002831, -0.019421, -0.999609, -0.020087, -1.2e-05, 0.0, 0.0, 0.0, 1.0],
                [0.913329, -0.006209, -0.407175, 0.124994, 0.406335, -0.052085, 0.912238, -0.002831, -0.026872, -0.998623, -0.045048, -1.2e-05, 0.0, 0.0, 0.0, 1.0],
                [0.916233, -0.003017, -0.400633, 0.124994, 0.399157, -0.079197, 0.913455, -0.002831, -0.034485, -0.996854, -0.071359, -1.2e-05, 0.0, 0.0, 0.0, 1.0],
                [0.919803, 0.000979, -0.39238, 0.124994, 0.39007, -0.110666, 0.914111, -0.002831, -0.042528, -0.993857, -0.102173, -1.2e-05, 0.0, 0.0, 0.0, 1.0],
                [0.924635, 0.006642, -0.380795, 0.124994, 0.377417, -0.149969, 0.913819, -0.002831, -0.051038, -0.988668, -0.141174, -1.2e-05, 0.0, 0.0, 0.0, 1.0],
                [0.930487, 0.013721, -0.366068, 0.124994, 0.361461, -0.196685, 0.911406, -0.002831, -0.059494, -0.98037, -0.187972, -1.2e-05, 0.0, 0.0, 0.0, 1.0],
                [0.937061, 0.021917, -0.348476, 0.124994, 0.342613, -0.250143, 0.905563, -0.002831, -0.067322, -0.96796, -0.241909, -1.2e-05, 0.0, 0.0, 0.0, 1.0],
                [0.944037, 0.030899, -0.328389, 0.124994, 0.321442, -0.30941, 0.894953, -0.002831, -0.073954, -0.950426, -0.302027, -1.2e-05, 0.0, 0.0, 0.0, 1.0],
                [0.951093, 0.04034, -0.306258, 0.124994, 0.298652, -0.373381, 0.87829, -0.002831, -0.078921, -0.9268, -0.367168, -1.2e-05, 0.0, 0.0, 0.0, 1.0],
                [0.957938, 0.049766, -0.282624, 0.124994, 0.275038, -0.440277, 0.854699, -0.002831, -0.081898, -0.896482, -0.435446, -1.2e-05, 0.0, 0.0, 0.0, 1.0],
                [0.964335, 0.058843, -0.25806, 0.124994, 0.251404, -0.50858, 0.823494, -0.002831, -0.082787, -0.859002, -0.505235, -1.2e-05, 0.0, 0.0, 0.0, 1.0],
                [0.970113, 0.06724, -0.233151, 0.124994, 0.228484, -0.576655, 0.784388, -0.002831, -0.081705, -0.814216, -0.574784, -1.2e-05, 0.0, 0.0, 0.0, 1.0],
                [0.975174, 0.074597, -0.208496, 0.124994, 0.20689, -0.642589, 0.737751, -0.002831, -0.078943, -0.762571, -0.642069, -1.2e-05, 0.0, 0.0, 0.0, 1.0],
                [0.979488, 0.080735, -0.184623, 0.124994, 0.187054, -0.705001, 0.684094, -0.002831, -0.074929, -0.704596, -0.705642, -1.2e-05, 0.0, 0.0, 0.0, 1.0],
                [0.983076, 0.085516, -0.162013, 0.124994, 0.169241, -0.762497, 0.624463, -0.002831, -0.070133, -0.641315, -0.764066, -1.2e-05, 0.0, 0.0, 0.0, 1.0],
                [0.985998, 0.088945, -0.141056, 0.124994, 0.153562, -0.814073, 0.560093, -0.002831, -0.065012, -0.573911, -0.816333, -1.2e-05, 0.0, 0.0, 0.0, 1.0],
                [0.988333, 0.091159, -0.122016, 0.124994, 0.140003, -0.859193, 0.492124, -0.002831, -0.059974, -0.503464, -0.861932, -1.2e-05, 0.0, 0.0, 0.0, 1.0],
                [0.990165, 0.092335, -0.105103, 0.124994, 0.128494, -0.897361, 0.422175, -0.002831, -0.055334, -0.431528, -0.900401, -1.2e-05, 0.0, 0.0, 0.0, 1.0],
                [0.991577, 0.092766, -0.090386, 0.124994, 0.118911, -0.92863, 0.351433, -0.002831, -0.051334, -0.359221, -0.93184, -1.2e-05, 0.0, 0.0, 0.0, 1.0],
                [0.992638, 0.092757, -0.077874, 0.124994, 0.111134, -0.953174, 0.281262, -0.002831, -0.048139, -0.287846, -0.956466, -1.2e-05, 0.0, 0.0, 0.0, 1.0],
                [0.993406, 0.092609, -0.067587, 0.124994, 0.105084, -0.971217, 0.213762, -0.002831, -0.045846, -0.219454, -0.974545, -1.2e-05, 0.0, 0.0, 0.0, 1.0],
                [0.993911, 0.09259, -0.059729, 0.124994, 0.100796, -0.983, 0.153462, -0.002831, -0.044504, -0.158548, -0.986348, -1.2e-05, 0.0, 0.0, 0.0, 1.0],
                [0.994115, 0.092701, -0.056047, 0.124994, 0.09895, -0.987641, 0.12155, -0.002831, -0.044087, -0.126381, -0.991002, -1.2e-05, 0.0, 0.0, 0.0, 1.0]
            ]
        },
        {
            "name": "Leg_R",
            "time": [0.0, 0.0167, 0.0333, 0.05, 0.0667, 0.0833, 0.1, 0.1167, 0.1333, 0.15, 0.1667, 0.1833, 0.2, 0.2167, 0.2333, 0.25, 0.2667, 0.2833, 0.3, 0.3167, 0.3333, 0.35, 0.3667, 0.3833, 0.4, 0.4167, 0.4333, 0.45, 0.4667, 0.4833, 0.5, 0.5167, 0.5333, 0.55, 0.5667, 0.5833, 0.6, 0.6167, 0.6333, 0.65, 0.6667, 0.6833, 0.7, 0.7167, 0.7333, 0.75, 0.7667, 0.7833, 0.8, 0.8167, 0.8333, 0.85, 0.8667, 0.8833, 0.9, 0.9167, 0.9333, 0.95, 0.9667, 0.9833, 1.0, 1.0167, 1.0333, 1.05, 1.0667, 1.0833, 1.1, 1.1167, 1.1333, 1.15, 1.1667, 1.1833, 1.2, 1.2167, 1.2333, 1.25, 1.2667, 1.2833, 1.3, 1.3167, 1.3333],
            "transform": [
                [0.999992, -0.004059, -0.000341, 0.0, 0.004072, 0.993813, 0.11099, 0.374721, -0.000112, -0.11099, 0.993821, 0.0, 0.0, 0.0, 0.0, 1.0],
                [0.99998, -0.006341, -0.000669, 0.0, 0.006361, 0.984831, 0.173403, 0.374721, -0.000441, -0.173404, 0.984851, -0.0, 0.0, 0.0, 0.0, 1.0],
                [0.999944, -0.010495, -0.001653, 0.0, 0.010528, 0.957874, 0.286997, 0.374721, -0.001428, -0.286998, 0.957931, 0.0, 0.0, 0.0, 0.0, 1.0],
                [0.999884, -0.014894, -0.003286, -0.0, 0.014941, 0.913173, 0.407298, 0.374721, -0.003066, -0.4073, 0.913289, 0.0, 0.0, 0.0, 0.0, 1.0],
                [0.999801, -0.019158, -0.005536, 0.0, 0.019218, 0.851571, 0.523886, 0.374721, -0.005323, -0.523889, 0.85177, -0.0, 0.0, 0.0, 0.0, 1.0],
                [0.999698, -0.0231, -0.008336, -0.0, 0.023172, 0.774883, 0.63168, 0.374721, -0.008132, -0.631683, 0.775184, -0.0, 0.0, 0.0, 0.0, 1.0],
                [0.999579, -0.02661, -0.011604, 0.0, 0.026694, 0.68539, 0.727687, 0.374721, -0.01141, -0.72769, 0.685811, 0.0, 0.0, 0.0, 0.0, 1.0],
                [0.999445, -0.029619, -0.015243, 0.0, 0.029712, 0.58577, 0.809933, 0.374721, -0.01506, -0.809936, 0.586325, -0.0, 0.0, 0.0, 0.0, 1.0],
                [0.999303, -0.032061, -0.019108, -0.0, 0.032162, 0.479937, 0.876713, 0.374721, -0.018938, -0.876717, 0.480634, 0.0, 0.0, 0.0, 0.0, 1.0],
                [0.999158, -0.033932, -0.023074, 0.0, 0.034039, 0.371322, 0.92788, 0.374721, -0.022917, -0.927884, 0.372164, 0.0, 0.0, 0.0, 0.0, 1.0],
                [0.999014, -0.035251, -0.027004, -0.0, 0.035362, 0.263732, 0.963948, 0.374721, -0.026858, -0.963952, 0.264718, -0.0, 0.0, 0.0, 0.0, 1.0],
                [0.998876, -0.036069, -0.030762, 0.0, 0.036182, 0.160829, 0.986319, 0.374721, -0.030628, -0.986323, 0.161954, -0.0, 0.0, 0.0, 0.0, 1.0],
                [0.998748, -0.036466, -0.034255, -0.0, 0.036581, 0.065163, 0.997204, 0.374721, -0.034132, -0.997208, 0.066415, -0.0, 0.0, 0.0, 0.0, 1.0],
                [0.998633, -0.036536, -0.037388, 0.0, 0.036651, -0.02063, 0.999115, 0.374721, -0.037275, -0.999119, -0.019263, 0.0, 0.0, 0.0, 0.0, 1.0],
                [0.998532, -0.036379, -0.040117, -0.0, 0.036493, -0.095324, 0.994777, 0.374721, -0.040013, -0.994781, -0.093857, 0.0, 0.0, 0.0, 0.0, 1.0],
                [0.998448, -0.036083, -0.042417, 0.0, 0.036197, -0.158342, 0.986721, 0.374721, -0.04232, -0.986725, -0.156791, 0.0, 0.0, 0.0, 0.0, 1.0],
                [0.99838, -0.035738, -0.044271, -0.0, 0.03585, -0.209048, 0.977248, 0.374721, -0.044179, -0.977252, -0.207428, 0.0, 0.0, 0.0, 0.0, 1.0],
                [0.998329, -0.035406, -0.045683, -0.0, 0.035517, -0.247744, 0.968175, 0.374721, -0.045597, -0.968179, -0.246072, 0.0, 0.0, 0.0, 0.0, 1.0],
                [0.998292, -0.035137, -0.046672, 0.0, 0.035248, -0.274846, 0.960842, 0.374721, -0.046589, -0.960846, -0.273138, 0.0, 0.0, 0.0, 0.0, 1.0],
                [0.998271, -0.034966, -0.047257, -0.0, 0.035076, -0.290803, 0.95614, 0.374721, -0.047175, -0.956144, -0.289073, -0.0, 0.0, 0.0, 0.0, 1.0],
                [0.998264, -0.034907, -0.047447, -0.0, 0.035017, -0.296041, 0.954533, 0.374721, -0.047366, -0.954538, -0.294304, -0.0, 0.0, 0.0, 0.0, 1.0],
                [0.998264, -0.034905, -0.047444, -0.0, 0.035015, -0.29604, 0.954533, 0.374721, -0.047363, -0.954538, -0.294304, 0.0, 0.0, 0.0, 0.0, 1.0],
                [0.998264, -0.034905, -0.047445, -0.0, 0.035015, -0.29604, 0.954534, 0.374721, -0.047364, -0.954538, -0.294304, -0.0, 0.0, 0.0, 0.0, 1.0],
                [0.998263, -0.034906, -0.047446, 0.0, 0.035016, -0.29604, 0.954534, 0.374721, -0.047365, -0.954537, -0.294303, -0.0, 0.0, 0.0, 0.0, 1.0],
                [0.998264, -0.034905, -0.047444, 0.0, 0.035015, -0.29604, 0.954534, 0.374721, -0.047363, -0.954537, -0.294304, 0.0, 0.0, 0.0, 0.0, 1.0],
                [0.998263, -0.034907, -0.047447, -0.0, 0.035017, -0.29604, 0.954534, 0.374721, -0.047366, -0.954537, -0.294303, 0.0, 0.0, 0.0, 0.0, 1.0],
                [0.998263, -0.034909, -0.047449, -0.0, 0.035019, -0.29604, 0.954533, 0.374721, -0.047368, -0.954538, -0.294304, -0.0, 0.0, 0.0, 0.0, 1.0],
                [0.998264, -0.034906, -0.047445, -0.0, 0.035016, -0.29604, 0.954533, 0.374721, -0.047364, -0.954537, -0.294304, 0.0, 0.0, 0.0, 0.0, 1.0],
                [0.998264, -0.034906, -0.047446, -0.0, 0.035016, -0.29604, 0.954533, 0.374721, -0.047365, -0.954538, -0.294304, 0.0, 0.0, 0.0, 0.0, 1.0],
                [0.998264, -0.034904, -0.047443, -0.0, 0.035014, -0.29604, 0.954534, 0.374721, -0.047362, -0.954538, -0.294304, 0.0, 0.0, 0.0, 0.0, 1.0],
                [0.998264, -0.034905, -0.047445, 0.0, 0.035015, -0.29604, 0.954533, 0.374721, -0.047364, -0.954537, -0.294304, 0.0, 0.0, 0.0, 0.0, 1.0],
                [0.99825, -0.034782, -0.047831, 0.0, 0.034892, -0.306641, 0.951185, 0.374721, -0.047751, -0.95119, -0.304891, -0.0, 0.0, 0.0, 0.0, 1.0],
                [0.998208, -0.034402, -0.048956, -0.0, 0.03451, -0.337383, 0.940735, 0.374721, -0.04888, -0.940739, -0.335591, 0.0, 0.0, 0.0, 0.0, 1.0],
                [0.998146, -0.033749, -0.050647, 0.0, 0.033855, -0.383646, 0.92286, 0.374721, -0.050576, -0.922864, -0.381792, 0.0, 0.0, 0.0, 0.0, 1.0],
                [0.998074, -0.032863, -0.052609, 0.0, 0.032967, -0.437394, 0.898665, 0.374721, -0.052544, -0.898669, -0.435469, 0.0, 0.0, 0.0, 0.0, 1.0],
                [0.998006, -0.031886, -0.054475, 0.0, 0.031986, -0.488547, 0.871951, 0.374721, -0.054416, -0.871955, -0.486553, -0.0, 0.0, 0.0, 0.0, 1.0],
                [0.997951, -0.031, -0.055974, 0.0, 0.031097, -0.529562, 0.847701, 0.374721, -0.05592, -0.847705, -0.527513, 0.0, 0.0, 0.0, 0.0, 1.0],
                [0.997914, -0.030342, -0.056988, -0.0, 0.030437, -0.557344, 0.829724, 0.374721, -0.056937, -0.829727, -0.555257, 0.0, 0.0, 0.0, 0.0, 1.0],
                [0.997892, -0.029944, -0.057571, -0.0, 0.030038, -0.573256, 0.818826, 0.374721, -0.057522, -0.818829, -0.571148, 0.0, 0.0, 0.0, 0.0, 1.0],
                [0.997882, -0.02975, -0.057844, -0.0, 0.029844, -0.580747, 0.813537, 0.374721, -0.057795, -0.813541, -0.57863, 0.0, 0.0, 0.0, 0.0, 1.0],
                [0.997879, -0.029695, -0.05792, 0.0, 0.029789, -0.582849, 0.812035, 0.374721, -0.057872, -0.812038, -0.580728, -0.0, 0.0, 0.0, 0.0, 1.0],
                [0.99788, -0.029696, -0.05792, -0.0, 0.029789, -0.582836, 0.812044, 0.374721, -0.057872, -0.812047, -0.580716, 0.0, 0.0, 0.0, 0.0, 1.0],
                [0.99788, -0.029698, -0.057916, -0.0, 0.029791, -0.582741, 0.812112, 0.374721, -0.057868, -0.812115, -0.58062, 0.0, 0.0, 0.0, 0.0, 1.0],
                [0.99788, -0.029705, -0.057906, 0.0, 0.029799, -0.582463, 0.812311, 0.374721, -0.057858, -0.812314, -0.580343, 0.0, 0.0, 0.0, 0.0, 1.0],
                [0.997881, -0.029721, -0.057885, 0.0, 0.029814, -0.581885, 0.812725, 0.374721, -0.057837, -0.812728, -0.579765, -0.0, 0.0, 0.0, 0.0, 1.0],
                [0.997882, -0.029747, -0.057848, 0.0, 0.029841, -0.580864, 0.813454, 0.374721, -0.0578, -0.813457, -0.578746, -0.0, 0.0, 0.0, 0.0, 1.0],
                [0.997884, -0.029789, -0.057789, -0.0, 0.029883, -0.579241, 0.814609, 0.374721, -0.05774, -0.814612, -0.577125, 0.0, 0.0, 0.0, 0.0, 1.0],
                [0.997887, -0.029852, -0.057701, -0.0, 0.029945, -0.576837, 0.816311, 0.374721, -0.057652, -0.816314, -0.574724, -0.0, 0.0, 0.0, 0.0, 1.0],
                [0.997892, -0.029938, -0.057577, 0.0, 0.030033, -0.57346, 0.818683, 0.374721, -0.057528, -0.818686, -0.571352, 0.0, 0.0, 0.0, 0.0, 1.0],
                [0.997898, -0.030054, -0.057411, -0.0, 0.030149, -0.568914, 0.821844, 0.374721, -0.057362, -0.821847, -0.566813, -0.0, 0.0, 0.0, 0.0, 1.0],
                [0.997906, -0.030202, -0.057196, -0.0, 0.030297, -0.563006, 0.825897, 0.374721, -0.057146, -0.825901, -0.560912, -0.0, 0.0, 0.0, 0.0, 1.0],
                [0.997916, -0.030386, -0.056923, 0.0, 0.030482, -0.555552, 0.830923, 0.374721, -0.056872, -0.830926, -0.553469, 0.0, 0.0, 0.0, 0.0, 1.0],
                [0.997928, -0.030607, -0.056589, 0.0, 0.030703, -0.54639, 0.836968, 0.374721, -0.056537, -0.836972, -0.544318, -0.0, 0.0, 0.0, 0.0, 1.0],
                [0.997943, -0.030866, -0.056187, -0.0, 0.030963, -0.535378, 0.844045, 0.37472, -0.056133, -0.844048, -0.533321, 0.0, 0.0, 0.0, 0.0, 1.0],
                [0.99796, -0.031161, -0.055713, 0.0, 0.031259, -0.522407, 0.852123, 0.374721, -0.055658, -0.852127, -0.520368, -0.0, 0.0, 0.0, 0.0, 1.0],
                [0.99798, -0.031491, -0.055165, -0.0, 0.03159, -0.50739, 0.861137, 0.374721, -0.055108, -0.861141, -0.505371, 0.0, 0.0, 0.0, 0.0, 1.0],
                [0.998003, -0.031851, -0.054539, 0.0, 0.031951, -0.490267, 0.870987, 0.374721, -0.054481, -0.87099, -0.48827, -0.0, 0.0, 0.0, 0.0, 1.0],
                [0.998029, -0.032237, -0.053835, 0.0, 0.032338, -0.470996, 0.881543, 0.374721, -0.053775, -0.881546, -0.469025, -0.0, 0.0, 0.0, 0.0, 1.0],
                [0.998058, -0.032643, -0.053052, 0.0, 0.032746, -0.449552, 0.892654, 0.374721, -0.052989, -0.892657, -0.44761, -0.0, 0.0, 0.0, 0.0, 1.0],
                [0.99809, -0.033064, -0.052189, -0.0, 0.033168, -0.425923, 0.904152, 0.374721, -0.052123, -0.904155, -0.424013, 0.0, 0.0, 0.0, 0.0, 1.0],
                [0.998124, -0.033495, -0.05124, 0.0, 0.0336, -0.399923, 0.915933, 0.374721, -0.051171, -0.915936, -0.398048, -0.0, 0.0, 0.0, 0.0, 1.0],
                [0.998164, -0.033946, -0.050159, 0.0, 0.034053, -0.370315, 0.928282, 0.374721, -0.050086, -0.928286, -0.368479, 0.0, 0.0, 0.0, 0.0, 1.0],
                [0.998212, -0.034436, -0.048859, 0.0, 0.034545, -0.334721, 0.941684, 0.374721, -0.048782, -0.941687, -0.332933, -0.0, 0.0, 0.0, 0.0, 1.0],
                [0.998269, -0.03495, -0.047305, 0.0, 0.03506, -0.292186, 0.955719, 0.374721, -0.047224, -0.955722, -0.290455, -0.0, 0.0, 0.0, 0.0, 1.0],
                [0.998336, -0.035461, -0.045461, -0.0, 0.035572, -0.241684, 0.969703, 0.374721, -0.045374, -0.969706, -0.240021, -0.0, 0.0, 0.0, 0.0, 1.0],
                [0.998416, -0.035932, -0.043289, -0.0, 0.036046, -0.18222, 0.982597, 0.374721, -0.043195, -0.982601, -0.180636, 0.0, 0.0, 0.0, 0.0, 1.0],
                [0.998509, -0.036311, -0.040755, 0.0, 0.036425, -0.112812, 0.992948, 0.374721, -0.040653, -0.992953, -0.111321, -0.0, 0.0, 0.0, 0.0, 1.0],
                [0.998615, -0.036524, -0.037861, 0.0, 0.036639, -0.033565, 0.998765, 0.374721, -0.037749, -0.998769, -0.03218, 0.0, 0.0, 0.0, 0.0, 1.0],
                [0.998735, -0.036488, -0.034609, 0.0, 0.036603, 0.055484, 0.997789, 0.374721, -0.034487, -0.997792, 0.056749, -0.0, 0.0, 0.0, 0.0, 1.0],
                [0.998866, -0.036111, -0.031028, -0.0, 0.036225, 0.153539, 0.987478, 0.374721, -0.030895, -0.987482, 0.154673, -0.0, 0.0, 0.0, 0.0, 1.0],
                [0.999007, -0.035304, -0.027202, 0.0, 0.035415, 0.2583, 0.965416, 0.374721, -0.027057, -0.96542, 0.259293, 0.0, 0.0, 0.0, 0.0, 1.0],
                [0.999152, -0.033988, -0.023217, -0.0, 0.034095, 0.36742, 0.92943, 0.374721, -0.023059, -0.929434, 0.368268, 0.0, 0.0, 0.0, 0.0, 1.0],
                [0.9993, -0.032112, -0.019202, -0.0, 0.032213, 0.477341, 0.878128, 0.374721, -0.019033, -0.878131, 0.478041, -0.0, 0.0, 0.0, 0.0, 1.0],
                [0.999443, -0.029658, -0.015297, -0.0, 0.029751, 0.584277, 0.811009, 0.374721, -0.015115, -0.811012, 0.584833, 0.0, 0.0, 0.0, 0.0, 1.0],
                [0.999578, -0.026632, -0.011627, 0.0, 0.026716, 0.684776, 0.728264, 0.374721, -0.011433, -0.728267, 0.685198, 0.0, 0.0, 0.0, 0.0, 1.0],
                [0.999698, -0.0231, -0.008337, 0.0, 0.023173, 0.774878, 0.631686, 0.374721, -0.008132, -0.631688, 0.775179, -0.0, 0.0, 0.0, 0.0, 1.0],
                [0.999801, -0.019138, -0.005524, -0.0, 0.019199, 0.851902, 0.52335, 0.374721, -0.005311, -0.523352, 0.8521, -0.0, 0.0, 0.0, 0.0, 1.0],
                [0.999884, -0.014861, -0.003271, 0.0, 0.014908, 0.913578, 0.40639, 0.374721, -0.003051, -0.406391, 0.913694, -0.0, 0.0, 0.0, 0.0, 1.0],
                [0.999944, -0.010459, -0.001643, -0.0, 0.010492, 0.958166, 0.28602, 0.374721, -0.001418, -0.286021, 0.958222, -0.0, 0.0, 0.0, 0.0, 1.0],
                [0.999979, -0.006319, -0.000665, 0.0, 0.006339, 0.984935, 0.172806, 0.374721, -0.000437, -0.172807, 0.984955, 0.0, 0.0, 0.0, 0.0, 1.0],
                [0.999992, -0.004059, -0.000341, 0.0, 0.004072, 0.993813, 0.11099, 0.374721, -0.000112, -0.11099, 0.993821, 0.0, 0.0, 0.0, 0.0, 1.0]
            ]
        },
        {
            "name": "Knee_R",
