{
    "animation": [
        {
            "name": "Root",
            "time": [0.0, 0.0167, 0.0333, 0.05, 0.0667, 0.0833, 0.1, 0.1167, 0.1333, 0.15, 0.1667, 0.1833, 0.2, 0.2167, 0.2333, 0.25, 0.2667, 0.2833, 0.3, 0.3167, 0.3333, 0.35, 0.3667, 0.3833, 0.4, 0.4167, 0.4333, 0.45, 0.4667, 0.4833, 0.5, 0.5167, 0.5333, 0.55, 0.5667, 0.5833, 0.6, 0.6167, 0.6333, 0.65, 0.6667, 0.6833, 0.7, 0.7167, 0.7333, 0.75, 0.7667, 0.7833, 0.8, 0.8167, 0.8333, 0.85],
            "transform": [
                [0.901956, 0.0, 0.431828, -5e-06, 0.431828, 0.0, -0.901956, 0.000946, 0.0, 1.0, 0.0, 0.757621, 0.0, 0.0, 0.0, 1.0],
                [0.895224, 0.0, 0.445616, -5e-06, 0.445616, 0.0, -0.895224, 0.000946, 0.0, 1.0, 0.0, 0.757621, 0.0, 0.0, 0.0, 1.0],
                [0.873585, 0.0, 0.486671, -5e-06, 0.486671, 0.0, -0.873585, 0.000946, 0.0, 1.0, 0.0, 0.757621, 0.0, 0.0, 0.0, 1.0],
                [0.834044, 0.0, 0.551697, -5e-06, 0.551697, 0.0, -0.834044, 0.000946, 0.0, 1.0, 0.0, 0.757621, 0.0, 0.0, 0.0, 1.0],
                [0.774495, 0.0, 0.632581, -5e-06, 0.632581, 0.0, -0.774495, 0.000946, 0.0, 1.0, 0.0, 0.757621, 0.0, 0.0, 0.0, 1.0],
                [0.697147, 0.0, 0.716928, -5e-06, 0.716928, 0.0, -0.697147, 0.000946, 0.0, 1.0, 0.0, 0.757621, 0.0, 0.0, 0.0, 1.0],
                [0.610669, 0.0, 0.791886, -5e-06, 0.791886, 0.0, -0.610669, 0.000946, 0.0, 1.0, 0.0, 0.757621, 0.0, 0.0, 0.0, 1.0],
                [0.528152, 0.0, 0.84915, -5e-06, 0.84915, 0.0, -0.528152, 0.000946, 0.0, 1.0, 0.0, 0.757621, 0.0, 0.0, 0.0, 1.0],
                [0.462045, 0.0, 0.886856, -5e-06, 0.886856, 0.0, -0.462045, 0.000946, 0.0, 1.0, 0.0, 0.757621, 0.0, 0.0, 0.0, 1.0],
                [0.4204, 0.0, 0.907339, -5e-06, 0.907339, 0.0, -0.4204, 0.000946, 0.0, 1.0, 0.0, 0.757621, 0.0, 0.0, 0.0, 1.0],
                [0.406429, 0.0, 0.913682, -5e-06, 0.913682, 0.0, -0.406429, 0.000946, 0.0, 1.0, 0.0, 0.757621, 0.0, 0.0, 0.0, 1.0],
                [0.406429, 0.0, 0.913682, -5e-06, 0.913682, 0.0, -0.406429, 0.000946, 0.0, 1.0, 0.0, 0.757621, 0.0, 0.0, 0.0, 1.0],
                [0.406429, 0.0, 0.913682, -5e-06, 0.913682, 0.0, -0.406429, 0.000946, 0.0, 1.0, 0.0, 0.757621, 0.0, 0.0, 0.0, 1.0],
                [0.406429, 0.0, 0.913682, -5e-06, 0.913682, 0.0, -0.406429, 0.000946, 0.0, 1.0, 0.0, 0.757621, 0.0, 0.0, 0.0, 1.0],
                [0.406429, 0.0, 0.913682, -5e-06, 0.913682, 0.0, -0.406429, 0.000946, 0.0, 1.0, 0.0, 0.757621, 0.0, 0.0, 0.0, 1.0],
                [0.406429, 0.0, 0.913682, -5e-06, 0.913682, 0.0, -0.406429, 0.000946, 0.0, 1.0, 0.0, 0.757621, 0.0, 0.0, 0.0, 1.0],
                [0.43164, 0.0, 0.902046, -5e-06, 0.902046, 0.0, -0.43164, 0.000946, 0.0, 1.0, 0.0, 0.757621, 0.0, 0.0, 0.0, 1.0],
                [0.506568, 0.0, 0.8622, -5e-06, 0.8622, 0.0, -0.506568, 0.000946, 0.0, 1.0, 0.0, 0.757621, 0.0, 0.0, 0.0, 1.0],
                [0.622317, 0.0, 0.782765, -5e-06, 0.782765, 0.0, -0.622317, 0.000946, 0.0, 1.0, 0.0, 0.757621, 0.0, 0.0, 0.0, 1.0],
                [0.755523, 0.0, 0.655122, -5e-06, 0.655122, 0.0, -0.755523, 0.000946, 0.0, 1.0, 0.0, 0.757621, 0.0, 0.0, 0.0, 1.0],
                [0.872963, 0.0, 0.487786, -5e-06, 0.487786, 0.0, -0.872963, 0.000946, 0.0, 1.0, 0.0, 0.757621, 0.0, 0.0, 0.0, 1.0],
                [0.950535, 0.0, 0.310617, -5e-06, 0.310617, 0.0, -0.950535, 0.000946, 0.0, 1.0, 0.0, 0.757621, 0.0, 0.0, 0.0, 1.0],
                [0.987401, 0.0, 0.158239, -5e-06, 0.158239, 0.0, -0.987401, 0.000946, 0.0, 1.0, 0.0, 0.757621, 0.0, 0.0, 0.0, 1.0],
                [0.998656, 0.0, 0.051831, -5e-06, 0.051831, 0.0, -0.998656, 0.000946, 0.0, 1.0, 0.0, 0.757621, 0.0, 0.0, 0.0, 1.0],
                [0.999996, 0.0, -0.002642, -5e-06, -0.002642, 0.0, -0.999996, 0.000946, 0.0, 1.0, 0.0, 0.757621, 0.0, 0.0, 0.0, 1.0],
                [0.999523, 0.0, -0.030894, -5e-06, -0.030894, 0.0, -0.999523, 0.000946, 0.0, 1.0, 0.0, 0.757621, 0.0, 0.0, 0.0, 1.0],
                [0.998316, 0.0, -0.058017, -5e-06, -0.058017, 0.0, -0.998316, 0.000946, 0.0, 1.0, 0.0, 0.757621, 0.0, 0.0, 0.0, 1.0],
                [0.996473, 0.0, -0.083909, -5e-06, -0.083909, 0.0, -0.996473, 0.000946, 0.0, 1.0, 0.0, 0.757621, 0.0, 0.0, 0.0, 1.0],
                [0.994099, 0.0, -0.108479, -5e-06, -0.108479, 0.0, -0.994099, 0.000946, 0.0, 1.0, 0.0, 0.757621, 0.0, 0.0, 0.0, 1.0],
                [0.991298, 0.0, -0.13164, -5e-06, -0.13164, 0.0, -0.991298, 0.000946, 0.0, 1.0, 0.0, 0.757621, 0.0, 0.0, 0.0, 1.0],
                [0.988177, 0.0, -0.153316, -5e-06, -0.153316, 0.0, -0.988177, 0.000946, 0.0, 1.0, 0.0, 0.757621, 0.0, 0.0, 0.0, 1.0],
                [0.984844, 0.0, -0.173445, -5e-06, -0.173445, 0.0, -0.984844, 0.000946, 0.0, 1.0, 0.0, 0.757621, 0.0, 0.0, 0.0, 1.0],
                [0.981399, 0.0, -0.191977, -5e-06, -0.191977, 0.0, -0.981399, 0.000946, 0.0, 1.0, 0.0, 0.757621, 0.0, 0.0, 0.0, 1.0],
                [0.977942, 0.0, -0.208879, -5e-06, -0.208879, 0.0, -0.977942, 0.000946, 0.0, 1.0, 0.0, 0.757621, 0.0, 0.0, 0.0, 1.0],
                [0.974558, 0.0, -0.224136, -5e-06, -0.224136, 0.0, -0.974558, 0.000946, 0.0, 1.0, 0.0, 0.757621, 0.0, 0.0, 0.0, 1.0],
                [0.971325, 0.0, -0.237757, -5e-06, -0.237757, 0.0, -0.971325, 0.000946, 0.0, 1.0, 0.0, 0.757621, 0.0, 0.0, 0.0, 1.0],
                [0.968306, 0.0, -0.249769, -5e-06, -0.249769, 0.0, -0.968306, 0.000946, 0.0, 1.0, 0.0, 0.757621, 0.0, 0.0, 0.0, 1.0],
                [0.965549, 0.0, -0.260223, -5e-06, -0.260223, 0.0, -0.965549, 0.000946, 0.0, 1.0, 0.0, 0.757621, 0.0, 0.0, 0.0, 1.0],
                [0.963087, 0.0, -0.269191, -5e-06, -0.269191, 0.0, -0.963087, 0.000946, 0.0, 1.0, 0.0, 0.757621, 0.0, 0.0, 0.0, 1.0],
                [0.960938, 0.0, -0.276765, -5e-06, -0.276765, 0.0, -0.960938, 0.000946, 0.0, 1.0, 0.0, 0.757621, 0.0, 0.0, 0.0, 1.0],
                [0.959105, 0.0, -0.283052, -5e-06, -0.283052, 0.0, -0.959105, 0.000946, 0.0, 1.0, 0.0, 0.757621, 0.0, 0.0, 0.0, 1.0],
                [0.957579, 0.0, -0.288172, -5e-06, -0.288172, 0.0, -0.957579, 0.000946, 0.0, 1.0, 0.0, 0.757621, 0.0, 0.0, 0.0, 1.0],
                [0.956341, 0.0, -0.292254, -5e-06, -0.292254, 0.0, -0.956341, 0.000946, 0.0, 1.0, 0.0, 0.757621, 0.0, 0.0, 0.0, 1.0],
                [0.955365, 0.0, -0.295428, -5e-06, -0.295428, 0.0, -0.955365, 0.000946, 0.0, 1.0, 0.0, 0.757621, 0.0, 0.0, 0.0, 1.0],
                [0.95462, 0.0, -0.297825, -5e-06, -0.297825, 0.0, -0.95462, 0.000946, 0.0, 1.0, 0.0, 0.757621, 0.0, 0.0, 0.0, 1.0],
                [0.954073, 0.0, -0.299573, -5e-06, -0.299573, 0.0, -0.954073, 0.000946, 0.0, 1.0, 0.0, 0.757621, 0.0, 0.0, 0.0, 1.0],
                [0.95369, 0.0, -0.30079, -5e-06, -0.30079, 0.0, -0.95369, 0.000946, 0.0, 1.0, 0.0, 0.757621, 0.0, 0.0, 0.0, 1.0],
                [0.953438, 0.0, -0.301588, -5e-06, -0.301588, 0.0, -0.953438, 0.000946, 0.0, 1.0, 0.0, 0.757621, 0.0, 0.0, 0.0, 1.0],
                [0.953287, 0.0, -0.302067, -5e-06, -0.302067, 0.0, -0.953287, 0.000946, 0.0, 1.0, 0.0, 0.757621, 0.0, 0.0, 0.0, 1.0],
                [0.953208, 0.0, -0.302317, -5e-06, -0.302317, 0.0, -0.953208, 0.000946, 0.0, 1.0, 0.0, 0.757621, 0.0, 0.0, 0.0, 1.0],
                [0.953176, 0.0, -0.302417, -5e-06, -0.302417, 0.0, -0.953176, 0.000946, 0.0, 1.0, 0.0, 0.757621, 0.0, 0.0, 0.0, 1.0],
                [0.953169, 0.0, -0.302437, -5e-06, -0.302437, 0.0, -0.953169, 0.000946, 0.0, 1.0, 0.0, 0.757621, 0.0, 0.0, 0.0, 1.0]
            ]
        },
        {
            "name": "Thigh_R",
            "time": [0.0, 0.0167, 0.0333, 0.05, 0.0667, 0.0833, 0.1, 0.1167, 0.1333, 0.15, 0.1667, 0.1833, 0.2, 0.2167, 0.2333, 0.25, 0.2667, 0.2833, 0.3, 0.3167, 0.3333, 0.35, 0.3667, 0.3833, 0.4, 0.4167, 0.4333, 0.45, 0.4667, 0.4833, 0.5, 0.5167, 0.5333, 0.55, 0.5667, 0.5833, 0.6, 0.6167, 0.6333, 0.65, 0.6667, 0.6833, 0.7, 0.7167, 0.7333, 0.75, 0.7667, 0.7833, 0.8, 0.8167, 0.8333, 0.85],
            "transform": [
                [0.994115, 0.092701, -0.056047, 0.124994, 0.09895, -0.987641, 0.12155, -0.002831, -0.044087, -0.126381, -0.991002, -1.2e-05, 0.0, 0.0, 0.0, 1.0],
                [0.994115, 0.092701, -0.056048, 0.124994, 0.09895, -0.98764, 0.121552, -0.002831, -0.044087, -0.126382, -0.991001, -1.2e-05, 0.0, 0.0, 0.0, 1.0],
                [0.994115, 0.092701, -0.056047, 0.124994, 0.09895, -0.987641, 0.121549, -0.002831, -0.044087, -0.12638, -0.991002, -1.2e-05, 0.0, 0.0, 0.0, 1.0],
                [0.994115, 0.092701, -0.056047, 0.124994, 0.09895, -0.987641, 0.121551, -0.002831, -0.044087, -0.126381, -0.991001, -1.2e-05, 0.0, 0.0, 0.0, 1.0],
                [0.994115, 0.092701, -0.056047, 0.124994, 0.09895, -0.987641, 0.12155, -0.002831, -0.044087, -0.12638, -0.991002, -1.2e-05, 0.0, 0.0, 0.0, 1.0],
                [0.994115, 0.092701, -0.056047, 0.124994, 0.09895, -0.98764, 0.121552, -0.002831, -0.044087, -0.126382, -0.991001, -1.2e-05, 0.0, 0.0, 0.0, 1.0],
                [0.994115, 0.092701, -0.056047, 0.124994, 0.09895, -0.987641, 0.121549, -0.002831, -0.044087, -0.12638, -0.991002, -1.2e-05, 0.0, 0.0, 0.0, 1.0],
                [0.994115, 0.092701, -0.056048, 0.124994, 0.09895, -0.98764, 0.121552, -0.002831, -0.044087, -0.126383, -0.991001, -1.2e-05, 0.0, 0.0, 0.0, 1.0],
                [0.994115, 0.092701, -0.056047, 0.124994, 0.09895, -0.987641, 0.12155, -0.002831, -0.044087, -0.126381, -0.991001, -1.2e-05, 0.0, 0.0, 0.0, 1.0],
                [0.994115, 0.092701, -0.056047, 0.124994, 0.09895, -0.987641, 0.12155, -0.002831, -0.044087, -0.126381, -0.991002, -1.2e-05, 0.0, 0.0, 0.0, 1.0],
                [0.994115, 0.092701, -0.056048, 0.124994, 0.09895, -0.98764, 0.121552, -0.002831, -0.044087, -0.126382, -0.991001, -1.2e-05, 0.0, 0.0, 0.0, 1.0],
                [0.994115, 0.092701, -0.056048, 0.124994, 0.09895, -0.98764, 0.121552, -0.002831, -0.044087, -0.126382, -0.991001, -1.2e-05, 0.0, 0.0, 0.0, 1.0],
                [0.994115, 0.092701, -0.056048, 0.124994, 0.09895, -0.98764, 0.121552, -0.002831, -0.044087, -0.126382, -0.991001, -1.2e-05, 0.0, 0.0, 0.0, 1.0],
                [0.994115, 0.092701, -0.056048, 0.124994, 0.09895, -0.98764, 0.121552, -0.002831, -0.044087, -0.126382, -0.991001, -1.2e-05, 0.0, 0.0, 0.0, 1.0],
                [0.994115, 0.092701, -0.056048, 0.124994, 0.09895, -0.98764, 0.121552, -0.002831, -0.044087, -0.126382, -0.991001, -1.2e-05, 0.0, 0.0, 0.0, 1.0],
                [0.994115, 0.092701, -0.056048, 0.124994, 0.09895, -0.98764, 0.121552, -0.002831, -0.044087, -0.126382, -0.991001, -1.2e-05, 0.0, 0.0, 0.0, 1.0],
                [0.994115, 0.092701, -0.056047, 0.124994, 0.09895, -0.987641, 0.12155, -0.002831, -0.044087, -0.126381, -0.991001, -1.2e-05, 0.0, 0.0, 0.0, 1.0],
                [0.994115, 0.092701, -0.056047, 0.124994, 0.09895, -0.987641, 0.12155, -0.002831, -0.044087, -0.126381, -0.991001, -1.2e-05, 0.0, 0.0, 0.0, 1.0],
                [0.994115, 0.092701, -0.056047, 0.124994, 0.09895, -0.987641, 0.12155, -0.002831, -0.044087, -0.126381, -0.991002, -1.2e-05, 0.0, 0.0, 0.0, 1.0],
                [0.994115, 0.092701, -0.056048, 0.124994, 0.09895, -0.98764, 0.121552, -0.002831, -0.044087, -0.126383, -0.991002, -1.2e-05, 0.0, 0.0, 0.0, 1.0],
                [0.994115, 0.092701, -0.056047, 0.124994, 0.09895, -0.987641, 0.12155, -0.002831, -0.044087, -0.126381, -0.991002, -1.2e-05, 0.0, 0.0, 0.0, 1.0],
                [0.994115, 0.092701, -0.056047, 0.124994, 0.09895, -0.987641, 0.12155, -0.002831, -0.044087, -0.12638, -0.991002, -1.2e-05, 0.0, 0.0, 0.0, 1.0],
                [0.994115, 0.092701, -0.056048, 0.124994, 0.09895, -0.98764, 0.121552, -0.002831, -0.044087, -0.126383, -0.991001, -1.2e-05, 0.0, 0.0, 0.0, 1.0],
                [0.994115, 0.092701, -0.056048, 0.124994, 0.09895, -0.98764, 0.121552, -0.002831, -0.044087, -0.126382, -0.991001, -1.2e-05, 0.0, 0.0, 0.0, 1.0],
                [0.994115, 0.092701, -0.056048, 0.124994, 0.09895, -0.98764, 0.121552, -0.002831, -0.044087, -0.126382, -0.991001, -1.2e-05, 0.0, 0.0, 0.0, 1.0],
                [0.994115, 0.092701, -0.056047, 0.124994, 0.09895, -0.987641, 0.12155, -0.002831, -0.044087, -0.126381, -0.991001, -1.2e-05, 0.0, 0.0, 0.0, 1.0],
                [0.994115, 0.092701, -0.056048, 0.124994, 0.09895, -0.98764, 0.121554, -0.002831, -0.044087, -0.126384, -0.991001, -1.2e-05, 0.0, 0.0, 0.0, 1.0],
                [0.994115, 0.092701, -0.056048, 0.124994, 0.09895, -0.98764, 0.121552, -0.002831, -0.044087, -0.126382, -0.991002, -1.2e-05, 0.0, 0.0, 0.0, 1.0],
                [0.994115, 0.092701, -0.056047, 0.124994, 0.09895, -0.987641, 0.121551, -0.002831, -0.044087, -0.126381, -0.991002, -1.2e-05, 0.0, 0.0, 0.0, 1.0],
                [0.994115, 0.092701, -0.056048, 0.124994, 0.09895, -0.98764, 0.121552, -0.002831, -0.044087, -0.126383, -0.991001, -1.2e-05, 0.0, 0.0, 0.0, 1.0],
                [0.994115, 0.092701, -0.056047, 0.124994, 0.09895, -0.987641, 0.121551, -0.002831, -0.044087, -0.126381, -0.991002, -1.2e-05, 0.0, 0.0, 0.0, 1.0],
                [0.994115, 0.092701, -0.056047, 0.124994, 0.09895, -0.987641, 0.12155, -0.002831, -0.044087, -0.126381, -0.991001, -1.2e-05, 0.0, 0.0, 0.0, 1.0],
                [0.994115, 0.092701, -0.056048, 0.124994, 0.09895, -0.98764, 0.121553, -0.002831, -0.044087, -0.126384, -0.991001, -1.2e-05, 0.0, 0.0, 0.0, 1.0],
                [0.994115, 0.092701, -0.056048, 0.124994, 0.09895, -0.98764, 0.121553, -0.002831, -0.044087, -0.126384, -0.991001, -1.2e-05, 0.0, 0.0, 0.0, 1.0],
                [0.994115, 0.092701, -0.056048, 0.124994, 0.09895, -0.987641, 0.121551, -0.002831, -0.044087, -0.126382, -0.991002, -1.2e-05, 0.0, 0.0, 0.0, 1.0],
                [0.994115, 0.092701, -0.056047, 0.124994, 0.09895, -0.987641, 0.12155, -0.002831, -0.044087, -0.126381, -0.991002, -1.2e-05, 0.0, 0.0, 0.0, 1.0],
                [0.994115, 0.092701, -0.056047, 0.124994, 0.09895, -0.987641, 0.12155, -0.002831, -0.044087, -0.12638, -0.991002, -1.2e-05, 0.0, 0.0, 0.0, 1.0],
                [0.994115, 0.092701, -0.056047, 0.124994, 0.09895, -0.987641, 0.12155, -0.002831, -0.044087, -0.12638, -0.991002, -1.2e-05, 0.0, 0.0, 0.0, 1.0],
                [0.994115, 0.092701, -0.056047, 0.124994, 0.09895, -0.987641, 0.121551, -0.002831, -0.044087, -0.126381, -0.991002, -1.2e-05, 0.0, 0.0, 0.0, 1.0],
                [0.994115, 0.092701, -0.056048, 0.124994, 0.09895, -0.98764, 0.121552, -0.002831, -0.044087, -0.126383, -0.991001, -1.2e-05, 0.0, 0.0, 0.0, 1.0],
                [0.994115, 0.092701, -0.056047, 0.124994, 0.09895, -0.987641, 0.121551, -0.002831, -0.044087, -0.126381, -0.991002, -1.2e-05, 0.0, 0.0, 0.0, 1.0],
                [0.994115, 0.092701, -0.056047, 0.124994, 0.09895, -0.987641, 0.121549, -0.002831, -0.044087, -0.12638, -0.991002, -1.2e-05, 0.0, 0.0, 0.0, 1.0],
                [0.994115, 0.092701, -0.056047, 0.124994, 0.09895, -0.987641, 0.121549, -0.002831, -0.044087, -0.12638, -0.991002, -1.2e-05, 0.0, 0.0, 0.0, 1.0],
                [0.994115, 0.092701, -0.056047, 0.124994, 0.09895, -0.987641, 0.121549, -0.002831, -0.044087, -0.12638, -0.991002, -1.2e-05, 0.0, 0.0, 0.0, 1.0],
                [0.994115, 0.092701, -0.056047, 0.124994, 0.09895, -0.987641, 0.12155, -0.002831, -0.044087, -0.12638, -0.991002, -1.2e-05, 0.0, 0.0, 0.0, 1.0],
                [0.994115, 0.092701, -0.056047, 0.124994, 0.09895, -0.987641, 0.121549, -0.002831, -0.044087, -0.12638, -0.991002, -1.2e-05, 0.0, 0.0, 0.0, 1.0],
                [0.994115, 0.092701, -0.056047, 0.124994, 0.09895, -0.987641, 0.12155, -0.002831, -0.044087, -0.126381, -0.991001, -1.2e-05, 0.0, 0.0, 0.0, 1.0],
                [0.994115, 0.092701, -0.056047, 0.124994, 0.09895, -0.987641, 0.121549, -0.002831, -0.044087, -0.12638, -0.991002, -1.2e-05, 0.0, 0.0, 0.0, 1.0],
                [0.994115, 0.092701, -0.056047, 0.124994, 0.09895, -0.987641, 0.121549, -0.002831, -0.044087, -0.12638, -0.991002, -1.2e-05, 0.0, 0.0, 0.0, 1.0],
                [0.994115, 0.092701, -0.056047, 0.124994, 0.09895, -0.987641, 0.121551, -0.002831, -0.044087, -0.126382, -0.991001, -1.2e-05, 0.0, 0.0, 0.0, 1.0],
                [0.994115, 0.092701, -0.056047, 0.124994, 0.09895, -0.987641, 0.12155, -0.002831, -0.044087, -0.12638, -0.991002, -1.2e-05, 0.0, 0.0, 0.0, 1.0],
                [0.994115, 0.092701, -0.056047, 0.124994, 0.09895, -0.987641, 0.121548, -0.002831, -0.044087, -0.126379, -0.991002, -1.2e-05, 0.0, 0.0, 0.0, 1.0]
            ]
        },
        {
            "name": "Leg_R",
            "time": [0.0, 0.0167, 0.0333, 0.05, 0.0667, 0.0833, 0.1, 0.1167, 0.1333, 0.15, 0.1667, 0.1833, 0.2, 0.2167, 0.2333, 0.25, 0.2667, 0.2833, 0.3, 0.3167, 0.3333, 0.35, 0.3667, 0.3833, 0.4, 0.4167, 0.4333, 0.45, 0.4667, 0.4833, 0.5, 0.5167, 0.5333, 0.55, 0.5667, 0.5833, 0.6, 0.6167, 0.6333, 0.65, 0.6667, 0.6833, 0.7, 0.7167, 0.7333, 0.75, 0.7667, 0.7833, 0.8, 0.8167, 0.8333, 0.85],
            "transform": [
                [0.999992, -0.004059, -0.000341, 0.0, 0.004072, 0.993813, 0.11099, 0.374721, -0.000112, -0.11099, 0.993821, 0.0, 0.0, 0.0, 0.0, 1.0],
                [0.999992, -0.004059, -0.000341, 0.0, 0.004072, 0.993813, 0.110993, 0.374721, -0.000112, -0.110993, 0.993821, -0.0, 0.0, 0.0, 0.0, 1.0],
                [0.999992, -0.004059, -0.000341, -0.0, 0.004071, 0.993813, 0.110987, 0.374721, -0.000112, -0.110988, 0.993822, -0.0, 0.0, 0.0, 0.0, 1.0],
                [0.999992, -0.004059, -0.000341, 0.0, 0.004072, 0.993813, 0.110991, 0.374721, -0.000111, -0.110991, 0.993822, 0.0, 0.0, 0.0, 0.0, 1.0],
                [0.999992, -0.004059, -0.000341, 0.0, 0.004071, 0.993813, 0.110988, 0.374721, -0.000112, -0.110988, 0.993822, -0.0, 0.0, 0.0, 0.0, 1.0],
                [0.999992, -0.004059, -0.000341, -0.0, 0.004072, 0.993813, 0.110993, 0.374721, -0.000111, -0.110993, 0.993821, 0.0, 0.0, 0.0, 0.0, 1.0],
                [0.999992, -0.004059, -0.000341, -0.0, 0.004071, 0.993813, 0.110987, 0.374721, -0.000112, -0.110988, 0.993822, 0.0, 0.0, 0.0, 0.0, 1.0],
                [0.999992, -0.004059, -0.000341, -0.0, 0.004072, 0.993813, 0.110993, 0.374721, -0.000112, -0.110994, 0.993821, -0.0, 0.0, 0.0, 0.0, 1.0],
                [0.999991, -0.004059, -0.000341, -0.0, 0.004072, 0.993813, 0.11099, 0.374721, -0.000112, -0.11099, 0.993821, 0.0, 0.0, 0.0, 0.0, 1.0],
                [0.999992, -0.004059, -0.000341, 0.0, 0.004072, 0.993813, 0.11099, 0.374721, -0.000112, -0.11099, 0.993822, 0.0, 0.0, 0.0, 0.0, 1.0],
                [0.999991, -0.004059, -0.000341, 0.0, 0.004072, 0.993813, 0.110992, 0.374721, -0.000112, -0.110993, 0.993821, 0.0, 0.0, 0.0, 0.0, 1.0],
                [0.999991, -0.004059, -0.000341, 0.0, 0.004072, 0.993813, 0.110992, 0.374721, -0.000112, -0.110993, 0.993821, 0.0, 0.0, 0.0, 0.0, 1.0],
                [0.999991, -0.004059, -0.000341, 0.0, 0.004072, 0.993813, 0.110992, 0.374721, -0.000112, -0.110993, 0.993821, 0.0, 0.0, 0.0, 0.0, 1.0],
                [0.999991, -0.004059, -0.000341, 0.0, 0.004072, 0.993813, 0.110992, 0.374721, -0.000112, -0.110993, 0.993821, 0.0, 0.0, 0.0, 0.0, 1.0],
                [0.999991, -0.004059, -0.000341, 0.0, 0.004072, 0.993813, 0.110992, 0.374721, -0.000112, -0.110993, 0.993821, 0.0, 0.0, 0.0, 0.0, 1.0],
                [0.999991, -0.004059, -0.000341, 0.0, 0.004072, 0.993813, 0.110992, 0.374721, -0.000112, -0.110993, 0.993821, 0.0, 0.0, 0.0, 0.0, 1.0],
                [0.999991, -0.004059, -0.000341, -0.0, 0.004072, 0.993813, 0.11099, 0.374721, -0.000112, -0.11099, 0.993821, -0.0, 0.0, 0.0, 0.0, 1.0],
                [0.999992, -0.004059, -0.000341, -0.0, 0.004072, 0.993813, 0.11099, 0.374721, -0.000111, -0.11099, 0.993822, -0.0, 0.0, 0.0, 0.0, 1.0],
                [0.999992, -0.004059, -0.000341, 0.0, 0.004072, 0.993813, 0.11099, 0.374721, -0.000112, -0.11099, 0.993821, -0.0, 0.0, 0.0, 0.0, 1.0],
                [0.999992, -0.004059, -0.000341, 0.0, 0.004072, 0.993813, 0.110994, 0.374721, -0.000112, -0.110994, 0.993821, 0.0, 0.0, 0.0, 0.0, 1.0],
                [0.999992, -0.004059, -0.000341, -0.0, 0.004072, 0.993813, 0.11099, 0.374721, -0.000112, -0.11099, 0.993821, -0.0, 0.0, 0.0, 0.0, 1.0],
                [0.999992, -0.004059, -0.000341, 0.0, 0.004071, 0.993813, 0.110988, 0.374721, -0.000112, -0.110989, 0.993822, 0.0, 0.0, 0.0, 0.0, 1.0],
                [0.999992, -0.004059, -0.000341, 0.0, 0.004072, 0.993813, 0.110994, 0.374721, -0.000112, -0.110994, 0.993821, -0.0, 0.0, 0.0, 0.0, 1.0],
                [0.999992, -0.004059, -0.000341, 0.0, 0.004072, 0.993813, 0.110993, 0.374721, -0.000112, -0.110993, 0.993821, -0.0, 0.0, 0.0, 0.0, 1.0],
                [0.999992, -0.004059, -0.000341, -0.0, 0.004072, 0.993813, 0.110993, 0.374721, -0.000112, -0.110993, 0.993821, 0.0, 0.0, 0.0, 0.0, 1.0],
                [0.999992, -0.004059, -0.000341, -0.0, 0.004072, 0.993813, 0.11099, 0.374721, -0.000112, -0.11099, 0.993821, -0.0, 0.0, 0.0, 0.0, 1.0],
                [0.999992, -0.004059, -0.000341, -0.0, 0.004072, 0.993813, 0.110996, 0.374721, -0.000112, -0.110997, 0.993821, -0.0, 0.0, 0.0, 0.0, 1.0],
                [0.999992, -0.004059, -0.000341, -0.0, 0.004072, 0.993813, 0.110992, 0.374721, -0.000112, -0.110993, 0.993821, -0.0, 0.0, 0.0, 0.0, 1.0],
                [0.999991, -0.004059, -0.000341, -0.0, 0.004072, 0.993813, 0.110991, 0.374721, -0.000112, -0.110991, 0.993821, -0.0, 0.0, 0.0, 0.0, 1.0],
                [0.999992, -0.004059, -0.000341, 0.0, 0.004072, 0.993813, 0.110994, 0.374721, -0.000112, -0.110994, 0.993821, 0.0, 0.0, 0.0, 0.0, 1.0],
                [0.999992, -0.004059, -0.000341, -0.0, 0.004072, 0.993813, 0.110991, 0.374721, -0.000112, -0.110991, 0.993821, -0.0, 0.0, 0.0, 0.0, 1.0],
                [0.999992, -0.004059, -0.000341, -0.0, 0.004072, 0.993813, 0.11099, 0.374721, -0.000112, -0.11099, 0.993821, -0.0, 0.0, 0.0, 0.0, 1.0],
                [0.999992, -0.004059, -0.000341, -0.0, 0.004072, 0.993813, 0.110996, 0.374721, -0.000112, -0.110996, 0.993821, -0.0, 0.0, 0.0, 0.0, 1.0],
                [0.999992, -0.004059, -0.000341, -0.0, 0.004072, 0.993813, 0.110996, 0.374721, -0.000112, -0.110996, 0.993821, -0.0, 0.0, 0.0, 0.0, 1.0],
                [0.999992, -0.004059, -0.000341, -0.0, 0.004072, 0.993813, 0.110991, 0.374721, -0.000112, -0.110992, 0.993821, -0.0, 0.0, 0.0, 0.0, 1.0],
                [0.999992, -0.004059, -0.000341, 0.0, 0.004072, 0.993813, 0.11099, 0.374721, -0.000112, -0.11099, 0.993821, -0.0, 0.0, 0.0, 0.0, 1.0],
                [0.999992, -0.004059, -0.000341, -0.0, 0.004071, 0.993814, 0.110988, 0.374721, -0.000112, -0.110988, 0.993822, -0.0, 0.0, 0.0, 0.0, 1.0],
                [0.999992, -0.004059, -0.000341, -0.0, 0.004071, 0.993814, 0.110988, 0.374721, -0.000112, -0.110988, 0.993822, 0.0, 0.0, 0.0, 0.0, 1.0],
                [0.999992, -0.004059, -0.000341, -0.0, 0.004072, 0.993813, 0.110991, 0.374721, -0.000112, -0.110991, 0.993821, 0.0, 0.0, 0.0, 0.0, 1.0],
                [0.999992, -0.004059, -0.000341, 0.0, 0.004072, 0.993813, 0.110994, 0.374721, -0.000112, -0.110994, 0.993821, 0.0, 0.0, 0.0, 0.0, 1.0],
                [0.999992, -0.004059, -0.000341, 0.0, 0.004072, 0.993813, 0.110991, 0.374721, -0.000112, -0.110991, 0.993821, 0.0, 0.0, 0.0, 0.0, 1.0],
                [0.999992, -0.004059, -0.000341, -0.0, 0.004071, 0.993813, 0.110987, 0.374721, -0.000112, -0.110988, 0.993822, 0.0, 0.0, 0.0, 0.0, 1.0],
                [0.999992, -0.004059, -0.000341, 0.0, 0.004071, 0.993813, 0.110987, 0.374721, -0.000112, -0.110987, 0.993822, -0.0, 0.0, 0.0, 0.0, 1.0],
                [0.999992, -0.004059, -0.000341, -0.0, 0.004071, 0.993814, 0.110988, 0.374721, -0.000111, -0.110988, 0.993822, -0.0, 0.0, 0.0, 0.0, 1.0],
                [0.999992, -0.004059, -0.000341, 0.0, 0.004071, 0.993813, 0.110988, 0.374721, -0.000112, -0.110988, 0.993821, 0.0, 0.0, 0.0, 0.0, 1.0],
                [0.999991, -0.004059, -0.000341, -0.0, 0.004071, 0.993813, 0.110988, 0.374721, -0.000112, -0.110988, 0.993822, -0.0, 0.0, 0.0, 0.0, 1.0],
                [0.999992, -0.004059, -0.000341, 0.0, 0.004072, 0.993813, 0.11099, 0.374721, -0.000112, -0.11099, 0.993821, 0.0, 0.0, 0.0, 0.0, 1.0],
                [0.999992, -0.004059, -0.000341, 0.0, 0.004071, 0.993814, 0.110987, 0.374721, -0.000112, -0.110987, 0.993822, -0.0, 0.0, 0.0, 0.0, 1.0],
                [0.999992, -0.004059, -0.000341, 0.0, 0.004071, 0.993814, 0.110987, 0.374721, -0.000112, -0.110988, 0.993822, 0.0, 0.0, 0.0, 0.0, 1.0],
                [0.999992, -0.004059, -0.000341, -0.0, 0.004072, 0.993813, 0.110992, 0.374721, -0.000112, -0.110992, 0.993821, -0.0, 0.0, 0.0, 0.0, 1.0],
                [0.999992, -0.004059, -0.000341, 0.0, 0.004071, 0.993814, 0.110988, 0.374721, -0.000112, -0.110989, 0.993822, 0.0, 0.0, 0.0, 0.0, 1.0],
                [0.999991, -0.004059, -0.000341, -0.0, 0.004071, 0.993814, 0.110986, 0.374721, -0.000112, -0.110986, 0.993822, 0.0, 0.0, 0.0, 0.0, 1.0]
            ]
        },
        {
            "name": "Knee_R",
            "time": [0.0, 0.0167, 0.0333, 0.05, 0.0667, 0.0833, 0.1, 0.1167, 0.1333, 0.15, 0.1667, 0.1833, 0.2, 0.2167, 0.2333, 0.25, 0.2667, 0.2833, 0.3, 0.3167, 0.3333, 0.35, 0.3667, 0.3833, 0.4, 0.4167, 0.4333, 0.45, 0.4667, 0.4833, 0.5, 0.5167, 0.5333, 0.55, 0.5667, 0.5833, 0.6, 0.6167, 0.6333, 0.65, 0.6667, 0.6833, 0.7, 0.7167, 0.7333, 0.75, 0.7667, 0.7833, 0.8, 0.8167, 0.8333, 0.85],
            "transform": [
                [1.0, -5.7e-05, 5.7e-05, 0.0, 5.7e-05, 0.001565, -0.999999, 0.374721, 5.7e-05, 0.999999, 0.001565, 0.0, 0.0, 0.0, 0.0, 1.0],
                [1.0, -5.7e-05, 5.7e-05, 0.0, 5.7e-05, 0.001565, -0.999999, 0.374721, 5.7e-05, 0.999999, 0.001565, -0.0, 0.0, 0.0, 0.0, 1.0],
                [1.0, -5.7e-05, 5.7e-05, 0.0, 5.7e-05, 0.001565, -0.999999, 0.374721, 5.7e-05, 0.999999, 0.001565, -0.0, 0.0, 0.0, 0.0, 1.0],
                [1.0, -5.7e-05, 5.7e-05, -0.0, 5.7e-05, 0.001565, -0.999999, 0.374721, 5.7e-05, 0.999999, 0.001565, 0.0, 0.0, 0.0, 0.0, 1.0],
                [1.0, -5.7e-05, 5.7e-05, 0.0, 5.7e-05, 0.001565, -0.999999, 0.374721, 5.7e-05, 0.999999, 0.001565, -0.0, 0.0, 0.0, 0.0, 1.0],
                [1.0, -5.7e-05, 5.7e-05, 0.0, 5.7e-05, 0.001565, -0.999999, 0.374721, 5.7e-05, 0.999999, 0.001565, 0.0, 0.0, 0.0, 0.0, 1.0],
                [1.0, -5.7e-05, 5.7e-05, -0.0, 5.7e-05, 0.001565, -0.999999, 0.374721, 5.7e-05, 0.999999, 0.001565, 0.0, 0.0, 0.0, 0.0, 1.0],
                [1.0, -5.7e-05, 5.7e-05, 0.0, 5.7e-05, 0.001565, -0.999999, 0.374721, 5.7e-05, 0.999999, 0.001565, -0.0, 0.0, 0.0, 0.0, 1.0],
                [1.0, -5.7e-05, 5.7e-05, -0.0, 5.7e-05, 0.001565, -0.999999, 0.374721, 5.7e-05, 0.999999, 0.001565, 0.0, 0.0, 0.0, 0.0, 1.0],
                [1.0, -5.7e-05, 5.7e-05, 0.0, 5.7e-05, 0.001565, -0.999999, 0.374721, 5.7e-05, 0.999999, 0.001565, -0.0, 0.0, 0.0, 0.0, 1.0],
                [1.0, -5.7e-05, 5.7e-05, -0.0, 5.7e-05, 0.001565, -0.999999, 0.374721, 5.7e-05, 0.999999, 0.001565, 0.0, 0.0, 0.0, 0.0, 1.0],
                [1.0, -5.7e-05, 5.7e-05, -0.0, 5.7e-05, 0.001565, -0.999999, 0.374721, 5.7e-05, 0.999999, 0.001565, 0.0, 0.0, 0.0, 0.0, 1.0],
                [1.0, -5.7e-05, 5.7e-05, -0.0, 5.7e-05, 0.001565, -0.999999, 0.374721, 5.7e-05, 0.999999, 0.001565, 0.0, 0.0, 0.0, 0.0, 1.0],
                [1.0, -5.7e-05, 5.7e-05, -0.0, 5.7e-05, 0.001565, -0.999999, 0.374721, 5.7e-05, 0.999999, 0.001565, 0.0, 0.0, 0.0, 0.0, 1.0],
                [1.0, -5.7e-05, 5.7e-05, -0.0, 5.7e-05, 0.001565, -0.999999, 0.374721, 5.7e-05, 0.999999, 0.001565, 0.0, 0.0, 0.0, 0.0, 1.0],
                [1.0, -5.7e-05, 5.7e-05, -0.0, 5.7e-05, 0.001565, -0.999999, 0.374721, 5.7e-05, 0.999999, 0.001565, 0.0, 0.0, 0.0, 0.0, 1.0],
                [1.0, -5.7e-05, 5.7e-05, -0.0, 5.7e-05, 0.001565, -0.999999, 0.374721, 5.7e-05, 0.999999, 0.001565, -0.0, 0.0, 0.0, 0.0, 1.0],
                [1.0, -5.7e-05, 5.7e-05, 0.0, 5.7e-05, 0.001565, -0.999999, 0.374721, 5.7e-05, 0.999999, 0.001565, -0.0, 0.0, 0.0, 0.0, 1.0],
                [1.0, -5.7e-05, 5.7e-05, 0.0, 5.7e-05, 0.001565, -0.999999, 0.374721, 5.7e-05, 0.999999, 0.001565, 0.0, 0.0, 0.0, 0.0, 1.0],
                [1.0, -5.7e-05, 5.7e-05, 0.0, 5.7e-05, 0.001565, -0.999999, 0.374721, 5.7e-05, 0.999999, 0.001565, 0.0, 0.0, 0.0, 0.0, 1.0],
                [1.0, -5.7e-05, 5.7e-05, -0.0, 5.7e-05, 0.001565, -0.999999, 0.374721, 5.7e-05, 0.999999, 0.001565, -0.0, 0.0, 0.0, 0.0, 1.0],
                [1.0, -5.7e-05, 5.7e-05, -0.0, 5.7e-05, 0.001565, -0.999999, 0.374721, 5.7e-05, 0.999999, 0.001565, -0.0, 0.0, 0.0, 0.0, 1.0],
                [1.0, -5.7e-05, 5.7e-05, 0.0, 5.7e-05, 0.001565, -0.999999, 0.374721, 5.7e-05, 0.999999, 0.001565, -0.0, 0.0, 0.0, 0.0, 1.0],
                [1.0, -5.7e-05, 5.7e-05, 0.0, 5.7e-05, 0.001565, -0.999999, 0.374721, 5.7e-05, 0.999999, 0.001565, 0.0, 0.0, 0.0, 0.0, 1.0],
                [1.0, -5.7e-05, 5.7e-05, 0.0, 5.7e-05, 0.001565, -0.999999, 0.374721, 5.7e-05, 0.999999, 0.001565, -0.0, 0.0, 0.0, 0.0, 1.0],
                [1.0, -5.7e-05, 5.7e-05, 0.0, 5.7e-05, 0.001565, -0.999999, 0.374721, 5.7e-05, 0.999999, 0.001565, -0.0, 0.0, 0.0, 0.0, 1.0],
                [1.0, -5.7e-05, 5.7e-05, -0.0, 5.7e-05, 0.001565, -0.999999, 0.374721, 5.7e-05, 0.999999, 0.001565, -0.0, 0.0, 0.0, 0.0, 1.0],
                [1.0, -5.7e-05, 5.7e-05, -0.0, 5.7e-05, 0.001565, -0.999999, 0.374721, 5.7e-05, 0.999999, 0.001565, -0.0, 0.0, 0.0, 0.0, 1.0],
                [1.0, -5.7e-05, 5.7e-05, -0.0, 5.7e-05, 0.001565, -0.999999, 0.374721, 5.7e-05, 0.999999, 0.001565, -0.0, 0.0, 0.0, 0.0, 1.0],
                [1.0, -5.7e-05, 5.7e-05, 0.0, 5.7e-05, 0.001565, -0.999999, 0.374721, 5.7e-05, 0.999999, 0.001565, -0.0, 0.0, 0.0, 0.0, 1.0],
                [1.0, -5.7e-05, 5.7e-05, -0.0, 5.7e-05, 0.001565, -0.999999, 0.374721, 5.7e-05, 0.999999, 0.001565, -0.0, 0.0, 0.0, 0.0, 1.0],
                [1.0, -5.7e-05, 5.7e-05, -0.0, 5.7e-05, 0.001565, -0.999999, 0.374721, 5.7e-05, 0.999999, 0.001565, -0.0, 0.0, 0.0, 0.0, 1.0],
                [1.0, -5.7e-05, 5.7e-05, -0.0, 5.7e-05, 0.001565, -0.999999, 0.374721, 5.7e-05, 0.999999, 0.001565, -0.0, 0.0, 0.0, 0.0, 1.0],
                [1.0, -5.7e-05, 5.7e-05, -0.0, 5.7e-05, 0.001565, -0.999999, 0.374721, 5.7e-05, 0.999999, 0.001565, -0.0, 0.0, 0.0, 0.0, 1.0],
                [1.0, -5.7e-05, 5.7e-05, 0.0, 5.7e-05, 0.001565, -0.999999, 0.374721, 5.7e-05, 0.999999, 0.001565, -0.0, 0.0, 0.0, 0.0, 1.0],
                [1.0, -5.7e-05, 5.7e-05, 0.0, 5.7e-05, 0.001565, -0.999999, 0.374721, 5.7e-05, 0.999999, 0.001565, -0.0, 0.0, 0.0, 0.0, 1.0],
                [1.0, -5.7e-05, 5.7e-05, 0.0, 5.7e-05, 0.001565, -0.999999, 0.374721, 5.7e-05, 0.999999, 0.001565, -0.0, 0.0, 0.0, 0.0, 1.0],
                [1.0, -5.7e-05, 5.7e-05, -0.0, 5.7e-05, 0.001565, -0.999999, 0.374721, 5.7e-05, 0.999999, 0.001565, 0.0, 0.0, 0.0, 0.0, 1.0],
                [1.0, -5.7e-05, 5.7e-05, -0.0, 5.7e-05, 0.001565, -0.999999, 0.374721, 5.7e-05, 0.999999, 0.001565, -0.0, 0.0, 0.0, 0.0, 1.0],
                [1.0, -5.7e-05, 5.7e-05, 0.0, 5.7e-05, 0.001565, -0.999999, 0.374721, 5.7e-05, 0.999999, 0.001565, 0.0, 0.0, 0.0, 0.0, 1.0],
                [1.0, -5.7e-05, 5.7e-05, 0.0, 5.7e-05, 0.001565, -0.999999, 0.374721, 5.7e-05, 0.999999, 0.001565, 0.0, 0.0, 0.0, 0.0, 1.0],
                [1.0, -5.7e-05, 5.7e-05, -0.0, 5.7e-05, 0.001565, -0.999999, 0.374721, 5.7e-05, 0.999999, 0.001565, -0.0, 0.0, 0.0, 0.0, 1.0],
                [1.0, -5.7e-05, 5.7e-05, 0.0, 5.7e-05, 0.001565, -0.999999, 0.374721, 5.7e-05, 0.999999, 0.001565, -0.0, 0.0, 0.0, 0.0, 1.0],
                [1.0, -5.7e-05, 5.7e-05, -0.0, 5.7e-05, 0.001565, -0.999999, 0.374721, 5.7e-05, 0.999999, 0.001565, -0.0, 0.0, 0.0, 0.0, 1.0],
                [1.0, -5.7e-05, 5.7e-05, 0.0, 5.7e-05, 0.001565, -0.999999, 0.374721, 5.7e-05, 0.999999, 0.001565, 0.0, 0.0, 0.0, 0.0, 1.0],
                [1.0, -5.7e-05, 5.7e-05, -0.0, 5.7e-05, 0.001565, -0.999999, 0.374721, 5.7e-05, 0.999999, 0.001565, 0.0, 0.0, 0.0, 0.0, 1.0],
                [1.0, -5.7e-05, 5.7e-05, -0.0, 5.7e-05, 0.001565, -0.999999, 0.374721, 5.7e-05, 0.999999, 0.001565, -0.0, 0.0, 0.0, 0.0, 1.0],
                [1.0, -5.7e-05, 5.7e-05, 0.0, 5.7e-05, 0.001565, -0.999999, 0.374721, 5.7e-05, 0.999999, 0.001565, 0.0, 0.0, 0.0, 0.0, 1.0],
                [1.0, -5.7e-05, 5.7e-05, 0.0, 5.7e-05, 0.001565, -0.999999, 0.374721, 5.7e-05, 0.999999, 0.001565, -0.0, 0.0, 0.0, 0.0, 1.0],
                [1.0, -5.7e-05, 5.7e-05, -0.0, 5.7e-05, 0.001565, -0.999999, 0.374721, 5.7e-05, 0.999999, 0.001565, -0.0, 0.0, 0.0, 0.0, 1.0],
                [1.0, -5.7e-05, 5.7e-05, -0.0, 5.7e-05, 0.001565, -0.999999, 0.374721, 5.7e-05, 0.999999, 0.001565, 0.0, 0.0, 0.0, 0.0, 1.0],
                [1.0, -5.7e-05, 5.7e-05, -0.0, 5.7e-05, 0.001565, -0.999999, 0.374721, 5.7e-05, 0.999999, 0.001565, 0.0, 0.0, 0.0, 0.0, 1.0]
            ]
        },
        {
            "name": "Thigh_L",
            "time": [0.0, 0.0167, 0.0333, 0.05, 0.0667, 0.0833, 0.1, 0.1167, 0.1333, 0.15, 0.1667, 0.1833, 0.2, 0.2167, 0.2333, 0.25, 0.2667, 0.2833, 0.3, 0.3167, 0.3333, 0.35, 0.3667, 0.3833, 0.4, 0.4167, 0.4333, 0.45, 0.4667, 0.4833, 0.5, 0.5167, 0.5333, 0.55, 0.5667, 0.5833, 0.6, 0.6167, 0.6333, 0.65, 0.6667, 0.6833, 0.7, 0.7167, 0.7333, 0.75, 0.7667, 0.7833, 0.8, 0.8167, 0.8333, 0.85],
            "transform": [
                [0.994503, -0.095774, 0.042316, -0.125006, -0.095227, -0.995346, -0.014756, -0.002831, 0.043532, 0.010646, -0.998995, -1.2e-05, 0.0, 0.0, 0.0, 1.0],
                [0.994503, -0.095774, 0.042316, -0.125006, -0.095227, -0.995346, -0.014753, -0.002831, 0.043532, 0.010643, -0.998995, -1.2e-05, 0.0, 0.0, 0.0, 1.0],
                [0.994503, -0.095774, 0.042316, -0.125006, -0.095227, -0.995346, -0.014757, -0.002831, 0.043532, 0.010646, -0.998995, -1.2e-05, 0.0, 0.0, 0.0, 1.0],
                [0.994503, -0.095774, 0.042316, -0.125006, -0.095227, -0.995346, -0.014755, -0.002831, 0.043532, 0.010644, -0.998995, -1.2e-05, 0.0, 0.0, 0.0, 1.0],
                [0.994503, -0.095774, 0.042316, -0.125006, -0.095227, -0.995346, -0.014756, -0.002831, 0.043532, 0.010645, -0.998995, -1.2e-05, 0.0, 0.0, 0.0, 1.0],
                [0.994503, -0.095774, 0.042316, -0.125006, -0.095227, -0.995346, -0.014756, -0.002831, 0.043532, 0.010645, -0.998995, -1.2e-05, 0.0, 0.0, 0.0, 1.0],
                [0.994503, -0.095774, 0.042316, -0.125006, -0.095227, -0.995346, -0.014756, -0.002831, 0.043532, 0.010645, -0.998996, -1.2e-05, 0.0, 0.0, 0.0, 1.0],
                [0.994503, -0.095774, 0.042316, -0.125006, -0.095227, -0.995346, -0.014755, -0.002831, 0.043532, 0.010644, -0.998995, -1.2e-05, 0.0, 0.0, 0.0, 1.0],
                [0.994503, -0.095774, 0.042316, -0.125006, -0.095227, -0.995346, -0.014756, -0.002831, 0.043532, 0.010645, -0.998995, -1.2e-05, 0.0, 0.0, 0.0, 1.0],
                [0.994503, -0.095774, 0.042316, -0.125006, -0.095227, -0.995346, -0.014756, -0.002831, 0.043532, 0.010646, -0.998995, -1.2e-05, 0.0, 0.0, 0.0, 1.0],
                [0.994503, -0.095774, 0.042316, -0.125006, -0.095227, -0.995346, -0.014754, -0.002831, 0.043532, 0.010644, -0.998995, -1.2e-05, 0.0, 0.0, 0.0, 1.0],
                [0.994503, -0.095774, 0.042316, -0.125006, -0.095227, -0.995346, -0.014754, -0.002831, 0.043532, 0.010644, -0.998995, -1.2e-05, 0.0, 0.0, 0.0, 1.0],
                [0.994503, -0.095774, 0.042316, -0.125006, -0.095227, -0.995346, -0.014754, -0.002831, 0.043532, 0.010644, -0.998995, -1.2e-05, 0.0, 0.0, 0.0, 1.0],
                [0.994503, -0.095774, 0.042316, -0.125006, -0.095227, -0.995346, -0.014754, -0.002831, 0.043532, 0.010644, -0.998995, -1.2e-05, 0.0, 0.0, 0.0, 1.0],
                [0.994503, -0.095774, 0.042316, -0.125006, -0.095227, -0.995346, -0.014754, -0.002831, 0.043532, 0.010644, -0.998995, -1.2e-05, 0.0, 0.0, 0.0, 1.0],
                [0.994503, -0.095774, 0.042316, -0.125006, -0.095227, -0.995346, -0.014754, -0.002831, 0.043532, 0.010644, -0.998995, -1.2e-05, 0.0, 0.0, 0.0, 1.0],
                [0.994503, -0.095774, 0.042316, -0.125006, -0.095227, -0.995346, -0.014756, -0.002831, 0.043532, 0.010646, -0.998995, -1.2e-05, 0.0, 0.0, 0.0, 1.0],
                [0.994503, -0.095774, 0.042316, -0.125006, -0.095227, -0.995346, -0.014756, -0.002831, 0.043532, 0.010645, -0.998995, -1.2e-05, 0.0, 0.0, 0.0, 1.0],
                [0.994503, -0.095774, 0.042316, -0.125006, -0.095227, -0.995346, -0.014755, -0.002831, 0.043532, 0.010644, -0.998995, -1.2e-05, 0.0, 0.0, 0.0, 1.0],
                [0.994503, -0.095774, 0.042316, -0.125006, -0.095227, -0.995346, -0.014755, -0.002831, 0.043532, 0.010644, -0.998995, -1.2e-05, 0.0, 0.0, 0.0, 1.0],
                [0.994503, -0.095774, 0.042316, -0.125006, -0.095227, -0.995346, -0.014756, -0.002831, 0.043532, 0.010645, -0.998995, -1.2e-05, 0.0, 0.0, 0.0, 1.0],
                [0.994503, -0.095774, 0.042316, -0.125006, -0.095227, -0.995346, -0.014758, -0.002831, 0.043532, 0.010647, -0.998995, -1.2e-05, 0.0, 0.0, 0.0, 1.0],
                [0.994503, -0.095774, 0.042316, -0.125006, -0.095227, -0.995346, -0.014755, -0.002831, 0.043532, 0.010644, -0.998995, -1.2e-05, 0.0, 0.0, 0.0, 1.0],
                [0.994503, -0.095774, 0.042316, -0.125006, -0.095227, -0.995346, -0.014755, -0.002831, 0.043532, 0.010644, -0.998995, -1.2e-05, 0.0, 0.0, 0.0, 1.0],
                [0.994503, -0.095774, 0.042316, -0.125006, -0.095227, -0.995346, -0.014755, -0.002831, 0.043532, 0.010644, -0.998995, -1.2e-05, 0.0, 0.0, 0.0, 1.0],
                [0.994503, -0.095774, 0.042316, -0.125006, -0.095227, -0.995346, -0.014756, -0.002831, 0.043532, 0.010646, -0.998995, -1.2e-05, 0.0, 0.0, 0.0, 1.0],
                [0.994503, -0.095774, 0.042316, -0.125006, -0.095227, -0.995346, -0.014752, -0.002831, 0.043532, 0.010641, -0.998995, -1.2e-05, 0.0, 0.0, 0.0, 1.0],
                [0.994503, -0.095774, 0.042316, -0.125006, -0.095227, -0.995346, -0.014755, -0.002831, 0.043532, 0.010644, -0.998995, -1.2e-05, 0.0, 0.0, 0.0, 1.0],
                [0.994503, -0.095774, 0.042316, -0.125006, -0.095227, -0.995346, -0.014756, -0.002831, 0.043532, 0.010645, -0.998995, -1.2e-05, 0.0, 0.0, 0.0, 1.0],
                [0.994503, -0.095774, 0.042316, -0.125006, -0.095227, -0.995346, -0.014755, -0.002831, 0.043532, 0.010644, -0.998995, -1.2e-05, 0.0, 0.0, 0.0, 1.0],
                [0.994503, -0.095774, 0.042316, -0.125006, -0.095227, -0.995346, -0.014756, -0.002831, 0.043532, 0.010645, -0.998996, -1.2e-05, 0.0, 0.0, 0.0, 1.0],
                [0.994503, -0.095774, 0.042316, -0.125006, -0.095227, -0.995346, -0.014756, -0.002831, 0.043532, 0.010645, -0.998995, -1.2e-05, 0.0, 0.0, 0.0, 1.0],
                [0.994503, -0.095774, 0.042316, -0.125006, -0.095227, -0.995346, -0.014754, -0.002831, 0.043532, 0.010644, -0.998995, -1.2e-05, 0.0, 0.0, 0.0, 1.0],
                [0.994503, -0.095774, 0.042316, -0.125006, -0.095227, -0.995346, -0.014753, -0.002831, 0.043532, 0.010643, -0.998995, -1.2e-05, 0.0, 0.0, 0.0, 1.0],
                [0.994503, -0.095774, 0.042316, -0.125006, -0.095227, -0.995346, -0.014754, -0.002831, 0.043532, 0.010644, -0.998995, -1.2e-05, 0.0, 0.0, 0.0, 1.0],
                [0.994503, -0.095774, 0.042316, -0.125006, -0.095227, -0.995346, -0.014756, -0.002831, 0.043532, 0.010645, -0.998995, -1.2e-05, 0.0, 0.0, 0.0, 1.0],
                [0.994503, -0.095774, 0.042316, -0.125006, -0.095227, -0.995346, -0.014758, -0.002831, 0.043532, 0.010647, -0.998995, -1.2e-05, 0.0, 0.0, 0.0, 1.0],
                [0.994503, -0.095774, 0.042316, -0.125006, -0.095227, -0.995346, -0.014758, -0.002831, 0.043532, 0.010647, -0.998996, -1.2e-05, 0.0, 0.0, 0.0, 1.0],
                [0.994503, -0.095774, 0.042316, -0.125006, -0.095227, -0.995346, -0.014756, -0.002831, 0.043532, 0.010645, -0.998995, -1.2e-05, 0.0, 0.0, 0.0, 1.0],
                [0.994503, -0.095774, 0.042316, -0.125006, -0.095227, -0.995346, -0.014754, -0.002831, 0.043532, 0.010644, -0.998995, -1.2e-05, 0.0, 0.0, 0.0, 1.0],
                [0.994503, -0.095774, 0.042316, -0.125006, -0.095227, -0.995346, -0.014756, -0.002831, 0.043532, 0.010645, -0.998995, -1.2e-05, 0.0, 0.0, 0.0, 1.0],
                [0.994503, -0.095774, 0.042316, -0.125006, -0.095227, -0.995346, -0.014757, -0.002831, 0.043532, 0.010646, -0.998995, -1.2e-05, 0.0, 0.0, 0.0, 1.0],
