{
    "animation": [
        {
            "name": "Root",
            "time": [0.0, 0.0167, 0.0333, 0.05, 0.0667, 0.0833, 0.1, 0.1167, 0.1333, 0.15, 0.1667, 0.1833, 0.2, 0.2167, 0.2333, 0.25, 0.2667, 0.2833, 0.3, 0.3167, 0.3333, 0.35, 0.3667, 0.3833, 0.4, 0.4167, 0.4333, 0.45, 0.4667, 0.4833, 0.5, 0.5167, 0.5333, 0.55, 0.5667, 0.5833, 0.6, 0.6167, 0.6333, 0.65, 0.6667, 0.6833, 0.7, 0.7167, 0.7333, 0.75, 0.7667, 0.7833, 0.8, 0.8167, 0.8333, 0.85, 0.8667, 0.8833, 0.9, 0.9167, 0.9333, 0.95, 0.9667, 0.9833, 1.0, 1.0167, 1.0333, 1.05, 1.0667, 1.0833, 1.1, 1.1167, 1.1333, 1.15, 1.1667, 1.1833, 1.2, 1.2167, 1.2333, 1.25, 1.2667, 1.2833, 1.3, 1.3167, 1.3333, 1.35, 1.3667, 1.3833, 1.4, 1.4167, 1.4333, 1.45, 1.4667, 1.4833, 1.5, 1.5167, 1.5333, 1.55, 1.5667, 1.5833, 1.6, 1.6167, 1.6333, 1.65, 1.6667, 1.6833, 1.7, 1.7167, 1.7333, 1.75, 1.7667, 1.7833, 1.8, 1.8167, 1.8333, 1.85, 1.8667, 1.8833, 1.9, 1.9167, 1.9333, 1.95, 1.9667, 1.9833, 2.0],
            "transform": [
                [0.901956, 0.0, 0.431828, -5e-06, 0.431828, 0.0, -0.901956, 0.000946, 0.0, 1.0, 0.0, 0.757621, 0.0, 0.0, 0.0, 1.0],
                [0.901956, 0.0, 0.431828, -5e-06, 0.431828, 0.0, -0.901956, 0.000946, 0.0, 1.0, 0.0, 0.757621, 0.0, 0.0, 0.0, 1.0],
                [0.901956, 0.0, 0.431828, -5e-06, 0.431828, 0.0, -0.901956, 0.000946, 0.0, 1.0, 0.0, 0.757622, 0.0, 0.0, 0.0, 1.0],
                [0.901956, 0.0, 0.431828, -5e-06, 0.431828, 0.0, -0.901956, 0.000946, 0.0, 1.0, 0.0, 0.757623, 0.0, 0.0, 0.0, 1.0],
                [0.901956, 0.0, 0.431828, -5e-06, 0.431828, 0.0, -0.901956, 0.000946, 0.0, 1.0, 0.0, 0.757624, 0.0, 0.0, 0.0, 1.0],
                [0.901956, 0.0, 0.431828, -5e-06, 0.431828, 0.0, -0.901956, 0.000946, 0.0, 1.0, 0.0, 0.757625, 0.0, 0.0, 0.0, 1.0],
                [0.901956, 0.0, 0.431828, -5e-06, 0.431828, 0.0, -0.901956, 0.000946, 0.0, 1.0, 0.0, 0.757626, 0.0, 0.0, 0.0, 1.0],
                [0.901956, 0.0, 0.431828, -5e-06, 0.431828, 0.0, -0.901956, 0.000946, 0.0, 1.0, 0.0, 0.757628, 0.0, 0.0, 0.0, 1.0],
                [0.901956, 0.0, 0.431828, -5e-06, 0.431828, 0.0, -0.901956, 0.000946, 0.0, 1.0, 0.0, 0.75763, 0.0, 0.0, 0.0, 1.0],
                [0.901956, 0.0, 0.431828, -5e-06, 0.431828, 0.0, -0.901956, 0.000946, 0.0, 1.0, 0.0, 0.757633, 0.0, 0.0, 0.0, 1.0],
                [0.901956, 0.0, 0.431828, -5e-06, 0.431828, 0.0, -0.901956, 0.000946, 0.0, 1.0, 0.0, 0.757635, 0.0, 0.0, 0.0, 1.0],
                [0.901956, 0.0, 0.431828, -5e-06, 0.431828, 0.0, -0.901956, 0.000946, 0.0, 1.0, 0.0, 0.757638, 0.0, 0.0, 0.0, 1.0],
                [0.901956, 0.0, 0.431828, -5e-06, 0.431828, 0.0, -0.901956, 0.000946, 0.0, 1.0, 0.0, 0.757641, 0.0, 0.0, 0.0, 1.0],
                [0.901956, 0.0, 0.431828, -5e-06, 0.431828, 0.0, -0.901956, 0.000946, 0.0, 1.0, 0.0, 0.757645, 0.0, 0.0, 0.0, 1.0],
                [0.901956, 0.0, 0.431828, -5e-06, 0.431828, 0.0, -0.901956, 0.000946, 0.0, 1.0, 0.0, 0.757649, 0.0, 0.0, 0.0, 1.0],
                [0.901956, 0.0, 0.431828, -5e-06, 0.431828, 0.0, -0.901956, 0.000946, 0.0, 1.0, 0.0, 0.757653, 0.0, 0.0, 0.0, 1.0],
                [0.901956, 0.0, 0.431828, -5e-06, 0.431828, 0.0, -0.901956, 0.000946, 0.0, 1.0, 0.0, 0.757657, 0.0, 0.0, 0.0, 1.0],
                [0.901956, 0.0, 0.431828, -5e-06, 0.431828, 0.0, -0.901956, 0.000946, 0.0, 1.0, 0.0, 0.757661, 0.0, 0.0, 0.0, 1.0],
                [0.901956, 0.0, 0.431828, -5e-06, 0.431828, 0.0, -0.901956, 0.000946, 0.0, 1.0, 0.0, 0.757666, 0.0, 0.0, 0.0, 1.0],
                [0.901956, 0.0, 0.431828, -5e-06, 0.431828, 0.0, -0.901956, 0.000946, 0.0, 1.0, 0.0, 0.757671, 0.0, 0.0, 0.0, 1.0],
                [0.901956, 0.0, 0.431828, -5e-06, 0.431828, 0.0, -0.901956, 0.000946, 0.0, 1.0, 0.0, 0.757676, 0.0, 0.0, 0.0, 1.0],
                [0.901956, 0.0, 0.431828, -5e-06, 0.431828, 0.0, -0.901956, 0.000946, 0.0, 1.0, 0.0, 0.757681, 0.0, 0.0, 0.0, 1.0],
                [0.901956, 0.0, 0.431828, -5e-06, 0.431828, 0.0, -0.901956, 0.000946, 0.0, 1.0, 0.0, 0.757687, 0.0, 0.0, 0.0, 1.0],
                [0.901956, 0.0, 0.431828, -5e-06, 0.431828, 0.0, -0.901956, 0.000946, 0.0, 1.0, 0.0, 0.757692, 0.0, 0.0, 0.0, 1.0],
                [0.901956, 0.0, 0.431828, -5e-06, 0.431828, 0.0, -0.901956, 0.000946, 0.0, 1.0, 0.0, 0.757698, 0.0, 0.0, 0.0, 1.0],
                [0.901956, 0.0, 0.431828, -5e-06, 0.431828, 0.0, -0.901956, 0.000946, 0.0, 1.0, 0.0, 0.757704, 0.0, 0.0, 0.0, 1.0],
                [0.901956, 0.0, 0.431828, -5e-06, 0.431828, 0.0, -0.901956, 0.000946, 0.0, 1.0, 0.0, 0.75771, 0.0, 0.0, 0.0, 1.0],
                [0.901956, 0.0, 0.431828, -5e-06, 0.431828, 0.0, -0.901956, 0.000946, 0.0, 1.0, 0.0, 0.757716, 0.0, 0.0, 0.0, 1.0],
                [0.901956, 0.0, 0.431828, -5e-06, 0.431828, 0.0, -0.901956, 0.000946, 0.0, 1.0, 0.0, 0.757722, 0.0, 0.0, 0.0, 1.0],
                [0.901956, 0.0, 0.431828, -5e-06, 0.431828, 0.0, -0.901956, 0.000946, 0.0, 1.0, 0.0, 0.757728, 0.0, 0.0, 0.0, 1.0],
                [0.901956, 0.0, 0.431828, -5e-06, 0.431828, 0.0, -0.901956, 0.000946, 0.0, 1.0, 0.0, 0.757735, 0.0, 0.0, 0.0, 1.0],
                [0.901956, 0.0, 0.431828, -5e-06, 0.431828, 0.0, -0.901956, 0.000946, 0.0, 1.0, 0.0, 0.757741, 0.0, 0.0, 0.0, 1.0],
                [0.901956, 0.0, 0.431828, -5e-06, 0.431828, 0.0, -0.901956, 0.000946, 0.0, 1.0, 0.0, 0.757747, 0.0, 0.0, 0.0, 1.0],
                [0.901956, 0.0, 0.431828, -5e-06, 0.431828, 0.0, -0.901956, 0.000946, 0.0, 1.0, 0.0, 0.757753, 0.0, 0.0, 0.0, 1.0],
                [0.901956, 0.0, 0.431828, -5e-06, 0.431828, 0.0, -0.901956, 0.000946, 0.0, 1.0, 0.0, 0.757759, 0.0, 0.0, 0.0, 1.0],
                [0.901956, 0.0, 0.431828, -5e-06, 0.431828, 0.0, -0.901956, 0.000946, 0.0, 1.0, 0.0, 0.757765, 0.0, 0.0, 0.0, 1.0],
                [0.901956, 0.0, 0.431828, -5e-06, 0.431828, 0.0, -0.901956, 0.000946, 0.0, 1.0, 0.0, 0.757771, 0.0, 0.0, 0.0, 1.0],
                [0.901956, 0.0, 0.431828, -5e-06, 0.431828, 0.0, -0.901956, 0.000946, 0.0, 1.0, 0.0, 0.757777, 0.0, 0.0, 0.0, 1.0],
                [0.901956, 0.0, 0.431828, -5e-06, 0.431828, 0.0, -0.901956, 0.000946, 0.0, 1.0, 0.0, 0.757782, 0.0, 0.0, 0.0, 1.0],
                [0.901956, 0.0, 0.431828, -5e-06, 0.431828, 0.0, -0.901956, 0.000946, 0.0, 1.0, 0.0, 0.757788, 0.0, 0.0, 0.0, 1.0],
                [0.901956, 0.0, 0.431828, -5e-06, 0.431828, 0.0, -0.901956, 0.000946, 0.0, 1.0, 0.0, 0.757793, 0.0, 0.0, 0.0, 1.0],
                [0.901956, 0.0, 0.431828, -5e-06, 0.431828, 0.0, -0.901956, 0.000946, 0.0, 1.0, 0.0, 0.757798, 0.0, 0.0, 0.0, 1.0],
                [0.901956, 0.0, 0.431828, -5e-06, 0.431828, 0.0, -0.901956, 0.000946, 0.0, 1.0, 0.0, 0.757803, 0.0, 0.0, 0.0, 1.0],
                [0.901956, 0.0, 0.431828, -5e-06, 0.431828, 0.0, -0.901956, 0.000946, 0.0, 1.0, 0.0, 0.757808, 0.0, 0.0, 0.0, 1.0],
                [0.901956, 0.0, 0.431828, -5e-06, 0.431828, 0.0, -0.901956, 0.000946, 0.0, 1.0, 0.0, 0.757812, 0.0, 0.0, 0.0, 1.0],
                [0.901956, 0.0, 0.431828, -5e-06, 0.431828, 0.0, -0.901956, 0.000946, 0.0, 1.0, 0.0, 0.757816, 0.0, 0.0, 0.0, 1.0],
                [0.901956, 0.0, 0.431828, -5e-06, 0.431828, 0.0, -0.901956, 0.000946, 0.0, 1.0, 0.0, 0.75782, 0.0, 0.0, 0.0, 1.0],
                [0.901956, 0.0, 0.431828, -5e-06, 0.431828, 0.0, -0.901956, 0.000946, 0.0, 1.0, 0.0, 0.757824, 0.0, 0.0, 0.0, 1.0],
                [0.901956, 0.0, 0.431828, -5e-06, 0.431828, 0.0, -0.901956, 0.000946, 0.0, 1.0, 0.0, 0.757828, 0.0, 0.0, 0.0, 1.0],
                [0.901956, 0.0, 0.431828, -5e-06, 0.431828, 0.0, -0.901956, 0.000946, 0.0, 1.0, 0.0, 0.757831, 0.0, 0.0, 0.0, 1.0],
                [0.901956, 0.0, 0.431828, -5e-06, 0.431828, 0.0, -0.901956, 0.000946, 0.0, 1.0, 0.0, 0.757834, 0.0, 0.0, 0.0, 1.0],
                [0.901956, 0.0, 0.431828, -5e-06, 0.431828, 0.0, -0.901956, 0.000946, 0.0, 1.0, 0.0, 0.757836, 0.0, 0.0, 0.0, 1.0],
                [0.901956, 0.0, 0.431828, -5e-06, 0.431828, 0.0, -0.901956, 0.000946, 0.0, 1.0, 0.0, 0.757839, 0.0, 0.0, 0.0, 1.0],
                [0.901956, 0.0, 0.431828, -5e-06, 0.431828, 0.0, -0.901956, 0.000946, 0.0, 1.0, 0.0, 0.757841, 0.0, 0.0, 0.0, 1.0],
                [0.901956, 0.0, 0.431828, -5e-06, 0.431828, 0.0, -0.901956, 0.000946, 0.0, 1.0, 0.0, 0.757843, 0.0, 0.0, 0.0, 1.0],
                [0.901956, 0.0, 0.431828, -5e-06, 0.431828, 0.0, -0.901956, 0.000946, 0.0, 1.0, 0.0, 0.757844, 0.0, 0.0, 0.0, 1.0],
                [0.901956, 0.0, 0.431828, -5e-06, 0.431828, 0.0, -0.901956, 0.000946, 0.0, 1.0, 0.0, 0.757846, 0.0, 0.0, 0.0, 1.0],
                [0.901956, 0.0, 0.431828, -5e-06, 0.431828, 0.0, -0.901956, 0.000946, 0.0, 1.0, 0.0, 0.757847, 0.0, 0.0, 0.0, 1.0],
                [0.901956, 0.0, 0.431828, -5e-06, 0.431828, 0.0, -0.901956, 0.000946, 0.0, 1.0, 0.0, 0.757847, 0.0, 0.0, 0.0, 1.0],
                [0.901956, 0.0, 0.431828, -5e-06, 0.431828, 0.0, -0.901956, 0.000946, 0.0, 1.0, 0.0, 0.757848, 0.0, 0.0, 0.0, 1.0],
                [0.901956, 0.0, 0.431828, -5e-06, 0.431828, 0.0, -0.901956, 0.000946, 0.0, 1.0, 0.0, 0.757848, 0.0, 0.0, 0.0, 1.0],
                [0.901956, 0.0, 0.431828, -5e-06, 0.431828, 0.0, -0.901956, 0.000946, 0.0, 1.0, 0.0, 0.757848, 0.0, 0.0, 0.0, 1.0],
                [0.901956, 0.0, 0.431828, -5e-06, 0.431828, 0.0, -0.901956, 0.000946, 0.0, 1.0, 0.0, 0.757847, 0.0, 0.0, 0.0, 1.0],
                [0.901956, 0.0, 0.431828, -5e-06, 0.431828, 0.0, -0.901956, 0.000946, 0.0, 1.0, 0.0, 0.757847, 0.0, 0.0, 0.0, 1.0],
                [0.901956, 0.0, 0.431828, -5e-06, 0.431828, 0.0, -0.901956, 0.000946, 0.0, 1.0, 0.0, 0.757846, 0.0, 0.0, 0.0, 1.0],
                [0.901956, 0.0, 0.431828, -5e-06, 0.431828, 0.0, -0.901956, 0.000946, 0.0, 1.0, 0.0, 0.757844, 0.0, 0.0, 0.0, 1.0],
                [0.901956, 0.0, 0.431828, -5e-06, 0.431828, 0.0, -0.901956, 0.000946, 0.0, 1.0, 0.0, 0.757843, 0.0, 0.0, 0.0, 1.0],
                [0.901956, 0.0, 0.431828, -5e-06, 0.431828, 0.0, -0.901956, 0.000946, 0.0, 1.0, 0.0, 0.757841, 0.0, 0.0, 0.0, 1.0],
                [0.901956, 0.0, 0.431828, -5e-06, 0.431828, 0.0, -0.901956, 0.000946, 0.0, 1.0, 0.0, 0.757839, 0.0, 0.0, 0.0, 1.0],
                [0.901956, 0.0, 0.431828, -5e-06, 0.431828, 0.0, -0.901956, 0.000946, 0.0, 1.0, 0.0, 0.757836, 0.0, 0.0, 0.0, 1.0],
                [0.901956, 0.0, 0.431828, -5e-06, 0.431828, 0.0, -0.901956, 0.000946, 0.0, 1.0, 0.0, 0.757834, 0.0, 0.0, 0.0, 1.0],
                [0.901956, 0.0, 0.431828, -5e-06, 0.431828, 0.0, -0.901956, 0.000946, 0.0, 1.0, 0.0, 0.757831, 0.0, 0.0, 0.0, 1.0],
                [0.901956, 0.0, 0.431828, -5e-06, 0.431828, 0.0, -0.901956, 0.000946, 0.0, 1.0, 0.0, 0.757828, 0.0, 0.0, 0.0, 1.0],
                [0.901956, 0.0, 0.431828, -5e-06, 0.431828, 0.0, -0.901956, 0.000946, 0.0, 1.0, 0.0, 0.757824, 0.0, 0.0, 0.0, 1.0],
                [0.901956, 0.0, 0.431828, -5e-06, 0.431828, 0.0, -0.901956, 0.000946, 0.0, 1.0, 0.0, 0.75782, 0.0, 0.0, 0.0, 1.0],
                [0.901956, 0.0, 0.431828, -5e-06, 0.431828, 0.0, -0.901956, 0.000946, 0.0, 1.0, 0.0, 0.757816, 0.0, 0.0, 0.0, 1.0],
                [0.901956, 0.0, 0.431828, -5e-06, 0.431828, 0.0, -0.901956, 0.000946, 0.0, 1.0, 0.0, 0.757812, 0.0, 0.0, 0.0, 1.0],
                [0.901956, 0.0, 0.431828, -5e-06, 0.431828, 0.0, -0.901956, 0.000946, 0.0, 1.0, 0.0, 0.757808, 0.0, 0.0, 0.0, 1.0],
                [0.901956, 0.0, 0.431828, -5e-06, 0.431828, 0.0, -0.901956, 0.000946, 0.0, 1.0, 0.0, 0.757803, 0.0, 0.0, 0.0, 1.0],
                [0.901956, 0.0, 0.431828, -5e-06, 0.431828, 0.0, -0.901956, 0.000946, 0.0, 1.0, 0.0, 0.757798, 0.0, 0.0, 0.0, 1.0],
                [0.901956, 0.0, 0.431828, -5e-06, 0.431828, 0.0, -0.901956, 0.000946, 0.0, 1.0, 0.0, 0.757793, 0.0, 0.0, 0.0, 1.0],
                [0.901956, 0.0, 0.431828, -5e-06, 0.431828, 0.0, -0.901956, 0.000946, 0.0, 1.0, 0.0, 0.757788, 0.0, 0.0, 0.0, 1.0],
                [0.901956, 0.0, 0.431828, -5e-06, 0.431828, 0.0, -0.901956, 0.000946, 0.0, 1.0, 0.0, 0.757782, 0.0, 0.0, 0.0, 1.0],
                [0.901956, 0.0, 0.431828, -5e-06, 0.431828, 0.0, -0.901956, 0.000946, 0.0, 1.0, 0.0, 0.757777, 0.0, 0.0, 0.0, 1.0],
                [0.901956, 0.0, 0.431828, -5e-06, 0.431828, 0.0, -0.901956, 0.000946, 0.0, 1.0, 0.0, 0.757771, 0.0, 0.0, 0.0, 1.0],
                [0.901956, 0.0, 0.431828, -5e-06, 0.431828, 0.0, -0.901956, 0.000946, 0.0, 1.0, 0.0, 0.757765, 0.0, 0.0, 0.0, 1.0],
                [0.901956, 0.0, 0.431828, -5e-06, 0.431828, 0.0, -0.901956, 0.000946, 0.0, 1.0, 0.0, 0.757759, 0.0, 0.0, 0.0, 1.0],
                [0.901956, 0.0, 0.431828, -5e-06, 0.431828, 0.0, -0.901956, 0.000946, 0.0, 1.0, 0.0, 0.757753, 0.0, 0.0, 0.0, 1.0],
                [0.901956, 0.0, 0.431828, -5e-06, 0.431828, 0.0, -0.901956, 0.000946, 0.0, 1.0, 0.0, 0.757747, 0.0, 0.0, 0.0, 1.0],
                [0.901956, 0.0, 0.431828, -5e-06, 0.431828, 0.0, -0.901956, 0.000946, 0.0, 1.0, 0.0, 0.757741, 0.0, 0.0, 0.0, 1.0],
                [0.901956, 0.0, 0.431828, -5e-06, 0.431828, 0.0, -0.901956, 0.000946, 0.0, 1.0, 0.0, 0.757735, 0.0, 0.0, 0.0, 1.0],
                [0.901956, 0.0, 0.431828, -5e-06, 0.431828, 0.0, -0.901956, 0.000946, 0.0, 1.0, 0.0, 0.757728, 0.0, 0.0, 0.0, 1.0],
                [0.901956, 0.0, 0.431828, -5e-06, 0.431828, 0.0, -0.901956, 0.000946, 0.0, 1.0, 0.0, 0.757722, 0.0, 0.0, 0.0, 1.0],
                [0.901956, 0.0, 0.431828, -5e-06, 0.431828, 0.0, -0.901956, 0.000946, 0.0, 1.0, 0.0, 0.757716, 0.0, 0.0, 0.0, 1.0],
                [0.901956, 0.0, 0.431828, -5e-06, 0.431828, 0.0, -0.901956, 0.000946, 0.0, 1.0, 0.0, 0.75771, 0.0, 0.0, 0.0, 1.0],
                [0.901956, 0.0, 0.431828, -5e-06, 0.431828, 0.0, -0.901956, 0.000946, 0.0, 1.0, 0.0, 0.757704, 0.0, 0.0, 0.0, 1.0],
                [0.901956, 0.0, 0.431828, -5e-06, 0.431828, 0.0, -0.901956, 0.000946, 0.0, 1.0, 0.0, 0.757698, 0.0, 0.0, 0.0, 1.0],
                [0.901956, 0.0, 0.431828, -5e-06, 0.431828, 0.0, -0.901956, 0.000946, 0.0, 1.0, 0.0, 0.757692, 0.0, 0.0, 0.0, 1.0],
                [0.901956, 0.0, 0.431828, -5e-06, 0.431828, 0.0, -0.901956, 0.000946, 0.0, 1.0, 0.0, 0.757687, 0.0, 0.0, 0.0, 1.0],
                [0.901956, 0.0, 0.431828, -5e-06, 0.431828, 0.0, -0.901956, 0.000946, 0.0, 1.0, 0.0, 0.757681, 0.0, 0.0, 0.0, 1.0],
                [0.901956, 0.0, 0.431828, -5e-06, 0.431828, 0.0, -0.901956, 0.000946, 0.0, 1.0, 0.0, 0.757676, 0.0, 0.0, 0.0, 1.0],
                [0.901956, 0.0, 0.431828, -5e-06, 0.431828, 0.0, -0.901956, 0.000946, 0.0, 1.0, 0.0, 0.757671, 0.0, 0.0, 0.0, 1.0],
                [0.901956, 0.0, 0.431828, -5e-06, 0.431828, 0.0, -0.901956, 0.000946, 0.0, 1.0, 0.0, 0.757666, 0.0, 0.0, 0.0, 1.0],
                [0.901956, 0.0, 0.431828, -5e-06, 0.431828, 0.0, -0.901956, 0.000946, 0.0, 1.0, 0.0, 0.757661, 0.0, 0.0, 0.0, 1.0],
                [0.901956, 0.0, 0.431828, -5e-06, 0.431828, 0.0, -0.901956, 0.000946, 0.0, 1.0, 0.0, 0.757657, 0.0, 0.0, 0.0, 1.0],
                [0.901956, 0.0, 0.431828, -5e-06, 0.431828, 0.0, -0.901956, 0.000946, 0.0, 1.0, 0.0, 0.757653, 0.0, 0.0, 0.0, 1.0],
                [0.901956, 0.0, 0.431828, -5e-06, 0.431828, 0.0, -0.901956, 0.000946, 0.0, 1.0, 0.0, 0.757649, 0.0, 0.0, 0.0, 1.0],
                [0.901956, 0.0, 0.431828, -5e-06, 0.431828, 0.0, -0.901956, 0.000946, 0.0, 1.0, 0.0, 0.757645, 0.0, 0.0, 0.0, 1.0],
                [0.901956, 0.0, 0.431828, -5e-06, 0.431828, 0.0, -0.901956, 0.000946, 0.0, 1.0, 0.0, 0.757641, 0.0, 0.0, 0.0, 1.0],
                [0.901956, 0.0, 0.431828, -5e-06, 0.431828, 0.0, -0.901956, 0.000946, 0.0, 1.0, 0.0, 0.757638, 0.0, 0.0, 0.0, 1.0],
                [0.901956, 0.0, 0.431828, -5e-06, 0.431828, 0.0, -0.901956, 0.000946, 0.0, 1.0, 0.0, 0.757635, 0.0, 0.0, 0.0, 1.0],
                [0.901956, 0.0, 0.431828, -5e-06, 0.431828, 0.0, -0.901956, 0.000946, 0.0, 1.0, 0.0, 0.757633, 0.0, 0.0, 0.0, 1.0],
                [0.901956, 0.0, 0.431828, -5e-06, 0.431828, 0.0, -0.901956, 0.000946, 0.0, 1.0, 0.0, 0.75763, 0.0, 0.0, 0.0, 1.0],
                [0.901956, 0.0, 0.431828, -5e-06, 0.431828, 0.0, -0.901956, 0.000946, 0.0, 1.0, 0.0, 0.757628, 0.0, 0.0, 0.0, 1.0],
                [0.901956, 0.0, 0.431828, -5e-06, 0.431828, 0.0, -0.901956, 0.000946, 0.0, 1.0, 0.0, 0.757626, 0.0, 0.0, 0.0, 1.0],
                [0.901956, 0.0, 0.431828, -5e-06, 0.431828, 0.0, -0.901956, 0.000946, 0.0, 1.0, 0.0, 0.757625, 0.0, 0.0, 0.0, 1.0],
                [0.901956, 0.0, 0.431828, -5e-06, 0.431828, 0.0, -0.901956, 0.000946, 0.0, 1.0, 0.0, 0.757624, 0.0, 0.0, 0.0, 1.0],
                [0.901956, 0.0, 0.431828, -5e-06, 0.431828, 0.0, -0.901956, 0.000946, 0.0, 1.0, 0.0, 0.757623, 0.0, 0.0, 0.0, 1.0],
                [0.901956, 0.0, 0.431828, -5e-06, 0.431828, 0.0, -0.901956, 0.000946, 0.0, 1.0, 0.0, 0.757622, 0.0, 0.0, 0.0, 1.0],
                [0.901956, 0.0, 0.431828, -5e-06, 0.431828, 0.0, -0.901956, 0.000946, 0.0, 1.0, 0.0, 0.757621, 0.0, 0.0, 0.0, 1.0],
                [0.901956, 0.0, 0.431828, -5e-06, 0.431828, 0.0, -0.901956, 0.000946, 0.0, 1.0, 0.0, 0.757621, 0.0, 0.0, 0.0, 1.0]
            ]
        },
        {
            "name": "Thigh_R",
            "time": [0.0, 0.0167, 0.0333, 0.05, 0.0667, 0.0833, 0.1, 0.1167, 0.1333, 0.15, 0.1667, 0.1833, 0.2, 0.2167, 0.2333, 0.25, 0.2667, 0.2833, 0.3, 0.3167, 0.3333, 0.35, 0.3667, 0.3833, 0.4, 0.4167, 0.4333, 0.45, 0.4667, 0.4833, 0.5, 0.5167, 0.5333, 0.55, 0.5667, 0.5833, 0.6, 0.6167, 0.6333, 0.65, 0.6667, 0.6833, 0.7, 0.7167, 0.7333, 0.75, 0.7667, 0.7833, 0.8, 0.8167, 0.8333, 0.85, 0.8667, 0.8833, 0.9, 0.9167, 0.9333, 0.95, 0.9667, 0.9833, 1.0, 1.0167, 1.0333, 1.05, 1.0667, 1.0833, 1.1, 1.1167, 1.1333, 1.15, 1.1667, 1.1833, 1.2, 1.2167, 1.2333, 1.25, 1.2667, 1.2833, 1.3, 1.3167, 1.3333, 1.35, 1.3667, 1.3833, 1.4, 1.4167, 1.4333, 1.45, 1.4667, 1.4833, 1.5, 1.5167, 1.5333, 1.55, 1.5667, 1.5833, 1.6, 1.6167, 1.6333, 1.65, 1.6667, 1.6833, 1.7, 1.7167, 1.7333, 1.75, 1.7667, 1.7833, 1.8, 1.8167, 1.8333, 1.85, 1.8667, 1.8833, 1.9, 1.9167, 1.9333, 1.95, 1.9667, 1.9833, 2.0],
            "transform": [
                [0.994115, 0.092701, -0.056047, 0.124994, 0.09895, -0.987641, 0.12155, -0.002831, -0.044087, -0.126381, -0.991002, -1.2e-05, 0.0, 0.0, 0.0, 1.0],
                [0.994115, 0.092701, -0.056047, 0.124994, 0.09895, -0.987641, 0.121548, -0.002831, -0.044087, -0.126378, -0.991002, -1.2e-05, 0.0, 0.0, 0.0, 1.0],
                [0.994115, 0.092701, -0.056046, 0.124994, 0.098949, -0.987642, 0.121538, -0.002831, -0.044087, -0.126369, -0.991003, -1.2e-05, 0.0, 0.0, 0.0, 1.0],
                [0.994115, 0.092701, -0.056045, 0.124994, 0.098949, -0.987644, 0.121522, -0.002831, -0.044087, -0.126352, -0.991005, -1.2e-05, 0.0, 0.0, 0.0, 1.0],
                [0.994115, 0.092701, -0.056043, 0.124994, 0.098948, -0.987647, 0.1215, -0.002831, -0.044087, -0.12633, -0.991008, -1.2e-05, 0.0, 0.0, 0.0, 1.0],
                [0.994115, 0.092702, -0.05604, 0.124994, 0.098947, -0.98765, 0.121473, -0.002831, -0.044088, -0.126303, -0.991011, -1.2e-05, 0.0, 0.0, 0.0, 1.0],
                [0.994115, 0.092702, -0.056037, 0.124994, 0.098945, -0.987655, 0.121436, -0.002831, -0.044088, -0.126266, -0.991016, -1.2e-05, 0.0, 0.0, 0.0, 1.0],
                [0.994116, 0.092703, -0.056033, 0.124994, 0.098943, -0.987661, 0.121394, -0.002831, -0.044088, -0.126224, -0.991022, -1.2e-05, 0.0, 0.0, 0.0, 1.0],
                [0.994116, 0.092704, -0.056029, 0.124994, 0.098941, -0.987666, 0.121347, -0.002831, -0.044089, -0.126177, -0.991027, -1.2e-05, 0.0, 0.0, 0.0, 1.0],
                [0.994116, 0.092704, -0.056024, 0.124994, 0.098939, -0.987673, 0.121293, -0.002831, -0.044089, -0.126122, -0.991034, -1.2e-05, 0.0, 0.0, 0.0, 1.0],
                [0.994116, 0.092705, -0.056018, 0.124994, 0.098936, -0.987681, 0.12123, -0.002831, -0.044089, -0.126059, -0.991042, -1.2e-05, 0.0, 0.0, 0.0, 1.0],
                [0.994117, 0.092706, -0.056012, 0.124994, 0.098934, -0.98769, 0.121163, -0.002831, -0.04409, -0.125992, -0.991051, -1.2e-05, 0.0, 0.0, 0.0, 1.0],
                [0.994117, 0.092707, -0.056005, 0.124994, 0.098931, -0.987699, 0.121089, -0.002831, -0.04409, -0.125917, -0.99106, -1.2e-05, 0.0, 0.0, 0.0, 1.0],
                [0.994117, 0.092708, -0.055998, 0.124994, 0.098927, -0.987709, 0.121011, -0.002831, -0.044091, -0.125839, -0.99107, -1.2e-05, 0.0, 0.0, 0.0, 1.0],
                [0.994117, 0.09271, -0.05599, 0.124994, 0.098924, -0.98772, 0.120925, -0.002831, -0.044092, -0.125752, -0.991081, -1.2e-05, 0.0, 0.0, 0.0, 1.0],
                [0.994118, 0.092711, -0.055981, 0.124994, 0.09892, -0.987732, 0.120832, -0.002831, -0.044092, -0.125659, -0.991093, -1.2e-05, 0.0, 0.0, 0.0, 1.0],
                [0.994118, 0.092712, -0.055973, 0.124994, 0.098916, -0.987744, 0.120736, -0.002831, -0.044093, -0.125563, -0.991105, -1.2e-05, 0.0, 0.0, 0.0, 1.0],
                [0.994119, 0.092714, -0.055963, 0.124994, 0.098911, -0.987757, 0.120631, -0.002831, -0.044094, -0.125457, -0.991119, -1.2e-05, 0.0, 0.0, 0.0, 1.0],
                [0.994119, 0.092715, -0.055953, 0.124994, 0.098907, -0.987771, 0.120522, -0.002831, -0.044095, -0.125348, -0.991132, -1.2e-05, 0.0, 0.0, 0.0, 1.0],
                [0.994119, 0.092717, -0.055943, 0.124994, 0.098902, -0.987785, 0.120409, -0.002831, -0.044095, -0.125234, -0.991147, -1.2e-05, 0.0, 0.0, 0.0, 1.0],
                [0.99412, 0.092719, -0.055931, 0.124994, 0.098897, -0.987801, 0.120287, -0.002831, -0.044096, -0.125111, -0.991162, -1.2e-05, 0.0, 0.0, 0.0, 1.0],
                [0.99412, 0.092721, -0.05592, 0.124994, 0.098892, -0.987816, 0.120162, -0.002831, -0.044097, -0.124986, -0.991178, -1.2e-05, 0.0, 0.0, 0.0, 1.0],
                [0.994121, 0.092723, -0.055908, 0.124994, 0.098886, -0.987833, 0.120029, -0.002831, -0.044098, -0.124852, -0.991195, -1.2e-05, 0.0, 0.0, 0.0, 1.0],
                [0.994121, 0.092725, -0.055895, 0.124994, 0.098881, -0.98785, 0.119892, -0.002831, -0.044099, -0.124714, -0.991212, -1.2e-05, 0.0, 0.0, 0.0, 1.0],
                [0.994122, 0.092727, -0.055882, 0.124994, 0.098875, -0.987868, 0.119752, -0.002831, -0.0441, -0.124573, -0.99123, -1.2e-05, 0.0, 0.0, 0.0, 1.0],
                [0.994123, 0.092729, -0.055869, 0.124994, 0.098869, -0.987886, 0.11961, -0.002831, -0.044101, -0.12443, -0.991248, -1.2e-05, 0.0, 0.0, 0.0, 1.0],
                [0.994123, 0.092731, -0.055856, 0.124994, 0.098863, -0.987904, 0.119463, -0.002831, -0.044102, -0.124283, -0.991266, -1.2e-05, 0.0, 0.0, 0.0, 1.0],
                [0.994124, 0.092733, -0.055842, 0.124994, 0.098857, -0.987922, 0.119315, -0.002831, -0.044103, -0.124134, -0.991285, -1.2e-05, 0.0, 0.0, 0.0, 1.0],
                [0.994124, 0.092735, -0.055828, 0.124994, 0.09885, -0.987941, 0.119164, -0.002831, -0.044104, -0.123983, -0.991304, -1.2e-05, 0.0, 0.0, 0.0, 1.0],
                [0.994125, 0.092737, -0.055814, 0.124994, 0.098844, -0.98796, 0.119012, -0.002831, -0.044105, -0.123829, -0.991323, -1.2e-05, 0.0, 0.0, 0.0, 1.0],
                [0.994125, 0.092739, -0.0558, 0.124994, 0.098838, -0.987979, 0.11886, -0.002831, -0.044107, -0.123677, -0.991342, -1.2e-05, 0.0, 0.0, 0.0, 1.0],
                [0.994126, 0.092742, -0.055786, 0.124994, 0.098831, -0.987998, 0.118707, -0.002831, -0.044108, -0.123523, -0.991361, -1.2e-05, 0.0, 0.0, 0.0, 1.0],
                [0.994126, 0.092744, -0.055772, 0.124994, 0.098825, -0.988017, 0.118553, -0.002831, -0.044109, -0.123368, -0.99138, -1.2e-05, 0.0, 0.0, 0.0, 1.0],
                [0.994127, 0.092746, -0.055758, 0.124994, 0.098819, -0.988036, 0.118401, -0.002831, -0.04411, -0.123216, -0.991399, -1.2e-05, 0.0, 0.0, 0.0, 1.0],
                [0.994128, 0.092748, -0.055744, 0.124994, 0.098812, -0.988055, 0.11825, -0.002831, -0.044111, -0.123063, -0.991418, -1.2e-05, 0.0, 0.0, 0.0, 1.0],
                [0.994128, 0.09275, -0.05573, 0.124994, 0.098806, -0.988073, 0.1181, -0.002831, -0.044112, -0.122913, -0.991436, -1.2e-05, 0.0, 0.0, 0.0, 1.0],
                [0.994129, 0.092753, -0.055717, 0.124994, 0.0988, -0.988092, 0.117952, -0.002831, -0.044113, -0.122765, -0.991455, -1.2e-05, 0.0, 0.0, 0.0, 1.0],
                [0.994129, 0.092755, -0.055703, 0.124994, 0.098794, -0.98811, 0.117807, -0.002831, -0.044114, -0.122618, -0.991473, -1.2e-05, 0.0, 0.0, 0.0, 1.0],
                [0.99413, 0.092757, -0.05569, 0.124994, 0.098788, -0.988127, 0.117665, -0.002831, -0.044115, -0.122476, -0.99149, -1.2e-05, 0.0, 0.0, 0.0, 1.0],
                [0.99413, 0.092759, -0.055678, 0.124994, 0.098782, -0.988144, 0.117526, -0.002831, -0.044116, -0.122337, -0.991508, -1.2e-05, 0.0, 0.0, 0.0, 1.0],
                [0.994131, 0.092761, -0.055665, 0.124994, 0.098777, -0.98816, 0.117395, -0.002831, -0.044117, -0.122204, -0.991524, -1.2e-05, 0.0, 0.0, 0.0, 1.0],
                [0.994131, 0.092763, -0.055653, 0.124994, 0.098772, -0.988177, 0.117263, -0.002831, -0.044118, -0.122072, -0.99154, -1.2e-05, 0.0, 0.0, 0.0, 1.0],
                [0.994132, 0.092764, -0.055642, 0.124994, 0.098766, -0.988192, 0.117138, -0.002831, -0.044119, -0.121946, -0.991556, -1.2e-05, 0.0, 0.0, 0.0, 1.0],
                [0.994132, 0.092766, -0.055631, 0.124994, 0.098761, -0.988207, 0.117018, -0.002831, -0.04412, -0.121825, -0.99157, -1.2e-05, 0.0, 0.0, 0.0, 1.0],
                [0.994133, 0.092768, -0.05562, 0.124994, 0.098757, -0.988221, 0.116903, -0.002831, -0.04412, -0.12171, -0.991584, -1.2e-05, 0.0, 0.0, 0.0, 1.0],
                [0.994133, 0.092769, -0.05561, 0.124994, 0.098752, -0.988234, 0.116795, -0.002831, -0.044121, -0.121601, -0.991598, -1.2e-05, 0.0, 0.0, 0.0, 1.0],
                [0.994134, 0.092771, -0.055601, 0.124994, 0.098748, -0.988246, 0.116695, -0.002831, -0.044122, -0.121501, -0.99161, -1.2e-05, 0.0, 0.0, 0.0, 1.0],
                [0.994134, 0.092772, -0.055592, 0.124994, 0.098744, -0.988258, 0.116598, -0.002831, -0.044122, -0.121403, -0.991622, -1.2e-05, 0.0, 0.0, 0.0, 1.0],
                [0.994134, 0.092774, -0.055584, 0.124994, 0.09874, -0.988269, 0.116507, -0.002831, -0.044123, -0.121312, -0.991633, -1.2e-05, 0.0, 0.0, 0.0, 1.0],
                [0.994135, 0.092775, -0.055576, 0.124994, 0.098737, -0.988279, 0.116426, -0.002831, -0.044124, -0.12123, -0.991643, -1.2e-05, 0.0, 0.0, 0.0, 1.0],
                [0.994135, 0.092776, -0.055569, 0.124994, 0.098734, -0.988288, 0.11635, -0.002831, -0.044124, -0.121154, -0.991652, -1.2e-05, 0.0, 0.0, 0.0, 1.0],
                [0.994135, 0.092777, -0.055563, 0.124994, 0.098731, -0.988297, 0.116279, -0.002831, -0.044125, -0.121082, -0.991661, -1.2e-05, 0.0, 0.0, 0.0, 1.0],
                [0.994135, 0.092778, -0.055557, 0.124994, 0.098728, -0.988304, 0.116218, -0.002831, -0.044125, -0.121022, -0.991669, -1.2e-05, 0.0, 0.0, 0.0, 1.0],
                [0.994135, 0.092779, -0.055552, 0.124994, 0.098726, -0.988311, 0.116163, -0.002831, -0.044125, -0.120966, -0.991675, -1.2e-05, 0.0, 0.0, 0.0, 1.0],
                [0.994136, 0.092779, -0.055548, 0.124994, 0.098724, -0.988317, 0.116114, -0.002831, -0.044126, -0.120917, -0.991681, -1.2e-05, 0.0, 0.0, 0.0, 1.0],
                [0.994136, 0.09278, -0.055544, 0.124994, 0.098723, -0.988322, 0.116076, -0.002831, -0.044126, -0.120878, -0.991686, -1.2e-05, 0.0, 0.0, 0.0, 1.0],
                [0.994136, 0.09278, -0.055541, 0.124994, 0.098721, -0.988326, 0.116043, -0.002831, -0.044126, -0.120846, -0.99169, -1.2e-05, 0.0, 0.0, 0.0, 1.0],
                [0.994136, 0.092783, -0.05553, 0.124994, 0.098717, -0.98834, 0.115921, -0.002831, -0.044127, -0.120723, -0.991705, -1.2e-05, 0.0, 0.0, 0.0, 1.0],
                [0.994137, 0.092783, -0.055528, 0.124994, 0.098716, -0.988343, 0.115904, -0.002831, -0.044127, -0.120706, -0.991707, -1.2e-05, 0.0, 0.0, 0.0, 1.0],
                [0.994137, 0.092783, -0.055527, 0.124994, 0.098715, -0.988344, 0.115892, -0.002831, -0.044127, -0.120694, -0.991709, -1.2e-05, 0.0, 0.0, 0.0, 1.0],
                [0.994137, 0.092783, -0.055527, 0.124994, 0.098715, -0.988344, 0.11589, -0.002831, -0.044127, -0.120692, -0.991709, -1.2e-05, 0.0, 0.0, 0.0, 1.0],
                [0.994137, 0.092783, -0.055527, 0.124994, 0.098715, -0.988344, 0.115892, -0.002831, -0.044127, -0.120694, -0.991709, -1.2e-05, 0.0, 0.0, 0.0, 1.0],
                [0.994137, 0.092783, -0.055528, 0.124994, 0.098716, -0.988343, 0.115904, -0.002831, -0.044127, -0.120706, -0.991707, -1.2e-05, 0.0, 0.0, 0.0, 1.0],
                [0.994136, 0.092783, -0.05553, 0.124994, 0.098717, -0.98834, 0.115921, -0.002831, -0.044127, -0.120723, -0.991705, -1.2e-05, 0.0, 0.0, 0.0, 1.0],
                [0.994136, 0.09278, -0.055541, 0.124994, 0.098721, -0.988326, 0.116043, -0.002831, -0.044126, -0.120846, -0.99169, -1.2e-05, 0.0, 0.0, 0.0, 1.0],
                [0.994136, 0.09278, -0.055544, 0.124994, 0.098723, -0.988322, 0.116076, -0.002831, -0.044126, -0.120878, -0.991686, -1.2e-05, 0.0, 0.0, 0.0, 1.0],
                [0.994136, 0.092779, -0.055548, 0.124994, 0.098724, -0.988317, 0.116114, -0.002831, -0.044126, -0.120917, -0.991681, -1.2e-05, 0.0, 0.0, 0.0, 1.0],
                [0.994135, 0.092779, -0.055552, 0.124994, 0.098726, -0.988311, 0.116163, -0.002831, -0.044125, -0.120966, -0.991675, -1.2e-05, 0.0, 0.0, 0.0, 1.0],
                [0.994135, 0.092778, -0.055557, 0.124994, 0.098728, -0.988304, 0.116218, -0.002831, -0.044125, -0.121022, -0.991669, -1.2e-05, 0.0, 0.0, 0.0, 1.0],
                [0.994135, 0.092777, -0.055563, 0.124994, 0.098731, -0.988297, 0.116279, -0.002831, -0.044125, -0.121082, -0.991661, -1.2e-05, 0.0, 0.0, 0.0, 1.0],
                [0.994135, 0.092776, -0.055569, 0.124994, 0.098734, -0.988288, 0.11635, -0.002831, -0.044124, -0.121154, -0.991652, -1.2e-05, 0.0, 0.0, 0.0, 1.0],
                [0.994135, 0.092775, -0.055576, 0.124994, 0.098737, -0.988279, 0.116426, -0.002831, -0.044124, -0.12123, -0.991643, -1.2e-05, 0.0, 0.0, 0.0, 1.0],
                [0.994134, 0.092774, -0.055584, 0.124994, 0.09874, -0.988269, 0.116507, -0.002831, -0.044123, -0.121312, -0.991633, -1.2e-05, 0.0, 0.0, 0.0, 1.0],
                [0.994134, 0.092772, -0.055592, 0.124994, 0.098744, -0.988258, 0.116598, -0.002831, -0.044122, -0.121403, -0.991622, -1.2e-05, 0.0, 0.0, 0.0, 1.0],
                [0.994134, 0.092771, -0.055601, 0.124994, 0.098748, -0.988246, 0.116695, -0.002831, -0.044122, -0.121501, -0.99161, -1.2e-05, 0.0, 0.0, 0.0, 1.0],
                [0.994133, 0.092769, -0.05561, 0.124994, 0.098752, -0.988234, 0.116795, -0.002831, -0.044121, -0.121601, -0.991598, -1.2e-05, 0.0, 0.0, 0.0, 1.0],
                [0.994133, 0.092768, -0.05562, 0.124994, 0.098757, -0.988221, 0.116903, -0.002831, -0.04412, -0.12171, -0.991584, -1.2e-05, 0.0, 0.0, 0.0, 1.0],
                [0.994132, 0.092766, -0.055631, 0.124994, 0.098761, -0.988207, 0.117018, -0.002831, -0.04412, -0.121825, -0.99157, -1.2e-05, 0.0, 0.0, 0.0, 1.0],
                [0.994132, 0.092764, -0.055642, 0.124994, 0.098766, -0.988192, 0.117138, -0.002831, -0.044119, -0.121946, -0.991556, -1.2e-05, 0.0, 0.0, 0.0, 1.0],
                [0.994131, 0.092763, -0.055653, 0.124994, 0.098772, -0.988177, 0.117263, -0.002831, -0.044118, -0.122072, -0.99154, -1.2e-05, 0.0, 0.0, 0.0, 1.0],
                [0.994131, 0.092761, -0.055665, 0.124994, 0.098777, -0.98816, 0.117395, -0.002831, -0.044117, -0.122204, -0.991524, -1.2e-05, 0.0, 0.0, 0.0, 1.0],
                [0.99413, 0.092759, -0.055678, 0.124994, 0.098782, -0.988144, 0.117526, -0.002831, -0.044116, -0.122337, -0.991508, -1.2e-05, 0.0, 0.0, 0.0, 1.0],
                [0.99413, 0.092757, -0.05569, 0.124994, 0.098788, -0.988127, 0.117665, -0.002831, -0.044115, -0.122476, -0.99149, -1.2e-05, 0.0, 0.0, 0.0, 1.0],
                [0.994129, 0.092755, -0.055703, 0.124994, 0.098794, -0.98811, 0.117807, -0.002831, -0.044114, -0.122618, -0.991473, -1.2e-05, 0.0, 0.0, 0.0, 1.0],
                [0.994129, 0.092753, -0.055717, 0.124994, 0.0988, -0.988092, 0.117952, -0.002831, -0.044113, -0.122765, -0.991455, -1.2e-05, 0.0, 0.0, 0.0, 1.0],
                [0.994128, 0.09275, -0.05573, 0.124994, 0.098806, -0.988073, 0.1181, -0.002831, -0.044112, -0.122913, -0.991436, -1.2e-05, 0.0, 0.0, 0.0, 1.0],
                [0.994128, 0.092748, -0.055744, 0.124994, 0.098812, -0.988055, 0.11825, -0.002831, -0.044111, -0.123063, -0.991418, -1.2e-05, 0.0, 0.0, 0.0, 1.0],
                [0.994127, 0.092746, -0.055758, 0.124994, 0.098819, -0.988036, 0.118401, -0.002831, -0.04411, -0.123216, -0.991399, -1.2e-05, 0.0, 0.0, 0.0, 1.0],
                [0.994126, 0.092744, -0.055772, 0.124994, 0.098825, -0.988017, 0.118553, -0.002831, -0.044109, -0.123368, -0.99138, -1.2e-05, 0.0, 0.0, 0.0, 1.0],
                [0.994126, 0.092742, -0.055786, 0.124994, 0.098831, -0.987998, 0.118707, -0.002831, -0.044108, -0.123523, -0.991361, -1.2e-05, 0.0, 0.0, 0.0, 1.0],
                [0.994125, 0.092739, -0.0558, 0.124994, 0.098838, -0.987979, 0.11886, -0.002831, -0.044107, -0.123677, -0.991342, -1.2e-05, 0.0, 0.0, 0.0, 1.0],
                [0.994125, 0.092737, -0.055814, 0.124994, 0.098844, -0.98796, 0.119012, -0.002831, -0.044105, -0.123829, -0.991323, -1.2e-05, 0.0, 0.0, 0.0, 1.0],
                [0.994124, 0.092735, -0.055828, 0.124994, 0.09885, -0.987941, 0.119164, -0.002831, -0.044104, -0.123983, -0.991304, -1.2e-05, 0.0, 0.0, 0.0, 1.0],
                [0.994124, 0.092733, -0.055842, 0.124994, 0.098857, -0.987922, 0.119315, -0.002831, -0.044103, -0.124134, -0.991285, -1.2e-05, 0.0, 0.0, 0.0, 1.0],
                [0.994123, 0.092731, -0.055856, 0.124994, 0.098863, -0.987904, 0.119463, -0.002831, -0.044102, -0.124283, -0.991266, -1.2e-05, 0.0, 0.0, 0.0, 1.0],
                [0.994123, 0.092729, -0.055869, 0.124994, 0.098869, -0.987886, 0.11961, -0.002831, -0.044101, -0.12443, -0.991248, -1.2e-05, 0.0, 0.0, 0.0, 1.0],
                [0.994122, 0.092727, -0.055882, 0.124994, 0.098875, -0.987868, 0.119752, -0.002831, -0.0441, -0.124573, -0.99123, -1.2e-05, 0.0, 0.0, 0.0, 1.0],
                [0.994121, 0.092725, -0.055895, 0.124994, 0.098881, -0.98785, 0.119892, -0.002831, -0.044099, -0.124714, -0.991212, -1.2e-05, 0.0, 0.0, 0.0, 1.0],
                [0.994121, 0.092723, -0.055908, 0.124994, 0.098886, -0.987833, 0.120029, -0.002831, -0.044098, -0.124852, -0.991195, -1.2e-05, 0.0, 0.0, 0.0, 1.0],
                [0.99412, 0.092721, -0.05592, 0.124994, 0.098892, -0.987816, 0.120162, -0.002831, -0.044097, -0.124986, -0.991178, -1.2e-05, 0.0, 0.0, 0.0, 1.0],
                [0.99412, 0.092719, -0.055931, 0.124994, 0.098897, -0.987801, 0.120287, -0.002831, -0.044096, -0.125111, -0.991162, -1.2e-05, 0.0, 0.0, 0.0, 1.0],
                [0.994119, 0.092717, -0.055943, 0.124994, 0.098902, -0.987785, 0.120409, -0.002831, -0.044095, -0.125234, -0.991147, -1.2e-05, 0.0, 0.0, 0.0, 1.0],
                [0.994119, 0.092715, -0.055953, 0.124994, 0.098907, -0.987771, 0.120522, -0.002831, -0.044095, -0.125348, -0.991132, -1.2e-05, 0.0, 0.0, 0.0, 1.0],
                [0.994119, 0.092714, -0.055963, 0.124994, 0.098911, -0.987757, 0.120631, -0.002831, -0.044094, -0.125457, -0.991119, -1.2e-05, 0.0, 0.0, 0.0, 1.0],
                [0.994118, 0.092712, -0.055973, 0.124994, 0.098916, -0.987744, 0.120736, -0.002831, -0.044093, -0.125563, -0.991105, -1.2e-05, 0.0, 0.0, 0.0, 1.0],
                [0.994118, 0.092711, -0.055981, 0.124994, 0.09892, -0.987732, 0.120832, -0.002831, -0.044092, -0.125659, -0.991093, -1.2e-05, 0.0, 0.0, 0.0, 1.0],
                [0.994117, 0.09271, -0.05599, 0.124994, 0.098924, -0.98772, 0.120925, -0.002831, -0.044092, -0.125752, -0.991081, -1.2e-05, 0.0, 0.0, 0.0, 1.0],
                [0.994117, 0.092708, -0.055998, 0.124994, 0.098927, -0.987709, 0.121011, -0.002831, -0.044091, -0.125839, -0.99107, -1.2e-05, 0.0, 0.0, 0.0, 1.0],
                [0.994117, 0.092707, -0.056005, 0.124994, 0.098931, -0.987699, 0.121089, -0.002831, -0.04409, -0.125917, -0.99106, -1.2e-05, 0.0, 0.0, 0.0, 1.0],
                [0.994117, 0.092706, -0.056012, 0.124994, 0.098934, -0.98769, 0.121163, -0.002831, -0.04409, -0.125992, -0.991051, -1.2e-05, 0.0, 0.0, 0.0, 1.0],
                [0.994116, 0.092705, -0.056018, 0.124994, 0.098936, -0.987681, 0.12123, -0.002831, -0.044089, -0.126059, -0.991042, -1.2e-05, 0.0, 0.0, 0.0, 1.0],
                [0.994116, 0.092704, -0.056024, 0.124994, 0.098939, -0.987673, 0.121293, -0.002831, -0.044089, -0.126122, -0.991034, -1.2e-05, 0.0, 0.0, 0.0, 1.0],
                [0.994116, 0.092704, -0.056029, 0.124994, 0.098941, -0.987666, 0.121347, -0.002831, -0.044089, -0.126177, -0.991027, -1.2e-05, 0.0, 0.0, 0.0, 1.0],
                [0.994116, 0.092703, -0.056033, 0.124994, 0.098943, -0.987661, 0.121394, -0.002831, -0.044088, -0.126224, -0.991022, -1.2e-05, 0.0, 0.0, 0.0, 1.0],
                [0.994115, 0.092702, -0.056037, 0.124994, 0.098945, -0.987655, 0.121436, -0.002831, -0.044088, -0.126266, -0.991016, -1.2e-05, 0.0, 0.0, 0.0, 1.0],
                [0.994115, 0.092702, -0.05604, 0.124994, 0.098947, -0.98765, 0.121473, -0.002831, -0.044088, -0.126303, -0.991011, -1.2e-05, 0.0, 0.0, 0.0, 1.0],
                [0.994115, 0.092701, -0.056043, 0.124994, 0.098948, -0.987647, 0.1215, -0.002831, -0.044087, -0.12633, -0.991008, -1.2e-05, 0.0, 0.0, 0.0, 1.0],
                [0.994115, 0.092701, -0.056045, 0.124994, 0.098949, -0.987644, 0.121522, -0.002831, -0.044087, -0.126352, -0.991005, -1.2e-05, 0.0, 0.0, 0.0, 1.0],
                [0.994115, 0.092701, -0.056046, 0.124994, 0.098949, -0.987642, 0.121538, -0.002831, -0.044087, -0.126369, -0.991003, -1.2e-05, 0.0, 0.0, 0.0, 1.0],
                [0.994115, 0.092701, -0.056047, 0.124994, 0.09895, -0.987641, 0.121548, -0.002831, -0.044087, -0.126378, -0.991002, -1.2e-05, 0.0, 0.0, 0.0, 1.0],
                [0.994115, 0.092701, -0.056047, 0.124994, 0.09895, -0.987641, 0.12155, -0.002831, -0.044087, -0.126381, -0.991002, -1.2e-05, 0.0, 0.0, 0.0, 1.0]
            ]
        },
        {
            "name": "Leg_R",
            "time": [0.0, 0.0167, 0.0333, 0.05, 0.0667, 0.0833, 0.1, 0.1167, 0.1333, 0.15, 0.1667, 0.1833, 0.2, 0.2167, 0.2333, 0.25, 0.2667, 0.2833, 0.3, 0.3167, 0.3333, 0.35, 0.3667, 0.3833, 0.4, 0.4167, 0.4333, 0.45, 0.4667, 0.4833, 0.5, 0.5167, 0.5333, 0.55, 0.5667, 0.5833, 0.6, 0.6167, 0.6333, 0.65, 0.6667, 0.6833, 0.7, 0.7167, 0.7333, 0.75, 0.7667, 0.7833, 0.8, 0.8167, 0.8333, 0.85, 0.8667, 0.8833, 0.9, 0.9167, 0.9333, 0.95, 0.9667, 0.9833, 1.0, 1.0167, 1.0333, 1.05, 1.0667, 1.0833, 1.1, 1.1167, 1.1333, 1.15, 1.1667, 1.1833, 1.2, 1.2167, 1.2333, 1.25, 1.2667, 1.2833, 1.3, 1.3167, 1.3333, 1.35, 1.3667, 1.3833, 1.4, 1.4167, 1.4333, 1.45, 1.4667, 1.4833, 1.5, 1.5167, 1.5333, 1.55, 1.5667, 1.5833, 1.6, 1.6167, 1.6333, 1.65, 1.6667, 1.6833, 1.7, 1.7167, 1.7333, 1.75, 1.7667, 1.7833, 1.8, 1.8167, 1.8333, 1.85, 1.8667, 1.8833, 1.9, 1.9167, 1.9333, 1.95, 1.9667, 1.9833, 2.0],
            "transform": [
                [0.999992, -0.004059, -0.000341, 0.0, 0.004072, 0.993813, 0.11099, 0.374721, -0.000112, -0.11099, 0.993821, 0.0, 0.0, 0.0, 0.0, 1.0],
                [0.999992, -0.004059, -0.000341, 0.0, 0.004071, 0.993814, 0.110984, 0.374721, -0.000112, -0.110985, 0.993822, -0.0, 0.0, 0.0, 0.0, 1.0],
                [0.999992, -0.004058, -0.000341, 0.0, 0.004071, 0.993816, 0.110965, 0.374721, -0.000112, -0.110966, 0.993824, -0.0, 0.0, 0.0, 0.0, 1.0],
                [0.999992, -0.004057, -0.000341, 0.0, 0.004069, 0.99382, 0.110933, 0.374721, -0.000111, -0.110933, 0.993828, 0.0, 0.0, 0.0, 0.0, 1.0],
                [0.999992, -0.004055, -0.00034, -0.0, 0.004068, 0.993824, 0.110889, 0.374721, -0.000111, -0.110889, 0.993833, 0.0, 0.0, 0.0, 0.0, 1.0],
                [0.999992, -0.004053, -0.00034, 0.0, 0.004066, 0.993831, 0.110834, 0.374721, -0.000111, -0.110835, 0.993839, 0.0, 0.0, 0.0, 0.0, 1.0],
                [0.999992, -0.00405, -0.00034, 0.0, 0.004063, 0.993839, 0.110761, 0.374721, -0.000111, -0.110761, 0.993847, 0.0, 0.0, 0.0, 0.0, 1.0],
                [0.999992, -0.004047, -0.00034, -0.0, 0.00406, 0.993848, 0.110676, 0.374721, -0.00011, -0.110677, 0.993857, -0.0, 0.0, 0.0, 0.0, 1.0],
                [0.999992, -0.004044, -0.000339, 0.0, 0.004057, 0.993859, 0.110583, 0.374721, -0.00011, -0.110584, 0.993867, 0.0, 0.0, 0.0, 0.0, 1.0],
