{
    "animation": [
        {
            "name": "Root",
            "time": [0.0, 0.0167, 0.0333, 0.05, 0.0667, 0.0833, 0.1, 0.1167, 0.1333, 0.15, 0.1667, 0.1833, 0.2, 0.2167, 0.2333, 0.25, 0.2667, 0.2833, 0.3, 0.3167, 0.3333, 0.35, 0.3667, 0.3833, 0.4, 0.4167, 0.4333, 0.45, 0.4667, 0.4833, 0.5, 0.5167, 0.5333, 0.55, 0.5667, 0.5833, 0.6, 0.6167, 0.6333, 0.65, 0.6667, 0.6833, 0.7, 0.7167, 0.7333, 0.75, 0.7667, 0.7833, 0.8, 0.8167, 0.8333, 0.85, 0.8667, 0.8833, 0.9, 0.9167, 0.9333, 0.95, 0.9667, 0.9833, 1.0, 1.0167, 1.0333, 1.05, 1.0667, 1.0833, 1.1, 1.1167, 1.1333, 1.15, 1.1667, 1.1833, 1.2, 1.2167, 1.2333, 1.25, 1.2667, 1.2833, 1.3, 1.3167, 1.3333, 1.35, 1.3667, 1.3833, 1.4, 1.4167, 1.4333, 1.45, 1.4667, 1.4833, 1.5, 1.5167, 1.5333, 1.55, 1.5667, 1.5833, 1.6, 1.6167, 1.6333, 1.65, 1.6667, 1.6833, 1.7, 1.7167, 1.7333, 1.75, 1.7667, 1.7833, 1.8, 1.8167, 1.8333, 1.85, 1.8667, 1.8833, 1.9, 1.9167, 1.9333, 1.95, 1.9667, 1.9833, 2.0],
            "transform": [
                [0.901956, 0.0, 0.431828, -5e-06, 0.431828, 0.0, -0.901956, 0.000946, 0.0, 1.0, 0.0, 0.757621, 0.0, 0.0, 0.0, 1.0],
                [0.901956, 0.0, 0.431828, -5e-06, 0.431828, 0.0, -0.901956, 0.000946, 0.0, 1.0, 0.0, 0.757616, 0.0, 0.0, 0.0, 1.0],
                [0.901956, 0.0, 0.431828, -5e-06, 0.431828, 0.0, -0.901956, 0.000946, 0.0, 1.0, 0.0, 0.757602, 0.0, 0.0, 0.0, 1.0],
                [0.901956, 0.0, 0.431828, -5e-06, 0.431828, 0.0, -0.901956, 0.000946, 0.0, 1.0, 0.0, 0.757577, 0.0, 0.0, 0.0, 1.0],
                [0.901956, 0.0, 0.431828, -5e-06, 0.431828, 0.0, -0.901956, 0.000946, 0.0, 1.0, 0.0, 0.757542, 0.0, 0.0, 0.0, 1.0],
                [0.901956, 0.0, 0.431828, -5e-06, 0.431828, 0.0, -0.901956, 0.000946, 0.0, 1.0, 0.0, 0.757497, 0.0, 0.0, 0.0, 1.0],
                [0.901956, 0.0, 0.431828, -5e-06, 0.431828, 0.0, -0.901956, 0.000946, 0.0, 1.0, 0.0, 0.757442, 0.0, 0.0, 0.0, 1.0],
                [0.901956, 0.0, 0.431828, -5e-06, 0.431828, 0.0, -0.901956, 0.000946, 0.0, 1.0, 0.0, 0.757377, 0.0, 0.0, 0.0, 1.0],
                [0.901956, 0.0, 0.431828, -5e-06, 0.431828, 0.0, -0.901956, 0.000946, 0.0, 1.0, 0.0, 0.757302, 0.0, 0.0, 0.0, 1.0],
                [0.901956, 0.0, 0.431828, -5e-06, 0.431828, 0.0, -0.901956, 0.000946, 0.0, 1.0, 0.0, 0.757217, 0.0, 0.0, 0.0, 1.0],
                [0.901956, 0.0, 0.431828, -5e-06, 0.431828, 0.0, -0.901956, 0.000946, 0.0, 1.0, 0.0, 0.757122, 0.0, 0.0, 0.0, 1.0],
                [0.901956, 0.0, 0.431828, -5e-06, 0.431828, 0.0, -0.901956, 0.000946, 0.0, 1.0, 0.0, 0.757017, 0.0, 0.0, 0.0, 1.0],
                [0.901956, 0.0, 0.431828, -5e-06, 0.431828, 0.0, -0.901956, 0.000946, 0.0, 1.0, 0.0, 0.756903, 0.0, 0.0, 0.0, 1.0],
                [0.901956, 0.0, 0.431828, -5e-06, 0.431828, 0.0, -0.901956, 0.000946, 0.0, 1.0, 0.0, 0.756779, 0.0, 0.0, 0.0, 1.0],
                [0.901956, 0.0, 0.431828, -5e-06, 0.431828, 0.0, -0.901956, 0.000946, 0.0, 1.0, 0.0, 0.756645, 0.0, 0.0, 0.0, 1.0],
                [0.901956, 0.0, 0.431828, -5e-06, 0.431828, 0.0, -0.901956, 0.000946, 0.0, 1.0, 0.0, 0.756503, 0.0, 0.0, 0.0, 1.0],
                [0.901956, 0.0, 0.431828, -5e-06, 0.431828, 0.0, -0.901956, 0.000946, 0.0, 1.0, 0.0, 0.756352, 0.0, 0.0, 0.0, 1.0],
                [0.901956, 0.0, 0.431828, -5e-06, 0.431828, 0.0, -0.901956, 0.000946, 0.0, 1.0, 0.0, 0.756193, 0.0, 0.0, 0.0, 1.0],
                [0.901956, 0.0, 0.431828, -5e-06, 0.431828, 0.0, -0.901956, 0.000946, 0.0, 1.0, 0.0, 0.756025, 0.0, 0.0, 0.0, 1.0],
                [0.901956, 0.0, 0.431828, -5e-06, 0.431828, 0.0, -0.901956, 0.000946, 0.0, 1.0, 0.0, 0.75585, 0.0, 0.0, 0.0, 1.0],
                [0.901956, 0.0, 0.431828, -5e-06, 0.431828, 0.0, -0.901956, 0.000946, 0.0, 1.0, 0.0, 0.755668, 0.0, 0.0, 0.0, 1.0],
                [0.901956, 0.0, 0.431828, -5e-06, 0.431828, 0.0, -0.901956, 0.000946, 0.0, 1.0, 0.0, 0.755479, 0.0, 0.0, 0.0, 1.0],
                [0.901956, 0.0, 0.431828, -5e-06, 0.431828, 0.0, -0.901956, 0.000946, 0.0, 1.0, 0.0, 0.755284, 0.0, 0.0, 0.0, 1.0],
                [0.901956, 0.0, 0.431828, -5e-06, 0.431828, 0.0, -0.901956, 0.000946, 0.0, 1.0, 0.0, 0.755084, 0.0, 0.0, 0.0, 1.0],
                [0.901956, 0.0, 0.431828, -5e-06, 0.431828, 0.0, -0.901956, 0.000946, 0.0, 1.0, 0.0, 0.754878, 0.0, 0.0, 0.0, 1.0],
                [0.901956, 0.0, 0.431828, -5e-06, 0.431828, 0.0, -0.901956, 0.000946, 0.0, 1.0, 0.0, 0.754668, 0.0, 0.0, 0.0, 1.0],
                [0.901956, 0.0, 0.431828, -5e-06, 0.431828, 0.0, -0.901956, 0.000946, 0.0, 1.0, 0.0, 0.754454, 0.0, 0.0, 0.0, 1.0],
                [0.901956, 0.0, 0.431828, -5e-06, 0.431828, 0.0, -0.901956, 0.000946, 0.0, 1.0, 0.0, 0.754238, 0.0, 0.0, 0.0, 1.0],
                [0.901956, 0.0, 0.431828, -5e-06, 0.431828, 0.0, -0.901956, 0.000946, 0.0, 1.0, 0.0, 0.754019, 0.0, 0.0, 0.0, 1.0],
                [0.901956, 0.0, 0.431828, -5e-06, 0.431828, 0.0, -0.901956, 0.000946, 0.0, 1.0, 0.0, 0.753799, 0.0, 0.0, 0.0, 1.0],
                [0.901956, 0.0, 0.431828, -5e-06, 0.431828, 0.0, -0.901956, 0.000946, 0.0, 1.0, 0.0, 0.753578, 0.0, 0.0, 0.0, 1.0],
                [0.901956, 0.0, 0.431828, -5e-06, 0.431828, 0.0, -0.901956, 0.000946, 0.0, 1.0, 0.0, 0.753357, 0.0, 0.0, 0.0, 1.0],
                [0.901956, 0.0, 0.431828, -5e-06, 0.431828, 0.0, -0.901956, 0.000946, 0.0, 1.0, 0.0, 0.753137, 0.0, 0.0, 0.0, 1.0],
                [0.901956, 0.0, 0.431828, -5e-06, 0.431828, 0.0, -0.901956, 0.000946, 0.0, 1.0, 0.0, 0.752918, 0.0, 0.0, 0.0, 1.0],
                [0.901956, 0.0, 0.431828, -5e-06, 0.431828, 0.0, -0.901956, 0.000946, 0.0, 1.0, 0.0, 0.752702, 0.0, 0.0, 0.0, 1.0],
                [0.901956, 0.0, 0.431828, -5e-06, 0.431828, 0.0, -0.901956, 0.000946, 0.0, 1.0, 0.0, 0.752488, 0.0, 0.0, 0.0, 1.0],
                [0.901956, 0.0, 0.431828, -5e-06, 0.431828, 0.0, -0.901956, 0.000946, 0.0, 1.0, 0.0, 0.752278, 0.0, 0.0, 0.0, 1.0],
                [0.901956, 0.0, 0.431828, -5e-06, 0.431828, 0.0, -0.901956, 0.000946, 0.0, 1.0, 0.0, 0.752073, 0.0, 0.0, 0.0, 1.0],
                [0.901956, 0.0, 0.431828, -5e-06, 0.431828, 0.0, -0.901956, 0.000946, 0.0, 1.0, 0.0, 0.751872, 0.0, 0.0, 0.0, 1.0],
                [0.901956, 0.0, 0.431828, -5e-06, 0.431828, 0.0, -0.901956, 0.000946, 0.0, 1.0, 0.0, 0.751677, 0.0, 0.0, 0.0, 1.0],
                [0.901956, 0.0, 0.431828, -5e-06, 0.431828, 0.0, -0.901956, 0.000946, 0.0, 1.0, 0.0, 0.751488, 0.0, 0.0, 0.0, 1.0],
                [0.901956, 0.0, 0.431828, -5e-06, 0.431828, 0.0, -0.901956, 0.000946, 0.0, 1.0, 0.0, 0.751306, 0.0, 0.0, 0.0, 1.0],
                [0.901956, 0.0, 0.431828, -5e-06, 0.431828, 0.0, -0.901956, 0.000946, 0.0, 1.0, 0.0, 0.751131, 0.0, 0.0, 0.0, 1.0],
                [0.901956, 0.0, 0.431828, -5e-06, 0.431828, 0.0, -0.901956, 0.000946, 0.0, 1.0, 0.0, 0.750964, 0.0, 0.0, 0.0, 1.0],
                [0.901956, 0.0, 0.431828, -5e-06, 0.431828, 0.0, -0.901956, 0.000946, 0.0, 1.0, 0.0, 0.750804, 0.0, 0.0, 0.0, 1.0],
                [0.901956, 0.0, 0.431828, -5e-06, 0.431828, 0.0, -0.901956, 0.000946, 0.0, 1.0, 0.0, 0.750653, 0.0, 0.0, 0.0, 1.0],
                [0.901956, 0.0, 0.431828, -5e-06, 0.431828, 0.0, -0.901956, 0.000946, 0.0, 1.0, 0.0, 0.750511, 0.0, 0.0, 0.0, 1.0],
                [0.901956, 0.0, 0.431828, -5e-06, 0.431828, 0.0, -0.901956, 0.000946, 0.0, 1.0, 0.0, 0.750378, 0.0, 0.0, 0.0, 1.0],
                [0.901956, 0.0, 0.431828, -5e-06, 0.431828, 0.0, -0.901956, 0.000946, 0.0, 1.0, 0.0, 0.750254, 0.0, 0.0, 0.0, 1.0],
                [0.901956, 0.0, 0.431828, -5e-06, 0.431828, 0.0, -0.901956, 0.000946, 0.0, 1.0, 0.0, 0.750139, 0.0, 0.0, 0.0, 1.0],
                [0.901956, 0.0, 0.431828, -5e-06, 0.431828, 0.0, -0.901956, 0.000946, 0.0, 1.0, 0.0, 0.750034, 0.0, 0.0, 0.0, 1.0],
                [0.901956, 0.0, 0.431828, -5e-06, 0.431828, 0.0, -0.901956, 0.000946, 0.0, 1.0, 0.0, 0.749939, 0.0, 0.0, 0.0, 1.0],
                [0.901956, 0.0, 0.431828, -5e-06, 0.431828, 0.0, -0.901956, 0.000946, 0.0, 1.0, 0.0, 0.749854, 0.0, 0.0, 0.0, 1.0],
                [0.901956, 0.0, 0.431828, -5e-06, 0.431828, 0.0, -0.901956, 0.000946, 0.0, 1.0, 0.0, 0.749779, 0.0, 0.0, 0.0, 1.0],
                [0.901956, 0.0, 0.431828, -5e-06, 0.431828, 0.0, -0.901956, 0.000946, 0.0, 1.0, 0.0, 0.749714, 0.0, 0.0, 0.0, 1.0],
                [0.901956, 0.0, 0.431828, -5e-06, 0.431828, 0.0, -0.901956, 0.000946, 0.0, 1.0, 0.0, 0.749659, 0.0, 0.0, 0.0, 1.0],
                [0.901956, 0.0, 0.431828, -5e-06, 0.431828, 0.0, -0.901956, 0.000946, 0.0, 1.0, 0.0, 0.749614, 0.0, 0.0, 0.0, 1.0],
                [0.901956, 0.0, 0.431828, -5e-06, 0.431828, 0.0, -0.901956, 0.000946, 0.0, 1.0, 0.0, 0.749579, 0.0, 0.0, 0.0, 1.0],
                [0.901956, 0.0, 0.431828, -5e-06, 0.431828, 0.0, -0.901956, 0.000946, 0.0, 1.0, 0.0, 0.749555, 0.0, 0.0, 0.0, 1.0],
                [0.901956, 0.0, 0.431828, -5e-06, 0.431828, 0.0, -0.901956, 0.000946, 0.0, 1.0, 0.0, 0.74954, 0.0, 0.0, 0.0, 1.0],
                [0.901956, 0.0, 0.431828, -5e-06, 0.431828, 0.0, -0.901956, 0.000946, 0.0, 1.0, 0.0, 0.749535, 0.0, 0.0, 0.0, 1.0],
                [0.901956, 0.0, 0.431828, -5e-06, 0.431828, 0.0, -0.901956, 0.000946, 0.0, 1.0, 0.0, 0.74954, 0.0, 0.0, 0.0, 1.0],
                [0.901956, 0.0, 0.431828, -5e-06, 0.431828, 0.0, -0.901956, 0.000946, 0.0, 1.0, 0.0, 0.749555, 0.0, 0.0, 0.0, 1.0],
                [0.901956, 0.0, 0.431828, -5e-06, 0.431828, 0.0, -0.901956, 0.000946, 0.0, 1.0, 0.0, 0.749579, 0.0, 0.0, 0.0, 1.0],
                [0.901956, 0.0, 0.431828, -5e-06, 0.431828, 0.0, -0.901956, 0.000946, 0.0, 1.0, 0.0, 0.749614, 0.0, 0.0, 0.0, 1.0],
                [0.901956, 0.0, 0.431828, -5e-06, 0.431828, 0.0, -0.901956, 0.000946, 0.0, 1.0, 0.0, 0.749659, 0.0, 0.0, 0.0, 1.0],
                [0.901956, 0.0, 0.431828, -5e-06, 0.431828, 0.0, -0.901956, 0.000946, 0.0, 1.0, 0.0, 0.749714, 0.0, 0.0, 0.0, 1.0],
                [0.901956, 0.0, 0.431828, -5e-06, 0.431828, 0.0, -0.901956, 0.000946, 0.0, 1.0, 0.0, 0.749779, 0.0, 0.0, 0.0, 1.0],
                [0.901956, 0.0, 0.431828, -5e-06, 0.431828, 0.0, -0.901956, 0.000946, 0.0, 1.0, 0.0, 0.749854, 0.0, 0.0, 0.0, 1.0],
                [0.901956, 0.0, 0.431828, -5e-06, 0.431828, 0.0, -0.901956, 0.000946, 0.0, 1.0, 0.0, 0.749939, 0.0, 0.0, 0.0, 1.0],
                [0.901956, 0.0, 0.431828, -5e-06, 0.431828, 0.0, -0.901956, 0.000946, 0.0, 1.0, 0.0, 0.750034, 0.0, 0.0, 0.0, 1.0],
                [0.901956, 0.0, 0.431828, -5e-06, 0.431828, 0.0, -0.901956, 0.000946, 0.0, 1.0, 0.0, 0.750139, 0.0, 0.0, 0.0, 1.0],
                [0.901956, 0.0, 0.431828, -5e-06, 0.431828, 0.0, -0.901956, 0.000946, 0.0, 1.0, 0.0, 0.750254, 0.0, 0.0, 0.0, 1.0],
                [0.901956, 0.0, 0.431828, -5e-06, 0.431828, 0.0, -0.901956, 0.000946, 0.0, 1.0, 0.0, 0.750378, 0.0, 0.0, 0.0, 1.0],
                [0.901956, 0.0, 0.431828, -5e-06, 0.431828, 0.0, -0.901956, 0.000946, 0.0, 1.0, 0.0, 0.750511, 0.0, 0.0, 0.0, 1.0],
                [0.901956, 0.0, 0.431828, -5e-06, 0.431828, 0.0, -0.901956, 0.000946, 0.0, 1.0, 0.0, 0.750653, 0.0, 0.0, 0.0, 1.0],
                [0.901956, 0.0, 0.431828, -5e-06, 0.431828, 0.0, -0.901956, 0.000946, 0.0, 1.0, 0.0, 0.750804, 0.0, 0.0, 0.0, 1.0],
                [0.901956, 0.0, 0.431828, -5e-06, 0.431828, 0.0, -0.901956, 0.000946, 0.0, 1.0, 0.0, 0.750964, 0.0, 0.0, 0.0, 1.0],
                [0.901956, 0.0, 0.431828, -5e-06, 0.431828, 0.0, -0.901956, 0.000946, 0.0, 1.0, 0.0, 0.751131, 0.0, 0.0, 0.0, 1.0],
                [0.901956, 0.0, 0.431828, -5e-06, 0.431828, 0.0, -0.901956, 0.000946, 0.0, 1.0, 0.0, 0.751306, 0.0, 0.0, 0.0, 1.0],
                [0.901956, 0.0, 0.431828, -5e-06, 0.431828, 0.0, -0.901956, 0.000946, 0.0, 1.0, 0.0, 0.751488, 0.0, 0.0, 0.0, 1.0],
                [0.901956, 0.0, 0.431828, -5e-06, 0.431828, 0.0, -0.901956, 0.000946, 0.0, 1.0, 0.0, 0.751677, 0.0, 0.0, 0.0, 1.0],
                [0.901956, 0.0, 0.431828, -5e-06, 0.431828, 0.0, -0.901956, 0.000946, 0.0, 1.0, 0.0, 0.751872, 0.0, 0.0, 0.0, 1.0],
                [0.901956, 0.0, 0.431828, -5e-06, 0.431828, 0.0, -0.901956, 0.000946, 0.0, 1.0, 0.0, 0.752073, 0.0, 0.0, 0.0, 1.0],
                [0.901956, 0.0, 0.431828, -5e-06, 0.431828, 0.0, -0.901956, 0.000946, 0.0, 1.0, 0.0, 0.752278, 0.0, 0.0, 0.0, 1.0],
                [0.901956, 0.0, 0.431828, -5e-06, 0.431828, 0.0, -0.901956, 0.000946, 0.0, 1.0, 0.0, 0.752488, 0.0, 0.0, 0.0, 1.0],
                [0.901956, 0.0, 0.431828, -5e-06, 0.431828, 0.0, -0.901956, 0.000946, 0.0, 1.0, 0.0, 0.752702, 0.0, 0.0, 0.0, 1.0],
                [0.901956, 0.0, 0.431828, -5e-06, 0.431828, 0.0, -0.901956, 0.000946, 0.0, 1.0, 0.0, 0.752918, 0.0, 0.0, 0.0, 1.0],
                [0.901956, 0.0, 0.431828, -5e-06, 0.431828, 0.0, -0.901956, 0.000946, 0.0, 1.0, 0.0, 0.753137, 0.0, 0.0, 0.0, 1.0],
                [0.901956, 0.0, 0.431828, -5e-06, 0.431828, 0.0, -0.901956, 0.000946, 0.0, 1.0, 0.0, 0.753357, 0.0, 0.0, 0.0, 1.0],
                [0.901956, 0.0, 0.431828, -5e-06, 0.431828, 0.0, -0.901956, 0.000946, 0.0, 1.0, 0.0, 0.753578, 0.0, 0.0, 0.0, 1.0],
                [0.901956, 0.0, 0.431828, -5e-06, 0.431828, 0.0, -0.901956, 0.000946, 0.0, 1.0, 0.0, 0.753799, 0.0, 0.0, 0.0, 1.0],
                [0.901956, 0.0, 0.431828, -5e-06, 0.431828, 0.0, -0.901956, 0.000946, 0.0, 1.0, 0.0, 0.754019, 0.0, 0.0, 0.0, 1.0],
                [0.901956, 0.0, 0.431828, -5e-06, 0.431828, 0.0, -0.901956, 0.000946, 0.0, 1.0, 0.0, 0.754238, 0.0, 0.0, 0.0, 1.0],
                [0.901956, 0.0, 0.431828, -5e-06, 0.431828, 0.0, -0.901956, 0.000946, 0.0, 1.0, 0.0, 0.754454, 0.0, 0.0, 0.0, 1.0],
                [0.901956, 0.0, 0.431828, -5e-06, 0.431828, 0.0, -0.901956, 0.000946, 0.0, 1.0, 0.0, 0.754668, 0.0, 0.0, 0.0, 1.0],
                [0.901956, 0.0, 0.431828, -5e-06, 0.431828, 0.0, -0.901956, 0.000946, 0.0, 1.0, 0.0, 0.754878, 0.0, 0.0, 0.0, 1.0],
                [0.901956, 0.0, 0.431828, -5e-06, 0.431828, 0.0, -0.901956, 0.000946, 0.0, 1.0, 0.0, 0.755084, 0.0, 0.0, 0.0, 1.0],
                [0.901956, 0.0, 0.431828, -5e-06, 0.431828, 0.0, -0.901956, 0.000946, 0.0, 1.0, 0.0, 0.755284, 0.0, 0.0, 0.0, 1.0],
                [0.901956, 0.0, 0.431828, -5e-06, 0.431828, 0.0, -0.901956, 0.000946, 0.0, 1.0, 0.0, 0.755479, 0.0, 0.0, 0.0, 1.0],
                [0.901956, 0.0, 0.431828, -5e-06, 0.431828, 0.0, -0.901956, 0.000946, 0.0, 1.0, 0.0, 0.755668, 0.0, 0.0, 0.0, 1.0],
                [0.901956, 0.0, 0.431828, -5e-06, 0.431828, 0.0, -0.901956, 0.000946, 0.0, 1.0, 0.0, 0.75585, 0.0, 0.0, 0.0, 1.0],
                [0.901956, 0.0, 0.431828, -5e-06, 0.431828, 0.0, -0.901956, 0.000946, 0.0, 1.0, 0.0, 0.756025, 0.0, 0.0, 0.0, 1.0],
                [0.901956, 0.0, 0.431828, -5e-06, 0.431828, 0.0, -0.901956, 0.000946, 0.0, 1.0, 0.0, 0.756193, 0.0, 0.0, 0.0, 1.0],
                [0.901956, 0.0, 0.431828, -5e-06, 0.431828, 0.0, -0.901956, 0.000946, 0.0, 1.0, 0.0, 0.756352, 0.0, 0.0, 0.0, 1.0],
                [0.901956, 0.0, 0.431828, -5e-06, 0.431828, 0.0, -0.901956, 0.000946, 0.0, 1.0, 0.0, 0.756503, 0.0, 0.0, 0.0, 1.0],
                [0.901956, 0.0, 0.431828, -5e-06, 0.431828, 0.0, -0.901956, 0.000946, 0.0, 1.0, 0.0, 0.756645, 0.0, 0.0, 0.0, 1.0],
                [0.901956, 0.0, 0.431828, -5e-06, 0.431828, 0.0, -0.901956, 0.000946, 0.0, 1.0, 0.0, 0.756779, 0.0, 0.0, 0.0, 1.0],
                [0.901956, 0.0, 0.431828, -5e-06, 0.431828, 0.0, -0.901956, 0.000946, 0.0, 1.0, 0.0, 0.756903, 0.0, 0.0, 0.0, 1.0],
                [0.901956, 0.0, 0.431828, -5e-06, 0.431828, 0.0, -0.901956, 0.000946, 0.0, 1.0, 0.0, 0.757017, 0.0, 0.0, 0.0, 1.0],
                [0.901956, 0.0, 0.431828, -5e-06, 0.431828, 0.0, -0.901956, 0.000946, 0.0, 1.0, 0.0, 0.757122, 0.0, 0.0, 0.0, 1.0],
                [0.901956, 0.0, 0.431828, -5e-06, 0.431828, 0.0, -0.901956, 0.000946, 0.0, 1.0, 0.0, 0.757217, 0.0, 0.0, 0.0, 1.0],
                [0.901956, 0.0, 0.431828, -5e-06, 0.431828, 0.0, -0.901956, 0.000946, 0.0, 1.0, 0.0, 0.757302, 0.0, 0.0, 0.0, 1.0],
                [0.901956, 0.0, 0.431828, -5e-06, 0.431828, 0.0, -0.901956, 0.000946, 0.0, 1.0, 0.0, 0.757377, 0.0, 0.0, 0.0, 1.0],
                [0.901956, 0.0, 0.431828, -5e-06, 0.431828, 0.0, -0.901956, 0.000946, 0.0, 1.0, 0.0, 0.757442, 0.0, 0.0, 0.0, 1.0],
                [0.901956, 0.0, 0.431828, -5e-06, 0.431828, 0.0, -0.901956, 0.000946, 0.0, 1.0, 0.0, 0.757497, 0.0, 0.0, 0.0, 1.0],
                [0.901956, 0.0, 0.431828, -5e-06, 0.431828, 0.0, -0.901956, 0.000946, 0.0, 1.0, 0.0, 0.757542, 0.0, 0.0, 0.0, 1.0],
                [0.901956, 0.0, 0.431828, -5e-06, 0.431828, 0.0, -0.901956, 0.000946, 0.0, 1.0, 0.0, 0.757577, 0.0, 0.0, 0.0, 1.0],
                [0.901956, 0.0, 0.431828, -5e-06, 0.431828, 0.0, -0.901956, 0.000946, 0.0, 1.0, 0.0, 0.757602, 0.0, 0.0, 0.0, 1.0],
                [0.901956, 0.0, 0.431828, -5e-06, 0.431828, 0.0, -0.901956, 0.000946, 0.0, 1.0, 0.0, 0.757616, 0.0, 0.0, 0.0, 1.0],
                [0.901956, 0.0, 0.431828, -5e-06, 0.431828, 0.0, -0.901956, 0.000946, 0.0, 1.0, 0.0, 0.757621, 0.0, 0.0, 0.0, 1.0]
            ]
        },
        {
            "name": "Thigh_R",
            "time": [0.0, 0.0167, 0.0333, 0.05, 0.0667, 0.0833, 0.1, 0.1167, 0.1333, 0.15, 0.1667, 0.1833, 0.2, 0.2167, 0.2333, 0.25, 0.2667, 0.2833, 0.3, 0.3167, 0.3333, 0.35, 0.3667, 0.3833, 0.4, 0.4167, 0.4333, 0.45, 0.4667, 0.4833, 0.5, 0.5167, 0.5333, 0.55, 0.5667, 0.5833, 0.6, 0.6167, 0.6333, 0.65, 0.6667, 0.6833, 0.7, 0.7167, 0.7333, 0.75, 0.7667, 0.7833, 0.8, 0.8167, 0.8333, 0.85, 0.8667, 0.8833, 0.9, 0.9167, 0.9333, 0.95, 0.9667, 0.9833, 1.0, 1.0167, 1.0333, 1.05, 1.0667, 1.0833, 1.1, 1.1167, 1.1333, 1.15, 1.1667, 1.1833, 1.2, 1.2167, 1.2333, 1.25, 1.2667, 1.2833, 1.3, 1.3167, 1.3333, 1.35, 1.3667, 1.3833, 1.4, 1.4167, 1.4333, 1.45, 1.4667, 1.4833, 1.5, 1.5167, 1.5333, 1.55, 1.5667, 1.5833, 1.6, 1.6167, 1.6333, 1.65, 1.6667, 1.6833, 1.7, 1.7167, 1.7333, 1.75, 1.7667, 1.7833, 1.8, 1.8167, 1.8333, 1.85, 1.8667, 1.8833, 1.9, 1.9167, 1.9333, 1.95, 1.9667, 1.9833, 2.0],
            "transform": [
                [0.994115, 0.092701, -0.056047, 0.124994, 0.09895, -0.987641, 0.12155, -0.002831, -0.044087, -0.126381, -0.991002, -1.2e-05, 0.0, 0.0, 0.0, 1.0],
                [0.994115, 0.092699, -0.056058, 0.124994, 0.098955, -0.987626, 0.121665, -0.002831, -0.044086, -0.126496, -0.990987, -1.2e-05, 0.0, 0.0, 0.0, 1.0],
                [0.994113, 0.092694, -0.056089, 0.124994, 0.098969, -0.987583, 0.122, -0.002831, -0.044084, -0.126833, -0.990944, -1.2e-05, 0.0, 0.0, 0.0, 1.0],
                [0.994111, 0.092686, -0.05614, 0.124994, 0.098992, -0.987511, 0.122561, -0.002831, -0.044079, -0.127397, -0.990872, -1.2e-05, 0.0, 0.0, 0.0, 1.0],
                [0.994108, 0.092673, -0.056222, 0.124994, 0.099029, -0.987398, 0.123446, -0.002831, -0.044073, -0.128286, -0.990757, -1.2e-05, 0.0, 0.0, 0.0, 1.0],
                [0.994104, 0.092658, -0.056314, 0.124994, 0.099071, -0.987267, 0.124455, -0.002831, -0.044065, -0.129301, -0.990626, -1.2e-05, 0.0, 0.0, 0.0, 1.0],
                [0.994099, 0.092641, -0.056426, 0.124994, 0.099122, -0.987108, 0.12567, -0.002831, -0.044056, -0.130522, -0.990466, -1.2e-05, 0.0, 0.0, 0.0, 1.0],
                [0.994094, 0.09262, -0.056555, 0.124994, 0.099182, -0.986922, 0.127076, -0.002831, -0.044045, -0.131935, -0.990279, -1.2e-05, 0.0, 0.0, 0.0, 1.0],
                [0.994088, 0.092598, -0.056699, 0.124994, 0.099249, -0.98671, 0.128657, -0.002831, -0.044033, -0.133524, -0.990067, -1.2e-05, 0.0, 0.0, 0.0, 1.0],
                [0.994081, 0.092574, -0.056855, 0.124994, 0.099321, -0.98648, 0.130353, -0.002831, -0.044019, -0.135229, -0.989836, -1.2e-05, 0.0, 0.0, 0.0, 1.0],
                [0.994073, 0.092545, -0.057036, 0.124994, 0.099405, -0.986208, 0.13233, -0.002831, -0.044003, -0.137215, -0.989563, -1.2e-05, 0.0, 0.0, 0.0, 1.0],
                [0.994065, 0.092515, -0.057221, 0.124994, 0.099492, -0.985926, 0.134356, -0.002831, -0.043986, -0.139252, -0.98928, -1.2e-05, 0.0, 0.0, 0.0, 1.0],
                [0.994057, 0.092484, -0.057418, 0.124994, 0.099584, -0.985621, 0.136504, -0.002831, -0.043968, -0.141411, -0.988974, -1.2e-05, 0.0, 0.0, 0.0, 1.0],
                [0.994048, 0.092453, -0.057621, 0.124994, 0.099681, -0.9853, 0.138736, -0.002831, -0.043948, -0.143655, -0.988651, -1.2e-05, 0.0, 0.0, 0.0, 1.0],
                [0.994039, 0.092418, -0.057841, 0.124994, 0.099785, -0.984948, 0.14114, -0.002831, -0.043927, -0.14607, -0.988298, -1.2e-05, 0.0, 0.0, 0.0, 1.0],
                [0.994029, 0.092383, -0.058062, 0.124994, 0.099891, -0.984587, 0.143563, -0.002831, -0.043904, -0.148505, -0.987936, -1.2e-05, 0.0, 0.0, 0.0, 1.0],
                [0.994019, 0.092347, -0.058289, 0.124994, 0.1, -0.984209, 0.146054, -0.002831, -0.043881, -0.151009, -0.987558, -1.2e-05, 0.0, 0.0, 0.0, 1.0],
                [0.994009, 0.092311, -0.058521, 0.124994, 0.100113, -0.983816, 0.148605, -0.002831, -0.043856, -0.153573, -0.987163, -1.2e-05, 0.0, 0.0, 0.0, 1.0],
                [0.993998, 0.092273, -0.058761, 0.124994, 0.10023, -0.983402, 0.151241, -0.002831, -0.043831, -0.156223, -0.986749, -1.2e-05, 0.0, 0.0, 0.0, 1.0],
                [0.993987, 0.092236, -0.059, 0.124994, 0.100347, -0.982983, 0.153865, -0.002831, -0.043804, -0.158861, -0.986329, -1.2e-05, 0.0, 0.0, 0.0, 1.0],
                [0.993977, 0.092198, -0.059241, 0.124994, 0.100467, -0.982552, 0.156518, -0.002831, -0.043777, -0.161527, -0.985897, -1.2e-05, 0.0, 0.0, 0.0, 1.0],
                [0.993966, 0.09216, -0.059484, 0.124994, 0.100587, -0.98211, 0.159189, -0.002831, -0.043749, -0.164212, -0.985454, -1.2e-05, 0.0, 0.0, 0.0, 1.0],
                [0.993954, 0.092122, -0.059726, 0.124994, 0.100709, -0.981662, 0.161854, -0.002831, -0.04372, -0.16689, -0.985006, -1.2e-05, 0.0, 0.0, 0.0, 1.0],
                [0.993943, 0.092083, -0.059974, 0.124994, 0.100834, -0.981193, 0.164595, -0.002831, -0.04369, -0.169646, -0.984536, -1.2e-05, 0.0, 0.0, 0.0, 1.0],
                [0.993932, 0.092046, -0.060216, 0.124994, 0.100956, -0.98073, 0.167259, -0.002831, -0.04366, -0.172324, -0.984072, -1.2e-05, 0.0, 0.0, 0.0, 1.0],
                [0.993921, 0.092008, -0.060456, 0.124994, 0.101079, -0.980262, 0.16991, -0.002831, -0.04363, -0.174988, -0.983603, -1.2e-05, 0.0, 0.0, 0.0, 1.0],
                [0.99391, 0.091971, -0.060694, 0.124994, 0.101201, -0.979789, 0.172542, -0.002831, -0.043599, -0.177633, -0.98313, -1.2e-05, 0.0, 0.0, 0.0, 1.0],
                [0.993899, 0.091935, -0.06093, 0.124994, 0.101323, -0.979315, 0.175145, -0.002831, -0.043568, -0.18025, -0.982655, -1.2e-05, 0.0, 0.0, 0.0, 1.0],
                [0.993888, 0.091898, -0.061168, 0.124994, 0.101446, -0.978829, 0.177769, -0.002831, -0.043536, -0.182888, -0.982169, -1.2e-05, 0.0, 0.0, 0.0, 1.0],
                [0.993877, 0.091862, -0.061395, 0.124994, 0.101565, -0.978356, 0.180286, -0.002831, -0.043505, -0.185418, -0.981696, -1.2e-05, 0.0, 0.0, 0.0, 1.0],
                [0.993866, 0.091828, -0.061618, 0.124994, 0.101682, -0.977885, 0.182758, -0.002831, -0.043474, -0.187903, -0.981225, -1.2e-05, 0.0, 0.0, 0.0, 1.0],
                [0.993856, 0.091795, -0.061837, 0.124994, 0.101798, -0.977418, 0.18518, -0.002831, -0.043442, -0.190337, -0.980757, -1.2e-05, 0.0, 0.0, 0.0, 1.0],
                [0.993846, 0.091762, -0.062051, 0.124994, 0.101912, -0.976954, 0.187547, -0.002831, -0.043411, -0.192717, -0.980294, -1.2e-05, 0.0, 0.0, 0.0, 1.0],
                [0.993835, 0.09173, -0.062259, 0.124994, 0.102023, -0.976497, 0.189852, -0.002831, -0.043381, -0.195033, -0.979837, -1.2e-05, 0.0, 0.0, 0.0, 1.0],
                [0.993826, 0.091699, -0.062461, 0.124994, 0.102131, -0.976048, 0.192093, -0.002831, -0.04335, -0.197286, -0.979387, -1.2e-05, 0.0, 0.0, 0.0, 1.0],
                [0.993816, 0.091667, -0.062663, 0.124994, 0.10224, -0.975593, 0.194331, -0.002831, -0.04332, -0.199536, -0.978932, -1.2e-05, 0.0, 0.0, 0.0, 1.0],
                [0.993806, 0.091639, -0.062852, 0.124994, 0.102342, -0.975164, 0.196421, -0.002831, -0.043291, -0.201637, -0.978503, -1.2e-05, 0.0, 0.0, 0.0, 1.0],
                [0.993798, 0.091611, -0.063034, 0.124994, 0.102441, -0.974745, 0.198437, -0.002831, -0.043263, -0.203663, -0.978085, -1.2e-05, 0.0, 0.0, 0.0, 1.0],
                [0.993789, 0.091585, -0.063208, 0.124994, 0.102537, -0.974339, 0.200375, -0.002831, -0.043235, -0.205612, -0.977678, -1.2e-05, 0.0, 0.0, 0.0, 1.0],
                [0.993781, 0.091559, -0.063376, 0.124994, 0.102629, -0.973945, 0.202233, -0.002831, -0.043208, -0.20748, -0.977285, -1.2e-05, 0.0, 0.0, 0.0, 1.0],
                [0.993773, 0.091535, -0.063536, 0.124994, 0.102717, -0.973565, 0.20401, -0.002831, -0.043182, -0.209266, -0.976905, -1.2e-05, 0.0, 0.0, 0.0, 1.0],
                [0.993765, 0.091512, -0.063688, 0.124994, 0.102801, -0.9732, 0.205702, -0.002831, -0.043157, -0.210966, -0.97654, -1.2e-05, 0.0, 0.0, 0.0, 1.0],
                [0.993758, 0.09149, -0.063833, 0.124994, 0.102882, -0.972851, 0.207308, -0.002831, -0.043133, -0.212581, -0.976191, -1.2e-05, 0.0, 0.0, 0.0, 1.0],
                [0.993751, 0.09147, -0.06397, 0.124994, 0.102958, -0.972517, 0.208829, -0.002831, -0.04311, -0.21411, -0.975858, -1.2e-05, 0.0, 0.0, 0.0, 1.0],
                [0.993744, 0.09145, -0.064099, 0.124994, 0.10303, -0.972201, 0.21026, -0.002831, -0.043089, -0.215549, -0.975542, -1.2e-05, 0.0, 0.0, 0.0, 1.0],
                [0.993738, 0.091432, -0.064219, 0.124994, 0.103098, -0.971904, 0.211595, -0.002831, -0.043068, -0.21689, -0.975245, -1.2e-05, 0.0, 0.0, 0.0, 1.0],
                [0.993732, 0.091413, -0.06434, 0.124994, 0.103164, -0.971604, 0.212937, -0.002831, -0.043048, -0.218239, -0.974945, -1.2e-05, 0.0, 0.0, 0.0, 1.0],
                [0.993727, 0.091398, -0.064444, 0.124994, 0.103223, -0.971343, 0.214096, -0.002831, -0.04303, -0.219405, -0.974684, -1.2e-05, 0.0, 0.0, 0.0, 1.0],
                [0.993722, 0.091383, -0.064541, 0.124994, 0.103278, -0.971101, 0.215167, -0.002831, -0.043013, -0.220482, -0.974442, -1.2e-05, 0.0, 0.0, 0.0, 1.0],
                [0.993717, 0.09137, -0.064629, 0.124994, 0.103328, -0.970877, 0.216149, -0.002831, -0.042997, -0.221469, -0.974219, -1.2e-05, 0.0, 0.0, 0.0, 1.0],
                [0.993713, 0.091358, -0.06471, 0.124994, 0.103373, -0.970673, 0.217044, -0.002831, -0.042983, -0.222368, -0.974015, -1.2e-05, 0.0, 0.0, 0.0, 1.0],
                [0.993709, 0.091347, -0.064782, 0.124994, 0.103415, -0.970488, 0.21785, -0.002831, -0.04297, -0.223179, -0.97383, -1.2e-05, 0.0, 0.0, 0.0, 1.0],
                [0.993706, 0.091338, -0.064847, 0.124994, 0.103451, -0.970323, 0.218567, -0.002831, -0.042959, -0.2239, -0.973665, -1.2e-05, 0.0, 0.0, 0.0, 1.0],
                [0.993703, 0.091329, -0.064903, 0.124994, 0.103484, -0.970177, 0.219198, -0.002831, -0.042949, -0.224534, -0.973519, -1.2e-05, 0.0, 0.0, 0.0, 1.0],
                [0.993701, 0.091322, -0.064953, 0.124994, 0.103512, -0.970051, 0.219743, -0.002831, -0.04294, -0.225082, -0.973393, -1.2e-05, 0.0, 0.0, 0.0, 1.0],
                [0.993698, 0.091316, -0.064994, 0.124994, 0.103535, -0.969944, 0.220201, -0.002831, -0.042933, -0.225543, -0.973287, -1.2e-05, 0.0, 0.0, 0.0, 1.0],
                [0.993697, 0.091311, -0.065027, 0.124994, 0.103555, -0.969857, 0.220574, -0.002831, -0.042927, -0.225918, -0.9732, -1.2e-05, 0.0, 0.0, 0.0, 1.0],
                [0.993695, 0.091307, -0.065054, 0.124994, 0.10357, -0.96979, 0.220864, -0.002831, -0.042922, -0.226209, -0.973132, -1.2e-05, 0.0, 0.0, 0.0, 1.0],
                [0.993694, 0.091304, -0.065072, 0.124994, 0.10358, -0.969742, 0.22107, -0.002831, -0.042918, -0.226416, -0.973085, -1.2e-05, 0.0, 0.0, 0.0, 1.0],
                [0.993694, 0.091303, -0.065083, 0.124994, 0.103587, -0.969713, 0.221192, -0.002831, -0.042917, -0.226539, -0.973056, -1.2e-05, 0.0, 0.0, 0.0, 1.0],
                [0.993694, 0.091302, -0.065087, 0.124994, 0.103589, -0.969703, 0.221234, -0.002831, -0.042916, -0.226581, -0.973046, -1.2e-05, 0.0, 0.0, 0.0, 1.0],
                [0.993694, 0.091303, -0.065083, 0.124994, 0.103587, -0.969713, 0.221192, -0.002831, -0.042917, -0.226539, -0.973056, -1.2e-05, 0.0, 0.0, 0.0, 1.0],
                [0.993694, 0.091304, -0.065072, 0.124994, 0.10358, -0.969742, 0.22107, -0.002831, -0.042918, -0.226416, -0.973085, -1.2e-05, 0.0, 0.0, 0.0, 1.0],
                [0.993695, 0.091307, -0.065054, 0.124994, 0.10357, -0.96979, 0.220864, -0.002831, -0.042922, -0.226209, -0.973132, -1.2e-05, 0.0, 0.0, 0.0, 1.0],
                [0.993697, 0.091311, -0.065027, 0.124994, 0.103555, -0.969857, 0.220574, -0.002831, -0.042927, -0.225918, -0.9732, -1.2e-05, 0.0, 0.0, 0.0, 1.0],
                [0.993698, 0.091316, -0.064994, 0.124994, 0.103535, -0.969944, 0.220201, -0.002831, -0.042933, -0.225543, -0.973287, -1.2e-05, 0.0, 0.0, 0.0, 1.0],
                [0.993701, 0.091322, -0.064953, 0.124994, 0.103512, -0.970051, 0.219743, -0.002831, -0.04294, -0.225082, -0.973393, -1.2e-05, 0.0, 0.0, 0.0, 1.0],
                [0.993703, 0.091329, -0.064903, 0.124994, 0.103484, -0.970177, 0.219198, -0.002831, -0.042949, -0.224534, -0.973519, -1.2e-05, 0.0, 0.0, 0.0, 1.0],
                [0.993706, 0.091338, -0.064847, 0.124994, 0.103451, -0.970323, 0.218567, -0.002831, -0.042959, -0.2239, -0.973665, -1.2e-05, 0.0, 0.0, 0.0, 1.0],
                [0.993709, 0.091347, -0.064782, 0.124994, 0.103415, -0.970488, 0.21785, -0.002831, -0.04297, -0.223179, -0.97383, -1.2e-05, 0.0, 0.0, 0.0, 1.0],
                [0.993713, 0.091358, -0.06471, 0.124994, 0.103373, -0.970673, 0.217044, -0.002831, -0.042983, -0.222368, -0.974015, -1.2e-05, 0.0, 0.0, 0.0, 1.0],
                [0.993717, 0.09137, -0.064629, 0.124994, 0.103328, -0.970877, 0.216149, -0.002831, -0.042997, -0.221469, -0.974219, -1.2e-05, 0.0, 0.0, 0.0, 1.0],
                [0.993722, 0.091383, -0.064541, 0.124994, 0.103278, -0.971101, 0.215167, -0.002831, -0.043013, -0.220482, -0.974442, -1.2e-05, 0.0, 0.0, 0.0, 1.0],
                [0.993727, 0.091398, -0.064444, 0.124994, 0.103223, -0.971343, 0.214096, -0.002831, -0.04303, -0.219405, -0.974684, -1.2e-05, 0.0, 0.0, 0.0, 1.0],
                [0.993732, 0.091413, -0.06434, 0.124994, 0.103164, -0.971604, 0.212937, -0.002831, -0.043048, -0.218239, -0.974945, -1.2e-05, 0.0, 0.0, 0.0, 1.0],
                [0.993738, 0.091432, -0.064219, 0.124994, 0.103098, -0.971904, 0.211595, -0.002831, -0.043068, -0.21689, -0.975245, -1.2e-05, 0.0, 0.0, 0.0, 1.0],
                [0.993744, 0.09145, -0.064099, 0.124994, 0.10303, -0.972201, 0.21026, -0.002831, -0.043089, -0.215549, -0.975542, -1.2e-05, 0.0, 0.0, 0.0, 1.0],
                [0.993751, 0.09147, -0.06397, 0.124994, 0.102958, -0.972517, 0.208829, -0.002831, -0.04311, -0.21411, -0.975858, -1.2e-05, 0.0, 0.0, 0.0, 1.0],
                [0.993758, 0.09149, -0.063833, 0.124994, 0.102882, -0.972851, 0.207308, -0.002831, -0.043133, -0.212581, -0.976191, -1.2e-05, 0.0, 0.0, 0.0, 1.0],
                [0.993765, 0.091512, -0.063688, 0.124994, 0.102801, -0.9732, 0.205702, -0.002831, -0.043157, -0.210966, -0.97654, -1.2e-05, 0.0, 0.0, 0.0, 1.0],
                [0.993773, 0.091535, -0.063536, 0.124994, 0.102717, -0.973565, 0.20401, -0.002831, -0.043182, -0.209266, -0.976905, -1.2e-05, 0.0, 0.0, 0.0, 1.0],
                [0.993781, 0.091559, -0.063376, 0.124994, 0.102629, -0.973945, 0.202233, -0.002831, -0.043208, -0.20748, -0.977285, -1.2e-05, 0.0, 0.0, 0.0, 1.0],
                [0.993789, 0.091585, -0.063208, 0.124994, 0.102537, -0.974339, 0.200375, -0.002831, -0.043235, -0.205612, -0.977678, -1.2e-05, 0.0, 0.0, 0.0, 1.0],
                [0.993798, 0.091611, -0.063034, 0.124994, 0.102441, -0.974745, 0.198437, -0.002831, -0.043263, -0.203663, -0.978085, -1.2e-05, 0.0, 0.0, 0.0, 1.0],
                [0.993806, 0.091639, -0.062852, 0.124994, 0.102342, -0.975164, 0.196421, -0.002831, -0.043291, -0.201637, -0.978503, -1.2e-05, 0.0, 0.0, 0.0, 1.0],
                [0.993816, 0.091667, -0.062663, 0.124994, 0.10224, -0.975593, 0.194331, -0.002831, -0.04332, -0.199536, -0.978932, -1.2e-05, 0.0, 0.0, 0.0, 1.0],
                [0.993826, 0.091699, -0.062461, 0.124994, 0.102131, -0.976048, 0.192093, -0.002831, -0.04335, -0.197286, -0.979387, -1.2e-05, 0.0, 0.0, 0.0, 1.0],
                [0.993835, 0.09173, -0.062259, 0.124994, 0.102023, -0.976497, 0.189852, -0.002831, -0.043381, -0.195033, -0.979837, -1.2e-05, 0.0, 0.0, 0.0, 1.0],
                [0.993846, 0.091762, -0.062051, 0.124994, 0.101912, -0.976954, 0.187547, -0.002831, -0.043411, -0.192717, -0.980294, -1.2e-05, 0.0, 0.0, 0.0, 1.0],
                [0.993856, 0.091795, -0.061837, 0.124994, 0.101798, -0.977418, 0.18518, -0.002831, -0.043442, -0.190337, -0.980757, -1.2e-05, 0.0, 0.0, 0.0, 1.0],
                [0.993866, 0.091828, -0.061618, 0.124994, 0.101682, -0.977885, 0.182758, -0.002831, -0.043474, -0.187903, -0.981225, -1.2e-05, 0.0, 0.0, 0.0, 1.0],
                [0.993877, 0.091862, -0.061395, 0.124994, 0.101565, -0.978356, 0.180286, -0.002831, -0.043505, -0.185418, -0.981696, -1.2e-05, 0.0, 0.0, 0.0, 1.0],
                [0.993888, 0.091898, -0.061168, 0.124994, 0.101446, -0.978829, 0.177769, -0.002831, -0.043536, -0.182888, -0.982169, -1.2e-05, 0.0, 0.0, 0.0, 1.0],
                [0.993899, 0.091935, -0.06093, 0.124994, 0.101323, -0.979315, 0.175145, -0.002831, -0.043568, -0.18025, -0.982655, -1.2e-05, 0.0, 0.0, 0.0, 1.0],
                [0.99391, 0.091971, -0.060694, 0.124994, 0.101201, -0.979789, 0.172542, -0.002831, -0.043599, -0.177633, -0.98313, -1.2e-05, 0.0, 0.0, 0.0, 1.0],
                [0.993921, 0.092008, -0.060456, 0.124994, 0.101079, -0.980262, 0.16991, -0.002831, -0.04363, -0.174988, -0.983603, -1.2e-05, 0.0, 0.0, 0.0, 1.0],
                [0.993932, 0.092046, -0.060216, 0.124994, 0.100956, -0.98073, 0.167259, -0.002831, -0.04366, -0.172324, -0.984072, -1.2e-05, 0.0, 0.0, 0.0, 1.0],
                [0.993943, 0.092083, -0.059974, 0.124994, 0.100834, -0.981193, 0.164595, -0.002831, -0.04369, -0.169646, -0.984536, -1.2e-05, 0.0, 0.0, 0.0, 1.0],
                [0.993954, 0.092122, -0.059726, 0.124994, 0.100709, -0.981662, 0.161854, -0.002831, -0.04372, -0.16689, -0.985006, -1.2e-05, 0.0, 0.0, 0.0, 1.0],
                [0.993966, 0.09216, -0.059484, 0.124994, 0.100587, -0.98211, 0.159189, -0.002831, -0.043749, -0.164212, -0.985454, -1.2e-05, 0.0, 0.0, 0.0, 1.0],
                [0.993977, 0.092198, -0.059241, 0.124994, 0.100467, -0.982552, 0.156518, -0.002831, -0.043777, -0.161527, -0.985897, -1.2e-05, 0.0, 0.0, 0.0, 1.0],
                [0.993987, 0.092236, -0.059, 0.124994, 0.100347, -0.982983, 0.153865, -0.002831, -0.043804, -0.158861, -0.986329, -1.2e-05, 0.0, 0.0, 0.0, 1.0],
                [0.993998, 0.092273, -0.058761, 0.124994, 0.10023, -0.983402, 0.151241, -0.002831, -0.043831, -0.156223, -0.986749, -1.2e-05, 0.0, 0.0, 0.0, 1.0],
                [0.994009, 0.092311, -0.058521, 0.124994, 0.100113, -0.983816, 0.148605, -0.002831, -0.043856, -0.153573, -0.987163, -1.2e-05, 0.0, 0.0, 0.0, 1.0],
                [0.994019, 0.092347, -0.058289, 0.124994, 0.1, -0.984209, 0.146054, -0.002831, -0.043881, -0.151009, -0.987558, -1.2e-05, 0.0, 0.0, 0.0, 1.0],
                [0.994029, 0.092383, -0.058062, 0.124994, 0.099891, -0.984587, 0.143563, -0.002831, -0.043904, -0.148505, -0.987936, -1.2e-05, 0.0, 0.0, 0.0, 1.0],
                [0.994039, 0.092418, -0.057841, 0.124994, 0.099785, -0.984948, 0.14114, -0.002831, -0.043927, -0.14607, -0.988298, -1.2e-05, 0.0, 0.0, 0.0, 1.0],
                [0.994048, 0.092453, -0.057621, 0.124994, 0.099681, -0.9853, 0.138736, -0.002831, -0.043948, -0.143655, -0.988651, -1.2e-05, 0.0, 0.0, 0.0, 1.0],
                [0.994057, 0.092484, -0.057418, 0.124994, 0.099584, -0.985621, 0.136504, -0.002831, -0.043968, -0.141411, -0.988974, -1.2e-05, 0.0, 0.0, 0.0, 1.0],
                [0.994065, 0.092515, -0.057221, 0.124994, 0.099492, -0.985926, 0.134356, -0.002831, -0.043986, -0.139252, -0.98928, -1.2e-05, 0.0, 0.0, 0.0, 1.0],
                [0.994073, 0.092545, -0.057036, 0.124994, 0.099405, -0.986208, 0.13233, -0.002831, -0.044003, -0.137215, -0.989563, -1.2e-05, 0.0, 0.0, 0.0, 1.0],
                [0.994081, 0.092574, -0.056855, 0.124994, 0.099321, -0.98648, 0.130353, -0.002831, -0.044019, -0.135229, -0.989836, -1.2e-05, 0.0, 0.0, 0.0, 1.0],
                [0.994088, 0.092598, -0.056699, 0.124994, 0.099249, -0.98671, 0.128657, -0.002831, -0.044033, -0.133524, -0.990067, -1.2e-05, 0.0, 0.0, 0.0, 1.0],
                [0.994094, 0.09262, -0.056555, 0.124994, 0.099182, -0.986922, 0.127076, -0.002831, -0.044045, -0.131935, -0.990279, -1.2e-05, 0.0, 0.0, 0.0, 1.0],
                [0.994099, 0.092641, -0.056426, 0.124994, 0.099122, -0.987108, 0.12567, -0.002831, -0.044056, -0.130522, -0.990466, -1.2e-05, 0.0, 0.0, 0.0, 1.0],
                [0.994104, 0.092658, -0.056314, 0.124994, 0.099071, -0.987267, 0.124455, -0.002831, -0.044065, -0.129301, -0.990626, -1.2e-05, 0.0, 0.0, 0.0, 1.0],
                [0.994108, 0.092673, -0.056222, 0.124994, 0.099029, -0.987398, 0.123446, -0.002831, -0.044073, -0.128286, -0.990757, -1.2e-05, 0.0, 0.0, 0.0, 1.0],
                [0.994111, 0.092686, -0.05614, 0.124994, 0.098992, -0.987511, 0.122561, -0.002831, -0.044079, -0.127397, -0.990872, -1.2e-05, 0.0, 0.0, 0.0, 1.0],
                [0.994113, 0.092694, -0.056089, 0.124994, 0.098969, -0.987583, 0.122, -0.002831, -0.044084, -0.126833, -0.990944, -1.2e-05, 0.0, 0.0, 0.0, 1.0],
                [0.994115, 0.092699, -0.056058, 0.124994, 0.098955, -0.987626, 0.121665, -0.002831, -0.044086, -0.126496, -0.990987, -1.2e-05, 0.0, 0.0, 0.0, 1.0],
                [0.994115, 0.092701, -0.056047, 0.124994, 0.09895, -0.987641, 0.12155, -0.002831, -0.044087, -0.126381, -0.991002, -1.2e-05, 0.0, 0.0, 0.0, 1.0]
            ]
        },
        {
            "name": "Leg_R",
            "time": [0.0, 0.0167, 0.0333, 0.05, 0.0667, 0.0833, 0.1, 0.1167, 0.1333, 0.15, 0.1667, 0.1833, 0.2, 0.2167, 0.2333, 0.25, 0.2667, 0.2833, 0.3, 0.3167, 0.3333, 0.35, 0.3667, 0.3833, 0.4, 0.4167, 0.4333, 0.45, 0.4667, 0.4833, 0.5, 0.5167, 0.5333, 0.55, 0.5667, 0.5833, 0.6, 0.6167, 0.6333, 0.65, 0.6667, 0.6833, 0.7, 0.7167, 0.7333, 0.75, 0.7667, 0.7833, 0.8, 0.8167, 0.8333, 0.85, 0.8667, 0.8833, 0.9, 0.9167, 0.9333, 0.95, 0.9667, 0.9833, 1.0, 1.0167, 1.0333, 1.05, 1.0667, 1.0833, 1.1, 1.1167, 1.1333, 1.15, 1.1667, 1.1833, 1.2, 1.2167, 1.2333, 1.25, 1.2667, 1.2833, 1.3, 1.3167, 1.3333, 1.35, 1.3667, 1.3833, 1.4, 1.4167, 1.4333, 1.45, 1.4667, 1.4833, 1.5, 1.5167, 1.5333, 1.55, 1.5667, 1.5833, 1.6, 1.6167, 1.6333, 1.65, 1.6667, 1.6833, 1.7, 1.7167, 1.7333, 1.75, 1.7667, 1.7833, 1.8, 1.8167, 1.8333, 1.85, 1.8667, 1.8833, 1.9, 1.9167, 1.9333, 1.95, 1.9667, 1.9833, 2.0],
            "transform": [
                [0.999992, -0.004059, -0.000341, 0.0, 0.004072, 0.993813, 0.11099, 0.374721, -0.000112, -0.11099, 0.993821, 0.0, 0.0, 0.0, 0.0, 1.0],
                [0.999992, -0.004067, -0.000342, -0.0, 0.00408, 0.993787, 0.111219, 0.374721, -0.000113, -0.111219, 0.993796, -0.0, 0.0, 0.0, 0.0, 1.0],
                [0.999992, -0.004092, -0.000345, 0.0, 0.004105, 0.993712, 0.111891, 0.374721, -0.000115, -0.111892, 0.99372, -0.0, 0.0, 0.0, 0.0, 1.0],
                [0.999992, -0.004133, -0.000349, -0.0, 0.004146, 0.993585, 0.113015, 0.374721, -0.00012, -0.113015, 0.993593, -0.0, 0.0, 0.0, 0.0, 1.0],
                [0.999991, -0.004198, -0.000357, 0.0, 0.004211, 0.993381, 0.114787, 0.374721, -0.000127, -0.114788, 0.99339, -0.0, 0.0, 0.0, 0.0, 1.0],
                [0.999991, -0.004272, -0.000365, 0.0, 0.004285, 0.993145, 0.11681, 0.374721, -0.000136, -0.116811, 0.993154, 0.0, 0.0, 0.0, 0.0, 1.0],
                [0.999991, -0.004361, -0.000376, -0.0, 0.004374, 0.992855, 0.119243, 0.374721, -0.000147, -0.119244, 0.992865, -0.0, 0.0, 0.0, 0.0, 1.0],
                [0.99999, -0.004464, -0.000388, 0.0, 0.004478, 0.992513, 0.122057, 0.374721, -0.000159, -0.122058, 0.992523, 0.0, 0.0, 0.0, 0.0, 1.0],
                [0.99999, -0.004579, -0.000403, 0.0, 0.004594, 0.992118, 0.125223, 0.374721, -0.000174, -0.125223, 0.992129, 0.0, 0.0, 0.0, 0.0, 1.0],
