{
    "animation": [
        {
            "name": "Root",
            "time": [0.0, 0.0167, 0.0333, 0.05, 0.0667, 0.0833, 0.1, 0.1167, 0.1333, 0.15, 0.1667, 0.1833, 0.2, 0.2167, 0.2333, 0.25, 0.2667, 0.2833, 0.3, 0.3167, 0.3333, 0.35, 0.3667, 0.3833, 0.4, 0.4167, 0.4333, 0.45, 0.4667, 0.4833, 0.5, 0.5167, 0.5333, 0.55, 0.5667, 0.5833, 0.6, 0.6167, 0.6333, 0.65, 0.6667, 0.6833, 0.7, 0.7167, 0.7333, 0.75, 0.7667, 0.7833, 0.8, 0.8167, 0.8333, 0.85, 0.8667, 0.8833, 0.9, 0.9167, 0.9333, 0.95, 0.9667, 0.9833, 1.0, 1.0167, 1.0333, 1.05, 1.0667, 1.0833, 1.1, 1.1167, 1.1333, 1.15, 1.1667, 1.1833, 1.2],
            "transform": [
                [1.0, 0.0, -0.0, -5e-06, -0.0, 0.0, -1.0, 0.000946, 0.0, 1.0, 0.0, 0.757621, 0.0, 0.0, 0.0, 1.0],
                [1.0, 0.0, -0.0, -5e-06, -0.0, 0.0, -1.0, 0.000946, 0.0, 1.0, 0.0, 0.757739, 0.0, 0.0, 0.0, 1.0],
                [1.0, 0.0, -0.0, -5e-06, -0.0, 0.0, -1.0, 0.000946, 0.0, 1.0, 0.0, 0.758093, 0.0, 0.0, 0.0, 1.0],
                [1.0, 0.0, -0.0, -5e-06, -0.0, 0.0, -1.0, 0.000946, 0.0, 1.0, 0.0, 0.758661, 0.0, 0.0, 0.0, 1.0],
                [1.0, 0.0, -0.0, -5e-06, -0.0, 0.0, -1.0, 0.000946, 0.0, 1.0, 0.0, 0.759383, 0.0, 0.0, 0.0, 1.0],
                [1.0, 0.0, -0.0, -5e-06, -0.0, 0.0, -1.0, 0.000946, 0.0, 1.0, 0.0, 0.760163, 0.0, 0.0, 0.0, 1.0],
                [1.0, 0.0, -0.0, -5e-06, -0.0, 0.0, -1.0, 0.000946, 0.0, 1.0, 0.0, 0.760885, 0.0, 0.0, 0.0, 1.0],
                [1.0, 0.0, -0.0, -5e-06, -0.0, 0.0, -1.0, 0.000946, 0.0, 1.0, 0.0, 0.761453, 0.0, 0.0, 0.0, 1.0],
                [1.0, 0.0, -0.0, -5e-06, -0.0, 0.0, -1.0, 0.000946, 0.0, 1.0, 0.0, 0.761807, 0.0, 0.0, 0.0, 1.0],
                [1.0, 0.0, -0.0, -5e-06, -0.0, 0.0, -1.0, 0.000946, 0.0, 1.0, 0.0, 0.761925, 0.0, 0.0, 0.0, 1.0],
                [1.0, 0.0, -0.0, -5e-06, -0.0, 0.0, -1.0, 0.000946, 0.0, 1.0, 0.0, 0.761434, 0.0, 0.0, 0.0, 1.0],
                [1.0, 0.0, -0.0, -5e-06, -0.0, 0.0, -1.0, 0.000946, 0.0, 1.0, 0.0, 0.759889, 0.0, 0.0, 0.0, 1.0],
                [1.0, 0.0, -0.0, -5e-06, -0.0, 0.0, -1.0, 0.000946, 0.0, 1.0, 0.0, 0.757237, 0.0, 0.0, 0.0, 1.0],
                [1.0, 0.0, -0.0, -5e-06, -0.0, 0.0, -1.0, 0.000946, 0.0, 1.0, 0.0, 0.753545, 0.0, 0.0, 0.0, 1.0],
                [1.0, 0.0, -0.0, -5e-06, -0.0, 0.0, -1.0, 0.000946, 0.0, 1.0, 0.0, 0.749039, 0.0, 0.0, 0.0, 1.0],
                [1.0, 0.0, -0.0, -5e-06, -0.0, 0.0, -1.0, 0.000946, 0.0, 1.0, 0.0, 0.744069, 0.0, 0.0, 0.0, 1.0],
                [1.0, 0.0, -0.0, -5e-06, -0.0, 0.0, -1.0, 0.000946, 0.0, 1.0, 0.0, 0.739011, 0.0, 0.0, 0.0, 1.0],
                [1.0, 0.0, -0.0, -5e-06, -0.0, 0.0, -1.0, 0.000946, 0.0, 1.0, 0.0, 0.734163, 0.0, 0.0, 0.0, 1.0],
                [1.0, 0.0, -0.0, -5e-06, -0.0, 0.0, -1.0, 0.000946, 0.0, 1.0, 0.0, 0.729713, 0.0, 0.0, 0.0, 1.0],
                [1.0, 0.0, -0.0, -5e-06, -0.0, 0.0, -1.0, 0.000946, 0.0, 1.0, 0.0, 0.724949, 0.0, 0.0, 0.0, 1.0],
                [1.0, 0.0, -0.0, -5e-06, -0.0, 0.0, -1.0, 0.000946, 0.0, 1.0, 0.0, 0.71916, 0.0, 0.0, 0.0, 1.0],
                [1.0, 0.0, -0.0, -5e-06, -0.0, 0.0, -1.0, 0.000946, 0.0, 1.0, 0.0, 0.712589, 0.0, 0.0, 0.0, 1.0],
                [1.0, 0.0, -0.0, -5e-06, -0.0, 0.0, -1.0, 0.000946, 0.0, 1.0, 0.0, 0.705696, 0.0, 0.0, 0.0, 1.0],
                [1.0, 0.0, -0.0, -5e-06, -0.0, 0.0, -1.0, 0.000946, 0.0, 1.0, 0.0, 0.699114, 0.0, 0.0, 0.0, 1.0],
                [1.0, 0.0, -0.0, -5e-06, -0.0, 0.0, -1.0, 0.000946, 0.0, 1.0, 0.0, 0.693498, 0.0, 0.0, 0.0, 1.0],
                [1.0, 0.0, -0.0, -5e-06, -0.0, 0.0, -1.0, 0.000946, 0.0, 1.0, 0.0, 0.689334, 0.0, 0.0, 0.0, 1.0],
                [1.0, 0.0, -0.0, -5e-06, -0.0, 0.0, -1.0, 0.000946, 0.0, 1.0, 0.0, 0.686847, 0.0, 0.0, 0.0, 1.0],
                [1.0, 0.0, -0.0, -5e-06, -0.0, 0.0, -1.0, 0.000946, 0.0, 1.0, 0.0, 0.686043, 0.0, 0.0, 0.0, 1.0],
                [1.0, 0.0, -0.0, -5e-06, -0.0, 0.0, -1.0, 0.000946, 0.0, 1.0, 0.0, 0.688003, 0.0, 0.0, 0.0, 1.0],
                [1.0, 0.0, -0.0, -5e-06, -0.0, 0.0, -1.0, 0.000946, 0.0, 1.0, 0.0, 0.693886, 0.0, 0.0, 0.0, 1.0],
                [1.0, 0.0, -0.0, -5e-06, -0.0, 0.0, -1.0, 0.000946, 0.0, 1.0, 0.0, 0.703333, 0.0, 0.0, 0.0, 1.0],
                [1.0, 0.0, -0.0, -5e-06, -0.0, 0.0, -1.0, 0.000946, 0.0, 1.0, 0.0, 0.715349, 0.0, 0.0, 0.0, 1.0],
                [1.0, 0.0, -0.0, -5e-06, -0.0, 0.0, -1.0, 0.000946, 0.0, 1.0, 0.0, 0.728314, 0.0, 0.0, 0.0, 1.0],
                [1.0, 0.0, -0.0, -5e-06, -0.0, 0.0, -1.0, 0.000946, 0.0, 1.0, 0.0, 0.740331, 0.0, 0.0, 0.0, 1.0],
                [1.0, 0.0, -0.0, -5e-06, -0.0, 0.0, -1.0, 0.000946, 0.0, 1.0, 0.0, 0.749777, 0.0, 0.0, 0.0, 1.0],
                [1.0, 0.0, -0.0, -5e-06, -0.0, 0.0, -1.0, 0.000946, 0.0, 1.0, 0.0, 0.755661, 0.0, 0.0, 0.0, 1.0],
                [1.0, 0.0, -0.0, -5e-06, -0.0, 0.0, -1.0, 0.000946, 0.0, 1.0, 0.0, 0.757621, 0.0, 0.0, 0.0, 1.0],
                [1.0, 0.0, -0.0, -5e-06, -0.0, 0.0, -1.0, 0.000946, 0.0, 1.0, 0.0, 0.757096, 0.0, 0.0, 0.0, 1.0],
                [1.0, 0.0, -0.0, -5e-06, -0.0, 0.0, -1.0, 0.000946, 0.0, 1.0, 0.0, 0.755474, 0.0, 0.0, 0.0, 1.0],
                [1.0, 0.0, -0.0, -5e-06, -0.0, 0.0, -1.0, 0.000946, 0.0, 1.0, 0.0, 0.752764, 0.0, 0.0, 0.0, 1.0],
                [1.0, 0.0, -0.0, -5e-06, -0.0, 0.0, -1.0, 0.000946, 0.0, 1.0, 0.0, 0.74912, 0.0, 0.0, 0.0, 1.0],
                [1.0, 0.0, -0.0, -5e-06, -0.0, 0.0, -1.0, 0.000946, 0.0, 1.0, 0.0, 0.744867, 0.0, 0.0, 0.0, 1.0],
                [1.0, 0.0, -0.0, -5e-06, -0.0, 0.0, -1.0, 0.000946, 0.0, 1.0, 0.0, 0.740437, 0.0, 0.0, 0.0, 1.0],
                [1.0, 0.0, -0.0, -5e-06, -0.0, 0.0, -1.0, 0.000946, 0.0, 1.0, 0.0, 0.736244, 0.0, 0.0, 0.0, 1.0],
                [1.0, 0.0, -0.0, -5e-06, -0.0, 0.0, -1.0, 0.000946, 0.0, 1.0, 0.0, 0.732587, 0.0, 0.0, 0.0, 1.0],
                [1.0, 0.0, -0.0, -5e-06, -0.0, 0.0, -1.0, 0.000946, 0.0, 1.0, 0.0, 0.729622, 0.0, 0.0, 0.0, 1.0],
                [1.0, 0.0, -0.0, -5e-06, -0.0, 0.0, -1.0, 0.000946, 0.0, 1.0, 0.0, 0.726989, 0.0, 0.0, 0.0, 1.0],
                [1.0, 0.0, -0.0, -5e-06, -0.0, 0.0, -1.0, 0.000946, 0.0, 1.0, 0.0, 0.724316, 0.0, 0.0, 0.0, 1.0],
                [1.0, 0.0, -0.0, -5e-06, -0.0, 0.0, -1.0, 0.000946, 0.0, 1.0, 0.0, 0.721668, 0.0, 0.0, 0.0, 1.0],
                [1.0, 0.0, -0.0, -5e-06, -0.0, 0.0, -1.0, 0.000946, 0.0, 1.0, 0.0, 0.719138, 0.0, 0.0, 0.0, 1.0],
                [1.0, 0.0, -0.0, -5e-06, -0.0, 0.0, -1.0, 0.000946, 0.0, 1.0, 0.0, 0.716829, 0.0, 0.0, 0.0, 1.0],
                [1.0, 0.0, -0.0, -5e-06, -0.0, 0.0, -1.0, 0.000946, 0.0, 1.0, 0.0, 0.714826, 0.0, 0.0, 0.0, 1.0],
                [1.0, 0.0, -0.0, -5e-06, -0.0, 0.0, -1.0, 0.000946, 0.0, 1.0, 0.0, 0.713171, 0.0, 0.0, 0.0, 1.0],
                [1.0, 0.0, -0.0, -5e-06, -0.0, 0.0, -1.0, 0.000946, 0.0, 1.0, 0.0, 0.711861, 0.0, 0.0, 0.0, 1.0],
                [1.0, 0.0, -0.0, -5e-06, -0.0, 0.0, -1.0, 0.000946, 0.0, 1.0, 0.0, 0.710862, 0.0, 0.0, 0.0, 1.0],
                [1.0, 0.0, -0.0, -5e-06, -0.0, 0.0, -1.0, 0.000946, 0.0, 1.0, 0.0, 0.710052, 0.0, 0.0, 0.0, 1.0],
                [1.0, 0.0, -0.0, -5e-06, -0.0, 0.0, -1.0, 0.000946, 0.0, 1.0, 0.0, 0.709357, 0.0, 0.0, 0.0, 1.0],
                [1.0, 0.0, -0.0, -5e-06, -0.0, 0.0, -1.0, 0.000946, 0.0, 1.0, 0.0, 0.708794, 0.0, 0.0, 0.0, 1.0],
                [1.0, 0.0, -0.0, -5e-06, -0.0, 0.0, -1.0, 0.000946, 0.0, 1.0, 0.0, 0.708377, 0.0, 0.0, 0.0, 1.0],
                [1.0, 0.0, -0.0, -5e-06, -0.0, 0.0, -1.0, 0.000946, 0.0, 1.0, 0.0, 0.708101, 0.0, 0.0, 0.0, 1.0],
                [1.0, 0.0, -0.0, -5e-06, -0.0, 0.0, -1.0, 0.000946, 0.0, 1.0, 0.0, 0.707944, 0.0, 0.0, 0.0, 1.0],
                [1.0, 0.0, -0.0, -5e-06, -0.0, 0.0, -1.0, 0.000946, 0.0, 1.0, 0.0, 0.707871, 0.0, 0.0, 0.0, 1.0],
                [1.0, 0.0, -0.0, -5e-06, -0.0, 0.0, -1.0, 0.000946, 0.0, 1.0, 0.0, 0.707848, 0.0, 0.0, 0.0, 1.0],
                [1.0, 0.0, -0.0, -5e-06, -0.0, 0.0, -1.0, 0.000946, 0.0, 1.0, 0.0, 0.707845, 0.0, 0.0, 0.0, 1.0],
                [1.0, 0.0, -0.0, -5e-06, -0.0, 0.0, -1.0, 0.000946, 0.0, 1.0, 0.0, 0.709209, 0.0, 0.0, 0.0, 1.0],
                [1.0, 0.0, -0.0, -5e-06, -0.0, 0.0, -1.0, 0.000946, 0.0, 1.0, 0.0, 0.7133, 0.0, 0.0, 0.0, 1.0],
                [1.0, 0.0, -0.0, -5e-06, -0.0, 0.0, -1.0, 0.000946, 0.0, 1.0, 0.0, 0.719869, 0.0, 0.0, 0.0, 1.0],
                [1.0, 0.0, -0.0, -5e-06, -0.0, 0.0, -1.0, 0.000946, 0.0, 1.0, 0.0, 0.728225, 0.0, 0.0, 0.0, 1.0],
                [1.0, 0.0, -0.0, -5e-06, -0.0, 0.0, -1.0, 0.000946, 0.0, 1.0, 0.0, 0.737241, 0.0, 0.0, 0.0, 1.0],
                [1.0, 0.0, -0.0, -5e-06, -0.0, 0.0, -1.0, 0.000946, 0.0, 1.0, 0.0, 0.745598, 0.0, 0.0, 0.0, 1.0],
                [1.0, 0.0, -0.0, -5e-06, -0.0, 0.0, -1.0, 0.000946, 0.0, 1.0, 0.0, 0.752167, 0.0, 0.0, 0.0, 1.0],
                [1.0, 0.0, -0.0, -5e-06, -0.0, 0.0, -1.0, 0.000946, 0.0, 1.0, 0.0, 0.756258, 0.0, 0.0, 0.0, 1.0],
                [1.0, 0.0, -0.0, -5e-06, -0.0, 0.0, -1.0, 0.000946, 0.0, 1.0, 0.0, 0.757621, 0.0, 0.0, 0.0, 1.0]
            ]
        },
        {
            "name": "Thigh_R",
            "time": [0.0, 0.0167, 0.0333, 0.05, 0.0667, 0.0833, 0.1, 0.1167, 0.1333, 0.15, 0.1667, 0.1833, 0.2, 0.2167, 0.2333, 0.25, 0.2667, 0.2833, 0.3, 0.3167, 0.3333, 0.35, 0.3667, 0.3833, 0.4, 0.4167, 0.4333, 0.45, 0.4667, 0.4833, 0.5, 0.5167, 0.5333, 0.55, 0.5667, 0.5833, 0.6, 0.6167, 0.6333, 0.65, 0.6667, 0.6833, 0.7, 0.7167, 0.7333, 0.75, 0.7667, 0.7833, 0.8, 0.8167, 0.8333, 0.85, 0.8667, 0.8833, 0.9, 0.9167, 0.9333, 0.95, 0.9667, 0.9833, 1.0, 1.0167, 1.0333, 1.05, 1.0667, 1.0833, 1.1, 1.1167, 1.1333, 1.15, 1.1667, 1.1833, 1.2],
            "transform": [
                [0.999905, 0.011933, 0.006942, 0.124994, 0.005617, -0.811024, 0.584986, -0.002831, 0.012611, -0.584891, -0.811014, -1.2e-05, 0.0, 0.0, 0.0, 1.0],
                [0.999904, 0.012811, 0.005357, 0.124994, 0.007223, -0.809381, 0.587239, -0.002831, 0.011859, -0.587144, -0.809396, -1.2e-05, 0.0, 0.0, 0.0, 1.0],
                [0.999882, 0.015375, 0.000551, 0.124994, 0.012047, -0.804737, 0.593509, -0.002831, 0.009568, -0.593432, -0.804827, -1.2e-05, 0.0, 0.0, 0.0, 1.0],
                [0.999787, 0.019302, -0.007325, 0.124994, 0.019822, -0.798312, 0.601917, -0.002831, 0.00577, -0.601934, -0.798525, -1.2e-05, 0.0, 0.0, 0.0, 1.0],
                [0.999557, 0.024024, -0.01758, 0.124994, 0.02976, -0.792507, 0.609136, -0.002831, 0.000702, -0.609389, -0.792871, -1.2e-05, 0.0, 0.0, 0.0, 1.0],
                [0.999166, 0.028906, -0.028838, 0.124994, 0.040509, -0.790352, 0.611312, -0.002831, -0.005121, -0.611971, -0.790864, -1.2e-05, 0.0, 0.0, 0.0, 1.0],
                [0.998669, 0.033429, -0.039285, 0.124994, 0.050408, -0.794065, 0.605738, -0.002831, -0.010945, -0.606912, -0.794694, -1.2e-05, 0.0, 0.0, 0.0, 1.0],
                [0.998191, 0.037186, -0.047242, 0.124994, 0.057958, -0.804085, 0.591682, -0.002831, -0.015984, -0.59335, -0.804786, -1.2e-05, 0.0, 0.0, 0.0, 1.0],
                [0.997872, 0.039779, -0.05167, 0.124994, 0.062186, -0.81895, 0.570486, -0.002831, -0.019622, -0.572485, -0.819681, -1.2e-05, 0.0, 0.0, 0.0, 1.0],
                [0.997798, 0.04077, -0.052305, 0.124994, 0.062735, -0.835984, 0.545156, -0.002831, -0.0215, -0.547238, -0.836701, -1.2e-05, 0.0, 0.0, 0.0, 1.0],
                [0.998055, 0.039209, -0.048467, 0.124994, 0.058624, -0.854718, 0.515772, -0.002831, -0.021203, -0.51761, -0.855354, -1.2e-05, 0.0, 0.0, 0.0, 1.0],
                [0.998644, 0.033961, -0.039454, 0.124994, 0.048671, -0.877998, 0.476182, -0.002831, -0.018469, -0.477457, -0.878461, -1.2e-05, 0.0, 0.0, 0.0, 1.0],
                [0.999387, 0.023974, -0.025496, 0.124994, 0.032058, -0.91935, 0.392132, -0.002831, -0.014038, -0.392709, -0.919556, -1.2e-05, 0.0, 0.0, 0.0, 1.0],
                [0.999872, 0.010915, -0.011676, 0.124994, 0.014568, -0.922886, 0.384797, -0.002831, -0.006576, -0.384918, -0.922928, -1.2e-05, 0.0, 0.0, 0.0, 1.0],
                [0.999992, -0.002773, 0.003005, 0.124994, -0.003732, -0.919299, 0.393543, -0.002831, 0.001672, -0.393551, -0.919302, -1.2e-05, 0.0, 0.0, 0.0, 1.0],
                [0.999741, -0.015408, 0.016729, 0.124994, -0.020815, -0.916297, 0.399957, -0.002831, 0.009166, -0.400202, -0.916381, -1.2e-05, 0.0, 0.0, 0.0, 1.0],
                [0.999299, -0.025372, 0.027539, 0.124994, -0.03435, -0.913916, 0.404447, -0.002831, 0.014907, -0.40511, -0.914147, -1.2e-05, 0.0, 0.0, 0.0, 1.0],
                [0.998911, -0.031661, 0.034273, 0.124994, -0.042896, -0.912148, 0.407609, -0.002831, 0.018357, -0.408635, -0.912513, -1.2e-05, 0.0, 0.0, 0.0, 1.0],
                [0.998758, -0.033884, 0.036534, 0.124994, -0.045901, -0.910942, 0.409973, -0.002831, 0.019389, -0.41114, -0.911366, -1.2e-05, 0.0, 0.0, 0.0, 1.0],
                [0.998941, -0.026041, 0.037934, 0.124994, -0.041416, -0.86805, 0.494746, -0.002831, 0.020044, -0.495793, -0.86821, -1.2e-05, 0.0, 0.0, 0.0, 1.0],
                [0.999222, -0.018557, 0.0348, 0.124994, -0.034624, -0.835248, 0.548781, -0.002831, 0.018883, -0.549559, -0.835241, -1.2e-05, 0.0, 0.0, 0.0, 1.0],
                [0.999554, -0.010408, 0.027972, 0.124994, -0.02496, -0.805384, 0.592228, -0.002831, 0.016365, -0.592662, -0.805285, -1.2e-05, 0.0, 0.0, 0.0, 1.0],
                [0.999831, -0.001953, 0.018275, 0.124994, -0.013016, -0.777257, 0.629048, -0.002831, 0.012975, -0.62918, -0.777152, -1.2e-05, 0.0, 0.0, 0.0, 1.0],
                [0.999956, 0.006007, 0.007126, 0.124994, -0.000177, -0.752174, 0.658964, -0.002831, 0.009318, -0.658937, -0.752141, -1.2e-05, 0.0, 0.0, 0.0, 1.0],
                [0.999912, 0.012747, -0.003639, 0.124994, 0.01181, -0.731861, 0.681352, -0.002831, 0.006022, -0.681335, -0.731947, -1.2e-05, 0.0, 0.0, 0.0, 1.0],
                [0.999765, 0.017837, -0.012335, 0.124994, 0.021392, -0.717747, 0.695975, -0.002831, 0.003561, -0.696075, -0.71796, -1.2e-05, 0.0, 0.0, 0.0, 1.0],
                [0.999616, 0.02116, -0.017888, 0.124994, 0.027623, -0.710567, 0.703087, -0.002831, 0.002167, -0.703311, -0.710879, -1.2e-05, 0.0, 0.0, 0.0, 1.0],
                [0.999542, 0.022784, -0.019921, 0.124994, 0.030207, -0.710271, 0.70328, -0.002831, 0.001874, -0.70356, -0.710634, -1.2e-05, 0.0, 0.0, 0.0, 1.0],
                [0.999524, 0.023536, -0.019936, 0.124994, 0.030788, -0.722287, 0.690908, -0.002831, 0.001862, -0.691193, -0.722668, -1.2e-05, 0.0, 0.0, 0.0, 1.0],
                [0.999521, 0.024128, -0.019352, 0.124994, 0.030902, -0.752358, 0.658029, -0.002831, 0.001317, -0.658312, -0.752744, -1.2e-05, 0.0, 0.0, 0.0, 1.0],
                [0.999537, 0.024434, -0.018115, 0.124994, 0.030416, -0.798457, 0.601282, -0.002831, 0.000228, -0.601555, -0.798831, -1.2e-05, 0.0, 0.0, 0.0, 1.0],
                [0.999573, 0.024276, -0.016247, 0.124994, 0.029182, -0.854566, 0.518521, -0.002831, -0.001296, -0.518774, -0.85491, -1.2e-05, 0.0, 0.0, 0.0, 1.0],
                [0.999628, 0.023487, -0.013886, 0.124994, 0.027121, -0.911098, 0.411296, -0.002831, -0.002991, -0.411519, -0.911396, -1.2e-05, 0.0, 0.0, 0.0, 1.0],
                [0.999694, 0.021995, -0.01127, 0.124994, 0.024298, -0.958056, 0.285547, -0.002831, -0.004517, -0.285734, -0.958298, -1.2e-05, 0.0, 0.0, 0.0, 1.0],
                [0.999766, 0.019815, -0.008637, 0.124994, 0.02088, -0.988666, 0.148669, -0.002831, -0.005593, -0.148815, -0.988849, -1.2e-05, 0.0, 0.0, 0.0, 1.0],
                [0.999838, 0.016914, -0.006113, 0.124994, 0.016937, -0.999849, 0.003707, -0.002831, -0.00605, -0.00381, -0.999975, -1.2e-05, 0.0, 0.0, 0.0, 1.0],
                [0.999904, 0.013286, -0.003839, 0.124994, 0.01258, -0.989108, -0.146652, -0.002831, -0.005745, 0.14659, -0.989181, -1.2e-05, 0.0, 0.0, 0.0, 1.0],
                [0.999907, 0.013227, -0.003363, 0.124994, 0.012417, -0.983962, -0.177942, -0.002831, -0.005663, 0.177884, -0.984035, -1.2e-05, 0.0, 0.0, 0.0, 1.0],
                [0.999909, 0.013187, -0.002955, 0.124994, 0.012305, -0.978825, -0.204328, -0.002831, -0.005587, 0.204273, -0.978898, -1.2e-05, 0.0, 0.0, 0.0, 1.0],
                [0.99991, 0.013171, -0.002612, 0.124994, 0.012242, -0.974107, -0.225756, -0.002831, -0.005518, 0.225704, -0.974181, -1.2e-05, 0.0, 0.0, 0.0, 1.0],
                [0.99991, 0.013181, -0.002326, 0.124994, 0.012223, -0.970045, -0.242618, -0.002831, -0.005454, 0.242568, -0.970119, -1.2e-05, 0.0, 0.0, 0.0, 1.0],
                [0.99991, 0.013211, -0.002086, 0.124994, 0.012238, -0.966635, -0.255866, -0.002831, -0.005396, 0.255818, -0.96671, -1.2e-05, 0.0, 0.0, 0.0, 1.0],
                [0.99991, 0.013251, -0.001875, 0.124994, 0.01227, -0.963645, -0.266902, -0.002831, -0.005343, 0.266855, -0.963722, -1.2e-05, 0.0, 0.0, 0.0, 1.0],
                [0.99991, 0.013287, -0.001676, 0.124994, 0.012302, -0.96073, -0.277213, -0.002831, -0.005293, 0.277167, -0.960807, -1.2e-05, 0.0, 0.0, 0.0, 1.0],
                [0.99991, 0.013311, -0.001476, 0.124994, 0.012322, -0.957554, -0.287991, -0.002831, -0.005246, 0.287947, -0.957632, -1.2e-05, 0.0, 0.0, 0.0, 1.0],
                [0.99991, 0.013315, -0.001265, 0.124994, 0.012322, -0.953867, -0.299976, -0.002831, -0.005201, 0.299934, -0.953946, -1.2e-05, 0.0, 0.0, 0.0, 1.0],
                [0.999911, 0.013309, -0.001056, 0.124994, 0.012314, -0.949949, -0.312163, -0.002831, -0.005158, 0.312122, -0.950028, -1.2e-05, 0.0, 0.0, 0.0, 1.0],
                [0.999911, 0.013307, -0.000862, 0.124994, 0.012314, -0.94625, -0.323202, -0.002831, -0.005117, 0.323162, -0.94633, -1.2e-05, 0.0, 0.0, 0.0, 1.0],
                [0.999911, 0.013309, -0.000686, 0.124994, 0.01232, -0.942832, -0.333041, -0.002831, -0.005079, 0.333002, -0.942912, -1.2e-05, 0.0, 0.0, 0.0, 1.0],
                [0.999911, 0.013312, -0.000527, 0.124994, 0.012331, -0.939714, -0.341738, -0.002831, -0.005045, 0.341701, -0.939795, -1.2e-05, 0.0, 0.0, 0.0, 1.0],
                [0.999911, 0.013315, -0.000384, 0.124994, 0.012341, -0.936853, -0.349505, -0.002831, -0.005014, 0.349469, -0.936935, -1.2e-05, 0.0, 0.0, 0.0, 1.0],
                [0.999911, 0.013315, -0.000254, 0.124994, 0.012349, -0.934147, -0.356673, -0.002831, -0.004986, 0.356638, -0.934229, -1.2e-05, 0.0, 0.0, 0.0, 1.0],
                [0.999911, 0.013308, -0.000132, 0.124994, 0.012349, -0.931471, -0.363606, -0.002831, -0.004961, 0.363572, -0.931553, -1.2e-05, 0.0, 0.0, 0.0, 1.0],
                [0.999912, 0.013294, -1.3e-05, 0.124994, 0.012342, -0.928711, -0.370598, -0.002831, -0.004939, 0.370565, -0.928794, -1.2e-05, 0.0, 0.0, 0.0, 1.0],
                [0.999912, 0.013271, 0.000105, 0.124994, 0.012327, -0.925791, -0.377833, -0.002831, -0.004917, 0.377801, -0.925874, -1.2e-05, 0.0, 0.0, 0.0, 1.0],
                [0.999912, 0.01324, 0.000229, 0.124994, 0.012304, -0.922545, -0.385692, -0.002831, -0.004896, 0.385661, -0.922628, -1.2e-05, 0.0, 0.0, 0.0, 1.0],
                [0.999913, 0.0132, 0.000362, 0.124994, 0.012273, -0.918883, -0.394339, -0.002831, -0.004873, 0.394309, -0.918965, -1.2e-05, 0.0, 0.0, 0.0, 1.0],
                [0.999913, 0.013154, 0.000499, 0.124994, 0.012238, -0.914938, -0.403407, -0.002831, -0.00485, 0.403378, -0.915021, -1.2e-05, 0.0, 0.0, 0.0, 1.0],
                [0.999914, 0.013105, 0.000631, 0.124994, 0.012199, -0.910954, -0.412327, -0.002831, -0.004829, 0.412299, -0.911036, -1.2e-05, 0.0, 0.0, 0.0, 1.0],
                [0.999914, 0.013057, 0.000749, 0.124994, 0.012162, -0.907255, -0.420404, -0.002831, -0.00481, 0.420377, -0.907337, -1.2e-05, 0.0, 0.0, 0.0, 1.0],
                [0.999915, 0.013016, 0.000844, 0.124994, 0.012129, -0.904167, -0.427007, -0.002831, -0.004795, 0.42698, -0.904248, -1.2e-05, 0.0, 0.0, 0.0, 1.0],
                [0.999915, 0.012985, 0.000911, 0.124994, 0.012105, -0.901917, -0.43174, -0.002831, -0.004784, 0.431715, -0.901998, -1.2e-05, 0.0, 0.0, 0.0, 1.0],
                [0.999915, 0.012966, 0.00095, 0.124994, 0.012091, -0.900592, -0.434496, -0.002831, -0.004778, 0.434471, -0.900673, -1.2e-05, 0.0, 0.0, 0.0, 1.0],
                [0.999915, 0.01296, 0.000962, 0.124994, 0.012086, -0.900169, -0.435373, -0.002831, -0.004776, 0.435348, -0.90025, -1.2e-05, 0.0, 0.0, 0.0, 1.0],
                [0.999922, 0.012421, 0.000758, 0.124994, 0.011567, -0.905207, -0.424814, -0.002831, -0.004591, 0.42479, -0.905281, -1.2e-05, 0.0, 0.0, 0.0, 1.0],
                [0.999909, 0.013484, -0.000694, 0.124994, 0.012546, -0.94686, -0.3214, -0.002831, -0.004991, 0.321362, -0.946943, -1.2e-05, 0.0, 0.0, 0.0, 1.0],
                [0.999844, 0.01726, -0.003802, 0.124994, 0.016952, -0.997397, -0.070078, -0.002831, -0.005002, 0.070002, -0.997534, -1.2e-05, 0.0, 0.0, 0.0, 1.0],
                [0.999842, 0.017148, -0.004658, 0.124994, 0.017606, -0.991478, 0.129079, -0.002831, -0.002405, -0.129141, -0.991623, -1.2e-05, 0.0, 0.0, 0.0, 1.0],
                [0.999871, 0.015731, -0.003316, 0.124994, 0.016001, -0.953612, 0.300612, -0.002831, 0.001567, -0.300627, -0.953741, -1.2e-05, 0.0, 0.0, 0.0, 1.0],
                [0.9999, 0.014111, -0.000267, 0.124994, 0.012834, -0.90127, 0.433067, -0.002831, 0.00587, -0.433027, -0.901362, -1.2e-05, 0.0, 0.0, 0.0, 1.0],
                [0.999912, 0.012872, 0.003269, 0.124994, 0.009278, -0.853188, 0.52152, -0.002831, 0.009502, -0.521444, -0.853233, -1.2e-05, 0.0, 0.0, 0.0, 1.0],
                [0.999908, 0.012159, 0.005962, 0.124994, 0.006593, -0.821645, 0.569961, -0.002831, 0.011829, -0.569869, -0.82165, -1.2e-05, 0.0, 0.0, 0.0, 1.0],
                [0.999905, 0.011933, 0.006942, 0.124994, 0.005617, -0.811024, 0.584986, -0.002831, 0.012611, -0.584891, -0.811014, -1.2e-05, 0.0, 0.0, 0.0, 1.0]
            ]
        },
        {
            "name": "Leg_R",
            "time": [0.0, 0.0167, 0.0333, 0.05, 0.0667, 0.0833, 0.1, 0.1167, 0.1333, 0.15, 0.1667, 0.1833, 0.2, 0.2167, 0.2333, 0.25, 0.2667, 0.2833, 0.3, 0.3167, 0.3333, 0.35, 0.3667, 0.3833, 0.4, 0.4167, 0.4333, 0.45, 0.4667, 0.4833, 0.5, 0.5167, 0.5333, 0.55, 0.5667, 0.5833, 0.6, 0.6167, 0.6333, 0.65, 0.6667, 0.6833, 0.7, 0.7167, 0.7333, 0.75, 0.7667, 0.7833, 0.8, 0.8167, 0.8333, 0.85, 0.8667, 0.8833, 0.9, 0.9167, 0.9333, 0.95, 0.9667, 0.9833, 1.0, 1.0167, 1.0333, 1.05, 1.0667, 1.0833, 1.1, 1.1167, 1.1333, 1.15, 1.1667, 1.1833, 1.2],
            "transform": [
                [0.999287, -0.032308, -0.019567, 0.0, 0.032409, 0.467363, 0.883471, 0.374721, -0.019398, -0.883475, 0.468076, -0.0, 0.0, 0.0, 0.0, 1.0],
                [0.999294, -0.032201, -0.019366, 0.0, 0.032302, 0.472858, 0.880547, 0.374721, -0.019197, -0.88055, 0.473564, 0.0, 0.0, 0.0, 0.0, 1.0],
                [0.999318, -0.031845, -0.018719, 0.0, 0.031945, 0.490576, 0.870813, 0.374721, -0.018548, -0.870816, 0.491259, 0.0, 0.0, 0.0, 0.0, 1.0],
                [0.99936, -0.031159, -0.017554, -0.0, 0.031257, 0.522487, 0.852074, 0.374721, -0.017379, -0.852077, 0.523127, -0.0, 0.0, 0.0, 0.0, 1.0],
                [0.999424, -0.030032, -0.015827, 0.0, 0.030127, 0.569775, 0.821248, 0.374721, -0.015646, -0.821252, 0.570351, -0.0, 0.0, 0.0, 0.0, 1.0],
                [0.999506, -0.028349, -0.013589, -0.0, 0.028439, 0.63104, 0.775229, 0.374721, -0.013402, -0.775232, 0.631534, -0.0, 0.0, 0.0, 0.0, 1.0],
                [0.999599, -0.026064, -0.011037, 0.0, 0.026146, 0.700942, 0.712739, 0.374721, -0.010841, -0.712742, 0.701343, -0.0, 0.0, 0.0, 0.0, 1.0],
                [0.999694, -0.023241, -0.008452, -0.0, 0.023314, 0.771725, 0.635529, 0.374721, -0.008248, -0.635532, 0.77203, 0.0, 0.0, 0.0, 0.0, 1.0],
                [0.99978, -0.020072, -0.006117, 0.0, 0.020135, 0.835663, 0.548874, 0.374721, -0.005905, -0.548876, 0.835883, -0.0, 0.0, 0.0, 0.0, 1.0],
                [0.999849, -0.016867, -0.004238, -0.0, 0.01692, 0.887112, 0.461244, 0.374721, -0.004021, -0.461246, 0.887263, -0.0, 0.0, 0.0, 0.0, 1.0],
                [0.999906, -0.013476, -0.002689, 0.0, 0.013518, 0.92953, 0.3685, 0.374721, -0.002467, -0.368501, 0.929624, -0.0, 0.0, 0.0, 0.0, 1.0],
                [0.999957, -0.009231, -0.001299, -0.0, 0.00926, 0.967573, 0.252421, 0.374721, -0.001073, -0.252422, 0.967617, 0.0, 0.0, 0.0, 0.0, 1.0],
                [0.999999, -0.001473, -0.000145, 0.0, 0.001478, 0.999187, 0.040283, 0.374721, 8.5e-05, -0.040284, 0.999188, 0.0, 0.0, 0.0, 0.0, 1.0],
                [1.0, -1.6e-05, -0.000115, 0.0, 1.6e-05, 1.0, 0.000435, 0.374721, 0.000115, -0.000435, 1.0, 0.0, 0.0, 0.0, 0.0, 1.0],
                [1.0, -1.6e-05, -0.000115, -0.0, 1.6e-05, 1.0, 0.000435, 0.374721, 0.000115, -0.000435, 1.0, 0.0, 0.0, 0.0, 0.0, 1.0],
                [1.0, -1.6e-05, -0.000115, -0.0, 1.6e-05, 1.0, 0.000435, 0.374721, 0.000115, -0.000435, 1.0, 0.0, 0.0, 0.0, 0.0, 1.0],
                [1.0, -1.6e-05, -0.000115, 0.0, 1.6e-05, 1.0, 0.000435, 0.374721, 0.000115, -0.000435, 1.0, 0.0, 0.0, 0.0, 0.0, 1.0],
                [1.0, -1.6e-05, -0.000115, 0.0, 1.6e-05, 1.0, 0.000435, 0.374721, 0.000115, -0.000435, 1.0, -0.0, 0.0, 0.0, 0.0, 1.0],
                [1.0, -1.6e-05, -0.000115, -0.0, 1.6e-05, 1.0, 0.000434, 0.374721, 0.000115, -0.000435, 1.0, 0.0, 0.0, 0.0, 0.0, 1.0],
                [0.999977, -0.006745, -0.000743, -0.0, 0.006767, 0.982817, 0.184458, 0.374721, -0.000514, -0.184458, 0.98284, -0.0, 0.0, 0.0, 0.0, 1.0],
                [0.999937, -0.011033, -0.001819, 0.0, 0.011068, 0.953337, 0.301706, 0.374721, -0.001594, -0.301707, 0.953399, 0.0, 0.0, 0.0, 0.0, 1.0],
                [0.99989, -0.014509, -0.003117, 0.0, 0.014555, 0.917807, 0.39676, 0.374721, -0.002896, -0.396761, 0.917917, -0.0, 0.0, 0.0, 0.0, 1.0],
                [0.999835, -0.017564, -0.00461, 0.0, 0.01762, 0.876924, 0.480306, 0.374721, -0.004394, -0.480308, 0.877089, -0.0, 0.0, 0.0, 0.0, 1.0],
                [0.999776, -0.020247, -0.006233, -0.0, 0.020311, 0.832485, 0.553675, 0.374721, -0.006022, -0.553677, 0.832709, 0.0, 0.0, 0.0, 0.0, 1.0],
                [0.999714, -0.022556, -0.007902, -0.0, 0.022627, 0.78678, 0.616818, 0.374721, -0.007696, -0.616821, 0.787066, -0.0, 0.0, 0.0, 0.0, 1.0],
                [0.999655, -0.024488, -0.009527, 0.0, 0.024565, 0.742287, 0.669632, 0.374721, -0.009326, -0.669634, 0.742632, 0.0, 0.0, 0.0, 0.0, 1.0],
                [0.9996, -0.026055, -0.011027, 0.0, 0.026137, 0.701207, 0.712479, 0.374721, -0.010831, -0.712482, 0.701607, 0.0, 0.0, 0.0, 0.0, 1.0],
                [0.999551, -0.027292, -0.012348, -0.0, 0.027377, 0.665042, 0.746304, 0.374721, -0.012156, -0.746307, 0.665491, 0.0, 0.0, 0.0, 0.0, 1.0],
                [0.999517, -0.028095, -0.013281, -0.0, 0.028183, 0.639497, 0.768277, 0.374721, -0.013092, -0.76828, 0.63998, -0.0, 0.0, 0.0, 0.0, 1.0],
                [0.999508, -0.028304, -0.013534, 0.0, 0.028393, 0.632562, 0.773989, 0.374721, -0.013346, -0.773992, 0.633054, 0.0, 0.0, 0.0, 0.0, 1.0],
                [0.99953, -0.027795, -0.012925, 0.0, 0.027882, 0.649245, 0.760068, 0.374721, -0.012735, -0.760071, 0.649715, 0.0, 0.0, 0.0, 0.0, 1.0],
                [0.999588, -0.026371, -0.011352, 0.0, 0.026454, 0.692302, 0.721123, 0.374721, -0.011157, -0.721126, 0.692714, 0.0, 0.0, 0.0, 0.0, 1.0],
                [0.999676, -0.023815, -0.008935, -0.0, 0.02389, 0.758494, 0.651242, 0.374721, -0.008732, -0.651244, 0.758818, -0.0, 0.0, 0.0, 0.0, 1.0],
                [0.999782, -0.019981, -0.006057, -0.0, 0.020044, 0.837289, 0.546393, 0.374721, -0.005846, -0.546395, 0.837507, 0.0, 0.0, 0.0, 0.0, 1.0],
                [0.999885, -0.014811, -0.003249, -0.0, 0.014858, 0.914184, 0.405028, 0.374721, -0.003029, -0.405029, 0.914299, -0.0, 0.0, 0.0, 0.0, 1.0],
                [0.999966, -0.008139, -0.001032, -0.0, 0.008165, 0.974883, 0.222568, 0.374721, -0.000805, -0.222569, 0.974917, 0.0, 0.0, 0.0, 0.0, 1.0],
                [1.0, -1.6e-05, -0.000115, -0.0, 1.6e-05, 1.0, 0.000435, 0.374721, 0.000115, -0.000435, 1.0, 0.0, 0.0, 0.0, 0.0, 1.0],
                [1.0, -1.6e-05, -0.000115, -0.0, 1.6e-05, 1.0, 0.000435, 0.374721, 0.000115, -0.000435, 1.0, 0.0, 0.0, 0.0, 0.0, 1.0],
                [1.0, -1.6e-05, -0.000115, -0.0, 1.6e-05, 1.0, 0.000435, 0.374721, 0.000115, -0.000435, 1.0, -0.0, 0.0, 0.0, 0.0, 1.0],
                [1.0, -1.6e-05, -0.000115, -0.0, 1.6e-05, 1.0, 0.000435, 0.374721, 0.000115, -0.000435, 1.0, 0.0, 0.0, 0.0, 0.0, 1.0],
                [1.0, -1.6e-05, -0.000115, 0.0, 1.6e-05, 1.0, 0.000435, 0.374721, 0.000115, -0.000435, 1.0, -0.0, 0.0, 0.0, 0.0, 1.0],
                [1.0, -1.6e-05, -0.000115, -0.0, 1.6e-05, 1.0, 0.000435, 0.374721, 0.000115, -0.000435, 1.0, 0.0, 0.0, 0.0, 0.0, 1.0],
                [1.0, -1.6e-05, -0.000115, -0.0, 1.6e-05, 1.0, 0.000435, 0.374721, 0.000115, -0.000435, 1.0, 0.0, 0.0, 0.0, 0.0, 1.0],
                [1.0, -1.6e-05, -0.000115, -0.0, 1.6e-05, 1.0, 0.000435, 0.374721, 0.000115, -0.000435, 1.0, -0.0, 0.0, 0.0, 0.0, 1.0],
                [1.0, -1.6e-05, -0.000115, -0.0, 1.6e-05, 1.0, 0.000434, 0.374721, 0.000115, -0.000434, 1.0, -0.0, 0.0, 0.0, 0.0, 1.0],
                [1.0, -1.6e-05, -0.000115, -0.0, 1.6e-05, 1.0, 0.000435, 0.374721, 0.000115, -0.000435, 1.0, -0.0, 0.0, 0.0, 0.0, 1.0],
                [1.0, -1.6e-05, -0.000115, -0.0, 1.6e-05, 1.0, 0.000435, 0.374721, 0.000115, -0.000435, 1.0, -0.0, 0.0, 0.0, 0.0, 1.0],
                [1.0, -1.6e-05, -0.000115, 0.0, 1.6e-05, 1.0, 0.000435, 0.374721, 0.000115, -0.000435, 1.0, 0.0, 0.0, 0.0, 0.0, 1.0],
                [1.0, -1.6e-05, -0.000115, -0.0, 1.6e-05, 1.0, 0.000435, 0.374721, 0.000115, -0.000434, 1.0, 0.0, 0.0, 0.0, 0.0, 1.0],
                [1.0, -1.6e-05, -0.000115, 0.0, 1.6e-05, 1.0, 0.000435, 0.374721, 0.000115, -0.000435, 1.0, 0.0, 0.0, 0.0, 0.0, 1.0],
                [1.0, -1.6e-05, -0.000115, -0.0, 1.6e-05, 1.0, 0.000435, 0.374721, 0.000115, -0.000434, 1.0, -0.0, 0.0, 0.0, 0.0, 1.0],
                [1.0, -1.6e-05, -0.000115, -0.0, 1.6e-05, 1.0, 0.000435, 0.374721, 0.000115, -0.000434, 1.0, 0.0, 0.0, 0.0, 0.0, 1.0],
                [1.0, -1.6e-05, -0.000115, -0.0, 1.6e-05, 1.0, 0.000435, 0.374721, 0.000115, -0.000435, 1.0, -0.0, 0.0, 0.0, 0.0, 1.0],
                [1.0, -1.6e-05, -0.000115, -0.0, 1.6e-05, 1.0, 0.000435, 0.374721, 0.000115, -0.000435, 1.0, 0.0, 0.0, 0.0, 0.0, 1.0],
                [1.0, -1.6e-05, -0.000115, -0.0, 1.6e-05, 1.0, 0.000435, 0.374721, 0.000115, -0.000435, 1.0, -0.0, 0.0, 0.0, 0.0, 1.0],
                [1.0, -1.6e-05, -0.000115, -0.0, 1.6e-05, 1.0, 0.000435, 0.374721, 0.000115, -0.000435, 1.0, 0.0, 0.0, 0.0, 0.0, 1.0],
                [1.0, -1.6e-05, -0.000115, 0.0, 1.6e-05, 1.0, 0.000435, 0.374721, 0.000115, -0.000435, 1.0, -0.0, 0.0, 0.0, 0.0, 1.0],
                [1.0, -1.6e-05, -0.000115, -0.0, 1.6e-05, 1.0, 0.000435, 0.374721, 0.000115, -0.000435, 1.0, -0.0, 0.0, 0.0, 0.0, 1.0],
                [1.0, -1.6e-05, -0.000115, 0.0, 1.6e-05, 1.0, 0.000435, 0.374721, 0.000115, -0.000435, 1.0, 0.0, 0.0, 0.0, 0.0, 1.0],
                [1.0, -1.6e-05, -0.000115, -0.0, 1.6e-05, 1.0, 0.000435, 0.374721, 0.000115, -0.000435, 1.0, -0.0, 0.0, 0.0, 0.0, 1.0],
                [1.0, -1.6e-05, -0.000115, -0.0, 1.6e-05, 1.0, 0.000435, 0.374721, 0.000115, -0.000435, 1.0, -0.0, 0.0, 0.0, 0.0, 1.0],
                [1.0, -1.6e-05, -0.000115, 0.0, 1.6e-05, 1.0, 0.000435, 0.374721, 0.000115, -0.000435, 1.0, -0.0, 0.0, 0.0, 0.0, 1.0],
                [1.0, -1.6e-05, -0.000115, 0.0, 1.6e-05, 1.0, 0.000435, 0.374721, 0.000115, -0.000435, 1.0, -0.0, 0.0, 0.0, 0.0, 1.0],
                [1.0, -1.6e-05, -0.000115, 0.0, 1.6e-05, 1.0, 0.000435, 0.374721, 0.000115, -0.000435, 1.0, -0.0, 0.0, 0.0, 0.0, 1.0],
                [1.0, -1.6e-05, -0.000115, -0.0, 1.6e-05, 1.0, 0.000435, 0.374721, 0.000115, -0.000435, 1.0, 0.0, 0.0, 0.0, 0.0, 1.0],
                [0.999985, -0.005505, -0.000532, 0.0, 0.005523, 0.988587, 0.150548, 0.374721, -0.000303, -0.150548, 0.988603, 0.0, 0.0, 0.0, 0.0, 1.0],
                [0.999808, -0.018865, -0.005357, 0.0, 0.018925, 0.856451, 0.515882, 0.374721, -0.005144, -0.515884, 0.856643, -0.0, 0.0, 0.0, 0.0, 1.0],
                [0.999619, -0.025519, -0.010493, -0.0, 0.025599, 0.715817, 0.697819, 0.374721, -0.010296, -0.697821, 0.716198, 0.0, 0.0, 0.0, 0.0, 1.0],
                [0.999463, -0.029266, -0.014763, -0.0, 0.029358, 0.598899, 0.800287, 0.374721, -0.014579, -0.80029, 0.599436, 0.0, 0.0, 0.0, 0.0, 1.0],
                [0.99936, -0.031156, -0.017547, -0.0, 0.031254, 0.522661, 0.851968, 0.374721, -0.017372, -0.851971, 0.5233, 0.0, 0.0, 0.0, 0.0, 1.0],
                [0.999309, -0.031969, -0.018941, -0.0, 0.032069, 0.4845, 0.874204, 0.374721, -0.01877, -0.874207, 0.48519, 0.0, 0.0, 0.0, 0.0, 1.0],
                [0.99929, -0.032249, -0.019456, 0.0, 0.03235, 0.470399, 0.881861, 0.374721, -0.019287, -0.881864, 0.471109, 0.0, 0.0, 0.0, 0.0, 1.0],
                [0.999287, -0.032308, -0.019567, 0.0, 0.032409, 0.467363, 0.883471, 0.374721, -0.019398, -0.883475, 0.468076, -0.0, 0.0, 0.0, 0.0, 1.0]
            ]
        },
        {
            "name": "Knee_R",
            "time": [0.0, 0.0167, 0.0333, 0.05, 0.0667, 0.0833, 0.1, 0.1167, 0.1333, 0.15, 0.1667, 0.1833, 0.2, 0.2167, 0.2333, 0.25, 0.2667, 0.2833, 0.3, 0.3167, 0.3333, 0.35, 0.3667, 0.3833, 0.4, 0.4167, 0.4333, 0.45, 0.4667, 0.4833, 0.5, 0.5167, 0.5333, 0.55, 0.5667, 0.5833, 0.6, 0.6167, 0.6333, 0.65, 0.6667, 0.6833, 0.7, 0.7167, 0.7333, 0.75, 0.7667, 0.7833, 0.8, 0.8167, 0.8333, 0.85, 0.8667, 0.8833, 0.9, 0.9167, 0.9333, 0.95, 0.9667, 0.9833, 1.0, 1.0167, 1.0333, 1.05, 1.0667, 1.0833, 1.1, 1.1167, 1.1333, 1.15, 1.1667, 1.1833, 1.2],
            "transform": [
                [1.0, -5.7e-05, 5.7e-05, -3e-06, 5.7e-05, 0.001565, -0.999999, 0.422579, 5.7e-05, 0.999999, 0.001565, -7.5e-05, 0.0, 0.0, 0.0, 1.0],
                [1.0, -5.7e-05, 5.7e-05, -3e-06, 5.7e-05, 0.001565, -0.999999, 0.422044, 5.7e-05, 0.999999, 0.001565, -7.4e-05, 0.0, 0.0, 0.0, 1.0],
                [1.0, -5.7e-05, 5.7e-05, -3e-06, 5.7e-05, 0.001565, -0.999999, 0.420308, 5.7e-05, 0.999999, 0.001565, -7.1e-05, 0.0, 0.0, 0.0, 1.0],
                [1.0, -5.7e-05, 5.7e-05, -2e-06, 5.7e-05, 0.001565, -0.999999, 0.41713, 5.7e-05, 0.999999, 0.001565, -6.6e-05, 0.0, 0.0, 0.0, 1.0],
                [1.0, -5.7e-05, 5.7e-05, -2e-06, 5.7e-05, 0.001565, -0.999999, 0.412282, 5.7e-05, 0.999999, 0.001565, -5.9e-05, 0.0, 0.0, 0.0, 1.0],
                [1.0, -5.7e-05, 5.7e-05, -2e-06, 5.7e-05, 0.001565, -0.999999, 0.4057, 5.7e-05, 0.999999, 0.001565, -4.9e-05, 0.0, 0.0, 0.0, 1.0],
                [1.0, -5.7e-05, 5.7e-05, -1e-06, 5.7e-05, 0.001565, -0.999999, 0.397644, 5.7e-05, 0.999999, 0.001565, -3.6e-05, 0.0, 0.0, 0.0, 1.0],
                [1.0, -5.7e-05, 5.7e-05, -1e-06, 5.7e-05, 0.001565, -0.999999, 0.388643, 5.7e-05, 0.999999, 0.001565, -2.2e-05, 0.0, 0.0, 0.0, 1.0],
                [1.0, -5.7e-05, 5.7e-05, -0.0, 5.7e-05, 0.001565, -0.999999, 0.379388, 5.7e-05, 0.999999, 0.001565, -7e-06, 0.0, 0.0, 0.0, 1.0],
                [1.0, -5.7e-05, 5.7e-05, -0.0, 5.7e-05, 0.001565, -0.999999, 0.374721, 5.7e-05, 0.999999, 0.001565, -0.0, 0.0, 0.0, 0.0, 1.0],
                [1.0, -5.7e-05, 5.7e-05, -0.0, 5.7e-05, 0.001565, -0.999999, 0.374721, 5.7e-05, 0.999999, 0.001565, -0.0, 0.0, 0.0, 0.0, 1.0],
                [1.0, -5.7e-05, 5.7e-05, 0.0, 5.7e-05, 0.001565, -0.999999, 0.374721, 5.7e-05, 0.999999, 0.001565, 0.0, 0.0, 0.0, 0.0, 1.0],
                [1.0, -5.7e-05, 5.7e-05, 0.0, 5.7e-05, 0.001565, -0.999999, 0.374721, 5.7e-05, 0.999999, 0.001565, 0.0, 0.0, 0.0, 0.0, 1.0],
                [1.0, -5.7e-05, 5.7e-05, 0.0, 5.7e-05, 0.001565, -0.999999, 0.374721, 5.7e-05, 0.999999, 0.001565, 0.0, 0.0, 0.0, 0.0, 1.0],
                [1.0, -5.7e-05, 5.7e-05, -0.0, 5.7e-05, 0.001565, -0.999999, 0.374721, 5.7e-05, 0.999999, 0.001565, 0.0, 0.0, 0.0, 0.0, 1.0],
                [1.0, -5.7e-05, 5.7e-05, 0.0, 5.7e-05, 0.001565, -0.999999, 0.37472, 5.7e-05, 0.999999, 0.001565, 0.0, 0.0, 0.0, 0.0, 1.0],
                [1.0, -5.7e-05, 5.7e-05, -0.0, 5.7e-05, 0.001565, -0.999999, 0.374721, 5.7e-05, 0.999999, 0.001565, 0.0, 0.0, 0.0, 0.0, 1.0],
                [1.0, -5.7e-05, 5.7e-05, 0.0, 5.7e-05, 0.001565, -0.999999, 0.374721, 5.7e-05, 0.999999, 0.001565, 0.0, 0.0, 0.0, 0.0, 1.0],
                [1.0, -5.7e-05, 5.7e-05, -0.0, 5.7e-05, 0.001565, -0.999999, 0.374721, 5.7e-05, 0.999999, 0.001565, 0.0, 0.0, 0.0, 0.0, 1.0],
                [1.0, -5.7e-05, 5.7e-05, -0.0, 5.7e-05, 0.001565, -0.999999, 0.374721, 5.7e-05, 0.999999, 0.001565, -0.0, 0.0, 0.0, 0.0, 1.0],
                [1.0, -5.7e-05, 5.7e-05, 0.0, 5.7e-05, 0.001565, -0.999999, 0.374721, 5.7e-05, 0.999999, 0.001565, -0.0, 0.0, 0.0, 0.0, 1.0],
                [1.0, -5.7e-05, 5.7e-05, 0.0, 5.7e-05, 0.001565, -0.999999, 0.374721, 5.7e-05, 0.999999, 0.001565, 0.0, 0.0, 0.0, 0.0, 1.0],
                [1.0, -5.7e-05, 5.7e-05, 0.0, 5.7e-05, 0.001565, -0.999999, 0.374721, 5.7e-05, 0.999999, 0.001565, -0.0, 0.0, 0.0, 0.0, 1.0],
                [1.0, -5.7e-05, 5.7e-05, -0.0, 5.7e-05, 0.001565, -0.999999, 0.379882, 5.7e-05, 0.999999, 0.001565, -8e-06, 0.0, 0.0, 0.0, 1.0],
                [1.0, -5.7e-05, 5.7e-05, -1e-06, 5.7e-05, 0.001565, -0.999999, 0.38658, 5.7e-05, 0.999999, 0.001565, -1.9e-05, 0.0, 0.0, 0.0, 1.0],
                [1.0, -5.7e-05, 5.7e-05, -1e-06, 5.7e-05, 0.001565, -0.999999, 0.392513, 5.7e-05, 0.999999, 0.001565, -2.8e-05, 0.0, 0.0, 0.0, 1.0],
                [1.0, -5.7e-05, 5.7e-05, -1e-06, 5.7e-05, 0.001565, -0.999999, 0.397613, 5.7e-05, 0.999999, 0.001565, -3.6e-05, 0.0, 0.0, 0.0, 1.0],
                [1.0, -5.7e-05, 5.7e-05, -2e-06, 5.7e-05, 0.001565, -0.999999, 0.401866, 5.7e-05, 0.999999, 0.001565, -4.3e-05, 0.0, 0.0, 0.0, 1.0],
                [1.0, -5.7e-05, 5.7e-05, -2e-06, 5.7e-05, 0.001565, -0.999999, 0.40476, 5.7e-05, 0.999999, 0.001565, -4.7e-05, 0.0, 0.0, 0.0, 1.0],
                [1.0, -5.7e-05, 5.7e-05, -2e-06, 5.7e-05, 0.001565, -0.999999, 0.405531, 5.7e-05, 0.999999, 0.001565, -4.8e-05, 0.0, 0.0, 0.0, 1.0],
                [1.0, -5.7e-05, 5.7e-05, -2e-06, 5.7e-05, 0.001565, -0.999999, 0.403665, 5.7e-05, 0.999999, 0.001565, -4.5e-05, 0.0, 0.0, 0.0, 1.0],
                [1.0, -5.7e-05, 5.7e-05, -1e-06, 5.7e-05, 0.001565, -0.999999, 0.398678, 5.7e-05, 0.999999, 0.001565, -3.7e-05, 0.0, 0.0, 0.0, 1.0],
                [1.0, -5.7e-05, 5.7e-05, -1e-06, 5.7e-05, 0.001565, -0.999999, 0.390408, 5.7e-05, 0.999999, 0.001565, -2.5e-05, 0.0, 0.0, 0.0, 1.0],
                [1.0, -5.7e-05, 5.7e-05, -0.0, 5.7e-05, 0.001565, -0.999999, 0.379133, 5.7e-05, 0.999999, 0.001565, -7e-06, 0.0, 0.0, 0.0, 1.0],
                [1.0, -5.7e-05, 5.7e-05, -0.0, 5.7e-05, 0.001565, -0.999999, 0.374721, 5.7e-05, 0.999999, 0.001565, -0.0, 0.0, 0.0, 0.0, 1.0],
                [1.0, -5.7e-05, 5.7e-05, -0.0, 5.7e-05, 0.001565, -0.999999, 0.374721, 5.7e-05, 0.999999, 0.001565, 0.0, 0.0, 0.0, 0.0, 1.0],
                [1.0, -5.7e-05, 5.7e-05, -0.0, 5.7e-05, 0.001565, -0.999999, 0.374721, 5.7e-05, 0.999999, 0.001565, -0.0, 0.0, 0.0, 0.0, 1.0],
                [1.0, -5.7e-05, 5.7e-05, -0.0, 5.7e-05, 0.001565, -0.999999, 0.374721, 5.7e-05, 0.999999, 0.001565, 0.0, 0.0, 0.0, 0.0, 1.0],
                [1.0, -5.7e-05, 5.7e-05, -0.0, 5.7e-05, 0.001565, -0.999999, 0.374721, 5.7e-05, 0.999999, 0.001565, -0.0, 0.0, 0.0, 0.0, 1.0],
                [1.0, -5.7e-05, 5.7e-05, 0.0, 5.7e-05, 0.001565, -0.999999, 0.374721, 5.7e-05, 0.999999, 0.001565, 0.0, 0.0, 0.0, 0.0, 1.0],
                [1.0, -5.7e-05, 5.7e-05, 0.0, 5.7e-05, 0.001565, -0.999999, 0.374721, 5.7e-05, 0.999999, 0.001565, -0.0, 0.0, 0.0, 0.0, 1.0],
                [1.0, -5.7e-05, 5.7e-05, -0.0, 5.7e-05, 0.001565, -0.999999, 0.374721, 5.7e-05, 0.999999, 0.001565, 0.0, 0.0, 0.0, 0.0, 1.0],
                [1.0, -5.7e-05, 5.7e-05, -0.0, 5.7e-05, 0.001565, -0.999999, 0.374721, 5.7e-05, 0.999999, 0.001565, 0.0, 0.0, 0.0, 0.0, 1.0],
                [1.0, -5.7e-05, 5.7e-05, -0.0, 5.7e-05, 0.001565, -0.999999, 0.374721, 5.7e-05, 0.999999, 0.001565, -0.0, 0.0, 0.0, 0.0, 1.0],
                [1.0, -5.7e-05, 5.7e-05, 0.0, 5.7e-05, 0.001565, -0.999999, 0.374721, 5.7e-05, 0.999999, 0.001565, 0.0, 0.0, 0.0, 0.0, 1.0],
                [1.0, -5.7e-05, 5.7e-05, -0.0, 5.7e-05, 0.001565, -0.999999, 0.374721, 5.7e-05, 0.999999, 0.001565, -0.0, 0.0, 0.0, 0.0, 1.0],
