{
    "animation": [
        {
            "name": "Root",
            "time": [0.0, 0.0167, 0.0333, 0.05, 0.0667, 0.0833, 0.1, 0.1167, 0.1333, 0.15, 0.1667, 0.1833, 0.2, 0.2167, 0.2333, 0.25, 0.2667, 0.2833, 0.3, 0.3167, 0.3333, 0.35, 0.3667, 0.3833, 0.4, 0.4167, 0.4333, 0.45, 0.4667, 0.4833, 0.5, 0.5167, 0.5333, 0.55, 0.5667, 0.5833, 0.6, 0.6167, 0.6333, 0.65, 0.6667, 0.6833, 0.7, 0.7167, 0.7333, 0.75, 0.7667, 0.7833, 0.8],
            "transform": [
                [1.0, 0.0, -0.0, -5e-06, -0.0, 0.0, -1.0, 0.000946, 0.0, 1.0, 0.0, 0.757621, 0.0, 0.0, 0.0, 1.0],
                [1.0, 0.0, -0.0, -5e-06, -0.0, 0.0, -1.0, 0.000946, 0.0, 1.0, 0.0, 0.757887, 0.0, 0.0, 0.0, 1.0],
                [1.0, 0.0, -0.0, -5e-06, -0.0, 0.0, -1.0, 0.000946, 0.0, 1.0, 0.0, 0.758661, 0.0, 0.0, 0.0, 1.0],
                [1.0, 0.0, -0.0, -5e-06, -0.0, 0.0, -1.0, 0.000946, 0.0, 1.0, 0.0, 0.759773, 0.0, 0.0, 0.0, 1.0],
                [1.0, 0.0, -0.0, -5e-06, -0.0, 0.0, -1.0, 0.000946, 0.0, 1.0, 0.0, 0.760885, 0.0, 0.0, 0.0, 1.0],
                [1.0, 0.0, -0.0, -5e-06, -0.0, 0.0, -1.0, 0.000946, 0.0, 1.0, 0.0, 0.761659, 0.0, 0.0, 0.0, 1.0],
                [1.0, 0.0, -0.0, -5e-06, -0.0, 0.0, -1.0, 0.000946, 0.0, 1.0, 0.0, 0.761925, 0.0, 0.0, 0.0, 1.0],
                [1.0, 0.0, -0.0, -5e-06, -0.0, 0.0, -1.0, 0.000946, 0.0, 1.0, 0.0, 0.760799, 0.0, 0.0, 0.0, 1.0],
                [1.0, 0.0, -0.0, -5e-06, -0.0, 0.0, -1.0, 0.000946, 0.0, 1.0, 0.0, 0.757237, 0.0, 0.0, 0.0, 1.0],
                [1.0, 0.0, -0.0, -5e-06, -0.0, 0.0, -1.0, 0.000946, 0.0, 1.0, 0.0, 0.751374, 0.0, 0.0, 0.0, 1.0],
                [1.0, 0.0, -0.0, -5e-06, -0.0, 0.0, -1.0, 0.000946, 0.0, 1.0, 0.0, 0.744069, 0.0, 0.0, 0.0, 1.0],
                [1.0, 0.0, -0.0, -5e-06, -0.0, 0.0, -1.0, 0.000946, 0.0, 1.0, 0.0, 0.736546, 0.0, 0.0, 0.0, 1.0],
                [1.0, 0.0, -0.0, -5e-06, -0.0, 0.0, -1.0, 0.000946, 0.0, 1.0, 0.0, 0.729713, 0.0, 0.0, 0.0, 1.0],
                [1.0, 0.0, -0.0, -5e-06, -0.0, 0.0, -1.0, 0.000946, 0.0, 1.0, 0.0, 0.722172, 0.0, 0.0, 0.0, 1.0],
                [1.0, 0.0, -0.0, -5e-06, -0.0, 0.0, -1.0, 0.000946, 0.0, 1.0, 0.0, 0.712589, 0.0, 0.0, 0.0, 1.0],
                [1.0, 0.0, -0.0, -5e-06, -0.0, 0.0, -1.0, 0.000946, 0.0, 1.0, 0.0, 0.702323, 0.0, 0.0, 0.0, 1.0],
                [1.0, 0.0, -0.0, -5e-06, -0.0, 0.0, -1.0, 0.000946, 0.0, 1.0, 0.0, 0.693498, 0.0, 0.0, 0.0, 1.0],
                [1.0, 0.0, -0.0, -5e-06, -0.0, 0.0, -1.0, 0.000946, 0.0, 1.0, 0.0, 0.687877, 0.0, 0.0, 0.0, 1.0],
                [1.0, 0.0, -0.0, -5e-06, -0.0, 0.0, -1.0, 0.000946, 0.0, 1.0, 0.0, 0.686043, 0.0, 0.0, 0.0, 1.0],
                [1.0, 0.0, -0.0, -5e-06, -0.0, 0.0, -1.0, 0.000946, 0.0, 1.0, 0.0, 0.690464, 0.0, 0.0, 0.0, 1.0],
                [1.0, 0.0, -0.0, -5e-06, -0.0, 0.0, -1.0, 0.000946, 0.0, 1.0, 0.0, 0.703333, 0.0, 0.0, 0.0, 1.0],
                [1.0, 0.0, -0.0, -5e-06, -0.0, 0.0, -1.0, 0.000946, 0.0, 1.0, 0.0, 0.721832, 0.0, 0.0, 0.0, 1.0],
                [1.0, 0.0, -0.0, -5e-06, -0.0, 0.0, -1.0, 0.000946, 0.0, 1.0, 0.0, 0.740331, 0.0, 0.0, 0.0, 1.0],
                [1.0, 0.0, -0.0, -5e-06, -0.0, 0.0, -1.0, 0.000946, 0.0, 1.0, 0.0, 0.7532, 0.0, 0.0, 0.0, 1.0],
                [1.0, 0.0, -0.0, -5e-06, -0.0, 0.0, -1.0, 0.000946, 0.0, 1.0, 0.0, 0.757621, 0.0, 0.0, 0.0, 1.0],
                [1.0, 0.0, -0.0, -5e-06, -0.0, 0.0, -1.0, 0.000946, 0.0, 1.0, 0.0, 0.756424, 0.0, 0.0, 0.0, 1.0],
                [1.0, 0.0, -0.0, -5e-06, -0.0, 0.0, -1.0, 0.000946, 0.0, 1.0, 0.0, 0.752764, 0.0, 0.0, 0.0, 1.0],
                [1.0, 0.0, -0.0, -5e-06, -0.0, 0.0, -1.0, 0.000946, 0.0, 1.0, 0.0, 0.747044, 0.0, 0.0, 0.0, 1.0],
                [1.0, 0.0, -0.0, -5e-06, -0.0, 0.0, -1.0, 0.000946, 0.0, 1.0, 0.0, 0.740437, 0.0, 0.0, 0.0, 1.0],
                [1.0, 0.0, -0.0, -5e-06, -0.0, 0.0, -1.0, 0.000946, 0.0, 1.0, 0.0, 0.734336, 0.0, 0.0, 0.0, 1.0],
                [1.0, 0.0, -0.0, -5e-06, -0.0, 0.0, -1.0, 0.000946, 0.0, 1.0, 0.0, 0.729622, 0.0, 0.0, 0.0, 1.0],
                [1.0, 0.0, -0.0, -5e-06, -0.0, 0.0, -1.0, 0.000946, 0.0, 1.0, 0.0, 0.725654, 0.0, 0.0, 0.0, 1.0],
                [1.0, 0.0, -0.0, -5e-06, -0.0, 0.0, -1.0, 0.000946, 0.0, 1.0, 0.0, 0.721668, 0.0, 0.0, 0.0, 1.0],
                [1.0, 0.0, -0.0, -5e-06, -0.0, 0.0, -1.0, 0.000946, 0.0, 1.0, 0.0, 0.71795, 0.0, 0.0, 0.0, 1.0],
                [1.0, 0.0, -0.0, -5e-06, -0.0, 0.0, -1.0, 0.000946, 0.0, 1.0, 0.0, 0.714826, 0.0, 0.0, 0.0, 1.0],
                [1.0, 0.0, -0.0, -5e-06, -0.0, 0.0, -1.0, 0.000946, 0.0, 1.0, 0.0, 0.712475, 0.0, 0.0, 0.0, 1.0],
                [1.0, 0.0, -0.0, -5e-06, -0.0, 0.0, -1.0, 0.000946, 0.0, 1.0, 0.0, 0.710862, 0.0, 0.0, 0.0, 1.0],
                [1.0, 0.0, -0.0, -5e-06, -0.0, 0.0, -1.0, 0.000946, 0.0, 1.0, 0.0, 0.709689, 0.0, 0.0, 0.0, 1.0],
                [1.0, 0.0, -0.0, -5e-06, -0.0, 0.0, -1.0, 0.000946, 0.0, 1.0, 0.0, 0.708794, 0.0, 0.0, 0.0, 1.0],
                [1.0, 0.0, -0.0, -5e-06, -0.0, 0.0, -1.0, 0.000946, 0.0, 1.0, 0.0, 0.708222, 0.0, 0.0, 0.0, 1.0],
                [1.0, 0.0, -0.0, -5e-06, -0.0, 0.0, -1.0, 0.000946, 0.0, 1.0, 0.0, 0.707944, 0.0, 0.0, 0.0, 1.0],
                [1.0, 0.0, -0.0, -5e-06, -0.0, 0.0, -1.0, 0.000946, 0.0, 1.0, 0.0, 0.707856, 0.0, 0.0, 0.0, 1.0],
                [1.0, 0.0, -0.0, -5e-06, -0.0, 0.0, -1.0, 0.000946, 0.0, 1.0, 0.0, 0.707845, 0.0, 0.0, 0.0, 1.0],
                [1.0, 0.0, -0.0, -5e-06, -0.0, 0.0, -1.0, 0.000946, 0.0, 1.0, 0.0, 0.71092, 0.0, 0.0, 0.0, 1.0],
                [1.0, 0.0, -0.0, -5e-06, -0.0, 0.0, -1.0, 0.000946, 0.0, 1.0, 0.0, 0.719869, 0.0, 0.0, 0.0, 1.0],
                [1.0, 0.0, -0.0, -5e-06, -0.0, 0.0, -1.0, 0.000946, 0.0, 1.0, 0.0, 0.732733, 0.0, 0.0, 0.0, 1.0],
                [1.0, 0.0, -0.0, -5e-06, -0.0, 0.0, -1.0, 0.000946, 0.0, 1.0, 0.0, 0.745598, 0.0, 0.0, 0.0, 1.0],
                [1.0, 0.0, -0.0, -5e-06, -0.0, 0.0, -1.0, 0.000946, 0.0, 1.0, 0.0, 0.754547, 0.0, 0.0, 0.0, 1.0],
                [1.0, 0.0, -0.0, -5e-06, -0.0, 0.0, -1.0, 0.000946, 0.0, 1.0, 0.0, 0.757621, 0.0, 0.0, 0.0, 1.0]
            ]
        },
        {
            "name": "Thigh_R",
            "time": [0.0, 0.0167, 0.0333, 0.05, 0.0667, 0.0833, 0.1, 0.1167, 0.1333, 0.15, 0.1667, 0.1833, 0.2, 0.2167, 0.2333, 0.25, 0.2667, 0.2833, 0.3, 0.3167, 0.3333, 0.35, 0.3667, 0.3833, 0.4, 0.4167, 0.4333, 0.45, 0.4667, 0.4833, 0.5, 0.5167, 0.5333, 0.55, 0.5667, 0.5833, 0.6, 0.6167, 0.6333, 0.65, 0.6667, 0.6833, 0.7, 0.7167, 0.7333, 0.75, 0.7667, 0.7833, 0.8],
            "transform": [
                [0.999905, 0.011933, 0.006942, 0.124994, 0.005617, -0.811024, 0.584986, -0.002831, 0.012611, -0.584891, -0.811014, -1.2e-05, 0.0, 0.0, 0.0, 1.0],
                [0.999898, 0.013895, 0.003356, 0.124994, 0.00924, -0.807387, 0.58995, -0.002831, 0.010907, -0.589858, -0.807433, -1.2e-05, 0.0, 0.0, 0.0, 1.0],
                [0.999787, 0.019302, -0.007325, 0.124994, 0.019822, -0.798312, 0.601917, -0.002831, 0.00577, -0.601934, -0.798525, -1.2e-05, 0.0, 0.0, 0.0, 1.0],
                [0.99938, 0.026481, -0.023191, 0.124994, 0.035134, -0.790818, 0.611042, -0.002831, -0.002159, -0.611478, -0.791258, -1.2e-05, 0.0, 0.0, 0.0, 1.0],
                [0.998669, 0.033429, -0.039285, 0.124994, 0.050409, -0.794065, 0.605738, -0.002831, -0.010945, -0.606912, -0.794694, -1.2e-05, 0.0, 0.0, 0.0, 1.0],
                [0.998004, 0.038655, -0.049932, 0.124994, 0.060524, -0.81105, 0.581837, -0.002831, -0.018006, -0.583697, -0.811772, -1.2e-05, 0.0, 0.0, 0.0, 1.0],
                [0.997798, 0.04077, -0.052305, 0.124994, 0.062735, -0.835984, 0.545156, -0.002831, -0.0215, -0.547238, -0.836701, -1.2e-05, 0.0, 0.0, 0.0, 1.0],
                [0.998317, 0.03709, -0.04458, 0.124994, 0.054387, -0.865629, 0.497724, -0.002831, -0.020129, -0.499311, -0.866189, -1.2e-05, 0.0, 0.0, 0.0, 1.0],
                [0.999387, 0.023974, -0.025496, 0.124994, 0.032058, -0.91935, 0.392132, -0.002831, -0.014038, -0.392709, -0.919556, -1.2e-05, 0.0, 0.0, 0.0, 1.0],
                [0.999982, 0.004058, -0.00436, 0.124994, 0.005435, -0.921022, 0.389472, -0.002831, -0.002435, -0.389489, -0.921028, -1.2e-05, 0.0, 0.0, 0.0, 1.0],
                [0.999741, -0.015408, 0.016729, 0.124994, -0.020815, -0.916297, 0.399957, -0.002831, 0.009166, -0.400202, -0.916381, -1.2e-05, 0.0, 0.0, 0.0, 1.0],
                [0.999084, -0.029012, 0.031455, 0.124994, -0.039299, -0.912958, 0.406157, -0.002831, 0.016934, -0.407021, -0.913262, -1.2e-05, 0.0, 0.0, 0.0, 1.0],
                [0.998758, -0.033884, 0.036534, 0.124994, -0.045901, -0.910942, 0.409973, -0.002831, 0.019389, -0.41114, -0.911366, -1.2e-05, 0.0, 0.0, 0.0, 1.0],
                [0.99907, -0.022364, 0.036867, 0.124994, -0.038376, -0.851005, 0.523754, -0.002831, 0.019661, -0.524682, -0.851072, -1.2e-05, 0.0, 0.0, 0.0, 1.0],
                [0.999554, -0.010408, 0.027972, 0.124994, -0.02496, -0.805384, 0.592228, -0.002831, 0.016365, -0.592662, -0.805285, -1.2e-05, 0.0, 0.0, 0.0, 1.0],
                [0.999916, 0.002135, 0.012771, 0.124994, -0.006604, -0.764285, 0.644844, -0.002831, 0.011137, -0.644874, -0.764208, -1.2e-05, 0.0, 0.0, 0.0, 1.0],
                [0.999912, 0.012747, -0.003639, 0.124994, 0.01181, -0.731861, 0.681352, -0.002831, 0.006022, -0.681335, -0.731947, -1.2e-05, 0.0, 0.0, 0.0, 1.0],
                [0.999685, 0.019718, -0.015542, 0.124994, 0.024959, -0.713281, 0.700434, -0.002831, 0.002725, -0.700601, -0.713548, -1.2e-05, 0.0, 0.0, 0.0, 1.0],
                [0.999542, 0.022784, -0.019921, 0.124994, 0.030207, -0.710271, 0.70328, -0.002831, 0.001874, -0.70356, -0.710634, -1.2e-05, 0.0, 0.0, 0.0, 1.0],
                [0.999521, 0.023858, -0.019723, 0.124994, 0.030911, -0.735109, 0.677244, -0.002831, 0.001659, -0.677529, -0.735494, -1.2e-05, 0.0, 0.0, 0.0, 1.0],
                [0.999537, 0.024434, -0.018115, 0.124994, 0.030416, -0.798457, 0.601282, -0.002831, 0.000228, -0.601555, -0.798831, -1.2e-05, 0.0, 0.0, 0.0, 1.0],
                [0.999598, 0.023969, -0.015116, 0.124994, 0.028256, -0.883418, 0.467733, -0.002831, -0.002143, -0.467973, -0.88374, -1.2e-05, 0.0, 0.0, 0.0, 1.0],
                [0.999694, 0.021995, -0.01127, 0.124994, 0.024298, -0.958056, 0.285547, -0.002831, -0.004517, -0.285734, -0.958298, -1.2e-05, 0.0, 0.0, 0.0, 1.0],
                [0.999802, 0.018474, -0.007364, 0.124994, 0.01899, -0.996801, 0.077636, -0.002831, -0.005906, -0.077761, -0.996955, -1.2e-05, 0.0, 0.0, 0.0, 1.0],
                [0.999904, 0.013286, -0.003839, 0.124994, 0.01258, -0.989108, -0.146652, -0.002831, -0.005745, 0.14659, -0.989181, -1.2e-05, 0.0, 0.0, 0.0, 1.0],
                [0.999908, 0.013204, -0.003151, 0.124994, 0.012355, -0.981364, -0.191759, -0.002831, -0.005624, 0.191703, -0.981437, -1.2e-05, 0.0, 0.0, 0.0, 1.0],
                [0.99991, 0.013171, -0.002612, 0.124994, 0.012242, -0.974107, -0.225756, -0.002831, -0.005518, 0.225704, -0.974181, -1.2e-05, 0.0, 0.0, 0.0, 1.0],
                [0.99991, 0.013194, -0.002201, 0.124994, 0.012227, -0.968268, -0.249613, -0.002831, -0.005425, 0.249564, -0.968343, -1.2e-05, 0.0, 0.0, 0.0, 1.0],
                [0.99991, 0.013251, -0.001875, 0.124994, 0.01227, -0.963645, -0.266902, -0.002831, -0.005343, 0.266855, -0.963722, -1.2e-05, 0.0, 0.0, 0.0, 1.0],
                [0.99991, 0.013301, -0.001577, 0.124994, 0.012314, -0.959192, -0.282486, -0.002831, -0.00527, 0.282441, -0.95927, -1.2e-05, 0.0, 0.0, 0.0, 1.0],
                [0.99991, 0.013315, -0.001265, 0.124994, 0.012322, -0.953867, -0.299976, -0.002831, -0.005201, 0.299934, -0.953946, -1.2e-05, 0.0, 0.0, 0.0, 1.0],
                [0.999911, 0.013308, -0.000957, 0.124994, 0.012313, -0.948067, -0.317831, -0.002831, -0.005137, 0.317791, -0.948147, -1.2e-05, 0.0, 0.0, 0.0, 1.0],
                [0.999911, 0.013309, -0.000686, 0.124994, 0.01232, -0.942832, -0.333041, -0.002831, -0.005079, 0.333002, -0.942912, -1.2e-05, 0.0, 0.0, 0.0, 1.0],
                [0.999911, 0.013314, -0.000454, 0.124994, 0.012336, -0.938257, -0.345719, -0.002831, -0.005029, 0.345683, -0.938338, -1.2e-05, 0.0, 0.0, 0.0, 1.0],
                [0.999911, 0.013315, -0.000254, 0.124994, 0.012349, -0.934147, -0.356673, -0.002831, -0.004986, 0.356638, -0.934229, -1.2e-05, 0.0, 0.0, 0.0, 1.0],
                [0.999911, 0.013302, -7.2e-05, 0.124994, 0.012347, -0.930107, -0.367081, -0.002831, -0.00495, 0.367047, -0.930189, -1.2e-05, 0.0, 0.0, 0.0, 1.0],
                [0.999912, 0.013271, 0.000105, 0.124994, 0.012327, -0.925791, -0.377833, -0.002831, -0.004917, 0.377801, -0.925874, -1.2e-05, 0.0, 0.0, 0.0, 1.0],
                [0.999912, 0.013221, 0.000294, 0.124994, 0.012289, -0.92076, -0.389935, -0.002831, -0.004884, 0.389905, -0.920842, -1.2e-05, 0.0, 0.0, 0.0, 1.0],
                [0.999913, 0.013154, 0.000499, 0.124994, 0.012238, -0.914938, -0.403407, -0.002831, -0.00485, 0.403378, -0.915021, -1.2e-05, 0.0, 0.0, 0.0, 1.0],
                [0.999914, 0.013081, 0.000692, 0.124994, 0.01218, -0.909047, -0.416514, -0.002831, -0.004819, 0.416487, -0.909129, -1.2e-05, 0.0, 0.0, 0.0, 1.0],
                [0.999915, 0.013016, 0.000844, 0.124994, 0.012129, -0.904167, -0.427007, -0.002831, -0.004795, 0.42698, -0.904248, -1.2e-05, 0.0, 0.0, 0.0, 1.0],
                [0.999915, 0.012974, 0.000934, 0.124994, 0.012097, -0.901138, -0.433363, -0.002831, -0.004781, 0.433337, -0.901219, -1.2e-05, 0.0, 0.0, 0.0, 1.0],
                [0.999915, 0.01296, 0.000962, 0.124994, 0.012086, -0.900169, -0.435373, -0.002831, -0.004776, 0.435348, -0.90025, -1.2e-05, 0.0, 0.0, 0.0, 1.0],
                [0.999931, 0.011731, 0.000519, 0.124994, 0.010906, -0.911458, -0.411247, -0.002831, -0.004352, 0.411224, -0.911524, -1.2e-05, 0.0, 0.0, 0.0, 1.0],
                [0.999844, 0.01726, -0.003802, 0.124994, 0.016952, -0.997397, -0.070078, -0.002831, -0.005002, 0.070002, -0.997534, -1.2e-05, 0.0, 0.0, 0.0, 1.0],
                [0.999854, 0.016524, -0.004253, 0.124994, 0.017054, -0.975564, 0.219054, -0.002831, -0.00053, -0.219095, -0.975703, -1.2e-05, 0.0, 0.0, 0.0, 1.0],
                [0.9999, 0.014111, -0.000267, 0.124994, 0.012834, -0.90127, 0.433067, -0.002831, 0.00587, -0.433027, -0.901362, -1.2e-05, 0.0, 0.0, 0.0, 1.0],
                [0.999911, 0.012451, 0.00479, 0.124994, 0.00776, -0.834922, 0.550313, -0.002831, 0.010851, -0.550227, -0.834945, -1.2e-05, 0.0, 0.0, 0.0, 1.0],
                [0.999905, 0.011933, 0.006942, 0.124994, 0.005617, -0.811024, 0.584986, -0.002831, 0.012611, -0.584891, -0.811014, -1.2e-05, 0.0, 0.0, 0.0, 1.0]
            ]
        },
        {
            "name": "Leg_R",
            "time": [0.0, 0.0167, 0.0333, 0.05, 0.0667, 0.0833, 0.1, 0.1167, 0.1333, 0.15, 0.1667, 0.1833, 0.2, 0.2167, 0.2333, 0.25, 0.2667, 0.2833, 0.3, 0.3167, 0.3333, 0.35, 0.3667, 0.3833, 0.4, 0.4167, 0.4333, 0.45, 0.4667, 0.4833, 0.5, 0.5167, 0.5333, 0.55, 0.5667, 0.5833, 0.6, 0.6167, 0.6333, 0.65, 0.6667, 0.6833, 0.7, 0.7167, 0.7333, 0.75, 0.7667, 0.7833, 0.8],
            "transform": [
                [0.999287, -0.032308, -0.019567, 0.0, 0.032409, 0.467363, 0.883471, 0.374721, -0.019398, -0.883475, 0.468076, -0.0, 0.0, 0.0, 0.0, 1.0],
                [0.999304, -0.032058, -0.019103, -0.0, 0.032159, 0.480069, 0.876641, 0.374721, -0.018933, -0.876645, 0.480766, 0.0, 0.0, 0.0, 0.0, 1.0],
                [0.99936, -0.031159, -0.017554, -0.0, 0.031257, 0.522487, 0.852074, 0.374721, -0.017379, -0.852077, 0.523127, -0.0, 0.0, 0.0, 0.0, 1.0],
                [0.999463, -0.029264, -0.014761, 0.0, 0.029356, 0.598952, 0.800246, 0.374721, -0.014577, -0.80025, 0.59949, -0.0, 0.0, 0.0, 0.0, 1.0],
                [0.999599, -0.026064, -0.011037, 0.0, 0.026146, 0.700942, 0.712739, 0.374721, -0.010841, -0.712742, 0.701343, -0.0, 0.0, 0.0, 0.0, 1.0],
                [0.999739, -0.021683, -0.007238, 0.0, 0.021752, 0.804947, 0.592948, 0.374721, -0.007031, -0.592951, 0.805208, -0.0, 0.0, 0.0, 0.0, 1.0],
                [0.999849, -0.016867, -0.004238, -0.0, 0.01692, 0.887112, 0.461244, 0.374721, -0.004021, -0.461246, 0.887263, -0.0, 0.0, 0.0, 0.0, 1.0],
                [0.999932, -0.011494, -0.001969, 0.0, 0.011531, 0.949246, 0.314324, 0.374721, -0.001744, -0.314325, 0.949314, -0.0, 0.0, 0.0, 0.0, 1.0],
                [0.999999, -0.001473, -0.000145, 0.0, 0.001478, 0.999187, 0.040283, 0.374721, 8.5e-05, -0.040284, 0.999188, 0.0, 0.0, 0.0, 0.0, 1.0],
                [1.0, -1.6e-05, -0.000115, -0.0, 1.6e-05, 1.0, 0.000435, 0.374721, 0.000115, -0.000435, 1.0, -0.0, 0.0, 0.0, 0.0, 1.0],
                [1.0, -1.6e-05, -0.000115, -0.0, 1.6e-05, 1.0, 0.000435, 0.374721, 0.000115, -0.000435, 1.0, 0.0, 0.0, 0.0, 0.0, 1.0],
                [1.0, -1.6e-05, -0.000115, 0.0, 1.6e-05, 1.0, 0.000435, 0.374721, 0.000115, -0.000435, 1.0, 0.0, 0.0, 0.0, 0.0, 1.0],
                [1.0, -1.6e-05, -0.000115, -0.0, 1.6e-05, 1.0, 0.000434, 0.374721, 0.000115, -0.000435, 1.0, 0.0, 0.0, 0.0, 0.0, 1.0],
                [0.999958, -0.009048, -0.001252, 0.0, 0.009077, 0.968863, 0.24743, 0.374721, -0.001026, -0.247431, 0.968905, 0.0, 0.0, 0.0, 0.0, 1.0],
                [0.99989, -0.014509, -0.003117, 0.0, 0.014555, 0.917807, 0.39676, 0.374721, -0.002896, -0.396761, 0.917917, -0.0, 0.0, 0.0, 0.0, 1.0],
                [0.999806, -0.018947, -0.005407, 0.0, 0.019006, 0.855106, 0.518104, 0.374721, -0.005193, -0.518106, 0.8553, -0.0, 0.0, 0.0, 0.0, 1.0],
                [0.999714, -0.022556, -0.007902, -0.0, 0.022627, 0.78678, 0.616818, 0.374721, -0.007696, -0.616821, 0.787066, -0.0, 0.0, 0.0, 0.0, 1.0],
                [0.999626, -0.025315, -0.010296, -0.0, 0.025394, 0.721215, 0.692246, 0.374721, -0.010098, -0.692249, 0.721588, 0.0, 0.0, 0.0, 0.0, 1.0],
                [0.999551, -0.027292, -0.012348, -0.0, 0.027377, 0.665042, 0.746304, 0.374721, -0.012156, -0.746307, 0.665491, 0.0, 0.0, 0.0, 0.0, 1.0],
                [0.999509, -0.02828, -0.013504, -0.0, 0.028369, 0.633376, 0.773324, 0.374721, -0.013316, -0.773328, 0.633867, 0.0, 0.0, 0.0, 0.0, 1.0],
                [0.99953, -0.027795, -0.012925, -0.0, 0.027882, 0.649245, 0.760068, 0.374721, -0.012735, -0.760071, 0.649715, 0.0, 0.0, 0.0, 0.0, 1.0],
                [0.999629, -0.025249, -0.010233, 0.0, 0.025329, 0.722934, 0.690452, 0.374721, -0.010035, -0.690455, 0.723306, 0.0, 0.0, 0.0, 0.0, 1.0],
                [0.999782, -0.019981, -0.006057, -0.0, 0.020044, 0.837289, 0.546393, 0.374721, -0.005846, -0.546395, 0.837507, 0.0, 0.0, 0.0, 0.0, 1.0],
                [0.999929, -0.011708, -0.00204, 0.0, 0.011745, 0.947287, 0.320172, 0.374721, -0.001816, -0.320173, 0.947357, -0.0, 0.0, 0.0, 0.0, 1.0],
                [1.0, -1.6e-05, -0.000115, -0.0, 1.6e-05, 1.0, 0.000435, 0.374721, 0.000115, -0.000435, 1.0, 0.0, 0.0, 0.0, 0.0, 1.0],
                [1.0, -1.6e-05, -0.000115, 0.0, 1.6e-05, 1.0, 0.000435, 0.374721, 0.000115, -0.000435, 1.0, -0.0, 0.0, 0.0, 0.0, 1.0],
                [1.0, -1.6e-05, -0.000115, -0.0, 1.6e-05, 1.0, 0.000435, 0.374721, 0.000115, -0.000435, 1.0, 0.0, 0.0, 0.0, 0.0, 1.0],
                [1.0, -1.6e-05, -0.000115, 0.0, 1.6e-05, 1.0, 0.000435, 0.374721, 0.000115, -0.000435, 1.0, -0.0, 0.0, 0.0, 0.0, 1.0],
                [1.0, -1.6e-05, -0.000115, -0.0, 1.6e-05, 1.0, 0.000435, 0.374721, 0.000115, -0.000435, 1.0, 0.0, 0.0, 0.0, 0.0, 1.0],
                [1.0, -1.6e-05, -0.000115, 0.0, 1.6e-05, 1.0, 0.000434, 0.374721, 0.000115, -0.000434, 1.0, 0.0, 0.0, 0.0, 0.0, 1.0],
                [1.0, -1.6e-05, -0.000115, -0.0, 1.6e-05, 1.0, 0.000435, 0.374721, 0.000115, -0.000435, 1.0, -0.0, 0.0, 0.0, 0.0, 1.0],
                [1.0, -1.6e-05, -0.000115, 0.0, 1.6e-05, 1.0, 0.000435, 0.374721, 0.000115, -0.000435, 1.0, 0.0, 0.0, 0.0, 0.0, 1.0],
                [1.0, -1.6e-05, -0.000115, -0.0, 1.6e-05, 1.0, 0.000435, 0.374721, 0.000115, -0.000434, 1.0, 0.0, 0.0, 0.0, 0.0, 1.0],
                [1.0, -1.6e-05, -0.000115, -0.0, 1.6e-05, 1.0, 0.000434, 0.374721, 0.000115, -0.000434, 1.0, -0.0, 0.0, 0.0, 0.0, 1.0],
                [1.0, -1.6e-05, -0.000115, -0.0, 1.6e-05, 1.0, 0.000435, 0.374721, 0.000115, -0.000434, 1.0, 0.0, 0.0, 0.0, 0.0, 1.0],
                [1.0, -1.6e-05, -0.000115, -0.0, 1.6e-05, 1.0, 0.000435, 0.374721, 0.000115, -0.000435, 1.0, 0.0, 0.0, 0.0, 0.0, 1.0],
                [1.0, -1.6e-05, -0.000115, -0.0, 1.6e-05, 1.0, 0.000435, 0.374721, 0.000115, -0.000435, 1.0, -0.0, 0.0, 0.0, 0.0, 1.0],
                [1.0, -1.6e-05, -0.000115, 0.0, 1.6e-05, 1.0, 0.000435, 0.374721, 0.000115, -0.000435, 1.0, -0.0, 0.0, 0.0, 0.0, 1.0],
                [1.0, -1.6e-05, -0.000115, -0.0, 1.6e-05, 1.0, 0.000435, 0.374721, 0.000115, -0.000435, 1.0, -0.0, 0.0, 0.0, 0.0, 1.0],
                [1.0, -1.6e-05, -0.000115, 0.0, 1.6e-05, 1.0, 0.000435, 0.374721, 0.000115, -0.000435, 1.0, 0.0, 0.0, 0.0, 0.0, 1.0],
                [1.0, -1.6e-05, -0.000115, -0.0, 1.6e-05, 1.0, 0.000435, 0.374721, 0.000115, -0.000435, 1.0, -0.0, 0.0, 0.0, 0.0, 1.0],
                [1.0, -1.6e-05, -0.000115, -0.0, 1.6e-05, 1.0, 0.000435, 0.374721, 0.000115, -0.000435, 1.0, -0.0, 0.0, 0.0, 0.0, 1.0],
                [1.0, -1.6e-05, -0.000115, 0.0, 1.6e-05, 1.0, 0.000435, 0.374721, 0.000115, -0.000435, 1.0, -0.0, 0.0, 0.0, 0.0, 1.0],
                [1.0, -1.6e-05, -0.000115, 0.0, 1.6e-05, 1.0, 0.000435, 0.374721, 0.000115, -0.000435, 1.0, -0.0, 0.0, 0.0, 0.0, 1.0],
                [0.999808, -0.018865, -0.005357, 0.0, 0.018925, 0.856451, 0.515882, 0.374721, -0.005144, -0.515884, 0.856643, -0.0, 0.0, 0.0, 0.0, 1.0],
                [0.999535, -0.027683, -0.012794, -0.0, 0.02777, 0.652828, 0.756997, 0.374721, -0.012604, -0.757, 0.653293, 0.0, 0.0, 0.0, 0.0, 1.0],
                [0.99936, -0.031156, -0.017547, -0.0, 0.031254, 0.522661, 0.851968, 0.374721, -0.017372, -0.851971, 0.5233, 0.0, 0.0, 0.0, 0.0, 1.0],
                [0.999297, -0.032151, -0.019274, -0.0, 0.032252, 0.47539, 0.879184, 0.374721, -0.019104, -0.879188, 0.476093, -0.0, 0.0, 0.0, 0.0, 1.0],
                [0.999287, -0.032308, -0.019567, 0.0, 0.032409, 0.467363, 0.883471, 0.374721, -0.019398, -0.883475, 0.468076, -0.0, 0.0, 0.0, 0.0, 1.0]
            ]
        },
        {
            "name": "Knee_R",
            "time": [0.0, 0.0167, 0.0333, 0.05, 0.0667, 0.0833, 0.1, 0.1167, 0.1333, 0.15, 0.1667, 0.1833, 0.2, 0.2167, 0.2333, 0.25, 0.2667, 0.2833, 0.3, 0.3167, 0.3333, 0.35, 0.3667, 0.3833, 0.4, 0.4167, 0.4333, 0.45, 0.4667, 0.4833, 0.5, 0.5167, 0.5333, 0.55, 0.5667, 0.5833, 0.6, 0.6167, 0.6333, 0.65, 0.6667, 0.6833, 0.7, 0.7167, 0.7333, 0.75, 0.7667, 0.7833, 0.8],
            "transform": [
                [1.0, -5.7e-05, 5.7e-05, -3e-06, 5.7e-05, 0.001565, -0.999999, 0.422579, 5.7e-05, 0.999999, 0.001565, -7.5e-05, 0.0, 0.0, 0.0, 1.0],
                [1.0, -5.7e-05, 5.7e-05, -3e-06, 5.7e-05, 0.001565, -0.999999, 0.42134, 5.7e-05, 0.999999, 0.001565, -7.3e-05, 0.0, 0.0, 0.0, 1.0],
                [1.0, -5.7e-05, 5.7e-05, -2e-06, 5.7e-05, 0.001565, -0.999999, 0.41713, 5.7e-05, 0.999999, 0.001565, -6.6e-05, 0.0, 0.0, 0.0, 1.0],
                [1.0, -5.7e-05, 5.7e-05, -2e-06, 5.7e-05, 0.001565, -0.999999, 0.409195, 5.7e-05, 0.999999, 0.001565, -5.4e-05, 0.0, 0.0, 0.0, 1.0],
                [1.0, -5.7e-05, 5.7e-05, -1e-06, 5.7e-05, 0.001565, -0.999999, 0.397644, 5.7e-05, 0.999999, 0.001565, -3.6e-05, 0.0, 0.0, 0.0, 1.0],
                [1.0, -5.7e-05, 5.7e-05, -1e-06, 5.7e-05, 0.001565, -0.999999, 0.384003, 5.7e-05, 0.999999, 0.001565, -1.5e-05, 0.0, 0.0, 0.0, 1.0],
                [1.0, -5.7e-05, 5.7e-05, -0.0, 5.7e-05, 0.001565, -0.999999, 0.374721, 5.7e-05, 0.999999, 0.001565, -0.0, 0.0, 0.0, 0.0, 1.0],
                [1.0, -5.7e-05, 5.7e-05, 0.0, 5.7e-05, 0.001565, -0.999999, 0.374721, 5.7e-05, 0.999999, 0.001565, -0.0, 0.0, 0.0, 0.0, 1.0],
                [1.0, -5.7e-05, 5.7e-05, 0.0, 5.7e-05, 0.001565, -0.999999, 0.374721, 5.7e-05, 0.999999, 0.001565, 0.0, 0.0, 0.0, 0.0, 1.0],
                [1.0, -5.7e-05, 5.7e-05, -0.0, 5.7e-05, 0.001565, -0.999999, 0.374721, 5.7e-05, 0.999999, 0.001565, -0.0, 0.0, 0.0, 0.0, 1.0],
                [1.0, -5.7e-05, 5.7e-05, 0.0, 5.7e-05, 0.001565, -0.999999, 0.37472, 5.7e-05, 0.999999, 0.001565, 0.0, 0.0, 0.0, 0.0, 1.0],
                [1.0, -5.7e-05, 5.7e-05, 0.0, 5.7e-05, 0.001565, -0.999999, 0.374721, 5.7e-05, 0.999999, 0.001565, 0.0, 0.0, 0.0, 0.0, 1.0],
                [1.0, -5.7e-05, 5.7e-05, -0.0, 5.7e-05, 0.001565, -0.999999, 0.374721, 5.7e-05, 0.999999, 0.001565, 0.0, 0.0, 0.0, 0.0, 1.0],
                [1.0, -5.7e-05, 5.7e-05, 0.0, 5.7e-05, 0.001565, -0.999999, 0.374721, 5.7e-05, 0.999999, 0.001565, -0.0, 0.0, 0.0, 0.0, 1.0],
                [1.0, -5.7e-05, 5.7e-05, 0.0, 5.7e-05, 0.001565, -0.999999, 0.374721, 5.7e-05, 0.999999, 0.001565, 0.0, 0.0, 0.0, 0.0, 1.0],
                [1.0, -5.7e-05, 5.7e-05, -0.0, 5.7e-05, 0.001565, -0.999999, 0.37626, 5.7e-05, 0.999999, 0.001565, -2e-06, 0.0, 0.0, 0.0, 1.0],
                [1.0, -5.7e-05, 5.7e-05, -1e-06, 5.7e-05, 0.001565, -0.999999, 0.38658, 5.7e-05, 0.999999, 0.001565, -1.9e-05, 0.0, 0.0, 0.0, 1.0],
                [1.0, -5.7e-05, 5.7e-05, -1e-06, 5.7e-05, 0.001565, -0.999999, 0.395168, 5.7e-05, 0.999999, 0.001565, -3.2e-05, 0.0, 0.0, 0.0, 1.0],
                [1.0, -5.7e-05, 5.7e-05, -2e-06, 5.7e-05, 0.001565, -0.999999, 0.401866, 5.7e-05, 0.999999, 0.001565, -4.3e-05, 0.0, 0.0, 0.0, 1.0],
                [1.0, -5.7e-05, 5.7e-05, -2e-06, 5.7e-05, 0.001565, -0.999999, 0.405441, 5.7e-05, 0.999999, 0.001565, -4.8e-05, 0.0, 0.0, 0.0, 1.0],
                [1.0, -5.7e-05, 5.7e-05, -2e-06, 5.7e-05, 0.001565, -0.999999, 0.403665, 5.7e-05, 0.999999, 0.001565, -4.5e-05, 0.0, 0.0, 0.0, 1.0],
                [1.0, -5.7e-05, 5.7e-05, -1e-06, 5.7e-05, 0.001565, -0.999999, 0.394955, 5.7e-05, 0.999999, 0.001565, -3.2e-05, 0.0, 0.0, 0.0, 1.0],
                [1.0, -5.7e-05, 5.7e-05, -0.0, 5.7e-05, 0.001565, -0.999999, 0.379133, 5.7e-05, 0.999999, 0.001565, -7e-06, 0.0, 0.0, 0.0, 1.0],
                [1.0, -5.7e-05, 5.7e-05, 0.0, 5.7e-05, 0.001565, -0.999999, 0.374721, 5.7e-05, 0.999999, 0.001565, -0.0, 0.0, 0.0, 0.0, 1.0],
                [1.0, -5.7e-05, 5.7e-05, -0.0, 5.7e-05, 0.001565, -0.999999, 0.374721, 5.7e-05, 0.999999, 0.001565, -0.0, 0.0, 0.0, 0.0, 1.0],
                [1.0, -5.7e-05, 5.7e-05, 0.0, 5.7e-05, 0.001565, -0.999999, 0.374721, 5.7e-05, 0.999999, 0.001565, 0.0, 0.0, 0.0, 0.0, 1.0],
                [1.0, -5.7e-05, 5.7e-05, 0.0, 5.7e-05, 0.001565, -0.999999, 0.374721, 5.7e-05, 0.999999, 0.001565, 0.0, 0.0, 0.0, 0.0, 1.0],
                [1.0, -5.7e-05, 5.7e-05, 0.0, 5.7e-05, 0.001565, -0.999999, 0.374721, 5.7e-05, 0.999999, 0.001565, -0.0, 0.0, 0.0, 0.0, 1.0],
                [1.0, -5.7e-05, 5.7e-05, -0.0, 5.7e-05, 0.001565, -0.999999, 0.374721, 5.7e-05, 0.999999, 0.001565, 0.0, 0.0, 0.0, 0.0, 1.0],
                [1.0, -5.7e-05, 5.7e-05, 0.0, 5.7e-05, 0.001565, -0.999999, 0.374721, 5.7e-05, 0.999999, 0.001565, 0.0, 0.0, 0.0, 0.0, 1.0],
                [1.0, -5.7e-05, 5.7e-05, -0.0, 5.7e-05, 0.001565, -0.999999, 0.374721, 5.7e-05, 0.999999, 0.001565, -0.0, 0.0, 0.0, 0.0, 1.0],
                [1.0, -5.7e-05, 5.7e-05, 0.0, 5.7e-05, 0.001565, -0.999999, 0.374721, 5.7e-05, 0.999999, 0.001565, 0.0, 0.0, 0.0, 0.0, 1.0],
                [1.0, -5.7e-05, 5.7e-05, -0.0, 5.7e-05, 0.001565, -0.999999, 0.374721, 5.7e-05, 0.999999, 0.001565, 0.0, 0.0, 0.0, 0.0, 1.0],
                [1.0, -5.7e-05, 5.7e-05, -0.0, 5.7e-05, 0.001565, -0.999999, 0.374721, 5.7e-05, 0.999999, 0.001565, -0.0, 0.0, 0.0, 0.0, 1.0],
                [1.0, -5.7e-05, 5.7e-05, -0.0, 5.7e-05, 0.001565, -0.999999, 0.374721, 5.7e-05, 0.999999, 0.001565, 0.0, 0.0, 0.0, 0.0, 1.0],
                [1.0, -5.7e-05, 5.7e-05, -0.0, 5.7e-05, 0.001565, -0.999999, 0.374721, 5.7e-05, 0.999999, 0.001565, -0.0, 0.0, 0.0, 0.0, 1.0],
                [1.0, -5.7e-05, 5.7e-05, 0.0, 5.7e-05, 0.001565, -0.999999, 0.374721, 5.7e-05, 0.999999, 0.001565, -0.0, 0.0, 0.0, 0.0, 1.0],
                [1.0, -5.7e-05, 5.7e-05, 0.0, 5.7e-05, 0.001565, -0.999999, 0.374721, 5.7e-05, 0.999999, 0.001565, -0.0, 0.0, 0.0, 0.0, 1.0],
                [1.0, -5.7e-05, 5.7e-05, -0.0, 5.7e-05, 0.001565, -0.999999, 0.374721, 5.7e-05, 0.999999, 0.001565, 0.0, 0.0, 0.0, 0.0, 1.0],
                [1.0, -5.7e-05, 5.7e-05, 0.0, 5.7e-05, 0.001565, -0.999999, 0.374721, 5.7e-05, 0.999999, 0.001565, 0.0, 0.0, 0.0, 0.0, 1.0],
                [1.0, -5.7e-05, 5.7e-05, 0.0, 5.7e-05, 0.001565, -0.999999, 0.374721, 5.7e-05, 0.999999, 0.001565, 0.0, 0.0, 0.0, 0.0, 1.0],
                [1.0, -5.7e-05, 5.7e-05, -0.0, 5.7e-05, 0.001565, -0.999999, 0.374721, 5.7e-05, 0.999999, 0.001565, -0.0, 0.0, 0.0, 0.0, 1.0],
                [1.0, -5.7e-05, 5.7e-05, 0.0, 5.7e-05, 0.001565, -0.999999, 0.374721, 5.7e-05, 0.999999, 0.001565, 0.0, 0.0, 0.0, 0.0, 1.0],
                [1.0, -5.7e-05, 5.7e-05, 0.0, 5.7e-05, 0.001565, -0.999999, 0.374721, 5.7e-05, 0.999999, 0.001565, -0.0, 0.0, 0.0, 0.0, 1.0],
                [1.0, -5.7e-05, 5.7e-05, -0.0, 5.7e-05, 0.001565, -0.999999, 0.376037, 5.7e-05, 0.999999, 0.001565, -2e-06, 0.0, 0.0, 0.0, 1.0],
                [1.0, -5.7e-05, 5.7e-05, -2e-06, 5.7e-05, 0.001565, -0.999999, 0.40326, 5.7e-05, 0.999999, 0.001565, -4.5e-05, 0.0, 0.0, 0.0, 1.0],
                [1.0, -5.7e-05, 5.7e-05, -2e-06, 5.7e-05, 0.001565, -0.999999, 0.417113, 5.7e-05, 0.999999, 0.001565, -6.6e-05, 0.0, 0.0, 0.0, 1.0],
                [1.0, -5.7e-05, 5.7e-05, -3e-06, 5.7e-05, 0.001565, -0.999999, 0.421797, 5.7e-05, 0.999999, 0.001565, -7.4e-05, 0.0, 0.0, 0.0, 1.0],
                [1.0, -5.7e-05, 5.7e-05, -3e-06, 5.7e-05, 0.001565, -0.999999, 0.422579, 5.7e-05, 0.999999, 0.001565, -7.5e-05, 0.0, 0.0, 0.0, 1.0]
            ]
        },
        {
            "name": "Thigh_L",
            "time": [0.0, 0.0167, 0.0333, 0.05, 0.0667, 0.0833, 0.1, 0.1167, 0.1333, 0.15, 0.1667, 0.1833, 0.2, 0.2167, 0.2333, 0.25, 0.2667, 0.2833, 0.3, 0.3167, 0.3333, 0.35, 0.3667, 0.3833, 0.4, 0.4167, 0.4333, 0.45, 0.4667, 0.4833, 0.5, 0.5167, 0.5333, 0.55, 0.5667, 0.5833, 0.6, 0.6167, 0.6333, 0.65, 0.6667, 0.6833, 0.7, 0.7167, 0.7333, 0.75, 0.7667, 0.7833, 0.8],
            "transform": [
                [0.999818, 0.016974, -0.008678, -0.125006, 0.017348, -0.998835, 0.04503, -0.002831, -0.007903, -0.045172, -0.998948, -1.2e-05, 0.0, 0.0, 0.0, 1.0],
                [0.999811, 0.017517, -0.008444, -0.125006, 0.017694, -0.999616, 0.021335, -0.002831, -0.008067, -0.021481, -0.999737, -1.2e-05, 0.0, 0.0, 0.0, 1.0],
                [0.999789, 0.019325, -0.006921, -0.125006, 0.018671, -0.996246, -0.08453, -0.002831, -0.008529, 0.084383, -0.996397, -1.2e-05, 0.0, 0.0, 0.0, 1.0],
                [0.999758, 0.021234, -0.005701, -0.125006, 0.019987, -0.985816, -0.166636, -0.002831, -0.009159, 0.166482, -0.986002, -1.2e-05, 0.0, 0.0, 0.0, 1.0],
                [0.999728, 0.022826, -0.004761, -0.125006, 0.021186, -0.974503, -0.223372, -0.002831, -0.009739, 0.22321, -0.974722, -1.2e-05, 0.0, 0.0, 0.0, 1.0],
                [0.999709, 0.023806, -0.003805, -0.125006, 0.021896, -0.962648, -0.269867, -0.002831, -0.010087, 0.269706, -0.96289, -1.2e-05, 0.0, 0.0, 0.0, 1.0],
                [0.999707, 0.024015, -0.003083, -0.125006, 0.021988, -0.953794, -0.299654, -0.002831, -0.010137, 0.299498, -0.954043, -1.2e-05, 0.0, 0.0, 0.0, 1.0],
                [0.999753, 0.022107, -0.002384, -0.125006, 0.020204, -0.947965, -0.317732, -0.002831, -0.009284, 0.317605, -0.948178, -1.2e-05, 0.0, 0.0, 0.0, 1.0],
                [0.999856, 0.016883, -0.001531, -0.125006, 0.015432, -0.943855, -0.33, -0.002831, -0.007017, 0.329928, -0.94398, -1.2e-05, 0.0, 0.0, 0.0, 1.0],
                [0.999955, 0.009408, -0.000708, -0.125006, 0.008616, -0.941221, -0.337681, -0.002831, -0.003843, 0.33766, -0.94126, -1.2e-05, 0.0, 0.0, 0.0, 1.0],
                [0.999998, 0.00186, -9.5e-05, -0.125006, 0.001715, -0.939131, -0.343553, -0.002831, -0.000728, 0.343552, -0.939133, -1.2e-05, 0.0, 0.0, 0.0, 1.0],
                [0.999994, -0.003467, 0.000192, -0.125006, -0.003179, -0.936448, -0.350791, -0.002831, 0.001396, 0.350788, -0.936454, -1.2e-05, 0.0, 0.0, 0.0, 1.0],
                [0.999986, -0.005329, 0.000184, -0.125006, -0.004903, -0.932418, -0.361347, -0.002831, 0.002097, 0.361341, -0.932431, -1.2e-05, 0.0, 0.0, 0.0, 1.0],
                [0.999989, -0.004647, 5.1e-05, -0.125006, -0.004286, -0.926488, -0.3763, -0.002831, 0.001796, 0.376296, -0.926498, -1.2e-05, 0.0, 0.0, 0.0, 1.0],
                [0.999997, -0.002608, -4.1e-05, -0.125006, -0.002412, -0.918482, -0.395455, -0.002831, 0.000994, 0.395454, -0.918485, -1.2e-05, 0.0, 0.0, 0.0, 1.0],
                [1.0, 0.000358, 4.6e-05, -0.125006, 0.000344, -0.909336, -0.416062, -0.002831, -0.000107, 0.416061, -0.909337, -1.2e-05, 0.0, 0.0, 0.0, 1.0],
                [0.999994, 0.003348, 0.00032, -0.125006, 0.003156, -0.901005, -0.433796, -0.002831, -0.001164, 0.433794, -0.901011, -1.2e-05, 0.0, 0.0, 0.0, 1.0],
                [0.999985, 0.005439, 0.000607, -0.125006, 0.005141, -0.895472, -0.445088, -0.002831, -0.001878, 0.445085, -0.895487, -1.2e-05, 0.0, 0.0, 0.0, 1.0],
                [0.999981, 0.006159, 0.000722, -0.125006, 0.005828, -0.893628, -0.44877, -0.002831, -0.002119, 0.448766, -0.893647, -1.2e-05, 0.0, 0.0, 0.0, 1.0],
                [0.999984, 0.005729, -0.000296, -0.125006, 0.005382, -0.954848, -0.297045, -0.002831, -0.001984, 0.297039, -0.954863, -1.2e-05, 0.0, 0.0, 0.0, 1.0],
                [0.999991, 0.004168, -0.001265, -0.125006, 0.004066, -0.997404, -0.071899, -0.002831, -0.001561, 0.071893, -0.997411, -1.2e-05, 0.0, 0.0, 0.0, 1.0],
                [0.999998, 0.001892, -0.001164, -0.125006, 0.002059, -0.986171, 0.165716, -0.002831, -0.000835, -0.165718, -0.986173, -1.2e-05, 0.0, 0.0, 0.0, 1.0],
                [1.0, -0.000119, 0.000127, -0.125006, -0.000158, -0.928357, 0.371689, -0.002831, 7.4e-05, -0.371689, -0.928357, -1.2e-05, 0.0, 0.0, 0.0, 1.0],
                [0.999998, -0.001199, 0.001713, -0.125006, -0.001907, -0.859292, 0.511482, -0.002831, 0.000859, -0.511484, -0.859293, -1.2e-05, 0.0, 0.0, 0.0, 1.0],
                [0.999996, -0.001425, 0.002497, -0.125006, -0.002617, -0.810688, 0.585472, -0.002831, 0.001191, -0.585477, -0.810689, -1.2e-05, 0.0, 0.0, 0.0, 1.0],
                [0.999996, -0.001349, 0.002624, -0.125006, -0.002687, -0.783507, 0.621377, -0.002831, 0.001218, -0.621381, -0.783508, -1.2e-05, 0.0, 0.0, 0.0, 1.0],
                [0.999996, -0.00132, 0.002683, -0.125006, -0.002727, -0.770225, 0.637766, -0.002831, 0.001224, -0.637771, -0.770225, -1.2e-05, 0.0, 0.0, 0.0, 1.0],
                [0.999996, -0.001331, 0.00268, -0.125006, -0.002737, -0.769029, 0.639208, -0.002831, 0.001211, -0.639213, -0.769029, -1.2e-05, 0.0, 0.0, 0.0, 1.0],
                [0.999996, -0.001364, 0.002644, -0.125006, -0.002728, -0.774752, 0.632259, -0.002831, 0.001186, -0.632263, -0.774753, -1.2e-05, 0.0, 0.0, 0.0, 1.0],
                [0.999996, -0.001401, 0.002604, -0.125006, -0.002719, -0.781966, 0.623314, -0.002831, 0.001163, -0.623319, -0.781967, -1.2e-05, 0.0, 0.0, 0.0, 1.0],
                [0.999996, -0.001435, 0.002581, -0.125006, -0.00272, -0.787804, 0.61592, -0.002831, 0.00115, -0.615924, -0.787805, -1.2e-05, 0.0, 0.0, 0.0, 1.0],
                [0.999996, -0.00148, 0.002559, -0.125006, -0.002727, -0.796145, 0.605099, -0.002831, 0.001142, -0.605104, -0.796146, -1.2e-05, 0.0, 0.0, 0.0, 1.0],
                [0.999996, -0.001558, 0.002511, -0.125006, -0.00273, -0.812684, 0.582697, -0.002831, 0.001133, -0.582702, -0.812685, -1.2e-05, 0.0, 0.0, 0.0, 1.0],
                [0.999996, -0.001675, 0.00243, -0.125006, -0.002728, -0.838404, 0.545042, -0.002831, 0.001124, -0.545047, -0.838405, -1.2e-05, 0.0, 0.0, 0.0, 1.0],
                [0.999996, -0.001823, 0.002312, -0.125006, -0.002724, -0.870897, 0.491458, -0.002831, 0.001117, -0.491462, -0.870898, -1.2e-05, 0.0, 0.0, 0.0, 1.0],
                [0.999996, -0.001989, 0.002163, -0.125006, -0.00272, -0.905273, 0.424821, -0.002831, 0.001113, -0.424825, -0.905275, -1.2e-05, 0.0, 0.0, 0.0, 1.0],
                [0.999996, -0.002083, 0.002071, -0.125006, -0.002719, -0.923071, 0.38462, -0.002831, 0.00111, -0.384623, -0.923073, -1.2e-05, 0.0, 0.0, 0.0, 1.0],
                [0.999996, -0.002004, 0.002154, -0.125006, -0.002726, -0.906522, 0.42215, -0.002831, 0.001107, -0.422154, -0.906524, -1.2e-05, 0.0, 0.0, 0.0, 1.0],
                [0.999996, -0.001963, 0.002193, -0.125006, -0.002729, -0.897659, 0.440683, -0.002831, 0.001103, -0.440687, -0.89766, -1.2e-05, 0.0, 0.0, 0.0, 1.0],
                [0.999996, -0.001927, 0.002222, -0.125006, -0.002728, -0.890141, 0.455677, -0.002831, 0.0011, -0.455682, -0.890142, -1.2e-05, 0.0, 0.0, 0.0, 1.0],
                [0.999996, -0.001888, 0.002247, -0.125006, -0.002723, -0.882633, 0.470054, -0.002831, 0.001096, -0.470058, -0.882635, -1.2e-05, 0.0, 0.0, 0.0, 1.0],
                [0.999996, -0.001847, 0.002268, -0.125006, -0.002714, -0.875057, 0.484011, -0.002831, 0.00109, -0.484015, -0.875059, -1.2e-05, 0.0, 0.0, 0.0, 1.0],
                [0.999996, -0.001806, 0.002282, -0.125006, -0.002701, -0.86796, 0.496626, -0.002831, 0.001084, -0.49663, -0.867962, -1.2e-05, 0.0, 0.0, 0.0, 1.0],
                [0.999999, -0.000742, 0.000967, -0.125006, -0.001128, -0.864962, 0.501836, -0.002831, 0.000464, -0.501836, -0.864962, -1.2e-05, 0.0, 0.0, 0.0, 1.0],
                [0.999994, 0.00217, -0.002602, -0.125006, 0.00314, -0.882352, 0.470579, -0.002831, -0.001275, -0.470585, -0.882354, -1.2e-05, 0.0, 0.0, 0.0, 1.0],
                [0.999956, 0.006572, -0.006663, -0.125006, 0.008615, -0.924534, 0.381002, -0.002831, -0.003657, -0.381043, -0.92455, -1.2e-05, 0.0, 0.0, 0.0, 1.0],
                [0.999893, 0.01155, -0.009016, -0.125006, 0.013408, -0.96941, 0.245081, -0.002831, -0.005909, -0.245175, -0.969461, -1.2e-05, 0.0, 0.0, 0.0, 1.0],
                [0.999838, 0.015477, -0.009153, -0.125006, 0.016386, -0.99386, 0.109419, -0.002831, -0.007403, -0.109551, -0.993954, -1.2e-05, 0.0, 0.0, 0.0, 1.0],
                [0.999818, 0.016974, -0.008678, -0.125006, 0.017348, -0.998835, 0.04503, -0.002831, -0.007903, -0.045172, -0.998948, -1.2e-05, 0.0, 0.0, 0.0, 1.0]
            ]
        },
        {
            "name": "Leg_L",
            "time": [0.0, 0.0167, 0.0333, 0.05, 0.0667, 0.0833, 0.1, 0.1167, 0.1333, 0.15, 0.1667, 0.1833, 0.2, 0.2167, 0.2333, 0.25, 0.2667, 0.2833, 0.3, 0.3167, 0.3333, 0.35, 0.3667, 0.3833, 0.4, 0.4167, 0.4333, 0.45, 0.4667, 0.4833, 0.5, 0.5167, 0.5333, 0.55, 0.5667, 0.5833, 0.6, 0.6167, 0.6333, 0.65, 0.6667, 0.6833, 0.7, 0.7167, 0.7333, 0.75, 0.7667, 0.7833, 0.8],
            "transform": [
                [1.0, 1.7e-05, 3e-06, -0.0, -1.7e-05, 0.975455, 0.220199, 0.374721, 1e-06, -0.220199, 0.975455, -0.0, 0.0, 0.0, 0.0, 1.0],
                [1.0, 1.5e-05, 2e-06, 0.0, -1.5e-05, 0.980332, 0.197358, 0.374721, 1e-06, -0.197358, 0.980331, 0.0, 0.0, 0.0, 0.0, 1.0],
                [1.0, 4e-06, 1e-06, 0.0, -4e-06, 0.998287, 0.058509, 0.374721, -1e-06, -0.058509, 0.998287, -0.0, 0.0, 0.0, 0.0, 1.0],
                [1.0, 0.0, 1e-06, 0.0, -0.0, 1.0, 0.000403, 0.374721, -1e-06, -0.000403, 1.0, -0.0, 0.0, 0.0, 0.0, 1.0],
                [1.0, 0.0, 1e-06, 0.0, -0.0, 1.0, 0.000403, 0.374721, -1e-06, -0.000403, 1.0, 0.0, 0.0, 0.0, 0.0, 1.0],
                [1.0, 0.0, 1e-06, 0.0, -0.0, 1.0, 0.000403, 0.374721, -1e-06, -0.000404, 1.0, 0.0, 0.0, 0.0, 0.0, 1.0],
                [1.0, 0.0, 1e-06, -0.0, -0.0, 1.0, 0.000404, 0.374721, -1e-06, -0.000404, 1.0, 0.0, 0.0, 0.0, 0.0, 1.0],
                [1.0, 0.0, 1e-06, -0.0, -0.0, 1.0, 0.000404, 0.374721, -1e-06, -0.000404, 1.0, 0.0, 0.0, 0.0, 0.0, 1.0],
                [1.0, 0.0, 1e-06, -0.0, -0.0, 1.0, 0.000404, 0.374721, -1e-06, -0.000404, 1.0, -0.0, 0.0, 0.0, 0.0, 1.0],
                [1.0, 0.0, 1e-06, 0.0, -0.0, 1.0, 0.000404, 0.374721, -1e-06, -0.000404, 1.0, 0.0, 0.0, 0.0, 0.0, 1.0],
                [1.0, 0.0, 1e-06, 0.0, -0.0, 1.0, 0.000404, 0.374721, -1e-06, -0.000404, 1.0, -0.0, 0.0, 0.0, 0.0, 1.0],
                [1.0, 0.0, 1e-06, 0.0, -0.0, 1.0, 0.000403, 0.374721, -1e-06, -0.000403, 1.0, 0.0, 0.0, 0.0, 0.0, 1.0],
