{
    "animation": [
        {
            "name": "Root",
            "time": [0.0, 0.0167, 0.0333, 0.05, 0.0667, 0.0833, 0.1, 0.1167, 0.1333, 0.15, 0.1667, 0.1833, 0.2, 0.2167, 0.2333, 0.25, 0.2667, 0.2833, 0.3, 0.3167, 0.3333, 0.35, 0.3667, 0.3833, 0.4, 0.4167, 0.4333, 0.45, 0.4667, 0.4833, 0.5, 0.5167, 0.5333, 0.55, 0.5667, 0.5833, 0.6, 0.6167, 0.6333, 0.65, 0.6667, 0.6833, 0.7, 0.7167, 0.7333, 0.75, 0.7667, 0.7833, 0.8, 0.8167, 0.8333, 0.85, 0.8667, 0.8833, 0.9, 0.9167, 0.9333, 0.95, 0.9667, 0.9833, 1.0, 1.0167, 1.0333, 1.05, 1.0667, 1.0833, 1.1, 1.1167, 1.1333, 1.15, 1.1667, 1.1833, 1.2, 1.2167, 1.2333, 1.25, 1.2667, 1.2833, 1.3, 1.3167, 1.3333, 1.35, 1.3667, 1.3833, 1.4, 1.4167, 1.4333, 1.45, 1.4667, 1.4833, 1.5, 1.5167, 1.5333, 1.55, 1.5667, 1.5833, 1.6],
            "transform": [
                [1.0, 0.0, -0.0, -5e-06, -0.0, 0.0, -1.0, 0.000946, 0.0, 1.0, 0.0, 0.757621, 0.0, 0.0, 0.0, 1.0],
                [1.0, 0.0, -0.0, -5e-06, -0.0, 0.0, -1.0, 0.000946, 0.0, 1.0, 0.0, 0.757688, 0.0, 0.0, 0.0, 1.0],
                [1.0, 0.0, -0.0, -5e-06, -0.0, 0.0, -1.0, 0.000946, 0.0, 1.0, 0.0, 0.757887, 0.0, 0.0, 0.0, 1.0],
                [1.0, 0.0, -0.0, -5e-06, -0.0, 0.0, -1.0, 0.000946, 0.0, 1.0, 0.0, 0.758216, 0.0, 0.0, 0.0, 1.0],
                [1.0, 0.0, -0.0, -5e-06, -0.0, 0.0, -1.0, 0.000946, 0.0, 1.0, 0.0, 0.758661, 0.0, 0.0, 0.0, 1.0],
                [1.0, 0.0, -0.0, -5e-06, -0.0, 0.0, -1.0, 0.000946, 0.0, 1.0, 0.0, 0.759193, 0.0, 0.0, 0.0, 1.0],
                [1.0, 0.0, -0.0, -5e-06, -0.0, 0.0, -1.0, 0.000946, 0.0, 1.0, 0.0, 0.759773, 0.0, 0.0, 0.0, 1.0],
                [1.0, 0.0, -0.0, -5e-06, -0.0, 0.0, -1.0, 0.000946, 0.0, 1.0, 0.0, 0.760353, 0.0, 0.0, 0.0, 1.0],
                [1.0, 0.0, -0.0, -5e-06, -0.0, 0.0, -1.0, 0.000946, 0.0, 1.0, 0.0, 0.760885, 0.0, 0.0, 0.0, 1.0],
                [1.0, 0.0, -0.0, -5e-06, -0.0, 0.0, -1.0, 0.000946, 0.0, 1.0, 0.0, 0.76133, 0.0, 0.0, 0.0, 1.0],
                [1.0, 0.0, -0.0, -5e-06, -0.0, 0.0, -1.0, 0.000946, 0.0, 1.0, 0.0, 0.761659, 0.0, 0.0, 0.0, 1.0],
                [1.0, 0.0, -0.0, -5e-06, -0.0, 0.0, -1.0, 0.000946, 0.0, 1.0, 0.0, 0.761859, 0.0, 0.0, 0.0, 1.0],
                [1.0, 0.0, -0.0, -5e-06, -0.0, 0.0, -1.0, 0.000946, 0.0, 1.0, 0.0, 0.761925, 0.0, 0.0, 0.0, 1.0],
                [1.0, 0.0, -0.0, -5e-06, -0.0, 0.0, -1.0, 0.000946, 0.0, 1.0, 0.0, 0.761651, 0.0, 0.0, 0.0, 1.0],
                [1.0, 0.0, -0.0, -5e-06, -0.0, 0.0, -1.0, 0.000946, 0.0, 1.0, 0.0, 0.760799, 0.0, 0.0, 0.0, 1.0],
                [1.0, 0.0, -0.0, -5e-06, -0.0, 0.0, -1.0, 0.000946, 0.0, 1.0, 0.0, 0.75933, 0.0, 0.0, 0.0, 1.0],
                [1.0, 0.0, -0.0, -5e-06, -0.0, 0.0, -1.0, 0.000946, 0.0, 1.0, 0.0, 0.757237, 0.0, 0.0, 0.0, 1.0],
                [1.0, 0.0, -0.0, -5e-06, -0.0, 0.0, -1.0, 0.000946, 0.0, 1.0, 0.0, 0.754556, 0.0, 0.0, 0.0, 1.0],
                [1.0, 0.0, -0.0, -5e-06, -0.0, 0.0, -1.0, 0.000946, 0.0, 1.0, 0.0, 0.751374, 0.0, 0.0, 0.0, 1.0],
                [1.0, 0.0, -0.0, -5e-06, -0.0, 0.0, -1.0, 0.000946, 0.0, 1.0, 0.0, 0.747825, 0.0, 0.0, 0.0, 1.0],
                [1.0, 0.0, -0.0, -5e-06, -0.0, 0.0, -1.0, 0.000946, 0.0, 1.0, 0.0, 0.744069, 0.0, 0.0, 0.0, 1.0],
                [1.0, 0.0, -0.0, -5e-06, -0.0, 0.0, -1.0, 0.000946, 0.0, 1.0, 0.0, 0.740265, 0.0, 0.0, 0.0, 1.0],
                [1.0, 0.0, -0.0, -5e-06, -0.0, 0.0, -1.0, 0.000946, 0.0, 1.0, 0.0, 0.736546, 0.0, 0.0, 0.0, 1.0],
                [1.0, 0.0, -0.0, -5e-06, -0.0, 0.0, -1.0, 0.000946, 0.0, 1.0, 0.0, 0.733008, 0.0, 0.0, 0.0, 1.0],
                [1.0, 0.0, -0.0, -5e-06, -0.0, 0.0, -1.0, 0.000946, 0.0, 1.0, 0.0, 0.729713, 0.0, 0.0, 0.0, 1.0],
                [1.0, 0.0, -0.0, -5e-06, -0.0, 0.0, -1.0, 0.000946, 0.0, 1.0, 0.0, 0.726241, 0.0, 0.0, 0.0, 1.0],
                [1.0, 0.0, -0.0, -5e-06, -0.0, 0.0, -1.0, 0.000946, 0.0, 1.0, 0.0, 0.722172, 0.0, 0.0, 0.0, 1.0],
                [1.0, 0.0, -0.0, -5e-06, -0.0, 0.0, -1.0, 0.000946, 0.0, 1.0, 0.0, 0.717576, 0.0, 0.0, 0.0, 1.0],
                [1.0, 0.0, -0.0, -5e-06, -0.0, 0.0, -1.0, 0.000946, 0.0, 1.0, 0.0, 0.712589, 0.0, 0.0, 0.0, 1.0],
                [1.0, 0.0, -0.0, -5e-06, -0.0, 0.0, -1.0, 0.000946, 0.0, 1.0, 0.0, 0.707416, 0.0, 0.0, 0.0, 1.0],
                [1.0, 0.0, -0.0, -5e-06, -0.0, 0.0, -1.0, 0.000946, 0.0, 1.0, 0.0, 0.702323, 0.0, 0.0, 0.0, 1.0],
                [1.0, 0.0, -0.0, -5e-06, -0.0, 0.0, -1.0, 0.000946, 0.0, 1.0, 0.0, 0.697596, 0.0, 0.0, 0.0, 1.0],
                [1.0, 0.0, -0.0, -5e-06, -0.0, 0.0, -1.0, 0.000946, 0.0, 1.0, 0.0, 0.693498, 0.0, 0.0, 0.0, 1.0],
                [1.0, 0.0, -0.0, -5e-06, -0.0, 0.0, -1.0, 0.000946, 0.0, 1.0, 0.0, 0.690222, 0.0, 0.0, 0.0, 1.0],
                [1.0, 0.0, -0.0, -5e-06, -0.0, 0.0, -1.0, 0.000946, 0.0, 1.0, 0.0, 0.687877, 0.0, 0.0, 0.0, 1.0],
                [1.0, 0.0, -0.0, -5e-06, -0.0, 0.0, -1.0, 0.000946, 0.0, 1.0, 0.0, 0.686492, 0.0, 0.0, 0.0, 1.0],
                [1.0, 0.0, -0.0, -5e-06, -0.0, 0.0, -1.0, 0.000946, 0.0, 1.0, 0.0, 0.686043, 0.0, 0.0, 0.0, 1.0],
                [1.0, 0.0, -0.0, -5e-06, -0.0, 0.0, -1.0, 0.000946, 0.0, 1.0, 0.0, 0.687143, 0.0, 0.0, 0.0, 1.0],
                [1.0, 0.0, -0.0, -5e-06, -0.0, 0.0, -1.0, 0.000946, 0.0, 1.0, 0.0, 0.690464, 0.0, 0.0, 0.0, 1.0],
                [1.0, 0.0, -0.0, -5e-06, -0.0, 0.0, -1.0, 0.000946, 0.0, 1.0, 0.0, 0.695941, 0.0, 0.0, 0.0, 1.0],
                [1.0, 0.0, -0.0, -5e-06, -0.0, 0.0, -1.0, 0.000946, 0.0, 1.0, 0.0, 0.703333, 0.0, 0.0, 0.0, 1.0],
                [1.0, 0.0, -0.0, -5e-06, -0.0, 0.0, -1.0, 0.000946, 0.0, 1.0, 0.0, 0.712184, 0.0, 0.0, 0.0, 1.0],
                [1.0, 0.0, -0.0, -5e-06, -0.0, 0.0, -1.0, 0.000946, 0.0, 1.0, 0.0, 0.721832, 0.0, 0.0, 0.0, 1.0],
                [1.0, 0.0, -0.0, -5e-06, -0.0, 0.0, -1.0, 0.000946, 0.0, 1.0, 0.0, 0.73148, 0.0, 0.0, 0.0, 1.0],
                [1.0, 0.0, -0.0, -5e-06, -0.0, 0.0, -1.0, 0.000946, 0.0, 1.0, 0.0, 0.740331, 0.0, 0.0, 0.0, 1.0],
                [1.0, 0.0, -0.0, -5e-06, -0.0, 0.0, -1.0, 0.000946, 0.0, 1.0, 0.0, 0.747723, 0.0, 0.0, 0.0, 1.0],
                [1.0, 0.0, -0.0, -5e-06, -0.0, 0.0, -1.0, 0.000946, 0.0, 1.0, 0.0, 0.7532, 0.0, 0.0, 0.0, 1.0],
                [1.0, 0.0, -0.0, -5e-06, -0.0, 0.0, -1.0, 0.000946, 0.0, 1.0, 0.0, 0.756521, 0.0, 0.0, 0.0, 1.0],
                [1.0, 0.0, -0.0, -5e-06, -0.0, 0.0, -1.0, 0.000946, 0.0, 1.0, 0.0, 0.757621, 0.0, 0.0, 0.0, 1.0],
                [1.0, 0.0, -0.0, -5e-06, -0.0, 0.0, -1.0, 0.000946, 0.0, 1.0, 0.0, 0.757328, 0.0, 0.0, 0.0, 1.0],
                [1.0, 0.0, -0.0, -5e-06, -0.0, 0.0, -1.0, 0.000946, 0.0, 1.0, 0.0, 0.756424, 0.0, 0.0, 0.0, 1.0],
                [1.0, 0.0, -0.0, -5e-06, -0.0, 0.0, -1.0, 0.000946, 0.0, 1.0, 0.0, 0.754895, 0.0, 0.0, 0.0, 1.0],
                [1.0, 0.0, -0.0, -5e-06, -0.0, 0.0, -1.0, 0.000946, 0.0, 1.0, 0.0, 0.752764, 0.0, 0.0, 0.0, 1.0],
                [1.0, 0.0, -0.0, -5e-06, -0.0, 0.0, -1.0, 0.000946, 0.0, 1.0, 0.0, 0.750104, 0.0, 0.0, 0.0, 1.0],
                [1.0, 0.0, -0.0, -5e-06, -0.0, 0.0, -1.0, 0.000946, 0.0, 1.0, 0.0, 0.747044, 0.0, 0.0, 0.0, 1.0],
                [1.0, 0.0, -0.0, -5e-06, -0.0, 0.0, -1.0, 0.000946, 0.0, 1.0, 0.0, 0.743759, 0.0, 0.0, 0.0, 1.0],
                [1.0, 0.0, -0.0, -5e-06, -0.0, 0.0, -1.0, 0.000946, 0.0, 1.0, 0.0, 0.740437, 0.0, 0.0, 0.0, 1.0],
                [1.0, 0.0, -0.0, -5e-06, -0.0, 0.0, -1.0, 0.000946, 0.0, 1.0, 0.0, 0.737251, 0.0, 0.0, 0.0, 1.0],
                [1.0, 0.0, -0.0, -5e-06, -0.0, 0.0, -1.0, 0.000946, 0.0, 1.0, 0.0, 0.734336, 0.0, 0.0, 0.0, 1.0],
                [1.0, 0.0, -0.0, -5e-06, -0.0, 0.0, -1.0, 0.000946, 0.0, 1.0, 0.0, 0.731778, 0.0, 0.0, 0.0, 1.0],
                [1.0, 0.0, -0.0, -5e-06, -0.0, 0.0, -1.0, 0.000946, 0.0, 1.0, 0.0, 0.729622, 0.0, 0.0, 0.0, 1.0],
                [1.0, 0.0, -0.0, -5e-06, -0.0, 0.0, -1.0, 0.000946, 0.0, 1.0, 0.0, 0.727653, 0.0, 0.0, 0.0, 1.0],
                [1.0, 0.0, -0.0, -5e-06, -0.0, 0.0, -1.0, 0.000946, 0.0, 1.0, 0.0, 0.725654, 0.0, 0.0, 0.0, 1.0],
                [1.0, 0.0, -0.0, -5e-06, -0.0, 0.0, -1.0, 0.000946, 0.0, 1.0, 0.0, 0.723648, 0.0, 0.0, 0.0, 1.0],
                [1.0, 0.0, -0.0, -5e-06, -0.0, 0.0, -1.0, 0.000946, 0.0, 1.0, 0.0, 0.721668, 0.0, 0.0, 0.0, 1.0],
                [1.0, 0.0, -0.0, -5e-06, -0.0, 0.0, -1.0, 0.000946, 0.0, 1.0, 0.0, 0.719754, 0.0, 0.0, 0.0, 1.0],
                [1.0, 0.0, -0.0, -5e-06, -0.0, 0.0, -1.0, 0.000946, 0.0, 1.0, 0.0, 0.71795, 0.0, 0.0, 0.0, 1.0],
                [1.0, 0.0, -0.0, -5e-06, -0.0, 0.0, -1.0, 0.000946, 0.0, 1.0, 0.0, 0.716297, 0.0, 0.0, 0.0, 1.0],
                [1.0, 0.0, -0.0, -5e-06, -0.0, 0.0, -1.0, 0.000946, 0.0, 1.0, 0.0, 0.714826, 0.0, 0.0, 0.0, 1.0],
                [1.0, 0.0, -0.0, -5e-06, -0.0, 0.0, -1.0, 0.000946, 0.0, 1.0, 0.0, 0.713552, 0.0, 0.0, 0.0, 1.0],
                [1.0, 0.0, -0.0, -5e-06, -0.0, 0.0, -1.0, 0.000946, 0.0, 1.0, 0.0, 0.712475, 0.0, 0.0, 0.0, 1.0],
                [1.0, 0.0, -0.0, -5e-06, -0.0, 0.0, -1.0, 0.000946, 0.0, 1.0, 0.0, 0.711584, 0.0, 0.0, 0.0, 1.0],
                [1.0, 0.0, -0.0, -5e-06, -0.0, 0.0, -1.0, 0.000946, 0.0, 1.0, 0.0, 0.710862, 0.0, 0.0, 0.0, 1.0],
                [1.0, 0.0, -0.0, -5e-06, -0.0, 0.0, -1.0, 0.000946, 0.0, 1.0, 0.0, 0.710245, 0.0, 0.0, 0.0, 1.0],
                [1.0, 0.0, -0.0, -5e-06, -0.0, 0.0, -1.0, 0.000946, 0.0, 1.0, 0.0, 0.709689, 0.0, 0.0, 0.0, 1.0],
                [1.0, 0.0, -0.0, -5e-06, -0.0, 0.0, -1.0, 0.000946, 0.0, 1.0, 0.0, 0.709203, 0.0, 0.0, 0.0, 1.0],
                [1.0, 0.0, -0.0, -5e-06, -0.0, 0.0, -1.0, 0.000946, 0.0, 1.0, 0.0, 0.708794, 0.0, 0.0, 0.0, 1.0],
                [1.0, 0.0, -0.0, -5e-06, -0.0, 0.0, -1.0, 0.000946, 0.0, 1.0, 0.0, 0.708467, 0.0, 0.0, 0.0, 1.0],
                [1.0, 0.0, -0.0, -5e-06, -0.0, 0.0, -1.0, 0.000946, 0.0, 1.0, 0.0, 0.708222, 0.0, 0.0, 0.0, 1.0],
                [1.0, 0.0, -0.0, -5e-06, -0.0, 0.0, -1.0, 0.000946, 0.0, 1.0, 0.0, 0.708052, 0.0, 0.0, 0.0, 1.0],
                [1.0, 0.0, -0.0, -5e-06, -0.0, 0.0, -1.0, 0.000946, 0.0, 1.0, 0.0, 0.707944, 0.0, 0.0, 0.0, 1.0],
                [1.0, 0.0, -0.0, -5e-06, -0.0, 0.0, -1.0, 0.000946, 0.0, 1.0, 0.0, 0.707884, 0.0, 0.0, 0.0, 1.0],
                [1.0, 0.0, -0.0, -5e-06, -0.0, 0.0, -1.0, 0.000946, 0.0, 1.0, 0.0, 0.707856, 0.0, 0.0, 0.0, 1.0],
                [1.0, 0.0, -0.0, -5e-06, -0.0, 0.0, -1.0, 0.000946, 0.0, 1.0, 0.0, 0.707846, 0.0, 0.0, 0.0, 1.0],
                [1.0, 0.0, -0.0, -5e-06, -0.0, 0.0, -1.0, 0.000946, 0.0, 1.0, 0.0, 0.707845, 0.0, 0.0, 0.0, 1.0],
                [1.0, 0.0, -0.0, -5e-06, -0.0, 0.0, -1.0, 0.000946, 0.0, 1.0, 0.0, 0.70861, 0.0, 0.0, 0.0, 1.0],
                [1.0, 0.0, -0.0, -5e-06, -0.0, 0.0, -1.0, 0.000946, 0.0, 1.0, 0.0, 0.71092, 0.0, 0.0, 0.0, 1.0],
                [1.0, 0.0, -0.0, -5e-06, -0.0, 0.0, -1.0, 0.000946, 0.0, 1.0, 0.0, 0.714728, 0.0, 0.0, 0.0, 1.0],
                [1.0, 0.0, -0.0, -5e-06, -0.0, 0.0, -1.0, 0.000946, 0.0, 1.0, 0.0, 0.719869, 0.0, 0.0, 0.0, 1.0],
                [1.0, 0.0, -0.0, -5e-06, -0.0, 0.0, -1.0, 0.000946, 0.0, 1.0, 0.0, 0.726024, 0.0, 0.0, 0.0, 1.0],
                [1.0, 0.0, -0.0, -5e-06, -0.0, 0.0, -1.0, 0.000946, 0.0, 1.0, 0.0, 0.732733, 0.0, 0.0, 0.0, 1.0],
                [1.0, 0.0, -0.0, -5e-06, -0.0, 0.0, -1.0, 0.000946, 0.0, 1.0, 0.0, 0.739442, 0.0, 0.0, 0.0, 1.0],
                [1.0, 0.0, -0.0, -5e-06, -0.0, 0.0, -1.0, 0.000946, 0.0, 1.0, 0.0, 0.745598, 0.0, 0.0, 0.0, 1.0],
                [1.0, 0.0, -0.0, -5e-06, -0.0, 0.0, -1.0, 0.000946, 0.0, 1.0, 0.0, 0.750738, 0.0, 0.0, 0.0, 1.0],
                [1.0, 0.0, -0.0, -5e-06, -0.0, 0.0, -1.0, 0.000946, 0.0, 1.0, 0.0, 0.754547, 0.0, 0.0, 0.0, 1.0],
                [1.0, 0.0, -0.0, -5e-06, -0.0, 0.0, -1.0, 0.000946, 0.0, 1.0, 0.0, 0.756856, 0.0, 0.0, 0.0, 1.0],
                [1.0, 0.0, -0.0, -5e-06, -0.0, 0.0, -1.0, 0.000946, 0.0, 1.0, 0.0, 0.757621, 0.0, 0.0, 0.0, 1.0]
            ]
        },
        {
            "name": "Thigh_R",
            "time": [0.0, 0.0167, 0.0333, 0.05, 0.0667, 0.0833, 0.1, 0.1167, 0.1333, 0.15, 0.1667, 0.1833, 0.2, 0.2167, 0.2333, 0.25, 0.2667, 0.2833, 0.3, 0.3167, 0.3333, 0.35, 0.3667, 0.3833, 0.4, 0.4167, 0.4333, 0.45, 0.4667, 0.4833, 0.5, 0.5167, 0.5333, 0.55, 0.5667, 0.5833, 0.6, 0.6167, 0.6333, 0.65, 0.6667, 0.6833, 0.7, 0.7167, 0.7333, 0.75, 0.7667, 0.7833, 0.8, 0.8167, 0.8333, 0.85, 0.8667, 0.8833, 0.9, 0.9167, 0.9333, 0.95, 0.9667, 0.9833, 1.0, 1.0167, 1.0333, 1.05, 1.0667, 1.0833, 1.1, 1.1167, 1.1333, 1.15, 1.1667, 1.1833, 1.2, 1.2167, 1.2333, 1.25, 1.2667, 1.2833, 1.3, 1.3167, 1.3333, 1.35, 1.3667, 1.3833, 1.4, 1.4167, 1.4333, 1.45, 1.4667, 1.4833, 1.5, 1.5167, 1.5333, 1.55, 1.5667, 1.5833, 1.6],
            "transform": [
                [0.999905, 0.011933, 0.006942, 0.124994, 0.005617, -0.811024, 0.584986, -0.002831, 0.012611, -0.584891, -0.811014, -1.2e-05, 0.0, 0.0, 0.0, 1.0],
                [0.999904, 0.012427, 0.006054, 0.124994, 0.006519, -0.810097, 0.58626, -0.002831, 0.01219, -0.586164, -0.810101, -1.2e-05, 0.0, 0.0, 0.0, 1.0],
                [0.999898, 0.013895, 0.003356, 0.124994, 0.00924, -0.807387, 0.58995, -0.002831, 0.010907, -0.589858, -0.807433, -1.2e-05, 0.0, 0.0, 0.0, 1.0],
                [0.999867, 0.016248, -0.001146, 0.124994, 0.013735, -0.803223, 0.59552, -0.002831, 0.008755, -0.595457, -0.80334, -1.2e-05, 0.0, 0.0, 0.0, 1.0],
                [0.999787, 0.019302, -0.007325, 0.124994, 0.019822, -0.798312, 0.601917, -0.002831, 0.00577, -0.601934, -0.798525, -1.2e-05, 0.0, 0.0, 0.0, 1.0],
                [0.999629, 0.022804, -0.014857, 0.124994, 0.027138, -0.793736, 0.607656, -0.002831, 0.002065, -0.607834, -0.794061, -1.2e-05, 0.0, 0.0, 0.0, 1.0],
                [0.99938, 0.026481, -0.023191, 0.124994, 0.035134, -0.790818, 0.611042, -0.002831, -0.002159, -0.611478, -0.791258, -1.2e-05, 0.0, 0.0, 0.0, 1.0],
                [0.999048, 0.030088, -0.031599, 0.124994, 0.043129, -0.79067, 0.610721, -0.002831, -0.006609, -0.611503, -0.791215, -1.2e-05, 0.0, 0.0, 0.0, 1.0],
                [0.998669, 0.033429, -0.039285, 0.124994, 0.050409, -0.794065, 0.605738, -0.002831, -0.010945, -0.606912, -0.794694, -1.2e-05, 0.0, 0.0, 0.0, 1.0],
                [0.9983, 0.03634, -0.045558, 0.124994, 0.056356, -0.801025, 0.595972, -0.002831, -0.014836, -0.597527, -0.801712, -1.2e-05, 0.0, 0.0, 0.0, 1.0],
                [0.998004, 0.038655, -0.049932, 0.124994, 0.060524, -0.81105, 0.581837, -0.002831, -0.018006, -0.583697, -0.811772, -1.2e-05, 0.0, 0.0, 0.0, 1.0],
                [0.997828, 0.040194, -0.05218, 0.124994, 0.06267, -0.823122, 0.564396, -0.002831, -0.020265, -0.566441, -0.823853, -1.2e-05, 0.0, 0.0, 0.0, 1.0],
                [0.997798, 0.04077, -0.052305, 0.124994, 0.062735, -0.835984, 0.545156, -0.002831, -0.0215, -0.547238, -0.836701, -1.2e-05, 0.0, 0.0, 0.0, 1.0],
                [0.997955, 0.039918, -0.049921, 0.124994, 0.06019, -0.849725, 0.523779, -0.002831, -0.021511, -0.525713, -0.85039, -1.2e-05, 0.0, 0.0, 0.0, 1.0],
                [0.998317, 0.03709, -0.04458, 0.124994, 0.054387, -0.865629, 0.497724, -0.002831, -0.020129, -0.499311, -0.866189, -1.2e-05, 0.0, 0.0, 0.0, 1.0],
                [0.998823, 0.031987, -0.036455, 0.124994, 0.045254, -0.885019, 0.463351, -0.002831, -0.017442, -0.464455, -0.885425, -1.2e-05, 0.0, 0.0, 0.0, 1.0],
                [0.999387, 0.023974, -0.025496, 0.124994, 0.032058, -0.91935, 0.392132, -0.002831, -0.014038, -0.392709, -0.919556, -1.2e-05, 0.0, 0.0, 0.0, 1.0],
                [0.999782, 0.014277, -0.015224, 0.124994, 0.019013, -0.923869, 0.382237, -0.002831, -0.008608, -0.382443, -0.923939, -1.2e-05, 0.0, 0.0, 0.0, 1.0],
                [0.999982, 0.004058, -0.00436, 0.124994, 0.005435, -0.921022, 0.389472, -0.002831, -0.002435, -0.389489, -0.921028, -1.2e-05, 0.0, 0.0, 0.0, 1.0],
                [0.999959, -0.006102, 0.006614, 0.124994, -0.00822, -0.918491, 0.395355, -0.002831, 0.003662, -0.395393, -0.918505, -1.2e-05, 0.0, 0.0, 0.0, 1.0],
                [0.999741, -0.015408, 0.016729, 0.124994, -0.020815, -0.916297, 0.399957, -0.002831, 0.009166, -0.400202, -0.916381, -1.2e-05, 0.0, 0.0, 0.0, 1.0],
                [0.999413, -0.023197, 0.025188, 0.124994, -0.031394, -0.914452, 0.403473, -0.002831, 0.013674, -0.404027, -0.914645, -1.2e-05, 0.0, 0.0, 0.0, 1.0],
                [0.999084, -0.029012, 0.031455, 0.124994, -0.039299, -0.912958, 0.406157, -0.002831, 0.016934, -0.407021, -0.913262, -1.2e-05, 0.0, 0.0, 0.0, 1.0],
                [0.998846, -0.032602, 0.03526, 0.124994, -0.044173, -0.911797, 0.408257, -0.002831, 0.018839, -0.409344, -0.912186, -1.2e-05, 0.0, 0.0, 0.0, 1.0],
                [0.998758, -0.033884, 0.036534, 0.124994, -0.045901, -0.910942, 0.409973, -0.002831, 0.019389, -0.41114, -0.911366, -1.2e-05, 0.0, 0.0, 0.0, 1.0],
                [0.998886, -0.027939, 0.038039, 0.124994, -0.042723, -0.877758, 0.477195, -0.002831, 0.020057, -0.478289, -0.877974, -1.2e-05, 0.0, 0.0, 0.0, 1.0],
                [0.99907, -0.022364, 0.036867, 0.124994, -0.038376, -0.851005, 0.523754, -0.002831, 0.019661, -0.524682, -0.851072, -1.2e-05, 0.0, 0.0, 0.0, 1.0],
                [0.999304, -0.016586, 0.033414, 0.124994, -0.032472, -0.827653, 0.5603, -0.002831, 0.018362, -0.560996, -0.827615, -1.2e-05, 0.0, 0.0, 0.0, 1.0],
                [0.999554, -0.010408, 0.027972, 0.124994, -0.02496, -0.805384, 0.592228, -0.002831, 0.016365, -0.592662, -0.805285, -1.2e-05, 0.0, 0.0, 0.0, 1.0],
                [0.999773, -0.004058, 0.020901, 0.124994, -0.016152, -0.78412, 0.620399, -0.002831, 0.013871, -0.620596, -0.784008, -1.2e-05, 0.0, 0.0, 0.0, 1.0],
                [0.999916, 0.002135, 0.012771, 0.124994, -0.006604, -0.764285, 0.644844, -0.002831, 0.011137, -0.644874, -0.764208, -1.2e-05, 0.0, 0.0, 0.0, 1.0],
                [0.99996, 0.007828, 0.004326, 0.124994, 0.002967, -0.746604, 0.665261, -0.002831, 0.008437, -0.665222, -0.746598, -1.2e-05, 0.0, 0.0, 0.0, 1.0],
                [0.999912, 0.012747, -0.003639, 0.124994, 0.01181, -0.731861, 0.681352, -0.002831, 0.006022, -0.681335, -0.731947, -1.2e-05, 0.0, 0.0, 0.0, 1.0],
                [0.999806, 0.016731, -0.010426, 0.124994, 0.019286, -0.720634, 0.693047, -0.002831, 0.004082, -0.693113, -0.720817, -1.2e-05, 0.0, 0.0, 0.0, 1.0],
                [0.999685, 0.019718, -0.015542, 0.124994, 0.024959, -0.713281, 0.700434, -0.002831, 0.002725, -0.700601, -0.713548, -1.2e-05, 0.0, 0.0, 0.0, 1.0],
                [0.999589, 0.021721, -0.018727, 0.124994, 0.02861, -0.709878, 0.703743, -0.002831, 0.001992, -0.703989, -0.710208, -1.2e-05, 0.0, 0.0, 0.0, 1.0],
                [0.999542, 0.022784, -0.019921, 0.124994, 0.030207, -0.710271, 0.70328, -0.002831, 0.001874, -0.70356, -0.710634, -1.2e-05, 0.0, 0.0, 0.0, 1.0],
                [0.999527, 0.02336, -0.019986, 0.124994, 0.030683, -0.717583, 0.695796, -0.002831, 0.001912, -0.696081, -0.717961, -1.2e-05, 0.0, 0.0, 0.0, 1.0],
                [0.999521, 0.023858, -0.019723, 0.124994, 0.030911, -0.735109, 0.677244, -0.002831, 0.001659, -0.677529, -0.735494, -1.2e-05, 0.0, 0.0, 0.0, 1.0],
                [0.999524, 0.024238, -0.019105, 0.124994, 0.030843, -0.762542, 0.646203, -0.002831, 0.001094, -0.646484, -0.762927, -1.2e-05, 0.0, 0.0, 0.0, 1.0],
                [0.999537, 0.024434, -0.018115, 0.124994, 0.030416, -0.798457, 0.601282, -0.002831, 0.000228, -0.601555, -0.798831, -1.2e-05, 0.0, 0.0, 0.0, 1.0],
                [0.999562, 0.02437, -0.016769, 0.124994, 0.029568, -0.840063, 0.541683, -0.002831, -0.000886, -0.541942, -0.840416, -1.2e-05, 0.0, 0.0, 0.0, 1.0],
                [0.999598, 0.023969, -0.015116, 0.124994, 0.028256, -0.883418, 0.467733, -0.002831, -0.002143, -0.467973, -0.88374, -1.2e-05, 0.0, 0.0, 0.0, 1.0],
                [0.999643, 0.023182, -0.013247, 0.124994, 0.026483, -0.924053, 0.381346, -0.002831, -0.003401, -0.381561, -0.924337, -1.2e-05, 0.0, 0.0, 0.0, 1.0],
                [0.999694, 0.021995, -0.01127, 0.124994, 0.024298, -0.958056, 0.285547, -0.002831, -0.004517, -0.285734, -0.958298, -1.2e-05, 0.0, 0.0, 0.0, 1.0],
                [0.999748, 0.020423, -0.009287, 0.124994, 0.021781, -0.98276, 0.183597, -0.002831, -0.005377, -0.183753, -0.982958, -1.2e-05, 0.0, 0.0, 0.0, 1.0],
                [0.999802, 0.018474, -0.007364, 0.124994, 0.01899, -0.996801, 0.077636, -0.002831, -0.005906, -0.077761, -0.996955, -1.2e-05, 0.0, 0.0, 0.0, 1.0],
                [0.999857, 0.015983, -0.005468, 0.124994, 0.015773, -0.999211, -0.03644, -0.002831, -0.006046, 0.036349, -0.999321, -1.2e-05, 0.0, 0.0, 0.0, 1.0],
                [0.999904, 0.013286, -0.003839, 0.124994, 0.01258, -0.989108, -0.146652, -0.002831, -0.005745, 0.14659, -0.989181, -1.2e-05, 0.0, 0.0, 0.0, 1.0],
                [0.999906, 0.01324, -0.003476, 0.124994, 0.012453, -0.985267, -0.17057, -0.002831, -0.005683, 0.170511, -0.985339, -1.2e-05, 0.0, 0.0, 0.0, 1.0],
                [0.999908, 0.013204, -0.003151, 0.124994, 0.012355, -0.981364, -0.191759, -0.002831, -0.005624, 0.191703, -0.981437, -1.2e-05, 0.0, 0.0, 0.0, 1.0],
                [0.999909, 0.01318, -0.002864, 0.124994, 0.012284, -0.977593, -0.210143, -0.002831, -0.005569, 0.210089, -0.977666, -1.2e-05, 0.0, 0.0, 0.0, 1.0],
                [0.99991, 0.013171, -0.002612, 0.124994, 0.012242, -0.974107, -0.225756, -0.002831, -0.005518, 0.225704, -0.974181, -1.2e-05, 0.0, 0.0, 0.0, 1.0],
                [0.99991, 0.013177, -0.002393, 0.124994, 0.012224, -0.970995, -0.238788, -0.002831, -0.00547, 0.238737, -0.971069, -1.2e-05, 0.0, 0.0, 0.0, 1.0],
                [0.99991, 0.013194, -0.002201, 0.124994, 0.012227, -0.968268, -0.249613, -0.002831, -0.005425, 0.249564, -0.968343, -1.2e-05, 0.0, 0.0, 0.0, 1.0],
                [0.99991, 0.013221, -0.002031, 0.124994, 0.012245, -0.96586, -0.258772, -0.002831, -0.005383, 0.258724, -0.965936, -1.2e-05, 0.0, 0.0, 0.0, 1.0],
                [0.99991, 0.013251, -0.001875, 0.124994, 0.01227, -0.963645, -0.266902, -0.002831, -0.005343, 0.266855, -0.963722, -1.2e-05, 0.0, 0.0, 0.0, 1.0],
                [0.99991, 0.013279, -0.001725, 0.124994, 0.012295, -0.961471, -0.27463, -0.002831, -0.005306, 0.274585, -0.961548, -1.2e-05, 0.0, 0.0, 0.0, 1.0],
                [0.99991, 0.013301, -0.001577, 0.124994, 0.012314, -0.959192, -0.282486, -0.002831, -0.00527, 0.282441, -0.95927, -1.2e-05, 0.0, 0.0, 0.0, 1.0],
                [0.99991, 0.013314, -0.001424, 0.124994, 0.012324, -0.956688, -0.290855, -0.002831, -0.005235, 0.290811, -0.956766, -1.2e-05, 0.0, 0.0, 0.0, 1.0],
                [0.99991, 0.013315, -0.001265, 0.124994, 0.012322, -0.953867, -0.299976, -0.002831, -0.005201, 0.299934, -0.953946, -1.2e-05, 0.0, 0.0, 0.0, 1.0],
                [0.999911, 0.01331, -0.001107, 0.124994, 0.012315, -0.950911, -0.30922, -0.002831, -0.005168, 0.309179, -0.95099, -1.2e-05, 0.0, 0.0, 0.0, 1.0],
                [0.999911, 0.013308, -0.000957, 0.124994, 0.012313, -0.948067, -0.317831, -0.002831, -0.005137, 0.317791, -0.948147, -1.2e-05, 0.0, 0.0, 0.0, 1.0],
                [0.999911, 0.013307, -0.000817, 0.124994, 0.012315, -0.945367, -0.325774, -0.002831, -0.005107, 0.325735, -0.945447, -1.2e-05, 0.0, 0.0, 0.0, 1.0],
                [0.999911, 0.013309, -0.000686, 0.124994, 0.01232, -0.942832, -0.333041, -0.002831, -0.005079, 0.333002, -0.942912, -1.2e-05, 0.0, 0.0, 0.0, 1.0],
                [0.999911, 0.013311, -0.000565, 0.124994, 0.012328, -0.940467, -0.339662, -0.002831, -0.005053, 0.339625, -0.940548, -1.2e-05, 0.0, 0.0, 0.0, 1.0],
                [0.999911, 0.013314, -0.000454, 0.124994, 0.012336, -0.938257, -0.345719, -0.002831, -0.005029, 0.345683, -0.938338, -1.2e-05, 0.0, 0.0, 0.0, 1.0],
                [0.999911, 0.013316, -0.000351, 0.124994, 0.012344, -0.936167, -0.351338, -0.002831, -0.005007, 0.351303, -0.936249, -1.2e-05, 0.0, 0.0, 0.0, 1.0],
                [0.999911, 0.013315, -0.000254, 0.124994, 0.012349, -0.934147, -0.356673, -0.002831, -0.004986, 0.356638, -0.934229, -1.2e-05, 0.0, 0.0, 0.0, 1.0],
                [0.999911, 0.013311, -0.000162, 0.124994, 0.01235, -0.932144, -0.361877, -0.002831, -0.004967, 0.361843, -0.932226, -1.2e-05, 0.0, 0.0, 0.0, 1.0],
                [0.999911, 0.013302, -7.2e-05, 0.124994, 0.012347, -0.930107, -0.367081, -0.002831, -0.00495, 0.367047, -0.930189, -1.2e-05, 0.0, 0.0, 0.0, 1.0],
                [0.999912, 0.013289, 1.7e-05, 0.124994, 0.012339, -0.927998, -0.372379, -0.002831, -0.004933, 0.372347, -0.928081, -1.2e-05, 0.0, 0.0, 0.0, 1.0],
                [0.999912, 0.013271, 0.000105, 0.124994, 0.012327, -0.925791, -0.377833, -0.002831, -0.004917, 0.377801, -0.925874, -1.2e-05, 0.0, 0.0, 0.0, 1.0],
                [0.999912, 0.013248, 0.000197, 0.124994, 0.01231, -0.923399, -0.383644, -0.002831, -0.004901, 0.383612, -0.923481, -1.2e-05, 0.0, 0.0, 0.0, 1.0],
                [0.999912, 0.013221, 0.000294, 0.124994, 0.012289, -0.92076, -0.389935, -0.002831, -0.004884, 0.389905, -0.920842, -1.2e-05, 0.0, 0.0, 0.0, 1.0],
                [0.999913, 0.013189, 0.000396, 0.124994, 0.012265, -0.917916, -0.396585, -0.002831, -0.004867, 0.396556, -0.917998, -1.2e-05, 0.0, 0.0, 0.0, 1.0],
                [0.999913, 0.013154, 0.000499, 0.124994, 0.012238, -0.914938, -0.403407, -0.002831, -0.00485, 0.403378, -0.915021, -1.2e-05, 0.0, 0.0, 0.0, 1.0],
                [0.999914, 0.013117, 0.000599, 0.124994, 0.012209, -0.911937, -0.410148, -0.002831, -0.004834, 0.41012, -0.912019, -1.2e-05, 0.0, 0.0, 0.0, 1.0],
                [0.999914, 0.013081, 0.000692, 0.124994, 0.01218, -0.909047, -0.416514, -0.002831, -0.004819, 0.416487, -0.909129, -1.2e-05, 0.0, 0.0, 0.0, 1.0],
                [0.999914, 0.013046, 0.000775, 0.124994, 0.012153, -0.906415, -0.422213, -0.002831, -0.004806, 0.422186, -0.906496, -1.2e-05, 0.0, 0.0, 0.0, 1.0],
                [0.999915, 0.013016, 0.000844, 0.124994, 0.012129, -0.904167, -0.427007, -0.002831, -0.004795, 0.42698, -0.904248, -1.2e-05, 0.0, 0.0, 0.0, 1.0],
                [0.999915, 0.012991, 0.000897, 0.124994, 0.01211, -0.902393, -0.430743, -0.002831, -0.004787, 0.430717, -0.902475, -1.2e-05, 0.0, 0.0, 0.0, 1.0],
                [0.999915, 0.012974, 0.000934, 0.124994, 0.012097, -0.901138, -0.433363, -0.002831, -0.004781, 0.433337, -0.901219, -1.2e-05, 0.0, 0.0, 0.0, 1.0],
                [0.999915, 0.012963, 0.000955, 0.124994, 0.012089, -0.900405, -0.434885, -0.002831, -0.004777, 0.434859, -0.900486, -1.2e-05, 0.0, 0.0, 0.0, 1.0],
                [0.999915, 0.01296, 0.000962, 0.124994, 0.012086, -0.900169, -0.435373, -0.002831, -0.004776, 0.435348, -0.90025, -1.2e-05, 0.0, 0.0, 0.0, 1.0],
                [0.999919, 0.012659, 0.000846, 0.124994, 0.011795, -0.903001, -0.429475, -0.002831, -0.004673, 0.429451, -0.903078, -1.2e-05, 0.0, 0.0, 0.0, 1.0],
                [0.999931, 0.011731, 0.000519, 0.124994, 0.010906, -0.911458, -0.411247, -0.002831, -0.004352, 0.411224, -0.911524, -1.2e-05, 0.0, 0.0, 0.0, 1.0],
                [0.999881, 0.015314, -0.001786, 0.124994, 0.014425, -0.97007, -0.242394, -0.002831, -0.005444, 0.24234, -0.970176, -1.2e-05, 0.0, 0.0, 0.0, 1.0],
                [0.999844, 0.01726, -0.003802, 0.124994, 0.016952, -0.997397, -0.070078, -0.002831, -0.005002, 0.070002, -0.997534, -1.2e-05, 0.0, 0.0, 0.0, 1.0],
                [0.999838, 0.017352, -0.00465, 0.124994, 0.017674, -0.996515, 0.081514, -0.002831, -0.003219, -0.081583, -0.996661, -1.2e-05, 0.0, 0.0, 0.0, 1.0],
                [0.999854, 0.016524, -0.004253, 0.124994, 0.017054, -0.975564, 0.219054, -0.002831, -0.00053, -0.219095, -0.975703, -1.2e-05, 0.0, 0.0, 0.0, 1.0],
                [0.999879, 0.015314, -0.002676, 0.124994, 0.015318, -0.941092, 0.337803, -0.002831, 0.002655, -0.337803, -0.941213, -1.2e-05, 0.0, 0.0, 0.0, 1.0],
                [0.9999, 0.014111, -0.000267, 0.124994, 0.012834, -0.90127, 0.433067, -0.002831, 0.00587, -0.433027, -0.901362, -1.2e-05, 0.0, 0.0, 0.0, 1.0],
                [0.999911, 0.013132, 0.002417, 0.124994, 0.01013, -0.863987, 0.503412, -0.002831, 0.008699, -0.503343, -0.864043, -1.2e-05, 0.0, 0.0, 0.0, 1.0],
                [0.999911, 0.012451, 0.00479, 0.124994, 0.00776, -0.834922, 0.550313, -0.002831, 0.010851, -0.550227, -0.834945, -1.2e-05, 0.0, 0.0, 0.0, 1.0],
                [0.999907, 0.012059, 0.006387, 0.124994, 0.00617, -0.816987, 0.576623, -0.002831, 0.012171, -0.57653, -0.816986, -1.2e-05, 0.0, 0.0, 0.0, 1.0],
                [0.999905, 0.011933, 0.006942, 0.124994, 0.005617, -0.811024, 0.584986, -0.002831, 0.012611, -0.584891, -0.811014, -1.2e-05, 0.0, 0.0, 0.0, 1.0]
            ]
        },
        {
            "name": "Leg_R",
            "time": [0.0, 0.0167, 0.0333, 0.05, 0.0667, 0.0833, 0.1, 0.1167, 0.1333, 0.15, 0.1667, 0.1833, 0.2, 0.2167, 0.2333, 0.25, 0.2667, 0.2833, 0.3, 0.3167, 0.3333, 0.35, 0.3667, 0.3833, 0.4, 0.4167, 0.4333, 0.45, 0.4667, 0.4833, 0.5, 0.5167, 0.5333, 0.55, 0.5667, 0.5833, 0.6, 0.6167, 0.6333, 0.65, 0.6667, 0.6833, 0.7, 0.7167, 0.7333, 0.75, 0.7667, 0.7833, 0.8, 0.8167, 0.8333, 0.85, 0.8667, 0.8833, 0.9, 0.9167, 0.9333, 0.95, 0.9667, 0.9833, 1.0, 1.0167, 1.0333, 1.05, 1.0667, 1.0833, 1.1, 1.1167, 1.1333, 1.15, 1.1667, 1.1833, 1.2, 1.2167, 1.2333, 1.25, 1.2667, 1.2833, 1.3, 1.3167, 1.3333, 1.35, 1.3667, 1.3833, 1.4, 1.4167, 1.4333, 1.45, 1.4667, 1.4833, 1.5, 1.5167, 1.5333, 1.55, 1.5667, 1.5833, 1.6],
            "transform": [
                [0.999287, -0.032308, -0.019567, 0.0, 0.032409, 0.467363, 0.883471, 0.374721, -0.019398, -0.883475, 0.468076, -0.0, 0.0, 0.0, 0.0, 1.0],
                [0.999291, -0.032248, -0.019455, -0.0, 0.03235, 0.470416, 0.881852, 0.374721, -0.019286, -0.881856, 0.471125, -0.0, 0.0, 0.0, 0.0, 1.0],
                [0.999304, -0.032058, -0.019103, -0.0, 0.032159, 0.480069, 0.876641, 0.374721, -0.018933, -0.876645, 0.480766, 0.0, 0.0, 0.0, 0.0, 1.0],
                [0.999326, -0.031708, -0.018479, 0.0, 0.031808, 0.49715, 0.867082, 0.374721, -0.018307, -0.867085, 0.497823, 0.0, 0.0, 0.0, 0.0, 1.0],
                [0.99936, -0.031159, -0.017554, -0.0, 0.031257, 0.522487, 0.852074, 0.374721, -0.017379, -0.852077, 0.523127, -0.0, 0.0, 0.0, 0.0, 1.0],
                [0.999406, -0.030362, -0.01631, -0.0, 0.030458, 0.556532, 0.830268, 0.374721, -0.016131, -0.830271, 0.557126, -0.0, 0.0, 0.0, 0.0, 1.0],
                [0.999463, -0.029264, -0.014761, 0.0, 0.029356, 0.598952, 0.800246, 0.374721, -0.014577, -0.80025, 0.59949, -0.0, 0.0, 0.0, 0.0, 1.0],
                [0.999528, -0.027835, -0.012971, 0.0, 0.027922, 0.647967, 0.761156, 0.374721, -0.012782, -0.76116, 0.648439, -0.0, 0.0, 0.0, 0.0, 1.0],
                [0.999599, -0.026064, -0.011037, 0.0, 0.026146, 0.700942, 0.712739, 0.374721, -0.010841, -0.712742, 0.701343, -0.0, 0.0, 0.0, 0.0, 1.0],
                [0.999671, -0.02399, -0.009086, -0.0, 0.024066, 0.754358, 0.656022, 0.374721, -0.008884, -0.656025, 0.754687, -0.0, 0.0, 0.0, 0.0, 1.0],
                [0.999739, -0.021683, -0.007238, 0.0, 0.021752, 0.804947, 0.592948, 0.374721, -0.007031, -0.592951, 0.805208, -0.0, 0.0, 0.0, 0.0, 1.0],
                [0.999799, -0.01926, -0.005599, 0.0, 0.01932, 0.849849, 0.526671, 0.374721, -0.005386, -0.526674, 0.85005, -0.0, 0.0, 0.0, 0.0, 1.0],
                [0.999849, -0.016867, -0.004238, -0.0, 0.01692, 0.887112, 0.461244, 0.374721, -0.004021, -0.461246, 0.887263, -0.0, 0.0, 0.0, 0.0, 1.0],
                [0.999892, -0.014382, -0.003062, -0.0, 0.014427, 0.919307, 0.393276, 0.374721, -0.002841, -0.393278, 0.919415, -0.0, 0.0, 0.0, 0.0, 1.0],
                [0.999932, -0.011494, -0.001969, 0.0, 0.011531, 0.949246, 0.314324, 0.374721, -0.001744, -0.314325, 0.949314, -0.0, 0.0, 0.0, 0.0, 1.0],
                [0.999968, -0.007936, -0.000987, 0.0, 0.007961, 0.976138, 0.217007, 0.374721, -0.000759, -0.217008, 0.97617, 0.0, 0.0, 0.0, 0.0, 1.0],
                [0.999999, -0.001473, -0.000145, 0.0, 0.001478, 0.999187, 0.040283, 0.374721, 8.5e-05, -0.040284, 0.999188, 0.0, 0.0, 0.0, 0.0, 1.0],
                [1.0, -1.6e-05, -0.000115, 0.0, 1.6e-05, 1.0, 0.000435, 0.374721, 0.000115, -0.000435, 1.0, -0.0, 0.0, 0.0, 0.0, 1.0],
                [1.0, -1.6e-05, -0.000115, -0.0, 1.6e-05, 1.0, 0.000435, 0.374721, 0.000115, -0.000435, 1.0, -0.0, 0.0, 0.0, 0.0, 1.0],
                [1.0, -1.6e-05, -0.000115, 0.0, 1.6e-05, 1.0, 0.000435, 0.374721, 0.000115, -0.000435, 1.0, -0.0, 0.0, 0.0, 0.0, 1.0],
                [1.0, -1.6e-05, -0.000115, -0.0, 1.6e-05, 1.0, 0.000435, 0.374721, 0.000115, -0.000435, 1.0, 0.0, 0.0, 0.0, 0.0, 1.0],
                [1.0, -1.6e-05, -0.000115, 0.0, 1.6e-05, 1.0, 0.000435, 0.374721, 0.000115, -0.000435, 1.0, 0.0, 0.0, 0.0, 0.0, 1.0],
                [1.0, -1.6e-05, -0.000115, 0.0, 1.6e-05, 1.0, 0.000435, 0.374721, 0.000115, -0.000435, 1.0, 0.0, 0.0, 0.0, 0.0, 1.0],
                [1.0, -1.6e-05, -0.000115, 0.0, 1.6e-05, 1.0, 0.000435, 0.374721, 0.000115, -0.000435, 1.0, -0.0, 0.0, 0.0, 0.0, 1.0],
                [1.0, -1.6e-05, -0.000115, -0.0, 1.6e-05, 1.0, 0.000434, 0.374721, 0.000115, -0.000435, 1.0, 0.0, 0.0, 0.0, 0.0, 1.0],
                [0.999986, -0.005348, -0.000508, -0.0, 0.005364, 0.989235, 0.146235, 0.374721, -0.000279, -0.146236, 0.98925, -0.0, 0.0, 0.0, 0.0, 1.0],
                [0.999958, -0.009048, -0.001252, 0.0, 0.009077, 0.968863, 0.24743, 0.374721, -0.001026, -0.247431, 0.968905, 0.0, 0.0, 0.0, 0.0, 1.0],
                [0.999926, -0.011948, -0.002122, -0.0, 0.011986, 0.945039, 0.326738, 0.374721, -0.001898, -0.326739, 0.945113, -0.0, 0.0, 0.0, 0.0, 1.0],
                [0.99989, -0.014509, -0.003117, 0.0, 0.014555, 0.917807, 0.39676, 0.374721, -0.002896, -0.396761, 0.917917, -0.0, 0.0, 0.0, 0.0, 1.0],
                [0.999849, -0.016831, -0.004219, 0.0, 0.016883, 0.887634, 0.460241, 0.374721, -0.004001, -0.460242, 0.887784, 0.0, 0.0, 0.0, 0.0, 1.0],
                [0.999806, -0.018947, -0.005407, 0.0, 0.019006, 0.855106, 0.518104, 0.374721, -0.005193, -0.518106, 0.8553, -0.0, 0.0, 0.0, 0.0, 1.0],
                [0.99976, -0.020858, -0.006648, 0.0, 0.020924, 0.821116, 0.570378, 0.374721, -0.006438, -0.570381, 0.821355, -0.0, 0.0, 0.0, 0.0, 1.0],
                [0.999714, -0.022556, -0.007902, -0.0, 0.022627, 0.78678, 0.616818, 0.374721, -0.007696, -0.616821, 0.787066, -0.0, 0.0, 0.0, 0.0, 1.0],
                [0.999669, -0.02404, -0.00913, -0.0, 0.024116, 0.753156, 0.6574, 0.374721, -0.008928, -0.657403, 0.753486, 0.0, 0.0, 0.0, 0.0, 1.0],
                [0.999626, -0.025315, -0.010296, -0.0, 0.025394, 0.721215, 0.692246, 0.374721, -0.010098, -0.692249, 0.721588, 0.0, 0.0, 0.0, 0.0, 1.0],
                [0.999587, -0.026392, -0.011374, -0.0, 0.026475, 0.691691, 0.721708, 0.374721, -0.01118, -0.721711, 0.692104, 0.0, 0.0, 0.0, 0.0, 1.0],
                [0.999551, -0.027292, -0.012348, -0.0, 0.027377, 0.665042, 0.746304, 0.374721, -0.012156, -0.746307, 0.665491, 0.0, 0.0, 0.0, 0.0, 1.0],
                [0.999523, -0.027947, -0.013104, -0.0, 0.028035, 0.644339, 0.764226, 0.374721, -0.012915, -0.764229, 0.644815, 0.0, 0.0, 0.0, 0.0, 1.0],
                [0.999509, -0.02828, -0.013504, -0.0, 0.028369, 0.633376, 0.773324, 0.374721, -0.013316, -0.773328, 0.633867, 0.0, 0.0, 0.0, 0.0, 1.0],
                [0.99951, -0.028251, -0.013469, 0.0, 0.028339, 0.634347, 0.772529, 0.374721, -0.013281, -0.772532, 0.634837, -0.0, 0.0, 0.0, 0.0, 1.0],
                [0.99953, -0.027795, -0.012925, -0.0, 0.027882, 0.649245, 0.760068, 0.374721, -0.012735, -0.760071, 0.649715, 0.0, 0.0, 0.0, 0.0, 1.0],
                [0.99957, -0.026827, -0.011836, -0.0, 0.026911, 0.679052, 0.733597, 0.374721, -0.011643, -0.7336, 0.679482, 0.0, 0.0, 0.0, 0.0, 1.0],
                [0.999629, -0.025249, -0.010233, 0.0, 0.025329, 0.722934, 0.690452, 0.374721, -0.010035, -0.690455, 0.723306, 0.0, 0.0, 0.0, 0.0, 1.0],
                [0.999702, -0.022983, -0.008241, -0.0, 0.023055, 0.777482, 0.628483, 0.374721, -0.008037, -0.628486, 0.777779, -0.0, 0.0, 0.0, 0.0, 1.0],
                [0.999782, -0.019981, -0.006057, -0.0, 0.020044, 0.837289, 0.546393, 0.374721, -0.005846, -0.546395, 0.837507, 0.0, 0.0, 0.0, 0.0, 1.0],
                [0.999861, -0.016231, -0.003915, 0.0, 0.016282, 0.895961, 0.443834, 0.374721, -0.003696, -0.443836, 0.8961, 0.0, 0.0, 0.0, 0.0, 1.0],
                [0.999929, -0.011708, -0.00204, 0.0, 0.011745, 0.947287, 0.320172, 0.374721, -0.001816, -0.320173, 0.947357, -0.0, 0.0, 0.0, 0.0, 1.0],
                [0.999982, -0.006023, -0.000614, -0.0, 0.006042, 0.986326, 0.164695, 0.374721, -0.000386, -0.164695, 0.986345, -0.0, 0.0, 0.0, 0.0, 1.0],
                [1.0, -1.6e-05, -0.000115, -0.0, 1.6e-05, 1.0, 0.000435, 0.374721, 0.000115, -0.000435, 1.0, 0.0, 0.0, 0.0, 0.0, 1.0],
                [1.0, -1.6e-05, -0.000115, 0.0, 1.6e-05, 1.0, 0.000435, 0.374721, 0.000115, -0.000435, 1.0, 0.0, 0.0, 0.0, 0.0, 1.0],
                [1.0, -1.6e-05, -0.000115, 0.0, 1.6e-05, 1.0, 0.000435, 0.374721, 0.000115, -0.000435, 1.0, -0.0, 0.0, 0.0, 0.0, 1.0],
                [1.0, -1.6e-05, -0.000115, 0.0, 1.6e-05, 1.0, 0.000435, 0.374721, 0.000115, -0.000435, 1.0, 0.0, 0.0, 0.0, 0.0, 1.0],
                [1.0, -1.6e-05, -0.000115, -0.0, 1.6e-05, 1.0, 0.000435, 0.374721, 0.000115, -0.000435, 1.0, 0.0, 0.0, 0.0, 0.0, 1.0],
                [1.0, -1.6e-05, -0.000115, -0.0, 1.6e-05, 1.0, 0.000435, 0.37472, 0.000115, -0.000435, 1.0, -0.0, 0.0, 0.0, 0.0, 1.0],
                [1.0, -1.6e-05, -0.000115, 0.0, 1.6e-05, 1.0, 0.000435, 0.374721, 0.000115, -0.000435, 1.0, -0.0, 0.0, 0.0, 0.0, 1.0],
                [1.0, -1.6e-05, -0.000115, -0.0, 1.6e-05, 1.0, 0.000435, 0.374721, 0.000115, -0.000435, 1.0, 0.0, 0.0, 0.0, 0.0, 1.0],
                [1.0, -1.6e-05, -0.000115, -0.0, 1.6e-05, 1.0, 0.000435, 0.374721, 0.000115, -0.000435, 1.0, 0.0, 0.0, 0.0, 0.0, 1.0],
                [1.0, -1.6e-05, -0.000115, 0.0, 1.6e-05, 1.0, 0.000435, 0.374721, 0.000115, -0.000435, 1.0, 0.0, 0.0, 0.0, 0.0, 1.0],
                [1.0, -1.6e-05, -0.000115, 0.0, 1.6e-05, 1.0, 0.000434, 0.374721, 0.000115, -0.000434, 1.0, 0.0, 0.0, 0.0, 0.0, 1.0],
                [1.0, -1.6e-05, -0.000115, -0.0, 1.6e-05, 1.0, 0.000434, 0.374721, 0.000115, -0.000434, 1.0, 0.0, 0.0, 0.0, 0.0, 1.0],
                [1.0, -1.6e-05, -0.000115, -0.0, 1.6e-05, 1.0, 0.000435, 0.374721, 0.000115, -0.000435, 1.0, -0.0, 0.0, 0.0, 0.0, 1.0],
                [1.0, -1.6e-05, -0.000115, 0.0, 1.6e-05, 1.0, 0.000435, 0.374721, 0.000115, -0.000435, 1.0, 0.0, 0.0, 0.0, 0.0, 1.0],
                [1.0, -1.6e-05, -0.000115, 0.0, 1.6e-05, 1.0, 0.000435, 0.374721, 0.000115, -0.000435, 1.0, 0.0, 0.0, 0.0, 0.0, 1.0],
                [1.0, -1.6e-05, -0.000115, 0.0, 1.6e-05, 1.0, 0.000435, 0.374721, 0.000115, -0.000435, 1.0, 0.0, 0.0, 0.0, 0.0, 1.0],
                [1.0, -1.6e-05, -0.000115, -0.0, 1.6e-05, 1.0, 0.000435, 0.374721, 0.000115, -0.000434, 1.0, 0.0, 0.0, 0.0, 0.0, 1.0],
                [1.0, -1.6e-05, -0.000115, -0.0, 1.6e-05, 1.0, 0.000435, 0.374721, 0.000115, -0.000435, 1.0, -0.0, 0.0, 0.0, 0.0, 1.0],
                [1.0, -1.6e-05, -0.000115, -0.0, 1.6e-05, 1.0, 0.000434, 0.374721, 0.000115, -0.000434, 1.0, -0.0, 0.0, 0.0, 0.0, 1.0],
                [1.0, -1.6e-05, -0.000115, -0.0, 1.6e-05, 1.0, 0.000435, 0.374721, 0.000115, -0.000435, 1.0, -0.0, 0.0, 0.0, 0.0, 1.0],
                [1.0, -1.6e-05, -0.000115, -0.0, 1.6e-05, 1.0, 0.000435, 0.374721, 0.000115, -0.000434, 1.0, 0.0, 0.0, 0.0, 0.0, 1.0],
                [1.0, -1.6e-05, -0.000115, -0.0, 1.6e-05, 1.0, 0.000435, 0.374721, 0.000115, -0.000434, 1.0, 0.0, 0.0, 0.0, 0.0, 1.0],
                [1.0, -1.6e-05, -0.000115, -0.0, 1.6e-05, 1.0, 0.000435, 0.374721, 0.000115, -0.000435, 1.0, 0.0, 0.0, 0.0, 0.0, 1.0],
                [1.0, -1.6e-05, -0.000115, -0.0, 1.6e-05, 1.0, 0.000435, 0.374721, 0.000115, -0.000435, 1.0, -0.0, 0.0, 0.0, 0.0, 1.0],
                [1.0, -1.6e-05, -0.000115, -0.0, 1.6e-05, 1.0, 0.000435, 0.374721, 0.000115, -0.000435, 1.0, -0.0, 0.0, 0.0, 0.0, 1.0],
                [1.0, -1.6e-05, -0.000115, -0.0, 1.6e-05, 1.0, 0.000435, 0.374721, 0.000115, -0.000435, 1.0, -0.0, 0.0, 0.0, 0.0, 1.0],
