{
    "animation": [
        {
            "name": "Root",
            "time": [0.0, 0.0167, 0.0333, 0.05, 0.0667, 0.0833, 0.1, 0.1167, 0.1333, 0.15, 0.1667, 0.1833, 0.2, 0.2167, 0.2333, 0.25, 0.2667, 0.2833, 0.3, 0.3167, 0.3333, 0.35, 0.3667, 0.3833, 0.4, 0.4167, 0.4333, 0.45, 0.4667, 0.4833, 0.5, 0.5167, 0.5333, 0.55, 0.5667, 0.5833, 0.6, 0.6167, 0.6333, 0.65, 0.6667, 0.6833, 0.7, 0.7167, 0.7333, 0.75, 0.7667, 0.7833, 0.8, 0.8167, 0.8333, 0.85, 0.8667, 0.8833, 0.9, 0.9167, 0.9333, 0.95, 0.9667, 0.9833, 1.0, 1.0167, 1.0333, 1.05, 1.0667, 1.0833, 1.1, 1.1167, 1.1333, 1.15, 1.1667, 1.1833, 1.2, 1.2167, 1.2333, 1.25, 1.2667, 1.2833, 1.3, 1.3167, 1.3333, 1.35],
            "transform": [
                [0.987076, 0.0, 0.160251, -5e-06, 0.160251, 0.0, -0.987076, 0.000946, 0.0, 1.0, 0.0, 0.739346, 0.0, 0.0, 0.0, 1.0],
                [0.988188, 0.0, 0.153246, -5e-06, 0.153246, 0.0, -0.988188, 0.000946, 0.0, 1.0, 0.0, 0.739346, 0.0, 0.0, 0.0, 1.0],
                [0.991247, 0.0, 0.132022, -5e-06, 0.132022, 0.0, -0.991247, 0.000946, 0.0, 1.0, 0.0, 0.739346, 0.0, 0.0, 0.0, 1.0],
                [0.995338, 0.0, 0.096446, -5e-06, 0.096446, 0.0, -0.995338, 0.000946, 0.0, 1.0, 0.0, 0.739346, 0.0, 0.0, 0.0, 1.0],
                [0.998905, 0.0, 0.046774, -5e-06, 0.046774, 0.0, -0.998905, 0.000946, 0.0, 1.0, 0.0, 0.739346, 0.0, 0.0, 0.0, 1.0],
                [0.99987, 0.0, -0.016128, -5e-06, -0.016128, 0.0, -0.99987, 0.000946, 0.0, 1.0, 0.0, 0.739346, 0.0, 0.0, 0.0, 1.0],
                [0.995891, 0.0, -0.09056, -5e-06, -0.09056, 0.0, -0.995891, 0.000946, 0.0, 1.0, 0.0, 0.739346, 0.0, 0.0, 0.0, 1.0],
                [0.984771, 0.0, -0.173859, -5e-06, -0.173859, 0.0, -0.984771, 0.000946, 0.0, 1.0, 0.0, 0.739346, 0.0, 0.0, 0.0, 1.0],
                [0.964943, 0.0, -0.262459, -5e-06, -0.262459, 0.0, -0.964943, 0.000946, 0.0, 1.0, 0.0, 0.739346, 0.0, 0.0, 0.0, 1.0],
                [0.935928, 0.0, -0.352191, -5e-06, -0.352191, 0.0, -0.935928, 0.000946, 0.0, 1.0, 0.0, 0.739346, 0.0, 0.0, 0.0, 1.0],
                [0.898589, 0.0, -0.438791, -5e-06, -0.438791, 0.0, -0.898589, 0.000946, 0.0, 1.0, 0.0, 0.739346, 0.0, 0.0, 0.0, 1.0],
                [0.855088, 0.0, -0.518483, -5e-06, -0.518483, 0.0, -0.855088, 0.000946, 0.0, 1.0, 0.0, 0.739346, 0.0, 0.0, 0.0, 1.0],
                [0.808535, 0.0, -0.588449, -5e-06, -0.588449, 0.0, -0.808535, 0.000946, 0.0, 1.0, 0.0, 0.739346, 0.0, 0.0, 0.0, 1.0],
                [0.762457, 0.0, -0.647038, -5e-06, -0.647038, 0.0, -0.762457, 0.000946, 0.0, 1.0, 0.0, 0.739346, 0.0, 0.0, 0.0, 1.0],
                [0.720264, 0.0, -0.6937, -5e-06, -0.6937, 0.0, -0.720264, 0.000946, 0.0, 1.0, 0.0, 0.739346, 0.0, 0.0, 0.0, 1.0],
                [0.684835, 0.0, -0.728698, -5e-06, -0.728698, 0.0, -0.684835, 0.000946, 0.0, 1.0, 0.0, 0.739346, 0.0, 0.0, 0.0, 1.0],
                [0.658305, 0.0, -0.752751, -5e-06, -0.752751, 0.0, -0.658305, 0.000946, 0.0, 1.0, 0.0, 0.739346, 0.0, 0.0, 0.0, 1.0],
                [0.642013, 0.0, -0.766694, -5e-06, -0.766694, 0.0, -0.642013, 0.000946, 0.0, 1.0, 0.0, 0.739346, 0.0, 0.0, 0.0, 1.0],
                [0.636559, 0.0, -0.771228, -5e-06, -0.771228, 0.0, -0.636559, 0.000946, 0.0, 1.0, 0.0, 0.739346, 0.0, 0.0, 0.0, 1.0],
                [0.636559, 0.0, -0.771228, -5e-06, -0.771228, 0.0, -0.636559, 0.000946, 0.0, 1.0, 0.0, 0.739346, 0.0, 0.0, 0.0, 1.0],
                [0.636559, 0.0, -0.771228, -5e-06, -0.771228, 0.0, -0.636559, 0.000946, 0.0, 1.0, 0.0, 0.739346, 0.0, 0.0, 0.0, 1.0],
                [0.636559, 0.0, -0.771228, -5e-06, -0.771228, 0.0, -0.636559, 0.000946, 0.0, 1.0, 0.0, 0.739346, 0.0, 0.0, 0.0, 1.0],
                [0.636559, 0.0, -0.771228, -5e-06, -0.771228, 0.0, -0.636559, 0.000946, 0.0, 1.0, 0.0, 0.739346, 0.0, 0.0, 0.0, 1.0],
                [0.636559, 0.0, -0.771228, -5e-06, -0.771228, 0.0, -0.636559, 0.000946, 0.0, 1.0, 0.0, 0.739346, 0.0, 0.0, 0.0, 1.0],
                [0.636559, 0.0, -0.771228, -5e-06, -0.771228, 0.0, -0.636559, 0.000946, 0.0, 1.0, 0.0, 0.739346, 0.0, 0.0, 0.0, 1.0],
                [0.636559, 0.0, -0.771228, -5e-06, -0.771228, 0.0, -0.636559, 0.000946, 0.0, 1.0, 0.0, 0.739346, 0.0, 0.0, 0.0, 1.0],
                [0.636559, 0.0, -0.771228, -5e-06, -0.771228, 0.0, -0.636559, 0.000946, 0.0, 1.0, 0.0, 0.739346, 0.0, 0.0, 0.0, 1.0],
                [0.636559, 0.0, -0.771228, -5e-06, -0.771228, 0.0, -0.636559, 0.000946, 0.0, 1.0, 0.0, 0.739346, 0.0, 0.0, 0.0, 1.0],
                [0.636559, 0.0, -0.771228, -5e-06, -0.771228, 0.0, -0.636559, 0.000946, 0.0, 1.0, 0.0, 0.739346, 0.0, 0.0, 0.0, 1.0],
                [0.636559, 0.0, -0.771228, -5e-06, -0.771228, 0.0, -0.636559, 0.000946, 0.0, 1.0, 0.0, 0.739346, 0.0, 0.0, 0.0, 1.0],
                [0.636559, 0.0, -0.771228, -5e-06, -0.771228, 0.0, -0.636559, 0.000946, 0.0, 1.0, 0.0, 0.739346, 0.0, 0.0, 0.0, 1.0],
                [0.636559, 0.0, -0.771228, -5e-06, -0.771228, 0.0, -0.636559, -0.00656, 0.0, 1.0, 0.0, 0.73521, 0.0, 0.0, 0.0, 1.0],
                [0.636559, 0.0, -0.771228, -5e-06, -0.771228, 0.0, -0.636559, -0.022292, 0.0, 1.0, 0.0, 0.726544, 0.0, 0.0, 0.0, 1.0],
                [0.636559, 0.0, -0.771228, -5e-06, -0.771228, 0.0, -0.636559, -0.041063, 0.0, 1.0, 0.0, 0.716202, 0.0, 0.0, 0.0, 1.0],
                [0.636559, 0.0, -0.771228, -5e-06, -0.771228, 0.0, -0.636559, -0.060335, 0.0, 1.0, 0.0, 0.705585, 0.0, 0.0, 0.0, 1.0],
                [0.636559, 0.0, -0.771228, -5e-06, -0.771228, 0.0, -0.636559, -0.078514, 0.0, 1.0, 0.0, 0.695569, 0.0, 0.0, 0.0, 1.0],
                [0.636559, 0.0, -0.771228, -5e-06, -0.771228, 0.0, -0.636559, -0.094414, 0.0, 1.0, 0.0, 0.68681, 0.0, 0.0, 0.0, 1.0],
                [0.636559, 0.0, -0.771228, -5e-06, -0.771228, 0.0, -0.636559, -0.107016, 0.0, 1.0, 0.0, 0.679867, 0.0, 0.0, 0.0, 1.0],
                [0.636559, 0.0, -0.771228, -5e-06, -0.771228, 0.0, -0.636559, -0.115341, 0.0, 1.0, 0.0, 0.675281, 0.0, 0.0, 0.0, 1.0],
                [0.636559, 0.0, -0.771228, -5e-06, -0.771228, 0.0, -0.636559, -0.118364, 0.0, 1.0, 0.0, 0.673616, 0.0, 0.0, 0.0, 1.0],
                [0.636559, 0.0, -0.771228, -5e-06, -0.771228, 0.0, -0.636559, -0.114049, 0.0, 1.0, 0.0, 0.675993, 0.0, 0.0, 0.0, 1.0],
                [0.636559, 0.0, -0.771228, -5e-06, -0.771228, 0.0, -0.636559, -0.107057, 0.0, 1.0, 0.0, 0.679845, 0.0, 0.0, 0.0, 1.0],
                [0.636559, 0.0, -0.771228, -5e-06, -0.771228, 0.0, -0.636559, -0.099342, 0.0, 1.0, 0.0, 0.684095, 0.0, 0.0, 0.0, 1.0],
                [0.636559, 0.0, -0.771228, -5e-06, -0.771228, 0.0, -0.636559, -0.091368, 0.0, 1.0, 0.0, 0.688488, 0.0, 0.0, 0.0, 1.0],
                [0.636559, 0.0, -0.771228, -5e-06, -0.771228, 0.0, -0.636559, -0.083339, 0.0, 1.0, 0.0, 0.692911, 0.0, 0.0, 0.0, 1.0],
                [0.636559, 0.0, -0.771228, -5e-06, -0.771228, 0.0, -0.636559, -0.075369, 0.0, 1.0, 0.0, 0.697302, 0.0, 0.0, 0.0, 1.0],
                [0.636559, 0.0, -0.771228, -5e-06, -0.771228, 0.0, -0.636559, -0.067534, 0.0, 1.0, 0.0, 0.701618, 0.0, 0.0, 0.0, 1.0],
                [0.636559, 0.0, -0.771228, -5e-06, -0.771228, 0.0, -0.636559, -0.059892, 0.0, 1.0, 0.0, 0.705829, 0.0, 0.0, 0.0, 1.0],
                [0.636559, 0.0, -0.771228, -5e-06, -0.771228, 0.0, -0.636559, -0.052488, 0.0, 1.0, 0.0, 0.709908, 0.0, 0.0, 0.0, 1.0],
                [0.636559, 0.0, -0.771228, -5e-06, -0.771228, 0.0, -0.636559, -0.045365, 0.0, 1.0, 0.0, 0.713832, 0.0, 0.0, 0.0, 1.0],
                [0.636559, 0.0, -0.771228, -5e-06, -0.771228, 0.0, -0.636559, -0.038563, 0.0, 1.0, 0.0, 0.717579, 0.0, 0.0, 0.0, 1.0],
                [0.636559, 0.0, -0.771228, -5e-06, -0.771228, 0.0, -0.636559, -0.03212, 0.0, 1.0, 0.0, 0.721129, 0.0, 0.0, 0.0, 1.0],
                [0.636559, 0.0, -0.771228, -5e-06, -0.771228, 0.0, -0.636559, -0.02608, 0.0, 1.0, 0.0, 0.724456, 0.0, 0.0, 0.0, 1.0],
                [0.636559, 0.0, -0.771228, -5e-06, -0.771228, 0.0, -0.636559, -0.020486, 0.0, 1.0, 0.0, 0.727538, 0.0, 0.0, 0.0, 1.0],
                [0.636559, 0.0, -0.771228, -5e-06, -0.771228, 0.0, -0.636559, -0.015387, 0.0, 1.0, 0.0, 0.730347, 0.0, 0.0, 0.0, 1.0],
                [0.636559, 0.0, -0.771228, -5e-06, -0.771228, 0.0, -0.636559, -0.010839, 0.0, 1.0, 0.0, 0.732853, 0.0, 0.0, 0.0, 1.0],
                [0.636559, 0.0, -0.771228, -5e-06, -0.771228, 0.0, -0.636559, -0.006906, 0.0, 1.0, 0.0, 0.73502, 0.0, 0.0, 0.0, 1.0],
                [0.636559, 0.0, -0.771228, -5e-06, -0.771228, 0.0, -0.636559, -0.003662, 0.0, 1.0, 0.0, 0.736807, 0.0, 0.0, 0.0, 1.0],
                [0.636559, 0.0, -0.771228, -5e-06, -0.771228, 0.0, -0.636559, -0.001196, 0.0, 1.0, 0.0, 0.738165, 0.0, 0.0, 0.0, 1.0],
                [0.636559, 0.0, -0.771228, -5e-06, -0.771228, 0.0, -0.636559, 0.000384, 0.0, 1.0, 0.0, 0.739036, 0.0, 0.0, 0.0, 1.0],
                [0.636559, 0.0, -0.771228, -5e-06, -0.771228, 0.0, -0.636559, 0.000946, 0.0, 1.0, 0.0, 0.739346, 0.0, 0.0, 0.0, 1.0],
                [0.665154, 0.0, -0.746706, -5e-06, -0.746706, 0.0, -0.665154, 0.000946, 0.0, 1.0, 0.0, 0.739346, 0.0, 0.0, 0.0, 1.0],
                [0.709472, 0.0, -0.704734, -5e-06, -0.704734, 0.0, -0.709472, 0.000946, 0.0, 1.0, 0.0, 0.739346, 0.0, 0.0, 0.0, 1.0],
                [0.7553, 0.0, -0.65538, -5e-06, -0.65538, 0.0, -0.7553, 0.000946, 0.0, 1.0, 0.0, 0.739346, 0.0, 0.0, 0.0, 1.0],
                [0.799061, 0.0, -0.60125, -5e-06, -0.60125, 0.0, -0.799061, 0.000946, 0.0, 1.0, 0.0, 0.739346, 0.0, 0.0, 0.0, 1.0],
                [0.839213, 0.0, -0.543803, -5e-06, -0.543803, 0.0, -0.839213, 0.000946, 0.0, 1.0, 0.0, 0.739346, 0.0, 0.0, 0.0, 1.0],
                [0.874992, 0.0, -0.484137, -5e-06, -0.484137, 0.0, -0.874992, 0.000946, 0.0, 1.0, 0.0, 0.739346, 0.0, 0.0, 0.0, 1.0],
                [0.906038, 0.0, -0.423197, -5e-06, -0.423197, 0.0, -0.906038, 0.000946, 0.0, 1.0, 0.0, 0.739346, 0.0, 0.0, 0.0, 1.0],
                [0.932239, 0.0, -0.361842, -5e-06, -0.361842, 0.0, -0.932239, 0.000946, 0.0, 1.0, 0.0, 0.739346, 0.0, 0.0, 0.0, 1.0],
                [0.953667, 0.0, -0.300866, -5e-06, -0.300866, 0.0, -0.953667, 0.000946, 0.0, 1.0, 0.0, 0.739346, 0.0, 0.0, 0.0, 1.0],
                [0.970522, 0.0, -0.241012, -5e-06, -0.241012, 0.0, -0.970522, 0.000946, 0.0, 1.0, 0.0, 0.739346, 0.0, 0.0, 0.0, 1.0],
                [0.983117, 0.0, -0.182978, -5e-06, -0.182978, 0.0, -0.983117, 0.000946, 0.0, 1.0, 0.0, 0.739346, 0.0, 0.0, 0.0, 1.0],
                [0.991849, 0.0, -0.127419, -5e-06, -0.127419, 0.0, -0.991849, 0.000946, 0.0, 1.0, 0.0, 0.739346, 0.0, 0.0, 0.0, 1.0],
                [0.997187, 0.0, -0.074956, -5e-06, -0.074956, 0.0, -0.997187, 0.000946, 0.0, 1.0, 0.0, 0.739346, 0.0, 0.0, 0.0, 1.0],
                [0.999657, 0.0, -0.02618, -5e-06, -0.02618, 0.0, -0.999657, 0.000946, 0.0, 1.0, 0.0, 0.739346, 0.0, 0.0, 0.0, 1.0],
                [0.999832, 0.0, 0.018333, -5e-06, 0.018333, 0.0, -0.999832, 0.000946, 0.0, 1.0, 0.0, 0.739346, 0.0, 0.0, 0.0, 1.0],
                [0.998316, 0.0, 0.058009, -5e-06, 0.058009, 0.0, -0.998316, 0.000946, 0.0, 1.0, 0.0, 0.739346, 0.0, 0.0, 0.0, 1.0],
                [0.995736, 0.0, 0.09225, -5e-06, 0.09225, 0.0, -0.995736, 0.000946, 0.0, 1.0, 0.0, 0.739346, 0.0, 0.0, 0.0, 1.0],
                [0.992724, 0.0, 0.120412, -5e-06, 0.120412, 0.0, -0.992724, 0.000946, 0.0, 1.0, 0.0, 0.739346, 0.0, 0.0, 0.0, 1.0],
                [0.989901, 0.0, 0.141758, -5e-06, 0.141758, 0.0, -0.989901, 0.000946, 0.0, 1.0, 0.0, 0.739346, 0.0, 0.0, 0.0, 1.0],
                [0.987851, 0.0, 0.155406, -5e-06, 0.155406, 0.0, -0.987851, 0.000946, 0.0, 1.0, 0.0, 0.739346, 0.0, 0.0, 0.0, 1.0],
                [0.987076, 0.0, 0.160251, -5e-06, 0.160251, 0.0, -0.987076, 0.000946, 0.0, 1.0, 0.0, 0.739346, 0.0, 0.0, 0.0, 1.0]
            ]
        },
        {
            "name": "Thigh_R",
            "time": [0.0, 0.0167, 0.0333, 0.05, 0.0667, 0.0833, 0.1, 0.1167, 0.1333, 0.15, 0.1667, 0.1833, 0.2, 0.2167, 0.2333, 0.25, 0.2667, 0.2833, 0.3, 0.3167, 0.3333, 0.35, 0.3667, 0.3833, 0.4, 0.4167, 0.4333, 0.45, 0.4667, 0.4833, 0.5, 0.5167, 0.5333, 0.55, 0.5667, 0.5833, 0.6, 0.6167, 0.6333, 0.65, 0.6667, 0.6833, 0.7, 0.7167, 0.7333, 0.75, 0.7667, 0.7833, 0.8, 0.8167, 0.8333, 0.85, 0.8667, 0.8833, 0.9, 0.9167, 0.9333, 0.95, 0.9667, 0.9833, 1.0, 1.0167, 1.0333, 1.05, 1.0667, 1.0833, 1.1, 1.1167, 1.1333, 1.15, 1.1667, 1.1833, 1.2, 1.2167, 1.2333, 1.25, 1.2667, 1.2833, 1.3, 1.3167, 1.3333, 1.35],
            "transform": [
                [0.961653, 0.225772, 0.155718, 0.124994, 0.180479, -0.948441, 0.260546, -0.002831, 0.206521, -0.222452, -0.952781, -1.2e-05, 0.0, 0.0, 0.0, 1.0],
                [0.96195, 0.230401, 0.146847, 0.124994, 0.179409, -0.938031, 0.296491, -0.002831, 0.206066, -0.258865, -0.943638, -1.2e-05, 0.0, 0.0, 0.0, 1.0],
                [0.962879, 0.238148, 0.127076, 0.124994, 0.176091, -0.910986, 0.372951, -0.002831, 0.204589, -0.336729, -0.919068, -1.2e-05, 0.0, 0.0, 0.0, 1.0],
                [0.964507, 0.242735, 0.103937, 0.124994, 0.170595, -0.873282, 0.456366, -0.002831, 0.20155, -0.422436, -0.883661, -1.2e-05, 0.0, 0.0, 0.0, 1.0],
                [0.966922, 0.241938, 0.080792, 0.124994, 0.163404, -0.830754, 0.532107, -0.002831, 0.195862, -0.501301, -0.842773, -1.2e-05, 0.0, 0.0, 0.0, 1.0],
                [0.970183, 0.23511, 0.05888, 0.124994, 0.155431, -0.789942, 0.593146, -0.002831, 0.185973, -0.566304, -0.802899, -1.2e-05, 0.0, 0.0, 0.0, 1.0],
                [0.974252, 0.222227, 0.03804, 0.124994, 0.147844, -0.757091, 0.636352, -0.002831, 0.170221, -0.614338, -0.770421, -1.2e-05, 0.0, 0.0, 0.0, 1.0],
                [0.978876, 0.203744, 0.016981, 0.124994, 0.141687, -0.73591, 0.662079, -0.002831, 0.147397, -0.645682, -0.749203, -1.2e-05, 0.0, 0.0, 0.0, 1.0],
                [0.983534, 0.180629, -0.005842, 0.124994, 0.137532, -0.727115, 0.67259, -0.002831, 0.117245, -0.662311, -0.739955, -1.2e-05, 0.0, 0.0, 0.0, 1.0],
                [0.987507, 0.154432, -0.031326, 0.124994, 0.135372, -0.729661, 0.670267, -0.002831, 0.080656, -0.666126, -0.741421, -1.2e-05, 0.0, 0.0, 0.0, 1.0],
                [0.989995, 0.129156, -0.056819, 0.124994, 0.135613, -0.759704, 0.635962, -0.002831, 0.038975, -0.637297, -0.769588, -1.2e-05, 0.0, 0.0, 0.0, 1.0],
                [0.990156, 0.110267, -0.086212, 0.124994, 0.139821, -0.807577, 0.572941, -0.002831, -0.006447, -0.579346, -0.815014, -1.2e-05, 0.0, 0.0, 0.0, 1.0],
                [0.987656, 0.10104, -0.119695, 0.124994, 0.147515, -0.856974, 0.49379, -0.002831, -0.052685, -0.505342, -0.861268, -1.2e-05, 0.0, 0.0, 0.0, 1.0],
                [0.982869, 0.102582, -0.153113, 0.124994, 0.157077, -0.900823, 0.404773, -0.002831, -0.096409, -0.42188, -0.901471, -1.2e-05, 0.0, 0.0, 0.0, 1.0],
                [0.976704, 0.113939, -0.181838, 0.124994, 0.166915, -0.935939, 0.310087, -0.002831, -0.134864, -0.333206, -0.93312, -1.2e-05, 0.0, 0.0, 0.0, 1.0],
                [0.970318, 0.132485, -0.202308, 0.124994, 0.175767, -0.960951, 0.213721, -0.002831, -0.1661, -0.242928, -0.95568, -1.2e-05, 0.0, 0.0, 0.0, 1.0],
                [0.964842, 0.154232, -0.21281, 0.124994, 0.182719, -0.97565, 0.121321, -0.002831, -0.188924, -0.155932, -0.969494, -1.2e-05, 0.0, 0.0, 0.0, 1.0],
                [0.961182, 0.173546, -0.214495, 0.124994, 0.187156, -0.981312, 0.044708, -0.002831, -0.202735, -0.083109, -0.975663, -1.2e-05, 0.0, 0.0, 0.0, 1.0],
                [0.959899, 0.182109, -0.213136, 0.124994, 0.188693, -0.981976, 0.010796, -0.002831, -0.207337, -0.050573, -0.976924, -1.2e-05, 0.0, 0.0, 0.0, 1.0],
                [0.959899, 0.182109, -0.213136, 0.124994, 0.188693, -0.981976, 0.010796, -0.002831, -0.207337, -0.050573, -0.976924, -1.2e-05, 0.0, 0.0, 0.0, 1.0],
                [0.959899, 0.182109, -0.213136, 0.124994, 0.188693, -0.981976, 0.010796, -0.002831, -0.207337, -0.050573, -0.976924, -1.2e-05, 0.0, 0.0, 0.0, 1.0],
                [0.959899, 0.182109, -0.213136, 0.124994, 0.188693, -0.981976, 0.010796, -0.002831, -0.207337, -0.050573, -0.976924, -1.2e-05, 0.0, 0.0, 0.0, 1.0],
                [0.959899, 0.182109, -0.213136, 0.124994, 0.188693, -0.981976, 0.010796, -0.002831, -0.207337, -0.050573, -0.976924, -1.2e-05, 0.0, 0.0, 0.0, 1.0],
                [0.959899, 0.182109, -0.213136, 0.124994, 0.188693, -0.981976, 0.010796, -0.002831, -0.207337, -0.050573, -0.976924, -1.2e-05, 0.0, 0.0, 0.0, 1.0],
                [0.959899, 0.182109, -0.213136, 0.124994, 0.188693, -0.981976, 0.010796, -0.002831, -0.207337, -0.050573, -0.976924, -1.2e-05, 0.0, 0.0, 0.0, 1.0],
                [0.959899, 0.182109, -0.213136, 0.124994, 0.188693, -0.981976, 0.010796, -0.002831, -0.207337, -0.050573, -0.976924, -1.2e-05, 0.0, 0.0, 0.0, 1.0],
                [0.959899, 0.182109, -0.213136, 0.124994, 0.188693, -0.981976, 0.010796, -0.002831, -0.207337, -0.050573, -0.976924, -1.2e-05, 0.0, 0.0, 0.0, 1.0],
                [0.959899, 0.182109, -0.213136, 0.124994, 0.188693, -0.981976, 0.010796, -0.002831, -0.207337, -0.050573, -0.976924, -1.2e-05, 0.0, 0.0, 0.0, 1.0],
                [0.959899, 0.182109, -0.213136, 0.124994, 0.188693, -0.981976, 0.010796, -0.002831, -0.207337, -0.050573, -0.976924, -1.2e-05, 0.0, 0.0, 0.0, 1.0],
                [0.959899, 0.182109, -0.213136, 0.124994, 0.188693, -0.981976, 0.010796, -0.002831, -0.207337, -0.050573, -0.976924, -1.2e-05, 0.0, 0.0, 0.0, 1.0],
                [0.959899, 0.182109, -0.213136, 0.124994, 0.188693, -0.981976, 0.010796, -0.002831, -0.207337, -0.050573, -0.976924, -1.2e-05, 0.0, 0.0, 0.0, 1.0],
                [0.960409, 0.166694, -0.223214, 0.124994, 0.183196, -0.981523, 0.055239, -0.002831, -0.209889, -0.093936, -0.973165, -1.2e-05, 0.0, 0.0, 0.0, 1.0],
                [0.961377, 0.136607, -0.238935, 0.124994, 0.171506, -0.976316, 0.13188, -0.002831, -0.215269, -0.167757, -0.962, -1.2e-05, 0.0, 0.0, 0.0, 1.0],
                [0.962339, 0.102586, -0.251744, 0.124994, 0.15727, -0.965451, 0.207769, -0.002831, -0.221741, -0.239528, -0.945191, -1.2e-05, 0.0, 0.0, 0.0, 1.0],
                [0.963096, 0.06875, -0.260222, 0.124994, 0.14234, -0.950661, 0.275644, -0.002831, -0.228442, -0.302504, -0.92533, -1.2e-05, 0.0, 0.0, 0.0, 1.0],
                [0.96358, 0.037496, -0.264769, 0.124994, 0.127971, -0.934042, 0.333446, -0.002831, -0.234812, -0.355177, -0.904789, -1.2e-05, 0.0, 0.0, 0.0, 1.0],
                [0.963812, 0.01057, -0.266366, 0.124994, 0.11518, -0.917644, 0.380342, -0.002831, -0.240418, -0.39725, -0.88562, -1.2e-05, 0.0, 0.0, 0.0, 1.0],
                [0.963862, -0.010495, -0.266187, 0.124994, 0.104896, -0.903548, 0.415444, -0.002831, -0.244882, -0.428345, -0.869761, -1.2e-05, 0.0, 0.0, 0.0, 1.0],
                [0.963828, -0.024283, -0.265407, 0.124994, 0.098032, -0.893725, 0.437768, -0.002831, -0.247841, -0.447944, -0.858984, -1.2e-05, 0.0, 0.0, 0.0, 1.0],
                [0.963802, -0.029263, -0.264997, 0.124994, 0.095527, -0.890062, 0.445712, -0.002831, -0.248916, -0.454886, -0.855016, -1.2e-05, 0.0, 0.0, 0.0, 1.0],
                [0.963837, -0.02215, -0.265561, 0.124994, 0.099101, -0.895275, 0.434346, -0.002831, -0.247381, -0.444948, -0.860672, -1.2e-05, 0.0, 0.0, 0.0, 1.0],
                [0.963862, -0.010563, -0.266184, 0.124994, 0.104862, -0.9035, 0.415556, -0.002831, -0.244897, -0.428444, -0.869709, -1.2e-05, 0.0, 0.0, 0.0, 1.0],
                [0.963845, 0.002305, -0.266443, 0.124994, 0.111174, -0.912245, 0.394266, -0.002831, -0.242162, -0.409625, -0.879487, -1.2e-05, 0.0, 0.0, 0.0, 1.0],
                [0.963782, 0.015696, -0.266222, 0.124994, 0.117646, -0.920906, 0.371602, -0.002831, -0.239342, -0.389455, -0.889366, -1.2e-05, 0.0, 0.0, 0.0, 1.0],
                [0.96367, 0.029294, -0.265476, 0.124994, 0.124111, -0.92925, 0.347975, -0.002831, -0.23651, -0.368274, -0.899093, -1.2e-05, 0.0, 0.0, 0.0, 1.0],
                [0.963513, 0.042864, -0.264199, 0.124994, 0.130476, -0.937085, 0.323797, -0.002831, -0.233707, -0.346446, -0.908453, -1.2e-05, 0.0, 0.0, 0.0, 1.0],
                [0.963315, 0.056307, -0.262392, 0.124994, 0.136682, -0.944366, 0.299144, -0.002831, -0.230959, -0.324026, -0.917385, -1.2e-05, 0.0, 0.0, 0.0, 1.0],
                [0.963081, 0.069518, -0.260072, 0.124994, 0.142687, -0.951036, 0.27417, -0.002831, -0.228287, -0.301149, -0.92581, -1.2e-05, 0.0, 0.0, 0.0, 1.0],
                [0.962817, 0.082434, -0.257261, 0.124994, 0.148457, -0.957074, 0.248932, -0.002831, -0.225707, -0.27786, -0.933691, -1.2e-05, 0.0, 0.0, 0.0, 1.0],
                [0.962529, 0.094961, -0.254, 0.124994, 0.153964, -0.962437, 0.223626, -0.002831, -0.223232, -0.254345, -0.940959, -1.2e-05, 0.0, 0.0, 0.0, 1.0],
                [0.962224, 0.107061, -0.250319, 0.124994, 0.159184, -0.967137, 0.198257, -0.002831, -0.220875, -0.230606, -0.947609, -1.2e-05, 0.0, 0.0, 0.0, 1.0],
                [0.961908, 0.118626, -0.246288, 0.124994, 0.16409, -0.971134, 0.173123, -0.002831, -0.21865, -0.206933, -0.953571, -1.2e-05, 0.0, 0.0, 0.0, 1.0],
                [0.961588, 0.129642, -0.241945, 0.124994, 0.168658, -0.974475, 0.148159, -0.002831, -0.21657, -0.183265, -0.958874, -1.2e-05, 0.0, 0.0, 0.0, 1.0],
                [0.961273, 0.139963, -0.237406, 0.124994, 0.172859, -0.977127, 0.123856, -0.002831, -0.214649, -0.160089, -0.963444, -1.2e-05, 0.0, 0.0, 0.0, 1.0],
                [0.960969, 0.149569, -0.232731, 0.124994, 0.176664, -0.979158, 0.100193, -0.002831, -0.212903, -0.13739, -0.967328, -1.2e-05, 0.0, 0.0, 0.0, 1.0],
                [0.960686, 0.158278, -0.228095, 0.124994, 0.180039, -0.980573, 0.077857, -0.002831, -0.211349, -0.115854, -0.970483, -1.2e-05, 0.0, 0.0, 0.0, 1.0],
                [0.960432, 0.166008, -0.223627, 0.124994, 0.182941, -0.981463, 0.057118, -0.002831, -0.210007, -0.095761, -0.972961, -1.2e-05, 0.0, 0.0, 0.0, 1.0],
                [0.960216, 0.172515, -0.219593, 0.124994, 0.185325, -0.981903, 0.038978, -0.002831, -0.208903, -0.078116, -0.974774, -1.2e-05, 0.0, 0.0, 0.0, 1.0],
                [0.960048, 0.177605, -0.216245, 0.124994, 0.187129, -0.982036, 0.024233, -0.002831, -0.208065, -0.063723, -0.976, -1.2e-05, 0.0, 0.0, 0.0, 1.0],
                [0.959938, 0.180914, -0.213976, 0.124994, 0.188283, -0.982009, 0.014406, -0.002831, -0.207528, -0.054109, -0.976694, -1.2e-05, 0.0, 0.0, 0.0, 1.0],
                [0.959899, 0.182109, -0.213136, 0.124994, 0.188693, -0.981976, 0.010796, -0.002831, -0.207337, -0.050573, -0.976924, -1.2e-05, 0.0, 0.0, 0.0, 1.0],
                [0.966605, 0.169608, -0.192109, 0.124994, 0.179773, -0.983025, 0.03665, -0.002831, -0.182639, -0.069954, -0.980651, -1.2e-05, 0.0, 0.0, 0.0, 1.0],
                [0.975661, 0.153043, -0.157041, 0.124994, 0.16621, -0.983281, 0.074382, -0.002831, -0.143038, -0.098665, -0.984749, -1.2e-05, 0.0, 0.0, 0.0, 1.0],
                [0.983189, 0.139453, -0.117861, 0.124994, 0.152624, -0.981999, 0.111279, -0.002831, -0.100226, -0.127389, -0.986738, -1.2e-05, 0.0, 0.0, 0.0, 1.0],
                [0.988458, 0.129991, -0.077806, 0.124994, 0.140237, -0.979399, 0.145292, -0.002831, -0.057319, -0.154519, -0.986287, -1.2e-05, 0.0, 0.0, 0.0, 1.0],
                [0.991438, 0.124696, -0.038761, 0.124994, 0.129612, -0.975825, 0.175972, -0.002831, -0.015882, -0.179483, -0.983594, -1.2e-05, 0.0, 0.0, 0.0, 1.0],
                [0.992376, 0.123231, -0.002025, 0.124994, 0.121063, -0.971575, 0.203434, -0.002831, 0.023102, -0.202122, -0.979049, -1.2e-05, 0.0, 0.0, 0.0, 1.0],
                [0.991641, 0.125112, 0.031535, 0.124994, 0.114768, -0.966995, 0.227481, -0.002831, 0.058957, -0.221955, -0.973234, -1.2e-05, 0.0, 0.0, 0.0, 1.0],
                [0.989646, 0.129774, 0.061301, 0.124994, 0.110819, -0.962347, 0.248206, -0.002831, 0.091207, -0.238838, -0.966727, -1.2e-05, 0.0, 0.0, 0.0, 1.0],
                [0.986802, 0.13663, 0.086901, 0.124994, 0.109235, -0.957874, 0.265599, -0.002831, 0.119534, -0.252597, -0.960121, -1.2e-05, 0.0, 0.0, 0.0, 1.0],
                [0.983484, 0.145096, 0.108186, 0.124994, 0.109967, -0.953813, 0.279545, -0.002831, 0.143755, -0.263028, -0.953979, -1.2e-05, 0.0, 0.0, 0.0, 1.0],
                [0.980009, 0.154651, 0.125152, 0.124994, 0.112896, -0.950279, 0.290209, -0.002831, 0.163816, -0.270275, -0.948705, -1.2e-05, 0.0, 0.0, 0.0, 1.0],
                [0.976624, 0.164786, 0.138022, 0.124994, 0.117826, -0.947443, 0.297431, -0.002831, 0.179787, -0.274214, -0.944675, -1.2e-05, 0.0, 0.0, 0.0, 1.0],
                [0.973496, 0.175063, 0.147161, 0.124994, 0.124475, -0.945397, 0.30121, -0.002831, 0.191863, -0.274908, -0.942094, -1.2e-05, 0.0, 0.0, 0.0, 1.0],
                [0.970723, 0.185098, 0.153076, 0.124994, 0.132473, -0.944182, 0.301609, -0.002831, 0.200366, -0.2725, -0.941024, -1.2e-05, 0.0, 0.0, 0.0, 1.0],
                [0.968343, 0.19459, 0.156347, 0.124994, 0.141368, -0.943727, 0.298985, -0.002831, 0.205736, -0.267417, -0.941323, -1.2e-05, 0.0, 0.0, 0.0, 1.0],
                [0.966349, 0.203228, 0.157685, 0.124994, 0.150624, -0.944, 0.293555, -0.002831, 0.208521, -0.259925, -0.942807, -1.2e-05, 0.0, 0.0, 0.0, 1.0],
                [0.964719, 0.210793, 0.157737, 0.124994, 0.159648, -0.94479, 0.28615, -0.002831, 0.209354, -0.250873, -0.945072, -1.2e-05, 0.0, 0.0, 0.0, 1.0],
                [0.963429, 0.217032, 0.157158, 0.124994, 0.167802, -0.945926, 0.277604, -0.002831, 0.208917, -0.241081, -0.947714, -1.2e-05, 0.0, 0.0, 0.0, 1.0],
                [0.962473, 0.22174, 0.156443, 0.124994, 0.174428, -0.947125, 0.269308, -0.002831, 0.207895, -0.231915, -0.950223, -1.2e-05, 0.0, 0.0, 0.0, 1.0],
                [0.961868, 0.224722, 0.155912, 0.124994, 0.178865, -0.948069, 0.263001, -0.002831, 0.206925, -0.225086, -0.952075, -1.2e-05, 0.0, 0.0, 0.0, 1.0],
                [0.961653, 0.225772, 0.155718, 0.124994, 0.180479, -0.948441, 0.260546, -0.002831, 0.206521, -0.222452, -0.952781, -1.2e-05, 0.0, 0.0, 0.0, 1.0]
            ]
        },
        {
            "name": "Leg_R",
            "time": [0.0, 0.0167, 0.0333, 0.05, 0.0667, 0.0833, 0.1, 0.1167, 0.1333, 0.15, 0.1667, 0.1833, 0.2, 0.2167, 0.2333, 0.25, 0.2667, 0.2833, 0.3, 0.3167, 0.3333, 0.35, 0.3667, 0.3833, 0.4, 0.4167, 0.4333, 0.45, 0.4667, 0.4833, 0.5, 0.5167, 0.5333, 0.55, 0.5667, 0.5833, 0.6, 0.6167, 0.6333, 0.65, 0.6667, 0.6833, 0.7, 0.7167, 0.7333, 0.75, 0.7667, 0.7833, 0.8, 0.8167, 0.8333, 0.85, 0.8667, 0.8833, 0.9, 0.9167, 0.9333, 0.95, 0.9667, 0.9833, 1.0, 1.0167, 1.0333, 1.05, 1.0667, 1.0833, 1.1, 1.1167, 1.1333, 1.15, 1.1667, 1.1833, 1.2, 1.2167, 1.2333, 1.25, 1.2667, 1.2833, 1.3, 1.3167, 1.3333, 1.35],
            "transform": [
                [1.0, -0.00031, -0.000159, 0.0, 0.000342, 0.960817, 0.277175, 0.375166, 6.7e-05, -0.277184, 0.960819, 0.0, 0.0, 0.0, 0.0, 1.0],
                [1.0, -0.000391, -0.000186, -0.0, 0.000431, 0.93681, 0.349829, 0.375166, 3.7e-05, -0.349843, 0.936813, 0.0, 0.0, 0.0, 0.0, 1.0],
                [1.0, -0.00056, -0.000266, 0.0, 0.000618, 0.865378, 0.501104, 0.375166, -5.1e-05, -0.501129, 0.865385, -0.0, 0.0, 0.0, 0.0, 1.0],
                [1.0, -0.000736, -0.000391, -0.0, 0.000811, 0.753125, 0.657858, 0.375166, -0.000189, -0.657891, 0.753136, 0.0, 0.0, 0.0, 0.0, 1.0],
                [0.999999, -0.000882, -0.000545, -0.0, 0.000972, 0.615094, 0.788435, 0.375166, -0.00036, -0.788472, 0.615107, 0.0, 0.0, 0.0, 0.0, 1.0],
                [0.999999, -0.000986, -0.000705, 0.0, 0.001087, 0.47203, 0.881564, 0.375166, -0.000536, -0.881602, 0.472043, -0.0, 0.0, 0.0, 0.0, 1.0],
                [0.999999, -0.001049, -0.000847, 0.0, 0.001157, 0.345332, 0.938464, 0.375166, -0.000692, -0.9385, 0.345344, 0.0, 0.0, 0.0, 0.0, 1.0],
                [0.999999, -0.001083, -0.000954, 0.0, 0.001194, 0.249778, 0.968287, 0.375166, -0.00081, -0.968323, 0.24979, -0.0, 0.0, 0.0, 0.0, 1.0],
                [0.999999, -0.001098, -0.001019, -0.0, 0.00121, 0.191678, 0.981442, 0.375166, -0.000882, -0.981477, 0.191689, -0.0, 0.0, 0.0, 0.0, 1.0],
                [0.999999, -0.001102, -0.001041, 0.0, 0.001215, 0.171618, 0.985148, 0.375166, -0.000907, -0.985182, 0.171629, 0.0, 0.0, 0.0, 0.0, 1.0],
                [0.999999, -0.001094, -0.001001, 0.0, 0.001206, 0.207778, 0.97816, 0.375166, -0.000862, -0.978195, 0.20779, -0.0, 0.0, 0.0, 0.0, 1.0],
                [0.999999, -0.00107, -0.000908, -0.0, 0.00118, 0.291132, 0.956666, 0.375166, -0.000759, -0.956702, 0.291144, 0.0, 0.0, 0.0, 0.0, 1.0],
                [0.999999, -0.001025, -0.000787, -0.0, 0.001131, 0.399405, 0.916757, 0.375166, -0.000626, -0.916795, 0.399418, 0.0, 0.0, 0.0, 0.0, 1.0],
                [0.999999, -0.000955, -0.000652, -0.0, 0.001054, 0.51952, 0.85444, 0.375166, -0.000478, -0.854478, 0.519533, 0.0, 0.0, 0.0, 0.0, 1.0],
                [0.999999, -0.000858, -0.000517, 0.0, 0.000947, 0.640953, 0.767561, 0.375166, -0.000328, -0.767598, 0.640966, 0.0, 0.0, 0.0, 0.0, 1.0],
                [0.999999, -0.000735, -0.000391, -0.0, 0.000811, 0.753582, 0.657335, 0.375166, -0.000189, -0.657368, 0.753592, 0.0, 0.0, 0.0, 0.0, 1.0],
                [1.0, -0.000594, -0.000286, -0.0, 0.000655, 0.847141, 0.531351, 0.375166, -7.4e-05, -0.531378, 0.847149, -0.0, 0.0, 0.0, 0.0, 1.0],
                [1.0, -0.000461, -0.000215, 0.0, 0.000509, 0.911018, 0.412354, 0.375166, 5e-06, -0.412373, 0.911023, 0.0, 0.0, 0.0, 0.0, 1.0],
                [1.0, -0.000398, -0.000188, 0.0, 0.000439, 0.934613, 0.355656, 0.375166, 3.4e-05, -0.355671, 0.934616, -0.0, 0.0, 0.0, 0.0, 1.0],
                [1.0, -0.000398, -0.000188, 0.0, 0.000439, 0.934613, 0.355656, 0.375166, 3.4e-05, -0.355671, 0.934616, -0.0, 0.0, 0.0, 0.0, 1.0],
                [1.0, -0.000398, -0.000188, 0.0, 0.000439, 0.934613, 0.355656, 0.375166, 3.4e-05, -0.355671, 0.934616, -0.0, 0.0, 0.0, 0.0, 1.0],
                [1.0, -0.000398, -0.000188, 0.0, 0.000439, 0.934613, 0.355656, 0.375166, 3.4e-05, -0.355671, 0.934616, -0.0, 0.0, 0.0, 0.0, 1.0],
                [1.0, -0.000398, -0.000188, 0.0, 0.000439, 0.934613, 0.355656, 0.375166, 3.4e-05, -0.355671, 0.934616, -0.0, 0.0, 0.0, 0.0, 1.0],
                [1.0, -0.000398, -0.000188, 0.0, 0.000439, 0.934613, 0.355656, 0.375166, 3.4e-05, -0.355671, 0.934616, -0.0, 0.0, 0.0, 0.0, 1.0],
                [1.0, -0.000398, -0.000188, 0.0, 0.000439, 0.934613, 0.355656, 0.375166, 3.4e-05, -0.355671, 0.934616, -0.0, 0.0, 0.0, 0.0, 1.0],
                [1.0, -0.000398, -0.000188, 0.0, 0.000439, 0.934613, 0.355656, 0.375166, 3.4e-05, -0.355671, 0.934616, -0.0, 0.0, 0.0, 0.0, 1.0],
                [1.0, -0.000398, -0.000188, 0.0, 0.000439, 0.934613, 0.355656, 0.375166, 3.4e-05, -0.355671, 0.934616, -0.0, 0.0, 0.0, 0.0, 1.0],
                [1.0, -0.000398, -0.000188, 0.0, 0.000439, 0.934613, 0.355656, 0.375166, 3.4e-05, -0.355671, 0.934616, -0.0, 0.0, 0.0, 0.0, 1.0],
                [1.0, -0.000398, -0.000188, 0.0, 0.000439, 0.934613, 0.355656, 0.375166, 3.4e-05, -0.355671, 0.934616, -0.0, 0.0, 0.0, 0.0, 1.0],
                [1.0, -0.000398, -0.000188, 0.0, 0.000439, 0.934613, 0.355656, 0.375166, 3.4e-05, -0.355671, 0.934616, -0.0, 0.0, 0.0, 0.0, 1.0],
                [1.0, -0.000398, -0.000188, 0.0, 0.000439, 0.934613, 0.355656, 0.375166, 3.4e-05, -0.355671, 0.934616, -0.0, 0.0, 0.0, 0.0, 1.0],
                [1.0, -0.000478, -0.000222, 0.0, 0.000527, 0.904166, 0.427167, 0.375166, -3e-06, -0.427187, 0.904171, 0.0, 0.0, 0.0, 0.0, 1.0],
                [1.0, -0.000603, -0.000292, -0.0, 0.000665, 0.841929, 0.539571, 0.375166, -8e-05, -0.539598, 0.841937, 0.0, 0.0, 0.0, 0.0, 1.0],
                [1.0, -0.000713, -0.000371, 0.0, 0.000786, 0.770675, 0.63721, 0.375166, -0.000168, -0.637242, 0.770685, -0.0, 0.0, 0.0, 0.0, 1.0],
                [1.0, -0.000798, -0.000449, 0.0, 0.00088, 0.700933, 0.713208, 0.375166, -0.000254, -0.713243, 0.700945, 0.0, 0.0, 0.0, 0.0, 1.0],
                [0.999999, -0.000861, -0.000519, 0.0, 0.000949, 0.638349, 0.769728, 0.375166, -0.000331, -0.769764, 0.638362, 0.0, 0.0, 0.0, 0.0, 1.0],
                [0.999999, -0.000906, -0.000578, 0.0, 0.000999, 0.586041, 0.810263, 0.375166, -0.000395, -0.8103, 0.586054, 0.0, 0.0, 0.0, 0.0, 1.0],
                [0.999999, -0.000937, -0.000622, 0.0, 0.001033, 0.546304, 0.837568, 0.375166, -0.000444, -0.837606, 0.546317, -0.0, 0.0, 0.0, 0.0, 1.0],
                [0.999999, -0.000955, -0.000651, 0.0, 0.001053, 0.520851, 0.853629, 0.375166, -0.000476, -0.853667, 0.520864, 0.0, 0.0, 0.0, 0.0, 1.0],
                [0.999999, -0.000961, -0.000661, 0.0, 0.00106, 0.511769, 0.859105, 0.375166, -0.000487, -0.859142, 0.511782, -0.0, 0.0, 0.0, 0.0, 1.0],
                [0.999999, -0.000952, -0.000646, -0.0, 0.00105, 0.52476, 0.851232, 0.375166, -0.000471, -0.851269, 0.524774, -0.0, 0.0, 0.0, 0.0, 1.0],
                [1.0, -0.000937, -0.000622, 0.0, 0.001033, 0.546177, 0.837651, 0.375166, -0.000445, -0.837689, 0.54619, 0.0, 0.0, 0.0, 0.0, 1.0],
                [0.999999, -0.000919, -0.000595, 0.0, 0.001013, 0.570329, 0.821398, 0.375166, -0.000415, -0.821435, 0.570342, -0.0, 0.0, 0.0, 0.0, 1.0],
                [0.999999, -0.000898, -0.000567, -0.0, 0.00099, 0.595864, 0.803066, 0.375166, -0.000383, -0.803103, 0.595877, 0.0, 0.0, 0.0, 0.0, 1.0],
                [1.0, -0.000875, -0.000537, -0.0, 0.000965, 0.622279, 0.782777, 0.375166, -0.000351, -0.782813, 0.622292, 0.0, 0.0, 0.0, 0.0, 1.0],
                [1.0, -0.000851, -0.000508, -0.0, 0.000938, 0.64896, 0.760803, 0.375166, -0.000318, -0.76084, 0.648973, 0.0, 0.0, 0.0, 0.0, 1.0],
                [1.0, -0.000824, -0.000478, -0.0, 0.000909, 0.675787, 0.737078, 0.375166, -0.000285, -0.737114, 0.675799, -0.0, 0.0, 0.0, 0.0, 1.0],
                [1.0, -0.000796, -0.000448, 0.0, 0.000878, 0.702495, 0.711669, 0.375166, -0.000252, -0.711704, 0.702507, -0.0, 0.0, 0.0, 0.0, 1.0],
                [1.0, -0.000766, -0.000418, 0.0, 0.000844, 0.728952, 0.684546, 0.375166, -0.000219, -0.68458, 0.728963, 0.0, 0.0, 0.0, 0.0, 1.0],
                [1.0, -0.000734, -0.000389, -0.0, 0.000809, 0.754826, 0.655907, 0.375166, -0.000187, -0.655939, 0.754836, 0.0, 0.0, 0.0, 0.0, 1.0],
                [1.0, -0.0007, -0.000361, 0.0, 0.000772, 0.780058, 0.625689, 0.375166, -0.000156, -0.625721, 0.780068, 0.0, 0.0, 0.0, 0.0, 1.0],
                [1.0, -0.000665, -0.000334, -0.0, 0.000733, 0.804224, 0.594308, 0.375166, -0.000126, -0.594338, 0.804233, -0.0, 0.0, 0.0, 0.0, 1.0],
                [1.0, -0.000628, -0.000308, -0.0, 0.000693, 0.827376, 0.56163, 0.375166, -9.8e-05, -0.561659, 0.827385, 0.0, 0.0, 0.0, 0.0, 1.0],
                [1.0, -0.000591, -0.000284, -0.0, 0.000652, 0.84895, 0.528457, 0.375166, -7.1e-05, -0.528484, 0.848957, 0.0, 0.0, 0.0, 0.0, 1.0],
                [1.0, -0.000553, -0.000261, 0.0, 0.00061, 0.869016, 0.494768, 0.375166, -4.6e-05, -0.494792, 0.869023, 0.0, 0.0, 0.0, 0.0, 1.0],
                [1.0, -0.000516, -0.000241, 0.0, 0.00057, 0.886979, 0.461795, 0.375166, -2.4e-05, -0.461817, 0.886985, -0.0, 0.0, 0.0, 0.0, 1.0],
                [1.0, -0.000481, -0.000224, 0.0, 0.00053, 0.902781, 0.430087, 0.375166, -5e-06, -0.430107, 0.902786, -0.0, 0.0, 0.0, 0.0, 1.0],
                [1.0, -0.000449, -0.000209, -0.0, 0.000495, 0.915832, 0.401548, 0.375166, 1.1e-05, -0.401567, 0.915837, 0.0, 0.0, 0.0, 0.0, 1.0],
                [1.0, -0.000422, -0.000198, 0.0, 0.000466, 0.925901, 0.377755, 0.375166, 2.4e-05, -0.377772, 0.925905, -0.0, 0.0, 0.0, 0.0, 1.0],
                [1.0, -0.000404, -0.000191, -0.0, 0.000446, 0.932315, 0.361637, 0.375166, 3.2e-05, -0.361652, 0.932318, 0.0, 0.0, 0.0, 0.0, 1.0],
                [1.0, -0.000398, -0.000188, 0.0, 0.000439, 0.934613, 0.355656, 0.375166, 3.4e-05, -0.355671, 0.934616, -0.0, 0.0, 0.0, 0.0, 1.0],
                [1.0, -0.00043, -0.000201, 0.0, 0.000474, 0.923199, 0.38431, 0.375166, 2e-05, -0.384327, 0.923203, -0.0, 0.0, 0.0, 0.0, 1.0],
                [1.0, -0.000471, -0.000219, 0.0, 0.00052, 0.906811, 0.421525, 0.375166, 0.0, -0.421545, 0.906816, 0.0, 0.0, 0.0, 0.0, 1.0],
                [1.0, -0.000506, -0.000236, -0.0, 0.000558, 0.891822, 0.452373, 0.375166, -1.8e-05, -0.452395, 0.891828, -0.0, 0.0, 0.0, 0.0, 1.0],
                [1.0, -0.000532, -0.00025, 0.0, 0.000587, 0.87962, 0.475662, 0.375166, -3.4e-05, -0.475686, 0.879626, 0.0, 0.0, 0.0, 0.0, 1.0],
                [1.0, -0.00055, -0.00026, -0.0, 0.000607, 0.870596, 0.491984, 0.375166, -4.5e-05, -0.492008, 0.870602, 0.0, 0.0, 0.0, 0.0, 1.0],
                [1.0, -0.000562, -0.000267, -0.0, 0.00062, 0.86459, 0.502462, 0.375166, -5.2e-05, -0.502487, 0.864597, 0.0, 0.0, 0.0, 0.0, 1.0],
                [1.0, -0.000567, -0.00027, -0.0, 0.000626, 0.861684, 0.507429, 0.375166, -5.5e-05, -0.507454, 0.861691, 0.0, 0.0, 0.0, 0.0, 1.0],
                [1.0, -0.000568, -0.00027, -0.0, 0.000626, 0.861597, 0.507577, 0.375166, -5.6e-05, -0.507602, 0.861604, 0.0, 0.0, 0.0, 0.0, 1.0],
                [1.0, -0.000563, -0.000267, -0.0, 0.000621, 0.864084, 0.503332, 0.375166, -5.3e-05, -0.503357, 0.864091, 0.0, 0.0, 0.0, 0.0, 1.0],
                [0.999999, -0.000553, -0.000262, -0.0, 0.00061, 0.868959, 0.494869, 0.375166, -4.7e-05, -0.494893, 0.868966, -0.0, 0.0, 0.0, 0.0, 1.0],
                [1.0, -0.00054, -0.000254, -0.0, 0.000595, 0.875711, 0.482821, 0.375166, -3.8e-05, -0.482844, 0.875718, -0.0, 0.0, 0.0, 0.0, 1.0],
                [1.0, -0.000522, -0.000245, 0.0, 0.000576, 0.884146, 0.467196, 0.375166, -2.8e-05, -0.467219, 0.884152, 0.0, 0.0, 0.0, 0.0, 1.0],
                [1.0, -0.000501, -0.000234, -0.0, 0.000553, 0.893913, 0.448225, 0.375166, -1.6e-05, -0.448246, 0.893919, 0.0, 0.0, 0.0, 0.0, 1.0],
                [1.0, -0.000477, -0.000222, 0.0, 0.000526, 0.904631, 0.426181, 0.375166, -3e-06, -0.4262, 0.904636, -0.0, 0.0, 0.0, 0.0, 1.0],
                [1.0, -0.000449, -0.000209, 0.0, 0.000496, 0.915722, 0.401798, 0.375166, 1.1e-05, -0.401816, 0.915727, -0.0, 0.0, 0.0, 0.0, 1.0],
                [1.0, -0.00042, -0.000197, 0.0, 0.000463, 0.926844, 0.375435, 0.375166, 2.5e-05, -0.375451, 0.926848, 0.0, 0.0, 0.0, 0.0, 1.0],
                [1.0, -0.00039, -0.000185, 0.0, 0.00043, 0.937294, 0.34853, 0.375166, 3.8e-05, -0.348544, 0.937297, -0.0, 0.0, 0.0, 0.0, 1.0],
                [1.0, -0.000361, -0.000175, 0.0, 0.000398, 0.946582, 0.322452, 0.375166, 4.9e-05, -0.322464, 0.946586, 0.0, 0.0, 0.0, 0.0, 1.0],
                [1.0, -0.000335, -0.000166, -0.0, 0.00037, 0.954046, 0.299653, 0.375166, 5.8e-05, -0.299663, 0.954048, -0.0, 0.0, 0.0, 0.0, 1.0],
                [1.0, -0.000317, -0.000161, 0.0, 0.000349, 0.959016, 0.283345, 0.375166, 6.4e-05, -0.283354, 0.959018, 0.0, 0.0, 0.0, 0.0, 1.0],
                [1.0, -0.00031, -0.000159, 0.0, 0.000342, 0.960817, 0.277175, 0.375166, 6.7e-05, -0.277184, 0.960819, 0.0, 0.0, 0.0, 0.0, 1.0]
            ]
        },
        {
            "name": "Knee_R",
            "time": [0.0, 0.0167, 0.0333, 0.05, 0.0667, 0.0833, 0.1, 0.1167, 0.1333, 0.15, 0.1667, 0.1833, 0.2, 0.2167, 0.2333, 0.25, 0.2667, 0.2833, 0.3, 0.3167, 0.3333, 0.35, 0.3667, 0.3833, 0.4, 0.4167, 0.4333, 0.45, 0.4667, 0.4833, 0.5, 0.5167, 0.5333, 0.55, 0.5667, 0.5833, 0.6, 0.6167, 0.6333, 0.65, 0.6667, 0.6833, 0.7, 0.7167, 0.7333, 0.75, 0.7667, 0.7833, 0.8, 0.8167, 0.8333, 0.85, 0.8667, 0.8833, 0.9, 0.9167, 0.9333, 0.95, 0.9667, 0.9833, 1.0, 1.0167, 1.0333, 1.05, 1.0667, 1.0833, 1.1, 1.1167, 1.1333, 1.15, 1.1667, 1.1833, 1.2, 1.2167, 1.2333, 1.25, 1.2667, 1.2833, 1.3, 1.3167, 1.3333, 1.35],
            "transform": [
                [1.0, -5.7e-05, 5.4e-05, 0.0, 5.7e-05, 0.048757, -0.998811, 0.375166, 5.4e-05, 0.998811, 0.048757, 0.0, 0.0, 0.0, 0.0, 1.0],
                [1.0, -5.7e-05, 5.4e-05, -0.0, 5.7e-05, 0.048757, -0.998811, 0.375166, 5.4e-05, 0.998811, 0.048757, 0.0, 0.0, 0.0, 0.0, 1.0],
                [1.0, -5.7e-05, 5.4e-05, 0.0, 5.7e-05, 0.048757, -0.998811, 0.375166, 5.4e-05, 0.998811, 0.048757, -0.0, 0.0, 0.0, 0.0, 1.0],
                [1.0, -5.7e-05, 5.4e-05, -0.0, 5.7e-05, 0.048757, -0.998811, 0.375166, 5.4e-05, 0.998811, 0.048757, 0.0, 0.0, 0.0, 0.0, 1.0],
                [1.0, -5.7e-05, 5.4e-05, -0.0, 5.7e-05, 0.048757, -0.998811, 0.375166, 5.4e-05, 0.998811, 0.048757, 0.0, 0.0, 0.0, 0.0, 1.0],
