{
    "animation": [
        {
            "name": "Root",
            "time": [0.0, 0.0167, 0.0333, 0.05, 0.0667, 0.0833, 0.1, 0.1167, 0.1333, 0.15, 0.1667, 0.1833, 0.2, 0.2167, 0.2333, 0.25, 0.2667, 0.2833, 0.3, 0.3167, 0.3333, 0.35, 0.3667, 0.3833, 0.4, 0.4167, 0.4333, 0.45, 0.4667, 0.4833, 0.5, 0.5167, 0.5333, 0.55, 0.5667, 0.5833, 0.6, 0.6167, 0.6333, 0.65, 0.6667, 0.6833, 0.7, 0.7167, 0.7333, 0.75, 0.7667, 0.7833, 0.8, 0.8167, 0.8333],
            "transform": [
                [0.987076, 0.0, 0.160251, -5e-06, 0.160251, 0.0, -0.987076, 0.000946, 0.0, 1.0, 0.0, 0.739346, 0.0, 0.0, 0.0, 1.0],
                [0.987076, 0.0, 0.160251, -5e-06, 0.160251, 0.0, -0.987076, 0.000946, 0.0, 1.0, 0.0, 0.710291, 0.0, 0.0, 0.0, 1.0],
                [0.987076, 0.0, 0.160251, -5e-06, 0.160251, 0.0, -0.987076, 0.000946, 0.0, 1.0, 0.0, 0.628453, 0.0, 0.0, 0.0, 1.0],
                [0.987076, 0.0, 0.160251, -5e-06, 0.160251, 0.0, -0.987076, 0.000946, 0.0, 1.0, 0.0, 0.523373, 0.0, 0.0, 0.0, 1.0],
                [0.987076, 0.0, 0.160251, -5e-06, 0.160251, 0.0, -0.987076, 0.000946, 0.0, 1.0, 0.0, 0.441535, 0.0, 0.0, 0.0, 1.0],
                [0.987076, 0.0, 0.160251, -5e-06, 0.160251, 0.0, -0.987076, 0.000946, 0.0, 1.0, 0.0, 0.41248, 0.0, 0.0, 0.0, 1.0],
                [0.987076, 0.0, 0.160251, -5e-06, 0.160251, 0.0, -0.987076, -0.002371, 0.0, 1.0, 0.0, 0.41248, 0.0, 0.0, 0.0, 1.0],
                [0.987076, 0.0, 0.160251, -5e-06, 0.160251, 0.0, -0.987076, -0.00905, 0.0, 1.0, 0.0, 0.41248, 0.0, 0.0, 0.0, 1.0],
                [0.987076, 0.0, 0.160251, -5e-06, 0.160251, 0.0, -0.987076, -0.016919, 0.0, 1.0, 0.0, 0.41248, 0.0, 0.0, 0.0, 1.0],
                [0.987076, 0.0, 0.160251, -5e-06, 0.160251, 0.0, -0.987076, -0.025044, 0.0, 1.0, 0.0, 0.41248, 0.0, 0.0, 0.0, 1.0],
                [0.987076, 0.0, 0.160251, -5e-06, 0.160251, 0.0, -0.987076, -0.032878, 0.0, 1.0, 0.0, 0.41248, 0.0, 0.0, 0.0, 1.0],
                [0.987076, 0.0, 0.160251, -5e-06, 0.160251, 0.0, -0.987076, -0.040032, 0.0, 1.0, 0.0, 0.41248, 0.0, 0.0, 0.0, 1.0],
                [0.987076, 0.0, 0.160251, -5e-06, 0.160251, 0.0, -0.987076, -0.046177, 0.0, 1.0, 0.0, 0.41248, 0.0, 0.0, 0.0, 1.0],
                [0.987076, 0.0, 0.160251, -5e-06, 0.160251, 0.0, -0.987076, -0.051, 0.0, 1.0, 0.0, 0.41248, 0.0, 0.0, 0.0, 1.0],
                [0.987076, 0.0, 0.160251, -5e-06, 0.160251, 0.0, -0.987076, -0.054174, 0.0, 1.0, 0.0, 0.41248, 0.0, 0.0, 0.0, 1.0],
                [0.987076, 0.0, 0.160251, -5e-06, 0.160251, 0.0, -0.987076, -0.055326, 0.0, 1.0, 0.0, 0.41248, 0.0, 0.0, 0.0, 1.0],
                [0.987076, 0.0, 0.160251, -5e-06, 0.160251, 0.0, -0.987076, -0.003854, 0.0, 1.0, 0.0, 0.41248, 0.0, 0.0, 0.0, 1.0],
                [0.987076, 0.0, 0.160251, -5e-06, 0.160251, 0.0, -0.987076, 0.146761, 0.0, 1.0, 0.0, 0.41248, 0.0, 0.0, 0.0, 1.0],
                [0.987076, 0.0, 0.160251, -5e-06, 0.160251, 0.0, -0.987076, 0.35528, 0.0, 1.0, 0.0, 0.41248, 0.0, 0.0, 0.0, 1.0],
                [0.987076, 0.0, 0.160251, -5e-06, 0.160251, 0.0, -0.987076, 0.547125, 0.0, 1.0, 0.0, 0.41248, 0.0, 0.0, 0.0, 1.0],
                [0.987076, 0.0, 0.160251, -5e-06, 0.160251, 0.0, -0.987076, 0.668745, 0.0, 1.0, 0.0, 0.41248, 0.0, 0.0, 0.0, 1.0],
                [0.987076, 0.0, 0.160251, -5e-06, 0.160251, 0.0, -0.987076, 0.735108, 0.0, 1.0, 0.0, 0.41248, 0.0, 0.0, 0.0, 1.0],
                [0.987076, 0.0, 0.160251, -5e-06, 0.160251, 0.0, -0.987076, 0.775844, 0.0, 1.0, 0.0, 0.41248, 0.0, 0.0, 0.0, 1.0],
                [0.987076, 0.0, 0.160251, -5e-06, 0.160251, 0.0, -0.987076, 0.791192, 0.0, 1.0, 0.0, 0.41248, 0.0, 0.0, 0.0, 1.0],
                [0.987076, 0.0, 0.160251, -5e-06, 0.160251, 0.0, -0.987076, 0.793462, 0.0, 1.0, 0.0, 0.41248, 0.0, 0.0, 0.0, 1.0],
                [0.987076, 0.0, 0.160251, -5e-06, 0.160251, 0.0, -0.987076, 0.790106, 0.0, 1.0, 0.0, 0.422652, 0.0, 0.0, 0.0, 1.0],
                [0.987076, 0.0, 0.160251, -5e-06, 0.160251, 0.0, -0.987076, 0.78492, 0.0, 1.0, 0.0, 0.43837, 0.0, 0.0, 0.0, 1.0],
                [0.987076, 0.0, 0.160251, -5e-06, 0.160251, 0.0, -0.987076, 0.77927, 0.0, 1.0, 0.0, 0.455496, 0.0, 0.0, 0.0, 1.0],
                [0.987076, 0.0, 0.160251, -5e-06, 0.160251, 0.0, -0.987076, 0.773447, 0.0, 1.0, 0.0, 0.473146, 0.0, 0.0, 0.0, 1.0],
                [0.987076, 0.0, 0.160251, -5e-06, 0.160251, 0.0, -0.987076, 0.767573, 0.0, 1.0, 0.0, 0.490949, 0.0, 0.0, 0.0, 1.0],
                [0.987076, 0.0, 0.160251, -5e-06, 0.160251, 0.0, -0.987076, 0.761716, 0.0, 1.0, 0.0, 0.508704, 0.0, 0.0, 0.0, 1.0],
                [0.987076, 0.0, 0.160251, -5e-06, 0.160251, 0.0, -0.987076, 0.755916, 0.0, 1.0, 0.0, 0.526283, 0.0, 0.0, 0.0, 1.0],
                [0.987076, 0.0, 0.160251, -5e-06, 0.160251, 0.0, -0.987076, 0.750205, 0.0, 1.0, 0.0, 0.543592, 0.0, 0.0, 0.0, 1.0],
                [0.987076, 0.0, 0.160251, -5e-06, 0.160251, 0.0, -0.987076, 0.744607, 0.0, 1.0, 0.0, 0.560562, 0.0, 0.0, 0.0, 1.0],
                [0.987076, 0.0, 0.160251, -5e-06, 0.160251, 0.0, -0.987076, 0.73914, 0.0, 1.0, 0.0, 0.577132, 0.0, 0.0, 0.0, 1.0],
                [0.987076, 0.0, 0.160251, -5e-06, 0.160251, 0.0, -0.987076, 0.733823, 0.0, 1.0, 0.0, 0.593249, 0.0, 0.0, 0.0, 1.0],
                [0.991088, 0.0, 0.133209, 0.008748, 0.133209, 0.0, -0.991088, 0.729074, 0.0, 1.0, 0.0, 0.607282, 0.0, 0.0, 0.0, 1.0],
                [0.996387, 0.0, 0.084927, 0.021614, 0.084927, 0.0, -0.996387, 0.723587, 0.0, 1.0, 0.0, 0.621785, 0.0, 0.0, 0.0, 1.0],
                [0.999557, 0.0, 0.029748, 0.032769, 0.029748, 0.0, -0.999557, 0.71756, 0.0, 1.0, 0.0, 0.636018, 0.0, 0.0, 0.0, 1.0],
                [0.999612, 0.0, -0.027847, 0.04076, -0.027847, 0.0, -0.999612, 0.711319, 0.0, 1.0, 0.0, 0.649761, 0.0, 0.0, 0.0, 1.0],
                [0.996339, 0.0, -0.085489, 0.045233, -0.085489, 0.0, -0.996339, 0.705241, 0.0, 1.0, 0.0, 0.662894, 0.0, 0.0, 0.0, 1.0],
                [0.989924, 0.0, -0.141602, 0.046314, -0.141602, 0.0, -0.989924, 0.699672, 0.0, 1.0, 0.0, 0.675328, 0.0, 0.0, 0.0, 1.0],
                [0.980801, 0.0, -0.195013, 0.044389, -0.195013, 0.0, -0.980801, 0.694884, 0.0, 1.0, 0.0, 0.686982, 0.0, 0.0, 0.0, 1.0],
                [0.969575, 0.0, -0.244793, 0.04001, -0.244793, 0.0, -0.969575, 0.691054, 0.0, 1.0, 0.0, 0.697776, 0.0, 0.0, 0.0, 1.0],
                [0.956971, 0.0, -0.290184, 0.033827, -0.290184, 0.0, -0.956971, 0.688252, 0.0, 1.0, 0.0, 0.707618, 0.0, 0.0, 0.0, 1.0],
                [0.943794, 0.0, -0.330535, 0.026552, -0.330535, 0.0, -0.943794, 0.68644, 0.0, 1.0, 0.0, 0.716408, 0.0, 0.0, 0.0, 1.0],
                [0.930908, 0.0, -0.365253, 0.018929, -0.365253, 0.0, -0.930908, 0.68549, 0.0, 1.0, 0.0, 0.724025, 0.0, 0.0, 0.0, 1.0],
                [0.91922, 0.0, -0.393744, 0.011716, -0.393744, 0.0, -0.91922, 0.685192, 0.0, 1.0, 0.0, 0.730326, 0.0, 0.0, 0.0, 1.0],
                [0.909667, 0.0, -0.415339, 0.005667, -0.415339, 0.0, -0.909667, 0.68529, 0.0, 1.0, 0.0, 0.735137, 0.0, 0.0, 0.0, 1.0],
                [0.903213, 0.0, -0.429193, 0.001524, -0.429193, 0.0, -0.903213, 0.685512, 0.0, 1.0, 0.0, 0.738237, 0.0, 0.0, 0.0, 1.0],
                [0.900842, 0.0, -0.434148, -5e-06, -0.434148, 0.0, -0.900842, 0.685623, 0.0, 1.0, 0.0, 0.739346, 0.0, 0.0, 0.0, 1.0]
            ]
        },
        {
            "name": "Thigh_R",
            "time": [0.0, 0.0167, 0.0333, 0.05, 0.0667, 0.0833, 0.1, 0.1167, 0.1333, 0.15, 0.1667, 0.1833, 0.2, 0.2167, 0.2333, 0.25, 0.2667, 0.2833, 0.3, 0.3167, 0.3333, 0.35, 0.3667, 0.3833, 0.4, 0.4167, 0.4333, 0.45, 0.4667, 0.4833, 0.5, 0.5167, 0.5333, 0.55, 0.5667, 0.5833, 0.6, 0.6167, 0.6333, 0.65, 0.6667, 0.6833, 0.7, 0.7167, 0.7333, 0.75, 0.7667, 0.7833, 0.8, 0.8167, 0.8333],
            "transform": [
                [0.961653, 0.225772, 0.155718, 0.124994, 0.180479, -0.948442, 0.260545, -0.002831, 0.206521, -0.222451, -0.952781, -1.2e-05, 0.0, 0.0, 0.0, 1.0],
                [0.95891, 0.258097, 0.117791, 0.124994, 0.186968, -0.887177, 0.421847, -0.002831, 0.213386, -0.38249, -0.898943, -1.2e-05, 0.0, 0.0, 0.0, 1.0],
                [0.949493, 0.309944, 0.048948, 0.124994, 0.207488, -0.737185, 0.643036, -0.002831, 0.235398, -0.600399, -0.764229, -1.2e-05, 0.0, 0.0, 0.0, 1.0],
                [0.93195, 0.360978, -0.034093, 0.124994, 0.240693, -0.545596, 0.802728, -0.002831, 0.271176, -0.756303, -0.595326, -1.2e-05, 0.0, 0.0, 0.0, 1.0],
                [0.911326, 0.396928, -0.109226, 0.124994, 0.274086, -0.387026, 0.880378, -0.002831, 0.307185, -0.832242, -0.461476, -1.2e-05, 0.0, 0.0, 0.0, 1.0],
                [0.901785, 0.408892, -0.139954, 0.124994, 0.288028, -0.327185, 0.899981, -0.002831, 0.322216, -0.851893, -0.412801, -1.2e-05, 0.0, 0.0, 0.0, 1.0],
                [0.902483, 0.406636, -0.142013, 0.124994, 0.287028, -0.321949, 0.902186, -0.002831, 0.321152, -0.854963, -0.407247, -1.2e-05, 0.0, 0.0, 0.0, 1.0],
                [0.903854, 0.402144, -0.146032, 0.124994, 0.285053, -0.311513, 0.906465, -0.002831, 0.31905, -0.860933, -0.396172, -1.2e-05, 0.0, 0.0, 0.0, 1.0],
                [0.905411, 0.396941, -0.150552, 0.124994, 0.282789, -0.299418, 0.911238, -0.002831, 0.316641, -0.867613, -0.383324, -1.2e-05, 0.0, 0.0, 0.0, 1.0],
                [0.906957, 0.391673, -0.154979, 0.124994, 0.280519, -0.287173, 0.915868, -0.002831, 0.314227, -0.874122, -0.370303, -1.2e-05, 0.0, 0.0, 0.0, 1.0],
                [0.908391, 0.386697, -0.159023, 0.124994, 0.278394, -0.275617, 0.920057, -0.002831, 0.311966, -0.880038, -0.358, -1.2e-05, 0.0, 0.0, 0.0, 1.0],
                [0.909654, 0.382245, -0.162525, 0.124994, 0.276506, -0.265294, 0.923653, -0.002831, 0.309957, -0.885141, -0.346996, -1.2e-05, 0.0, 0.0, 0.0, 1.0],
                [0.910706, 0.378492, -0.165392, 0.124994, 0.274922, -0.256609, 0.926575, -0.002831, 0.308271, -0.889304, -0.337729, -1.2e-05, 0.0, 0.0, 0.0, 1.0],
                [0.911511, 0.375593, -0.167553, 0.124994, 0.273703, -0.249915, 0.928763, -0.002831, 0.306974, -0.892434, -0.330579, -1.2e-05, 0.0, 0.0, 0.0, 1.0],
                [0.912032, 0.373708, -0.168932, 0.124994, 0.272912, -0.24557, 0.930153, -0.002831, 0.306133, -0.894429, -0.325934, -1.2e-05, 0.0, 0.0, 0.0, 1.0],
                [0.912219, 0.373028, -0.169424, 0.124994, 0.272627, -0.244005, 0.930649, -0.002831, 0.305829, -0.895141, -0.324261, -1.2e-05, 0.0, 0.0, 0.0, 1.0],
                [0.910901, 0.379235, -0.162595, 0.123626, 0.29161, -0.312884, 0.903904, -0.002831, 0.29193, -0.870775, -0.395573, 0.008416, 0.0, 0.0, 0.0, 1.0],
                [0.905864, 0.411999, -0.098305, 0.119772, 0.331735, -0.54579, 0.769448, -0.002831, 0.263367, -0.729613, -0.631067, 0.032155, 0.0, 0.0, 0.0, 1.0],
                [0.898253, 0.434907, 0.063171, 0.114823, 0.368052, -0.823002, 0.432658, -0.002831, 0.240165, -0.365365, -0.899317, 0.062636, 0.0, 0.0, 0.0, 1.0],
                [0.889836, 0.391264, 0.234719, 0.110969, 0.394711, -0.918159, 0.034198, -0.002831, 0.228898, 0.062243, -0.971433, 0.086375, 0.0, 0.0, 0.0, 1.0],
                [0.879955, 0.319925, 0.35116, 0.109601, 0.416441, -0.875196, -0.24614, -0.002831, 0.228595, 0.36286, -0.903348, 0.094803, 0.0, 0.0, 0.0, 1.0],
                [0.869606, 0.251403, 0.424929, 0.109601, 0.435328, -0.796488, -0.419605, -0.002831, 0.232969, 0.549907, -0.802058, 0.094803, 0.0, 0.0, 0.0, 1.0],
                [0.862259, 0.18305, 0.472211, 0.109601, 0.448147, -0.710142, -0.542982, -0.002831, 0.235952, 0.679845, -0.694343, 0.094803, 0.0, 0.0, 0.0, 1.0],
                [0.859263, 0.142908, 0.491146, 0.109601, 0.453236, -0.657854, -0.601473, -0.002831, 0.237156, 0.739463, -0.630023, 0.094803, 0.0, 0.0, 0.0, 1.0],
                [0.858809, 0.135325, 0.49408, 0.109601, 0.454001, -0.647874, -0.611644, -0.002831, 0.237339, 0.749631, -0.617819, 0.094803, 0.0, 0.0, 0.0, 1.0],
                [0.864795, 0.191594, 0.464116, 0.11008, 0.444497, -0.722063, -0.530109, -0.002831, 0.233564, 0.664767, -0.709582, 0.091852, 0.0, 0.0, 0.0, 1.0],
                [0.871707, 0.250493, 0.421147, 0.11082, 0.434214, -0.793205, -0.426914, -0.002831, 0.227125, 0.555044, -0.800194, 0.087293, 0.0, 0.0, 0.0, 1.0],
                [0.877988, 0.296464, 0.375809, 0.111627, 0.425235, -0.843565, -0.327944, -0.002831, 0.219803, 0.447769, -0.866692, 0.082325, 0.0, 0.0, 0.0, 1.0],
                [0.883792, 0.332145, 0.329511, 0.112458, 0.417044, -0.878502, -0.23299, -0.002831, 0.212097, 0.343366, -0.914918, 0.077205, 0.0, 0.0, 0.0, 1.0],
                [0.889298, 0.359406, 0.28278, 0.113296, 0.40917, -0.901495, -0.140939, -0.002831, 0.204277, 0.241071, -0.948743, 0.072041, 0.0, 0.0, 0.0, 1.0],
                [0.89465, 0.379337, 0.235996, 0.114132, 0.401204, -0.914566, -0.050825, -0.002831, 0.196561, 0.140181, -0.970396, 0.066891, 0.0, 0.0, 0.0, 1.0],
                [0.89997, 0.392499, 0.189707, 0.11496, 0.392769, -0.918848, 0.037843, -0.002831, 0.189172, 0.040481, -0.981085, 0.061792, 0.0, 0.0, 0.0, 1.0],
                [0.905363, 0.39927, 0.144544, 0.115775, 0.383483, -0.914971, 0.125504, -0.002831, 0.18237, -0.05817, -0.981482, 0.056771, 0.0, 0.0, 0.0, 1.0],
                [0.910917, 0.399834, 0.101763, 0.116574, 0.372946, -0.90344, 0.211402, -0.002831, 0.176469, -0.154593, -0.972063, 0.051848, 0.0, 0.0, 0.0, 1.0],
                [0.916699, 0.394584, 0.062934, 0.117355, 0.36074, -0.884997, 0.294334, -0.002831, 0.171842, -0.24709, -0.953604, 0.047042, 0.0, 0.0, 0.0, 1.0],
                [0.922741, 0.384225, 0.030257, 0.118114, 0.346429, -0.861233, 0.371822, -0.002831, 0.168927, -0.332591, -0.927786, 0.042367, 0.0, 0.0, 0.0, 1.0],
                [0.933018, 0.359369, 0.0181, 0.118775, 0.321133, -0.854315, 0.408665, -0.002831, 0.16233, -0.375458, -0.91248, 0.038296, 0.0, 0.0, 0.0, 1.0],
                [0.944082, 0.329198, 0.018322, 0.119458, 0.291148, -0.85845, 0.422239, -0.002831, 0.154734, -0.393273, -0.906273, 0.034089, 0.0, 0.0, 0.0, 1.0],
                [0.953661, 0.300013, 0.022807, 0.120128, 0.262914, -0.86778, 0.421693, -0.002831, 0.14631, -0.396136, -0.906424, 0.029961, 0.0, 0.0, 0.0, 1.0],
                [0.961592, 0.272978, 0.028668, 0.120775, 0.237666, -0.880309, 0.410562, -0.002831, 0.137316, -0.387961, -0.911352, 0.025974, 0.0, 0.0, 0.0, 1.0],
                [0.968066, 0.248275, 0.034708, 0.121394, 0.215538, -0.895004, 0.390517, -0.002831, 0.128024, -0.370547, -0.919911, 0.022165, 0.0, 0.0, 0.0, 1.0],
                [0.973327, 0.225853, 0.04029, 0.121979, 0.196338, -0.910876, 0.362973, -0.002831, 0.118682, -0.345365, -0.930897, 0.018558, 0.0, 0.0, 0.0, 1.0],
                [0.97759, 0.205599, 0.045226, 0.122528, 0.179791, -0.92717, 0.328672, -0.002831, 0.10951, -0.313159, -0.943328, 0.015177, 0.0, 0.0, 0.0, 1.0],
                [0.981034, 0.187416, 0.049469, 0.123036, 0.165622, -0.943074, 0.288402, -0.002831, 0.100708, -0.274724, -0.956197, 0.012046, 0.0, 0.0, 0.0, 1.0],
                [0.9838, 0.171204, 0.053168, 0.1235, 0.153591, -0.957905, 0.242538, -0.002831, 0.092457, -0.230428, -0.96865, 0.009191, 0.0, 0.0, 0.0, 1.0],
                [0.985998, 0.156888, 0.056505, 0.123914, 0.143506, -0.970916, 0.19164, -0.002831, 0.084931, -0.180835, -0.979802, 0.006642, 0.0, 0.0, 0.0, 1.0],
                [0.987716, 0.144388, 0.059742, 0.124272, 0.135226, -0.981405, 0.136223, -0.002831, 0.078303, -0.126458, -0.988839, 0.004432, 0.0, 0.0, 0.0, 1.0],
                [0.989015, 0.133662, 0.063111, 0.124569, 0.12867, -0.988655, 0.077486, -0.002831, 0.072754, -0.068503, -0.994957, 0.002604, 0.0, 0.0, 0.0, 1.0],
                [0.989939, 0.124738, 0.066796, 0.124796, 0.123822, -0.992146, 0.017703, -0.002831, 0.068482, -0.009244, -0.997572, 0.001209, 0.0, 0.0, 0.0, 1.0],
                [0.990505, 0.118019, 0.070503, 0.124942, 0.120753, -0.992035, -0.035831, -0.002831, 0.065715, 0.044014, -0.99683, 0.00031, 0.0, 0.0, 0.0, 1.0],
                [0.990703, 0.115138, 0.072456, 0.124994, 0.119659, -0.99091, -0.061465, -0.002831, 0.064723, 0.069573, -0.995437, -1.2e-05, 0.0, 0.0, 0.0, 1.0]
            ]
        },
        {
            "name": "Leg_R",
            "time": [0.0, 0.0167, 0.0333, 0.05, 0.0667, 0.0833, 0.1, 0.1167, 0.1333, 0.15, 0.1667, 0.1833, 0.2, 0.2167, 0.2333, 0.25, 0.2667, 0.2833, 0.3, 0.3167, 0.3333, 0.35, 0.3667, 0.3833, 0.4, 0.4167, 0.4333, 0.45, 0.4667, 0.4833, 0.5, 0.5167, 0.5333, 0.55, 0.5667, 0.5833, 0.6, 0.6167, 0.6333, 0.65, 0.6667, 0.6833, 0.7, 0.7167, 0.7333, 0.75, 0.7667, 0.7833, 0.8, 0.8167, 0.8333],
            "transform": [
                [1.0, -0.00031, -0.000159, 0.0, 0.000342, 0.960818, 0.277174, 0.375166, 6.7e-05, -0.277183, 0.96082, -0.0, 0.0, 0.0, 0.0, 1.0],
                [1.0, -0.000649, -0.000323, -0.0, 0.000716, 0.814285, 0.580447, 0.375166, -0.000114, -0.580476, 0.814294, -0.0, 0.0, 0.0, 0.0, 1.0],
                [0.999999, -0.001008, -0.000748, 0.0, 0.001111, 0.433727, 0.901027, 0.375166, -0.000583, -0.901064, 0.433741, -0.0, 0.0, 0.0, 0.0, 1.0],
                [0.999999, -0.001118, -0.001217, 0.0, 0.001233, 0.014804, 0.999875, 0.375166, -0.0011, -0.999907, 0.014813, -0.0, 0.0, 0.0, 0.0, 1.0],
                [0.999998, -0.001081, -0.001521, 0.0, 0.001192, -0.257198, 0.966345, 0.375166, -0.001435, -0.96637, -0.257189, -0.0, 0.0, 0.0, 0.0, 1.0],
                [0.999998, -0.001051, -0.001616, 0.0, 0.001159, -0.342513, 0.9395, 0.375166, -0.001541, -0.939522, -0.342503, 0.0, 0.0, 0.0, 0.0, 1.0],
                [0.999998, -0.001051, -0.001614, 0.0, 0.00116, -0.340408, 0.940265, 0.375166, -0.001538, -0.940287, -0.340398, 0.0, 0.0, 0.0, 0.0, 1.0],
                [0.999998, -0.001053, -0.001609, 0.0, 0.001162, -0.335931, 0.941873, 0.375166, -0.001533, -0.941896, -0.335921, -0.0, 0.0, 0.0, 0.0, 1.0],
                [0.999998, -0.001055, -0.001603, -0.0, 0.001164, -0.330252, 0.94388, 0.375166, -0.001526, -0.943903, -0.330242, 0.0, 0.0, 0.0, 0.0, 1.0],
                [0.999998, -0.001058, -0.001595, 0.0, 0.001167, -0.323926, 0.946069, 0.375166, -0.001518, -0.946092, -0.323916, -0.0, 0.0, 0.0, 0.0, 1.0],
                [0.999998, -0.00106, -0.001588, -0.0, 0.00117, -0.317383, 0.948284, 0.375166, -0.00151, -0.948307, -0.317373, -0.0, 0.0, 0.0, 0.0, 1.0],
                [0.999998, -0.001063, -0.001581, 0.0, 0.001172, -0.311027, 0.950387, 0.375166, -0.001502, -0.950411, -0.311017, -0.0, 0.0, 0.0, 0.0, 1.0],
                [0.999998, -0.001065, -0.001575, -0.0, 0.001174, -0.305278, 0.95225, 0.375166, -0.001495, -0.952273, -0.305269, -0.0, 0.0, 0.0, 0.0, 1.0],
                [0.999998, -0.001066, -0.001569, -0.0, 0.001176, -0.300578, 0.953743, 0.375166, -0.001489, -0.953768, -0.300568, -0.0, 0.0, 0.0, 0.0, 1.0],
                [0.999998, -0.001068, -0.001566, 0.0, 0.001178, -0.297395, 0.954741, 0.375166, -0.001485, -0.954765, -0.297385, 0.0, 0.0, 0.0, 0.0, 1.0],
                [0.999998, -0.001068, -0.001565, 0.0, 0.001178, -0.296222, 0.955106, 0.375166, -0.001484, -0.95513, -0.296212, 0.0, 0.0, 0.0, 0.0, 1.0],
                [0.999998, -0.001054, -0.001606, 0.0, 0.001163, -0.333573, 0.942711, 0.375166, -0.00153, -0.942734, -0.333563, 0.0, 0.0, 0.0, 0.0, 1.0],
                [0.999998, -0.00104, -0.001644, -0.0, 0.001147, -0.36754, 0.929995, 0.375166, -0.001572, -0.930016, -0.36753, 0.0, 0.0, 0.0, 0.0, 1.0],
                [0.999998, -0.00109, -0.001483, -0.0, 0.001202, -0.223253, 0.974746, 0.375166, -0.001394, -0.974773, -0.223243, 0.0, 0.0, 0.0, 0.0, 1.0],
                [0.999999, -0.00111, -0.001101, 0.0, 0.001225, 0.118548, 0.992932, 0.375166, -0.000972, -0.992967, 0.118558, 0.0, 0.0, 0.0, 0.0, 1.0],
                [0.999999, -0.000992, -0.000717, -0.0, 0.001094, 0.461709, 0.887012, 0.375166, -0.000549, -0.887052, 0.461723, 0.0, 0.0, 0.0, 0.0, 1.0],
                [0.999999, -0.000793, -0.000444, 0.0, 0.000874, 0.705456, 0.708733, 0.375166, -0.000248, -0.70877, 0.705468, 0.0, 0.0, 0.0, 0.0, 1.0],
                [1.0, -0.00055, -0.00026, 0.0, 0.000607, 0.870445, 0.492249, 0.375166, -4.5e-05, -0.492274, 0.870452, 0.0, 0.0, 0.0, 0.0, 1.0],
                [1.0, -0.000395, -0.000187, 0.0, 0.000435, 0.935605, 0.353036, 0.375166, 3.6e-05, -0.353051, 0.935608, 0.0, 0.0, 0.0, 0.0, 1.0],
                [1.0, -0.000364, -0.000176, 0.0, 0.000402, 0.945387, 0.325938, 0.375166, 4.8e-05, -0.325951, 0.94539, -0.0, 0.0, 0.0, 0.0, 1.0],
                [1.0, -0.000586, -0.000281, -0.0, 0.000646, 0.851846, 0.523775, 0.375166, -6.8e-05, -0.523802, 0.851853, 0.0, 0.0, 0.0, 0.0, 1.0],
                [1.0, -0.000797, -0.000449, 0.0, 0.000879, 0.701731, 0.712421, 0.375166, -0.000253, -0.712458, 0.701743, -0.0, 0.0, 0.0, 0.0, 1.0],
                [0.999999, -0.000939, -0.000626, -0.0, 0.001036, 0.543192, 0.839589, 0.375166, -0.000448, -0.839628, 0.543206, 0.0, 0.0, 0.0, 0.0, 1.0],
                [0.999999, -0.00103, -0.000797, 0.0, 0.001136, 0.389727, 0.920912, 0.375166, -0.000638, -0.920951, 0.38974, 0.0, 0.0, 0.0, 0.0, 1.0],
                [0.999999, -0.001083, -0.000956, 0.0, 0.001195, 0.247551, 0.968857, 0.375166, -0.000813, -0.968895, 0.247563, 0.0, 0.0, 0.0, 0.0, 1.0],
                [0.999999, -0.00111, -0.001099, 0.0, 0.001224, 0.120059, 0.99275, 0.375166, -0.00097, -0.992786, 0.12007, 0.0, 0.0, 0.0, 0.0, 1.0],
                [0.999999, -0.001118, -0.001222, -0.0, 0.001233, 0.009688, 0.999937, 0.375166, -0.001106, -0.999971, 0.009698, -0.0, 0.0, 0.0, 0.0, 1.0],
                [0.999999, -0.001114, -0.001325, 0.0, 0.001229, -0.082317, 0.99659, 0.375166, -0.00122, -0.996622, -0.082308, 0.0, 0.0, 0.0, 0.0, 1.0],
                [0.999998, -0.001105, -0.001405, 0.0, 0.001219, -0.153806, 0.988086, 0.375166, -0.001308, -0.988115, -0.153796, -0.0, 0.0, 0.0, 0.0, 1.0],
                [0.999998, -0.001095, -0.00146, -0.0, 0.001208, -0.203019, 0.97916, 0.375166, -0.001369, -0.979188, -0.20301, -0.0, 0.0, 0.0, 0.0, 1.0],
                [0.999998, -0.001089, -0.001487, -0.0, 0.001201, -0.227085, 0.97386, 0.375166, -0.001398, -0.973887, -0.227075, -0.0, 0.0, 0.0, 0.0, 1.0],
                [0.999999, -0.001097, -0.001451, -0.0, 0.00121, -0.194699, 0.980848, 0.375166, -0.001358, -0.980876, -0.194689, 0.0, 0.0, 0.0, 0.0, 1.0],
                [0.999998, -0.001109, -0.001374, -0.0, 0.001223, -0.125859, 0.992033, 0.375166, -0.001273, -0.992063, -0.125849, -0.0, 0.0, 0.0, 0.0, 1.0],
                [0.999998, -0.001117, -0.001278, 0.0, 0.001232, -0.039746, 0.999194, 0.375166, -0.001167, -0.999226, -0.039736, -0.0, 0.0, 0.0, 0.0, 1.0],
                [0.999999, -0.001116, -0.00117, 0.0, 0.001231, 0.056935, 0.998362, 0.375166, -0.001048, -0.998395, 0.056945, -0.0, 0.0, 0.0, 0.0, 1.0],
                [0.999999, -0.001104, -0.001053, -0.0, 0.001217, 0.160869, 0.98696, 0.375166, -0.00092, -0.986995, 0.16088, -0.0, 0.0, 0.0, 0.0, 1.0],
                [0.999999, -0.001077, -0.000933, 0.0, 0.001188, 0.268893, 0.963153, 0.375166, -0.000787, -0.963189, 0.268905, 0.0, 0.0, 0.0, 0.0, 1.0],
                [0.999999, -0.001035, -0.00081, -0.0, 0.001141, 0.378649, 0.925523, 0.375166, -0.000651, -0.925561, 0.378662, 0.0, 0.0, 0.0, 0.0, 1.0],
                [0.999999, -0.000976, -0.000688, -0.0, 0.001077, 0.487318, 0.873206, 0.375166, -0.000517, -0.873244, 0.487331, -0.0, 0.0, 0.0, 0.0, 1.0],
                [0.999999, -0.000901, -0.000571, -0.0, 0.000994, 0.592494, 0.805556, 0.375166, -0.000388, -0.805593, 0.592507, -0.0, 0.0, 0.0, 0.0, 1.0],
                [0.999999, -0.000808, -0.00046, 0.0, 0.000891, 0.691223, 0.722622, 0.375166, -0.000266, -0.722657, 0.691236, -0.0, 0.0, 0.0, 0.0, 1.0],
                [1.0, -0.000699, -0.00036, 0.0, 0.000771, 0.780576, 0.625042, 0.375166, -0.000156, -0.625074, 0.780586, 0.0, 0.0, 0.0, 0.0, 1.0],
                [1.0, -0.000576, -0.000275, -0.0, 0.000635, 0.857024, 0.51526, 0.375166, -6.1e-05, -0.515286, 0.857031, 0.0, 0.0, 0.0, 0.0, 1.0],
                [0.999999, -0.000446, -0.000208, 0.0, 0.000492, 0.9171, 0.398645, 0.375166, 1.3e-05, -0.398663, 0.917104, -0.0, 0.0, 0.0, 0.0, 1.0],
                [1.0, -0.000326, -0.000163, 0.0, 0.000359, 0.956621, 0.291327, 0.375166, 6.2e-05, -0.291337, 0.956623, 0.0, 0.0, 0.0, 0.0, 1.0],
                [1.0, -0.000268, -0.000148, 0.0, 0.000295, 0.970946, 0.239294, 0.375166, 7.9e-05, -0.2393, 0.970948, -0.0, 0.0, 0.0, 0.0, 1.0]
            ]
        },
        {
            "name": "Knee_R",
            "time": [0.0, 0.0167, 0.0333, 0.05, 0.0667, 0.0833, 0.1, 0.1167, 0.1333, 0.15, 0.1667, 0.1833, 0.2, 0.2167, 0.2333, 0.25, 0.2667, 0.2833, 0.3, 0.3167, 0.3333, 0.35, 0.3667, 0.3833, 0.4, 0.4167, 0.4333, 0.45, 0.4667, 0.4833, 0.5, 0.5167, 0.5333, 0.55, 0.5667, 0.5833, 0.6, 0.6167, 0.6333, 0.65, 0.6667, 0.6833, 0.7, 0.7167, 0.7333, 0.75, 0.7667, 0.7833, 0.8, 0.8167, 0.8333],
            "transform": [
                [1.0, -5.7e-05, 5.4e-05, 0.0, 5.7e-05, 0.048757, -0.998811, 0.375166, 5.4e-05, 0.998811, 0.048757, -0.0, 0.0, 0.0, 0.0, 1.0],
                [1.0, -5.7e-05, 5.4e-05, -0.0, 5.7e-05, 0.048757, -0.998811, 0.375166, 5.4e-05, 0.998811, 0.048757, -0.0, 0.0, 0.0, 0.0, 1.0],
                [1.0, -5.7e-05, 5.4e-05, 0.0, 5.7e-05, 0.048757, -0.998811, 0.375166, 5.4e-05, 0.998811, 0.048757, -0.0, 0.0, 0.0, 0.0, 1.0],
                [1.0, -5.7e-05, 5.4e-05, 0.0, 5.7e-05, 0.048757, -0.998811, 0.375166, 5.4e-05, 0.998811, 0.048757, -0.0, 0.0, 0.0, 0.0, 1.0],
                [1.0, -5.7e-05, 5.4e-05, 0.0, 5.7e-05, 0.048757, -0.998811, 0.375166, 5.4e-05, 0.998811, 0.048757, -0.0, 0.0, 0.0, 0.0, 1.0],
                [1.0, -5.7e-05, 5.4e-05, 0.0, 5.7e-05, 0.048757, -0.998811, 0.375166, 5.4e-05, 0.998811, 0.048757, 0.0, 0.0, 0.0, 0.0, 1.0],
                [1.0, -5.7e-05, 5.4e-05, 0.0, 5.7e-05, 0.048757, -0.998811, 0.375166, 5.4e-05, 0.998811, 0.048757, 0.0, 0.0, 0.0, 0.0, 1.0],
                [1.0, -5.7e-05, 5.4e-05, 0.0, 5.7e-05, 0.048757, -0.998811, 0.375166, 5.4e-05, 0.998811, 0.048757, -0.0, 0.0, 0.0, 0.0, 1.0],
                [1.0, -5.7e-05, 5.4e-05, -0.0, 5.7e-05, 0.048757, -0.998811, 0.375166, 5.4e-05, 0.998811, 0.048757, 0.0, 0.0, 0.0, 0.0, 1.0],
                [1.0, -5.7e-05, 5.4e-05, 0.0, 5.7e-05, 0.048757, -0.998811, 0.375166, 5.4e-05, 0.998811, 0.048757, -0.0, 0.0, 0.0, 0.0, 1.0],
                [1.0, -5.7e-05, 5.4e-05, -0.0, 5.7e-05, 0.048757, -0.998811, 0.375166, 5.4e-05, 0.998811, 0.048757, -0.0, 0.0, 0.0, 0.0, 1.0],
                [1.0, -5.7e-05, 5.4e-05, 0.0, 5.7e-05, 0.048757, -0.998811, 0.375166, 5.4e-05, 0.998811, 0.048757, -0.0, 0.0, 0.0, 0.0, 1.0],
                [1.0, -5.7e-05, 5.4e-05, -0.0, 5.7e-05, 0.048757, -0.998811, 0.375166, 5.4e-05, 0.998811, 0.048757, -0.0, 0.0, 0.0, 0.0, 1.0],
                [1.0, -5.7e-05, 5.4e-05, -0.0, 5.7e-05, 0.048757, -0.998811, 0.375166, 5.4e-05, 0.998811, 0.048757, -0.0, 0.0, 0.0, 0.0, 1.0],
                [1.0, -5.7e-05, 5.4e-05, 0.0, 5.7e-05, 0.048757, -0.998811, 0.375166, 5.4e-05, 0.998811, 0.048757, 0.0, 0.0, 0.0, 0.0, 1.0],
                [1.0, -5.7e-05, 5.4e-05, 0.0, 5.7e-05, 0.048757, -0.998811, 0.375166, 5.4e-05, 0.998811, 0.048757, 0.0, 0.0, 0.0, 0.0, 1.0],
                [1.0, -5.7e-05, 5.4e-05, 0.0, 5.7e-05, 0.048757, -0.998811, 0.375166, 5.4e-05, 0.998811, 0.048757, 0.0, 0.0, 0.0, 0.0, 1.0],
                [1.0, -5.7e-05, 5.4e-05, -0.0, 5.7e-05, 0.048757, -0.998811, 0.375166, 5.4e-05, 0.998811, 0.048757, 0.0, 0.0, 0.0, 0.0, 1.0],
                [1.0, -5.7e-05, 5.4e-05, -0.0, 5.7e-05, 0.048757, -0.998811, 0.375166, 5.4e-05, 0.998811, 0.048757, 0.0, 0.0, 0.0, 0.0, 1.0],
                [1.0, -5.7e-05, 5.4e-05, 0.0, 5.7e-05, 0.048757, -0.998811, 0.375166, 5.4e-05, 0.998811, 0.048757, 0.0, 0.0, 0.0, 0.0, 1.0],
                [1.0, -5.7e-05, 5.4e-05, -0.0, 5.7e-05, 0.048757, -0.998811, 0.375166, 5.4e-05, 0.998811, 0.048757, 0.0, 0.0, 0.0, 0.0, 1.0],
                [1.0, -5.7e-05, 5.4e-05, 0.0, 5.7e-05, 0.048757, -0.998811, 0.375166, 5.4e-05, 0.998811, 0.048757, 0.0, 0.0, 0.0, 0.0, 1.0],
                [1.0, -5.7e-05, 5.4e-05, 0.0, 5.7e-05, 0.048757, -0.998811, 0.375166, 5.4e-05, 0.998811, 0.048757, 0.0, 0.0, 0.0, 0.0, 1.0],
                [1.0, -5.7e-05, 5.4e-05, 0.0, 5.7e-05, 0.048757, -0.998811, 0.375166, 5.4e-05, 0.998811, 0.048757, 0.0, 0.0, 0.0, 0.0, 1.0],
                [1.0, -5.7e-05, 5.4e-05, 0.0, 5.7e-05, 0.048757, -0.998811, 0.375166, 5.4e-05, 0.998811, 0.048757, -0.0, 0.0, 0.0, 0.0, 1.0],
                [1.0, -5.7e-05, 5.4e-05, -0.0, 5.7e-05, 0.048757, -0.998811, 0.375166, 5.4e-05, 0.998811, 0.048757, 0.0, 0.0, 0.0, 0.0, 1.0],
                [1.0, -5.7e-05, 5.4e-05, 0.0, 5.7e-05, 0.048757, -0.998811, 0.375166, 5.4e-05, 0.998811, 0.048757, -0.0, 0.0, 0.0, 0.0, 1.0],
                [1.0, -5.7e-05, 5.4e-05, -0.0, 5.7e-05, 0.048757, -0.998811, 0.375166, 5.4e-05, 0.998811, 0.048757, 0.0, 0.0, 0.0, 0.0, 1.0],
                [1.0, -5.7e-05, 5.4e-05, 0.0, 5.7e-05, 0.048757, -0.998811, 0.375166, 5.4e-05, 0.998811, 0.048757, 0.0, 0.0, 0.0, 0.0, 1.0],
                [1.0, -5.7e-05, 5.4e-05, 0.0, 5.7e-05, 0.048757, -0.998811, 0.375166, 5.4e-05, 0.998811, 0.048757, 0.0, 0.0, 0.0, 0.0, 1.0],
                [1.0, -5.7e-05, 5.4e-05, 0.0, 5.7e-05, 0.048757, -0.998811, 0.375166, 5.4e-05, 0.998811, 0.048757, 0.0, 0.0, 0.0, 0.0, 1.0],
                [1.0, -5.7e-05, 5.4e-05, -0.0, 5.7e-05, 0.048757, -0.998811, 0.375166, 5.4e-05, 0.998811, 0.048757, -0.0, 0.0, 0.0, 0.0, 1.0],
                [1.0, -5.7e-05, 5.4e-05, 0.0, 5.7e-05, 0.048757, -0.998811, 0.375166, 5.4e-05, 0.998811, 0.048757, 0.0, 0.0, 0.0, 0.0, 1.0],
                [1.0, -5.7e-05, 5.4e-05, 0.0, 5.7e-05, 0.048757, -0.998811, 0.375166, 5.4e-05, 0.998811, 0.048757, -0.0, 0.0, 0.0, 0.0, 1.0],
                [1.0, -5.7e-05, 5.4e-05, -0.0, 5.7e-05, 0.048757, -0.998811, 0.375166, 5.4e-05, 0.998811, 0.048757, -0.0, 0.0, 0.0, 0.0, 1.0],
                [1.0, -5.7e-05, 5.4e-05, -0.0, 5.7e-05, 0.048757, -0.998811, 0.375166, 5.4e-05, 0.998811, 0.048757, -0.0, 0.0, 0.0, 0.0, 1.0],
                [1.0, -5.7e-05, 5.4e-05, -0.0, 5.7e-05, 0.048757, -0.998811, 0.375166, 5.4e-05, 0.998811, 0.048757, 0.0, 0.0, 0.0, 0.0, 1.0],
                [1.0, -5.7e-05, 5.4e-05, -0.0, 5.7e-05, 0.048757, -0.998811, 0.375166, 5.4e-05, 0.998811, 0.048757, -0.0, 0.0, 0.0, 0.0, 1.0],
                [1.0, -5.7e-05, 5.4e-05, 0.0, 5.7e-05, 0.048757, -0.998811, 0.375166, 5.4e-05, 0.998811, 0.048757, -0.0, 0.0, 0.0, 0.0, 1.0],
                [1.0, -5.7e-05, 5.4e-05, 0.0, 5.7e-05, 0.048757, -0.998811, 0.375166, 5.4e-05, 0.998811, 0.048757, -0.0, 0.0, 0.0, 0.0, 1.0],
                [1.0, -5.7e-05, 5.4e-05, -0.0, 5.7e-05, 0.048757, -0.998811, 0.375166, 5.4e-05, 0.998811, 0.048757, -0.0, 0.0, 0.0, 0.0, 1.0],
                [1.0, -5.7e-05, 5.4e-05, 0.0, 5.7e-05, 0.048757, -0.998811, 0.375166, 5.4e-05, 0.998811, 0.048757, 0.0, 0.0, 0.0, 0.0, 1.0],
                [1.0, -5.7e-05, 5.4e-05, -0.0, 5.7e-05, 0.048757, -0.998811, 0.375166, 5.4e-05, 0.998811, 0.048757, 0.0, 0.0, 0.0, 0.0, 1.0],
                [1.0, -5.7e-05, 5.4e-05, -0.0, 5.7e-05, 0.048757, -0.998811, 0.375166, 5.4e-05, 0.998811, 0.048757, -0.0, 0.0, 0.0, 0.0, 1.0],
                [1.0, -5.7e-05, 5.4e-05, -0.0, 5.7e-05, 0.048757, -0.998811, 0.375166, 5.4e-05, 0.998811, 0.048757, -0.0, 0.0, 0.0, 0.0, 1.0],
                [1.0, -5.7e-05, 5.4e-05, 0.0, 5.7e-05, 0.048757, -0.998811, 0.375166, 5.4e-05, 0.998811, 0.048757, -0.0, 0.0, 0.0, 0.0, 1.0],
                [1.0, -5.7e-05, 5.4e-05, 0.0, 5.7e-05, 0.048757, -0.998811, 0.375166, 5.4e-05, 0.998811, 0.048757, 0.0, 0.0, 0.0, 0.0, 1.0],
                [1.0, -5.7e-05, 5.4e-05, -0.0, 5.7e-05, 0.048757, -0.998811, 0.375166, 5.4e-05, 0.998811, 0.048757, 0.0, 0.0, 0.0, 0.0, 1.0],
                [1.0, -5.7e-05, 5.4e-05, 0.0, 5.7e-05, 0.048757, -0.998811, 0.375166, 5.4e-05, 0.998811, 0.048757, -0.0, 0.0, 0.0, 0.0, 1.0],
                [1.0, -5.7e-05, 5.4e-05, 0.0, 5.7e-05, 0.048757, -0.998811, 0.375166, 5.4e-05, 0.998811, 0.048757, 0.0, 0.0, 0.0, 0.0, 1.0],
                [1.0, -5.7e-05, 5.4e-05, 0.0, 5.7e-05, 0.048757, -0.998811, 0.375166, 5.4e-05, 0.998811, 0.048757, -0.0, 0.0, 0.0, 0.0, 1.0]
            ]
        },
        {
            "name": "Thigh_L",
            "time": [0.0, 0.0167, 0.0333, 0.05, 0.0667, 0.0833, 0.1, 0.1167, 0.1333, 0.15, 0.1667, 0.1833, 0.2, 0.2167, 0.2333, 0.25, 0.2667, 0.2833, 0.3, 0.3167, 0.3333, 0.35, 0.3667, 0.3833, 0.4, 0.4167, 0.4333, 0.45, 0.4667, 0.4833, 0.5, 0.5167, 0.5333, 0.55, 0.5667, 0.5833, 0.6, 0.6167, 0.6333, 0.65, 0.6667, 0.6833, 0.7, 0.7167, 0.7333, 0.75, 0.7667, 0.7833, 0.8, 0.8167, 0.8333],
            "transform": [
                [0.990583, -0.118566, 0.068466, -0.125006, -0.130632, -0.96821, 0.213315, -0.002831, 0.041, -0.220246, -0.974535, -1.2e-05, 0.0, 0.0, 0.0, 1.0],
                [0.989944, -0.114231, 0.083431, -0.125006, -0.136008, -0.930746, 0.339426, -0.002831, 0.038882, -0.347354, -0.93688, -1.2e-05, 0.0, 0.0, 0.0, 1.0],
                [0.987589, -0.110371, 0.111743, -0.125006, -0.1538, -0.82384, 0.545549, -0.002831, 0.031847, -0.555954, -0.830552, -1.2e-05, 0.0, 0.0, 0.0, 1.0],
                [0.982603, -0.114474, 0.146239, -0.125006, -0.184685, -0.68521, 0.704531, -0.002831, 0.019555, -0.71927, -0.694399, -1.2e-05, 0.0, 0.0, 0.0, 1.0],
                [0.975789, -0.124119, 0.180082, -0.125006, -0.218635, -0.575832, 0.78778, -0.002831, 0.005919, -0.808066, -0.589, -1.2e-05, 0.0, 0.0, 0.0, 1.0],
                [0.972286, -0.129209, 0.194843, -0.125006, -0.233794, -0.536588, 0.810798, -0.002831, -0.000212, -0.833867, -0.5519, -1.2e-05, 0.0, 0.0, 0.0, 1.0],
                [0.972581, -0.126529, 0.19513, -0.125006, -0.232565, -0.53017, 0.81536, -0.002831, 0.000286, -0.838371, -0.545034, -1.2e-05, 0.0, 0.0, 0.0, 1.0],
                [0.973164, -0.121184, 0.195616, -0.125006, -0.23011, -0.517215, 0.824328, -0.002831, 0.001281, -0.847207, -0.531195, -1.2e-05, 0.0, 0.0, 0.0, 1.0],
                [0.973833, -0.11498, 0.196029, -0.125006, -0.227251, -0.501916, 0.834515, -0.002831, 0.002438, -0.857214, -0.514886, -1.2e-05, 0.0, 0.0, 0.0, 1.0],
                [0.974505, -0.108687, 0.196281, -0.125006, -0.224337, -0.486104, 0.844602, -0.002831, 0.003616, -0.86709, -0.498068, -1.2e-05, 0.0, 0.0, 0.0, 1.0],
                [0.975135, -0.102731, 0.196361, -0.125006, -0.221563, -0.470867, 0.853915, -0.002831, 0.004737, -0.876177, -0.481894, -1.2e-05, 0.0, 0.0, 0.0, 1.0],
                [0.975694, -0.097392, 0.196299, -0.125006, -0.219059, -0.456983, 0.862065, -0.002831, 0.005748, -0.884103, -0.467184, -1.2e-05, 0.0, 0.0, 0.0, 1.0],
                [0.976164, -0.092886, 0.196148, -0.125006, -0.216932, -0.445095, 0.868796, -0.002831, 0.006606, -0.890628, -0.45461, -1.2e-05, 0.0, 0.0, 0.0, 1.0],
                [0.976526, -0.089401, 0.195966, -0.125006, -0.215276, -0.435796, 0.873907, -0.002831, 0.007274, -0.89557, -0.444786, -1.2e-05, 0.0, 0.0, 0.0, 1.0],
                [0.976761, -0.087134, 0.195818, -0.125006, -0.214193, -0.429695, 0.877188, -0.002831, 0.00771, -0.898736, -0.438346, -1.2e-05, 0.0, 0.0, 0.0, 1.0],
                [0.976846, -0.086315, 0.195758, -0.125006, -0.213801, -0.427484, 0.878363, -0.002831, 0.007868, -0.899868, -0.436014, -1.2e-05, 0.0, 0.0, 0.0, 1.0],
                [0.97776, -0.089049, 0.189881, -0.122744, -0.209725, -0.410717, 0.8873, -0.002831, -0.001025, -0.90738, -0.420232, -0.013948, 0.0, 0.0, 0.0, 1.0],
                [0.979754, -0.107388, 0.168965, -0.116371, -0.197265, -0.373708, 0.906312, -0.002831, -0.034184, -0.921285, -0.387299, -0.0532, 0.0, 0.0, 0.0, 1.0],
                [0.977775, -0.167901, 0.125557, -0.108189, -0.178238, -0.350371, 0.919479, -0.002831, -0.110394, -0.921415, -0.372484, -0.1036, 0.0, 0.0, 0.0, 1.0],
                [0.952823, -0.298716, 0.053806, -0.101816, -0.168787, -0.374141, 0.911867, -0.002831, -0.252269, -0.87792, -0.406884, -0.142853, 0.0, 0.0, 0.0, 1.0],
                [0.881947, -0.470564, -0.027016, -0.099553, -0.216125, -0.45468, 0.864021, -0.002831, -0.41888, -0.756169, -0.502682, -0.156789, 0.0, 0.0, 0.0, 1.0],
                [0.786042, -0.609721, -0.101781, -0.099553, -0.303716, -0.524342, 0.795489, -0.002831, -0.538419, -0.59436, -0.597317, -0.156789, 0.0, 0.0, 0.0, 1.0],
                [0.691436, -0.702966, -0.166511, -0.099553, -0.367142, -0.540444, 0.75704, -0.002831, -0.622192, -0.462295, -0.631755, -0.156789, 0.0, 0.0, 0.0, 1.0],
                [0.646562, -0.737752, -0.19403, -0.099553, -0.392134, -0.539608, 0.745007, -0.002831, -0.654361, -0.40559, -0.638173, -0.156789, 0.0, 0.0, 0.0, 1.0],
                [0.639457, -0.742815, -0.198212, -0.099553, -0.395846, -0.539138, 0.743383, -0.002831, -0.65909, -0.396883, -0.638781, -0.156789, 0.0, 0.0, 0.0, 1.0],
                [0.721975, -0.671665, -0.16611, -0.100345, -0.378107, -0.584063, 0.718254, -0.002831, -0.579471, -0.455736, -0.675623, -0.15191, 0.0, 0.0, 0.0, 1.0],
                [0.811091, -0.572526, -0.1197, -0.101569, -0.348139, -0.636997, 0.687763, -0.002831, -0.470032, -0.516148, -0.715961, -0.144371, 0.0, 0.0, 0.0, 1.0],
                [0.87199, -0.483387, -0.077197, -0.102903, -0.317094, -0.677926, 0.663214, -0.002831, -0.37294, -0.553819, -0.744401, -0.136157, 0.0, 0.0, 0.0, 1.0],
                [0.910912, -0.410388, -0.042598, -0.104277, -0.289135, -0.708582, 0.64366, -0.002831, -0.294348, -0.573983, -0.764088, -0.127691, 0.0, 0.0, 0.0, 1.0],
                [0.935771, -0.352257, -0.015574, -0.105664, -0.265243, -0.732342, 0.627143, -0.002831, -0.232331, -0.582714, -0.778711, -0.119152, 0.0, 0.0, 0.0, 1.0],
                [0.951974, -0.306129, 0.00528, -0.107046, -0.245159, -0.751812, 0.612097, -0.002831, -0.183419, -0.583978, -0.790727, -0.110636, 0.0, 0.0, 0.0, 1.0],
                [0.962812, -0.269323, 0.021353, -0.108415, -0.228289, -0.768748, 0.59741, -0.002831, -0.144487, -0.580051, -0.801613, -0.102205, 0.0, 0.0, 0.0, 1.0],
                [0.970253, -0.239711, 0.033866, -0.109763, -0.214043, -0.784037, 0.582632, -0.002831, -0.113116, -0.572533, -0.811991, -0.093903, 0.0, 0.0, 0.0, 1.0],
                [0.975485, -0.215696, 0.043641, -0.111084, -0.201919, -0.798401, 0.567251, -0.002831, -0.087514, -0.562142, -0.822348, -0.085763, 0.0, 0.0, 0.0, 1.0],
                [0.979242, -0.196095, 0.051292, -0.112375, -0.191519, -0.812283, 0.550914, -0.002831, -0.06637, -0.549287, -0.832944, -0.077816, 0.0, 0.0, 0.0, 1.0],
                [0.981992, -0.180013, 0.057329, -0.11363, -0.182532, -0.825777, 0.533634, -0.002831, -0.048722, -0.534475, -0.843729, -0.070086, 0.0, 0.0, 0.0, 1.0],
                [0.984576, -0.169821, 0.042069, -0.114722, -0.165521, -0.826261, 0.538411, -0.002831, -0.056676, -0.537057, -0.841589, -0.063355, 0.0, 0.0, 0.0, 1.0],
                [0.986182, -0.164819, 0.016737, -0.115852, -0.147067, -0.824465, 0.54646, -0.002831, -0.076271, -0.54136, -0.837274, -0.056399, 0.0, 0.0, 0.0, 1.0],
                [0.986838, -0.161256, -0.012088, -0.11696, -0.127872, -0.823921, 0.552081, -0.002831, -0.09899, -0.54326, -0.833658, -0.049572, 0.0, 0.0, 0.0, 1.0],
                [0.986551, -0.157858, -0.042389, -0.11803, -0.10828, -0.825468, 0.553957, -0.002831, -0.122443, -0.54191, -0.831419, -0.04298, 0.0, 0.0, 0.0, 1.0],
                [0.985371, -0.153914, -0.073162, -0.119053, -0.088619, -0.829485, 0.551445, -0.002831, -0.145568, -0.536889, -0.83095, -0.036681, 0.0, 0.0, 0.0, 1.0],
                [0.983391, -0.148965, -0.103677, -0.120021, -0.069218, -0.835909, 0.544477, -0.002831, -0.167781, -0.528253, -0.832295, -0.030717, 0.0, 0.0, 0.0, 1.0],
                [0.98074, -0.142683, -0.133371, -0.120929, -0.050399, -0.844628, 0.532966, -0.002831, -0.188702, -0.515978, -0.83551, -0.025127, 0.0, 0.0, 0.0, 1.0],
                [0.977576, -0.134886, -0.161701, -0.121769, -0.032478, -0.855307, 0.517093, -0.002831, -0.208062, -0.500246, -0.840466, -0.01995, 0.0, 0.0, 0.0, 1.0],
                [0.974083, -0.125494, -0.188175, -0.122536, -0.015766, -0.867617, 0.496973, -0.002831, -0.225642, -0.481127, -0.847067, -0.015229, 0.0, 0.0, 0.0, 1.0],
                [0.970464, -0.114601, -0.212277, -0.12322, -0.000577, -0.881063, 0.472989, -0.002831, -0.241245, -0.458899, -0.855063, -0.011014, 0.0, 0.0, 0.0, 1.0],
