{
    "armature": {
        "joints": ["Root", "Thigh_R", "Leg_R", "Knee_R", "Thigh_L", "Leg_L", "Knee_L", "Torso", "Chest", "Head", "Shoulder_R", "Arm_R", "Hand_R", "Tool_R", "Elbow_R", "Shoulder_L", "Arm_L", "Hand_L", "Tool_L", "Elbow_L", "IKThigh_R", "IKLeg_R", "IKThigh_L", "IKLeg_L", "FKTorso", "FKChest", "FKArm_L", "FKHand_L", "FKArm_R", "FKHand_R", "Tool_R_Visual", "KneeIK_L", "KneelIK_R", "HeelIK_L", "HeelIK_R", "HipControl", "HipIK", "WeaponIK_R", "WeaponIK_L", "GodNode", "Upper Rot", "HeadIKF", "Tool_R_Control", "Tool_L_Control"],
        "hierarchy": [
            {
                "name": "Root",
                "transform": [1.0, 0.0, 0.0, -5e-06, 0.0, 0.0, -1.0, 0.000946, 0.0, 1.0, 0.0, 0.763972, 0.0, 0.0, 0.0, 1.0],
                "children": [
                    {
                        "name": "Thigh_R",
                        "transform": [1.0, 5.7e-05, 5.4e-05, 0.124994, 5.4e-05, -0.998811, 0.048757, -0.002831, 5.7e-05, -0.048757, -0.998798, -1.2e-05, 0.0, 0.0, 0.0, 1.0],
                        "children": [
                            {
                                "name": "Leg_R",
                                "transform": [1.0, -0.000109, -0.00012, 0.0, 0.00012, 0.995249, 0.097363, 0.375166, 0.000109, -0.097363, 0.995249, -0.0, 0.0, 0.0, 0.0, 1.0],
                                "children": []
                            },
                            {
                                "name": "Knee_R",
                                "transform": [1.0, -5.7e-05, 5.4e-05, 0.0, 5.7e-05, 0.048757, -0.998811, 0.375166, 5.4e-05, 0.998811, 0.048757, -0.0, 0.0, 0.0, 0.0, 1.0],
                                "children": []
                            }
                        ]
                    },
                    {
                        "name": "Thigh_L",
                        "transform": [1.0, -0.0, -0.0, -0.125006, -0.0, -0.998811, 0.048757, -0.002831, -0.0, -0.048757, -0.998795, -1.2e-05, 0.0, 0.0, 0.0, 1.0],
                        "children": [
                            {
                                "name": "Leg_L",
                                "transform": [1.0, 0.0, 1e-06, -0.0, -0.0, 0.995249, 0.097364, 0.375166, -1e-06, -0.097364, 0.995249, -0.0, 0.0, 0.0, 0.0, 1.0],
                                "children": []
                            },
                            {
                                "name": "Knee_L",
                                "transform": [1.0, 0.0, -0.0, -0.0, -0.0, 0.048757, -0.998811, 0.375166, -0.0, 0.998811, 0.048757, -0.0, 0.0, 0.0, 0.0, 1.0],
                                "children": []
                            }
                        ]
                    },
                    {
                        "name": "Torso",
                        "transform": [1.0, 0.0, 0.0, 0.0, 0.0, 0.985001, -0.17255, 0.05, -0.0, 0.17255, 0.985001, 0.0, 0.0, 0.0, 0.0, 1.0],
                        "children": [
                            {
                                "name": "Chest",
                                "transform": [1.0, 0.0, 0.0, 0.0, -0.0, 0.954131, 0.299389, 0.304568, 0.0, -0.299389, 0.954131, -0.0, 0.0, 0.0, 0.0, 1.0],
                                "children": [
                                    {
                                        "name": "Head",
                                        "transform": [1.0, -0.0, -0.0, 0.0, 0.0, 0.991479, -0.130264, 0.403437, 0.0, 0.130264, 0.991479, 0.0, 0.0, 0.0, 0.0, 1.0],
                                        "children": []
                                    },
                                    {
                                        "name": "Shoulder_R",
                                        "transform": [-0.0, 0.952114, 0.305743, 0.0, -0.130264, -0.303138, 0.944001, 0.403437, 0.991479, -0.039827, 0.124026, 0.0, 0.0, 0.0, 0.0, 1.0],
                                        "children": [
                                            {
                                                "name": "Arm_R",
                                                "transform": [0.0, 0.060811, -0.998149, 0.0, 0.952114, 0.305178, 0.018593, 0.39386, 0.305743, -0.950352, -0.057899, 0.0, 0.0, 0.0, 0.0, 1.0],
                                                "children": [
                                                    {
                                                        "name": "Hand_R",
                                                        "transform": [1.0, -0.0, 0.0, -0.0, 0.0, 0.991294, -0.131669, 0.300556, -0.0, 0.131669, 0.991294, -0.0, 0.0, 0.0, 0.0, 1.0],
                                                        "children": [
                                                            {
                                                                "name": "Tool_R",
                                                                "transform": [1.0, -2.8e-05, 2.8e-05, 9e-06, -2.6e-05, -0.997928, -0.064338, 0.271975, 3e-05, 0.064338, -0.997952, 0.001148, 0.0, 0.0, 0.0, 1.0],
                                                                "children": []
                                                            }
                                                        ]
                                                    },
                                                    {
                                                        "name": "Elbow_R",
                                                        "transform": [-1.0, 0.0, 0.0, -0.0, -0.0, 0.060811, -0.99815, 0.300556, -0.0, -0.99815, -0.060811, -0.0, 0.0, 0.0, 0.0, 1.0],
                                                        "children": []
                                                    }
                                                ]
                                            }
                                        ]
                                    },
                                    {
                                        "name": "Shoulder_L",
                                        "transform": [0.0, -0.952114, -0.305743, 0.0, 0.130264, -0.303138, 0.944001, 0.403437, -0.991479, -0.039827, 0.124026, 0.0, 0.0, 0.0, 0.0, 1.0],
                                        "children": [
                                            {
                                                "name": "Arm_L",
                                                "transform": [-3e-05, -0.060811, 0.998149, -0.0, -0.952124, 0.305149, 0.018562, 0.39386, -0.305713, -0.950361, -0.057908, -0.0, 0.0, 0.0, 0.0, 1.0],
                                                "children": [
                                                    {
                                                        "name": "Hand_L",
                                                        "transform": [1.0, -3.4e-05, -2.8e-05, -0.0, 3e-05, 0.991294, -0.131669, 0.300556, 3.2e-05, 0.131669, 0.991294, -0.0, 0.0, 0.0, 0.0, 1.0],
                                                        "children": [
                                                            {
                                                                "name": "Tool_L",
                                                                "transform": [1.0, 0.0, -0.0, -9e-06, 0.0, -0.997928, -0.064338, 0.271975, -0.0, 0.064338, -0.997949, 0.001148, 0.0, 0.0, 0.0, 1.0],
                                                                "children": []
                                                            }
                                                        ]
                                                    },
                                                    {
                                                        "name": "Elbow_L",
                                                        "transform": [-1.0, 3e-05, 3.2e-05, -0.0, -3e-05, 0.060811, -0.998149, 0.300556, -3.2e-05, -0.998149, -0.060811, -0.0, 0.0, 0.0, 0.0, 1.0],
                                                        "children": []
                                                    }
                                                ]
                                            }
                                        ]
                                    }
                                ]
                            }
                        ]
                    },
                    {
                        "name": "IKThigh_R",
                        "transform": [1.0, 5.7e-05, 5.4e-05, 0.124994, 5.4e-05, -0.998811, 0.048757, -0.002831, 5.7e-05, -0.048757, -0.998798, -1.2e-05, 0.0, 0.0, 0.0, 1.0],
                        "children": [
                            {
                                "name": "IKLeg_R",
                                "transform": [1.0, -0.000109, -0.00012, 0.0, 0.00012, 0.995249, 0.097363, 0.375166, 0.000109, -0.097363, 0.995249, -0.0, 0.0, 0.0, 0.0, 1.0],
                                "children": []
                            }
                        ]
                    },
                    {
                        "name": "IKThigh_L",
                        "transform": [1.0, -0.0, -0.0, -0.125006, -0.0, -0.998811, 0.048757, -0.002831, -0.0, -0.048757, -0.998795, -1.2e-05, 0.0, 0.0, 0.0, 1.0],
                        "children": [
                            {
                                "name": "IKLeg_L",
                                "transform": [1.0, 0.0, 1e-06, -0.0, -0.0, 0.995249, 0.097364, 0.375166, -1e-06, -0.097364, 0.995249, -0.0, 0.0, 0.0, 0.0, 1.0],
                                "children": []
                            }
                        ]
                    }
                ]
            },
            {
                "name": "FKTorso",
                "transform": [1.0, 0.0, 0.0, -5e-06, 0.0, -0.17255, -0.985001, 0.000946, 0.0, 0.985001, -0.17255, 0.813972, 0.0, 0.0, 0.0, 1.0],
                "children": [
                    {
                        "name": "FKChest",
                        "transform": [1.0, 0.0, 0.0, 0.0, -0.0, 0.954131, 0.299389, 0.304568, 0.0, -0.299389, 0.954131, -0.0, 0.0, 0.0, 0.0, 1.0],
                        "children": []
                    }
                ]
            },
            {
                "name": "FKArm_L",
                "transform": [1.0, 3e-05, 3.2e-05, -0.375005, -3e-05, -0.060811, 0.998149, 0.000946, 3.2e-05, -0.998149, -0.060811, 1.393551, 0.0, 0.0, 0.0, 1.0],
                "children": [
                    {
                        "name": "FKHand_L",
                        "transform": [1.0, -3.4e-05, -2.8e-05, 0.0, 3e-05, 0.991294, -0.131669, 0.300557, 3.2e-05, 0.131669, 0.991294, -0.0, 0.0, 0.0, 0.0, 1.0],
                        "children": []
                    }
                ]
            },
            {
                "name": "FKArm_R",
                "transform": [1.0, 0.0, 0.0, 0.374995, -0.0, -0.060811, 0.998149, 0.000946, 0.0, -0.998149, -0.060811, 1.393551, 0.0, 0.0, 0.0, 1.0],
                "children": [
                    {
                        "name": "FKHand_R",
                        "transform": [1.0, -0.0, 0.0, -0.0, 0.0, 0.991294, -0.131669, 0.300556, 0.0, 0.131669, 0.991294, -0.0, 0.0, 0.0, 0.0, 1.0],
                        "children": []
                    }
                ]
            },
            {
                "name": "Tool_R_Visual",
                "transform": [1.0, 0.0, 0.0, 0.374995, 0.0, 0.999913, 0.013191, 0.002013, 0.0, -0.013191, 0.999913, 0.822347, 0.0, 0.0, 0.0, 1.0],
                "children": []
            },
            {
                "name": "KneeIK_L",
                "transform": [1.0, -0.000173, 0.0, -0.124989, 0.000173, 1.0, 0.0, 0.963284, 0.0, 0.0, 1.0, 0.386421, 0.0, 0.0, 0.0, 1.0],
                "children": []
            },
            {
                "name": "KneelIK_R",
                "transform": [1.0, 0.000173, 0.0, 0.124989, -0.000173, 1.0, 0.0, 0.963284, 0.0, 0.0, 1.0, 0.386421, 0.0, 0.0, 0.0, 1.0],
                "children": []
            },
            {
                "name": "HeelIK_L",
                "transform": [-1.0, 0.0, 0.0, -0.125011, 0.0, -1.0, 0.0, 0.000958, 0.0, 0.0, 1.0, 0.011421, 0.0, 0.0, 0.0, 1.0],
                "children": []
            },
            {
                "name": "HeelIK_R",
                "transform": [-1.0, 0.0, 0.0, 0.124989, 0.0, -1.0, 0.0, 0.000958, 0.0, 0.0, 1.0, 0.011421, 0.0, 0.0, 0.0, 1.0],
                "children": []
            },
            {
                "name": "HipControl",
                "transform": [-1.0, 0.0, 0.0, -5e-06, 0.0, -1.0, 0.0, 0.000946, 0.0, 0.0, 1.0, 0.813972, 0.0, 0.0, 0.0, 1.0],
                "children": [
                    {
                        "name": "HipIK",
                        "transform": [-1.0, 0.0, 0.0, 0.0, 0.0, 0.0, 1.0, 0.0, 0.0, 1.0, 0.0, -0.05, 0.0, 0.0, 0.0, 1.0],
                        "children": []
                    }
                ]
            },
            {
                "name": "WeaponIK_R",
                "transform": [-1.0, 0.0, 0.0, 0.374995, 0.0, -1.0, 0.0, 0.512282, 0.0, 0.0, 1.0, 0.87287, 0.0, 0.0, 0.0, 1.0],
                "children": []
            },
            {
                "name": "WeaponIK_L",
                "transform": [-1.0, 0.0, 0.0, -0.374995, 0.0, -1.0, 0.0, 0.512282, 0.0, 0.0, 1.0, 0.87287, 0.0, 0.0, 0.0, 1.0],
                "children": []
            },
            {
                "name": "GodNode",
                "transform": [-1.0, 0.0, 0.0, -5e-06, 0.0, -1.0, 0.0, 0.000946, 0.0, 0.0, 1.0, -0.013244, 0.0, 0.0, 0.0, 1.0],
                "children": []
            },
            {
                "name": "Upper Rot",
                "transform": [-1.0, 0.0, 0.0, -5e-06, 0.0, -1.0, 0.0, 0.000946, 0.0, 0.0, 1.0, 1.425168, 0.0, 0.0, 0.0, 1.0],
                "children": []
            },
            {
                "name": "HeadIKF",
                "transform": [1.0, 0.0, 0.0, -5e-06, 0.0, 0.0, -1.0, 1.000442, 0.0, 1.0, 0.0, 1.513452, 0.0, 0.0, 0.0, 1.0],
                "children": []
            },
            {
                "name": "Tool_R_Control",
                "transform": [1.0, -7.6e-05, 7.7e-05, 0.375005, 7.6e-05, -0.018526, -0.999828, 0.003164, 7.7e-05, 0.999828, -0.018526, 0.822347, 0.0, 0.0, 0.0, 1.0],
                "children": []
            },
            {
                "name": "Tool_L_Control",
                "transform": [1.0, 0.0, -0.0, -0.375005, -0.0, -0.018526, -0.999828, 0.003164, 0.0, 0.999828, -0.018526, 0.822347, 0.0, 0.0, 0.0, 1.0],
                "children": []
            }
        ]
    },
    "animation": [
        {
            "name": "Root",
            "time": [0.0, 0.0167, 0.0333, 0.05, 0.0667, 0.0833, 0.1, 0.1167, 0.1333, 0.15, 0.1667, 0.1833, 0.2, 0.2167, 0.2333, 0.25, 0.2667, 0.2833, 0.3, 0.3167, 0.3333, 0.35, 0.3667, 0.3833, 0.4, 0.4167, 0.4333, 0.45, 0.4667, 0.4833, 0.5, 0.5167, 0.5333, 0.55, 0.5667, 0.5833, 0.6, 0.6167, 0.6333, 0.65, 0.6667, 0.6833, 0.7, 0.7167, 0.7333, 0.75, 0.7667, 0.7833, 0.8, 0.8167, 0.8333],
            "transform": [
                [0.987076, 0.0, 0.160251, -5e-06, 0.160251, 0.0, -0.987076, 0.000946, 0.0, 1.0, 0.0, 0.739346, 0.0, 0.0, 0.0, 1.0],
                [0.987076, 0.0, 0.160251, -5e-06, 0.160251, 0.0, -0.987076, 0.000946, 0.0, 1.0, 0.0, 0.710291, 0.0, 0.0, 0.0, 1.0],
                [0.987076, 0.0, 0.160251, -5e-06, 0.160251, 0.0, -0.987076, 0.000946, 0.0, 1.0, 0.0, 0.628453, 0.0, 0.0, 0.0, 1.0],
                [0.987076, 0.0, 0.160251, -5e-06, 0.160251, 0.0, -0.987076, 0.000946, 0.0, 1.0, 0.0, 0.523373, 0.0, 0.0, 0.0, 1.0],
                [0.987076, 0.0, 0.160251, -5e-06, 0.160251, 0.0, -0.987076, 0.000946, 0.0, 1.0, 0.0, 0.441535, 0.0, 0.0, 0.0, 1.0],
                [0.987076, 0.0, 0.160251, -5e-06, 0.160251, 0.0, -0.987076, 0.000946, 0.0, 1.0, 0.0, 0.41248, 0.0, 0.0, 0.0, 1.0],
                [0.987076, 0.0, 0.160251, -5e-06, 0.160251, 0.0, -0.987076, -0.002371, 0.0, 1.0, 0.0, 0.41248, 0.0, 0.0, 0.0, 1.0],
                [0.987076, 0.0, 0.160251, -5e-06, 0.160251, 0.0, -0.987076, -0.00905, 0.0, 1.0, 0.0, 0.41248, 0.0, 0.0, 0.0, 1.0],
                [0.987076, 0.0, 0.160251, -5e-06, 0.160251, 0.0, -0.987076, -0.016919, 0.0, 1.0, 0.0, 0.41248, 0.0, 0.0, 0.0, 1.0],
                [0.987076, 0.0, 0.160251, -5e-06, 0.160251, 0.0, -0.987076, -0.025044, 0.0, 1.0, 0.0, 0.41248, 0.0, 0.0, 0.0, 1.0],
                [0.987076, 0.0, 0.160251, -5e-06, 0.160251, 0.0, -0.987076, -0.032878, 0.0, 1.0, 0.0, 0.41248, 0.0, 0.0, 0.0, 1.0],
                [0.987076, 0.0, 0.160251, -5e-06, 0.160251, 0.0, -0.987076, -0.040032, 0.0, 1.0, 0.0, 0.41248, 0.0, 0.0, 0.0, 1.0],
                [0.987076, 0.0, 0.160251, -5e-06, 0.160251, 0.0, -0.987076, -0.046177, 0.0, 1.0, 0.0, 0.41248, 0.0, 0.0, 0.0, 1.0],
                [0.987076, 0.0, 0.160251, -5e-06, 0.160251, 0.0, -0.987076, -0.051, 0.0, 1.0, 0.0, 0.41248, 0.0, 0.0, 0.0, 1.0],
                [0.987076, 0.0, 0.160251, -5e-06, 0.160251, 0.0, -0.987076, -0.054174, 0.0, 1.0, 0.0, 0.41248, 0.0, 0.0, 0.0, 1.0],
                [0.987076, 0.0, 0.160251, -5e-06, 0.160251, 0.0, -0.987076, -0.055326, 0.0, 1.0, 0.0, 0.41248, 0.0, 0.0, 0.0, 1.0],
                [0.987076, 0.0, 0.160251, -5e-06, 0.160251, 0.0, -0.987076, -0.003854, 0.0, 1.0, 0.0, 0.41248, 0.0, 0.0, 0.0, 1.0],
                [0.987076, 0.0, 0.160251, -5e-06, 0.160251, 0.0, -0.987076, 0.146761, 0.0, 1.0, 0.0, 0.41248, 0.0, 0.0, 0.0, 1.0],
                [0.987076, 0.0, 0.160251, -5e-06, 0.160251, 0.0, -0.987076, 0.35528, 0.0, 1.0, 0.0, 0.41248, 0.0, 0.0, 0.0, 1.0],
                [0.987076, 0.0, 0.160251, -5e-06, 0.160251, 0.0, -0.987076, 0.547125, 0.0, 1.0, 0.0, 0.41248, 0.0, 0.0, 0.0, 1.0],
                [0.987076, 0.0, 0.160251, -5e-06, 0.160251, 0.0, -0.987076, 0.668745, 0.0, 1.0, 0.0, 0.41248, 0.0, 0.0, 0.0, 1.0],
                [0.987076, 0.0, 0.160251, -5e-06, 0.160251, 0.0, -0.987076, 0.735108, 0.0, 1.0, 0.0, 0.41248, 0.0, 0.0, 0.0, 1.0],
                [0.987076, 0.0, 0.160251, -5e-06, 0.160251, 0.0, -0.987076, 0.775844, 0.0, 1.0, 0.0, 0.41248, 0.0, 0.0, 0.0, 1.0],
                [0.987076, 0.0, 0.160251, -5e-06, 0.160251, 0.0, -0.987076, 0.791192, 0.0, 1.0, 0.0, 0.41248, 0.0, 0.0, 0.0, 1.0],
                [0.987076, 0.0, 0.160251, -5e-06, 0.160251, 0.0, -0.987076, 0.793462, 0.0, 1.0, 0.0, 0.41248, 0.0, 0.0, 0.0, 1.0],
                [0.987076, 0.0, 0.160251, -5e-06, 0.160251, 0.0, -0.987076, 0.790106, 0.0, 1.0, 0.0, 0.422652, 0.0, 0.0, 0.0, 1.0],
                [0.987076, 0.0, 0.160251, -5e-06, 0.160251, 0.0, -0.987076, 0.78492, 0.0, 1.0, 0.0, 0.43837, 0.0, 0.0, 0.0, 1.0],
                [0.987076, 0.0, 0.160251, -5e-06, 0.160251, 0.0, -0.987076, 0.77927, 0.0, 1.0, 0.0, 0.455496, 0.0, 0.0, 0.0, 1.0],
                [0.987076, 0.0, 0.160251, -5e-06, 0.160251, 0.0, -0.987076, 0.773447, 0.0, 1.0, 0.0, 0.473146, 0.0, 0.0, 0.0, 1.0],
                [0.987076, 0.0, 0.160251, -5e-06, 0.160251, 0.0, -0.987076, 0.767573, 0.0, 1.0, 0.0, 0.490949, 0.0, 0.0, 0.0, 1.0],
                [0.987076, 0.0, 0.160251, -5e-06, 0.160251, 0.0, -0.987076, 0.761716, 0.0, 1.0, 0.0, 0.508704, 0.0, 0.0, 0.0, 1.0],
                [0.987076, 0.0, 0.160251, -5e-06, 0.160251, 0.0, -0.987076, 0.755916, 0.0, 1.0, 0.0, 0.526283, 0.0, 0.0, 0.0, 1.0],
                [0.987076, 0.0, 0.160251, -5e-06, 0.160251, 0.0, -0.987076, 0.750205, 0.0, 1.0, 0.0, 0.543592, 0.0, 0.0, 0.0, 1.0],
                [0.987076, 0.0, 0.160251, -5e-06, 0.160251, 0.0, -0.987076, 0.744607, 0.0, 1.0, 0.0, 0.560562, 0.0, 0.0, 0.0, 1.0],
                [0.987076, 0.0, 0.160251, -5e-06, 0.160251, 0.0, -0.987076, 0.73914, 0.0, 1.0, 0.0, 0.577132, 0.0, 0.0, 0.0, 1.0],
                [0.987076, 0.0, 0.160251, -5e-06, 0.160251, 0.0, -0.987076, 0.733823, 0.0, 1.0, 0.0, 0.593249, 0.0, 0.0, 0.0, 1.0],
                [0.987076, 0.0, 0.160251, -5e-06, 0.160251, 0.0, -0.987076, 0.728672, 0.0, 1.0, 0.0, 0.608861, 0.0, 0.0, 0.0, 1.0],
                [0.987076, 0.0, 0.160251, -5e-06, 0.160251, 0.0, -0.987076, 0.723704, 0.0, 1.0, 0.0, 0.623919, 0.0, 0.0, 0.0, 1.0],
                [0.987076, 0.0, 0.160251, -5e-06, 0.160251, 0.0, -0.987076, 0.718936, 0.0, 1.0, 0.0, 0.638373, 0.0, 0.0, 0.0, 1.0],
                [0.987076, 0.0, 0.160251, -5e-06, 0.160251, 0.0, -0.987076, 0.714383, 0.0, 1.0, 0.0, 0.652171, 0.0, 0.0, 0.0, 1.0],
                [0.987076, 0.0, 0.160251, -5e-06, 0.160251, 0.0, -0.987076, 0.710066, 0.0, 1.0, 0.0, 0.665258, 0.0, 0.0, 0.0, 1.0],
                [0.987076, 0.0, 0.160251, -5e-06, 0.160251, 0.0, -0.987076, 0.706003, 0.0, 1.0, 0.0, 0.677573, 0.0, 0.0, 0.0, 1.0],
                [0.987076, 0.0, 0.160251, -5e-06, 0.160251, 0.0, -0.987076, 0.702216, 0.0, 1.0, 0.0, 0.689051, 0.0, 0.0, 0.0, 1.0],
                [0.987076, 0.0, 0.160251, -5e-06, 0.160251, 0.0, -0.987076, 0.69873, 0.0, 1.0, 0.0, 0.699619, 0.0, 0.0, 0.0, 1.0],
                [0.987076, 0.0, 0.160251, -5e-06, 0.160251, 0.0, -0.987076, 0.695571, 0.0, 1.0, 0.0, 0.709194, 0.0, 0.0, 0.0, 1.0],
                [0.987076, 0.0, 0.160251, -5e-06, 0.160251, 0.0, -0.987076, 0.69277, 0.0, 1.0, 0.0, 0.717684, 0.0, 0.0, 0.0, 1.0],
                [0.987076, 0.0, 0.160251, -5e-06, 0.160251, 0.0, -0.987076, 0.690363, 0.0, 1.0, 0.0, 0.724979, 0.0, 0.0, 0.0, 1.0],
                [0.987076, 0.0, 0.160251, -5e-06, 0.160251, 0.0, -0.987076, 0.688391, 0.0, 1.0, 0.0, 0.730956, 0.0, 0.0, 0.0, 1.0],
                [0.987076, 0.0, 0.160251, -5e-06, 0.160251, 0.0, -0.987076, 0.686903, 0.0, 1.0, 0.0, 0.735467, 0.0, 0.0, 0.0, 1.0],
                [0.987076, 0.0, 0.160251, -5e-06, 0.160251, 0.0, -0.987076, 0.685957, 0.0, 1.0, 0.0, 0.738334, 0.0, 0.0, 0.0, 1.0],
                [0.987076, 0.0, 0.160251, -5e-06, 0.160251, 0.0, -0.987076, 0.685623, 0.0, 1.0, 0.0, 0.739346, 0.0, 0.0, 0.0, 1.0],
                [0.987076, 0.0, 0.160251, -5e-06, 0.160251, 0.0, -0.987076, 0.685623, 0.0, 1.0, 0.0, 0.739346, 0.0, 0.0, 0.0, 1.0]
            ]
        },
        {
            "name": "Thigh_R",
            "time": [0.0, 0.0167, 0.0333, 0.05, 0.0667, 0.0833, 0.1, 0.1167, 0.1333, 0.15, 0.1667, 0.1833, 0.2, 0.2167, 0.2333, 0.25, 0.2667, 0.2833, 0.3, 0.3167, 0.3333, 0.35, 0.3667, 0.3833, 0.4, 0.4167, 0.4333, 0.45, 0.4667, 0.4833, 0.5, 0.5167, 0.5333, 0.55, 0.5667, 0.5833, 0.6, 0.6167, 0.6333, 0.65, 0.6667, 0.6833, 0.7, 0.7167, 0.7333, 0.75, 0.7667, 0.7833, 0.8, 0.8167, 0.8333],
            "transform": [
                [0.961653, 0.225772, 0.155718, 0.124994, 0.180479, -0.948441, 0.260546, -0.002831, 0.206521, -0.222452, -0.952781, -1.2e-05, 0.0, 0.0, 0.0, 1.0],
                [0.95891, 0.258097, 0.117791, 0.124994, 0.186968, -0.887177, 0.421847, -0.002831, 0.213386, -0.38249, -0.898943, -1.2e-05, 0.0, 0.0, 0.0, 1.0],
                [0.949493, 0.309944, 0.048948, 0.124994, 0.207488, -0.737184, 0.643037, -0.002831, 0.235398, -0.600399, -0.764229, -1.2e-05, 0.0, 0.0, 0.0, 1.0],
                [0.93195, 0.360978, -0.034093, 0.124994, 0.240693, -0.545596, 0.802728, -0.002831, 0.271176, -0.756303, -0.595326, -1.2e-05, 0.0, 0.0, 0.0, 1.0],
                [0.911326, 0.396928, -0.109226, 0.124994, 0.274086, -0.387026, 0.880378, -0.002831, 0.307185, -0.832242, -0.461476, -1.2e-05, 0.0, 0.0, 0.0, 1.0],
                [0.901785, 0.408892, -0.139954, 0.124994, 0.288028, -0.327185, 0.899981, -0.002831, 0.322216, -0.851893, -0.412801, -1.2e-05, 0.0, 0.0, 0.0, 1.0],
                [0.902483, 0.406636, -0.142013, 0.124994, 0.287028, -0.321949, 0.902186, -0.002831, 0.321152, -0.854963, -0.407247, -1.2e-05, 0.0, 0.0, 0.0, 1.0],
                [0.903854, 0.402144, -0.146032, 0.124994, 0.285053, -0.311513, 0.906465, -0.002831, 0.31905, -0.860933, -0.396172, -1.2e-05, 0.0, 0.0, 0.0, 1.0],
                [0.905411, 0.396941, -0.150552, 0.124994, 0.282788, -0.299418, 0.911238, -0.002831, 0.316641, -0.867613, -0.383324, -1.2e-05, 0.0, 0.0, 0.0, 1.0],
                [0.906957, 0.391673, -0.154979, 0.124994, 0.280519, -0.287173, 0.915868, -0.002831, 0.314227, -0.874122, -0.370303, -1.2e-05, 0.0, 0.0, 0.0, 1.0],
                [0.908391, 0.386697, -0.159023, 0.124994, 0.278394, -0.275617, 0.920057, -0.002831, 0.311966, -0.880038, -0.358, -1.2e-05, 0.0, 0.0, 0.0, 1.0],
                [0.909654, 0.382245, -0.162525, 0.124994, 0.276506, -0.265294, 0.923653, -0.002831, 0.309957, -0.885141, -0.346996, -1.2e-05, 0.0, 0.0, 0.0, 1.0],
                [0.910706, 0.378492, -0.165392, 0.124994, 0.274922, -0.256609, 0.926575, -0.002831, 0.308271, -0.889304, -0.337729, -1.2e-05, 0.0, 0.0, 0.0, 1.0],
                [0.911511, 0.375593, -0.167553, 0.124994, 0.273703, -0.249915, 0.928763, -0.002831, 0.306974, -0.892434, -0.330579, -1.2e-05, 0.0, 0.0, 0.0, 1.0],
                [0.912032, 0.373708, -0.168932, 0.124994, 0.272912, -0.24557, 0.930153, -0.002831, 0.306133, -0.894429, -0.325934, -1.2e-05, 0.0, 0.0, 0.0, 1.0],
                [0.912219, 0.373028, -0.169424, 0.124994, 0.272627, -0.244005, 0.930649, -0.002831, 0.305829, -0.895141, -0.324261, -1.2e-05, 0.0, 0.0, 0.0, 1.0],
                [0.910901, 0.379235, -0.162595, 0.123626, 0.29161, -0.312884, 0.903904, -0.002831, 0.291929, -0.870775, -0.395573, 0.008416, 0.0, 0.0, 0.0, 1.0],
                [0.905864, 0.411999, -0.098305, 0.119772, 0.331735, -0.54579, 0.769448, -0.002831, 0.263367, -0.729613, -0.631067, 0.032155, 0.0, 0.0, 0.0, 1.0],
                [0.898253, 0.434907, 0.063171, 0.114823, 0.368052, -0.823003, 0.432658, -0.002831, 0.240165, -0.365365, -0.899317, 0.062636, 0.0, 0.0, 0.0, 1.0],
                [0.889836, 0.391264, 0.234719, 0.110969, 0.394711, -0.918159, 0.034198, -0.002831, 0.228898, 0.062243, -0.971433, 0.086375, 0.0, 0.0, 0.0, 1.0],
                [0.879955, 0.319925, 0.35116, 0.109601, 0.416441, -0.875196, -0.24614, -0.002831, 0.228595, 0.36286, -0.903348, 0.094803, 0.0, 0.0, 0.0, 1.0],
                [0.869606, 0.251403, 0.424929, 0.109601, 0.435328, -0.796488, -0.419605, -0.002831, 0.232969, 0.549907, -0.802058, 0.094803, 0.0, 0.0, 0.0, 1.0],
                [0.862259, 0.183051, 0.472211, 0.109601, 0.448147, -0.710142, -0.542982, -0.002831, 0.235952, 0.679844, -0.694343, 0.094803, 0.0, 0.0, 0.0, 1.0],
                [0.859263, 0.142908, 0.491146, 0.109601, 0.453236, -0.657855, -0.601473, -0.002831, 0.237156, 0.739462, -0.630024, 0.094803, 0.0, 0.0, 0.0, 1.0],
                [0.858809, 0.135325, 0.49408, 0.109601, 0.454001, -0.647874, -0.611643, -0.002831, 0.237339, 0.749631, -0.61782, 0.094803, 0.0, 0.0, 0.0, 1.0],
                [0.864795, 0.191594, 0.464116, 0.11008, 0.444497, -0.722063, -0.530109, -0.002831, 0.233564, 0.664767, -0.709582, 0.091852, 0.0, 0.0, 0.0, 1.0],
                [0.871707, 0.250493, 0.421147, 0.11082, 0.434214, -0.793205, -0.426914, -0.002831, 0.227125, 0.555044, -0.800194, 0.087293, 0.0, 0.0, 0.0, 1.0],
                [0.877988, 0.296464, 0.375808, 0.111627, 0.425235, -0.843565, -0.327944, -0.002831, 0.219803, 0.447769, -0.866692, 0.082325, 0.0, 0.0, 0.0, 1.0],
                [0.883792, 0.332145, 0.329511, 0.112458, 0.417044, -0.878502, -0.23299, -0.002831, 0.212097, 0.343366, -0.914918, 0.077205, 0.0, 0.0, 0.0, 1.0],
                [0.889298, 0.359406, 0.28278, 0.113296, 0.40917, -0.901495, -0.140939, -0.002831, 0.204277, 0.241071, -0.948743, 0.072041, 0.0, 0.0, 0.0, 1.0],
                [0.89465, 0.379337, 0.235996, 0.114132, 0.401204, -0.914566, -0.050825, -0.002831, 0.196561, 0.140181, -0.970396, 0.066891, 0.0, 0.0, 0.0, 1.0],
                [0.89997, 0.392499, 0.189707, 0.11496, 0.392769, -0.918848, 0.037843, -0.002831, 0.189172, 0.040481, -0.981085, 0.061792, 0.0, 0.0, 0.0, 1.0],
                [0.905363, 0.39927, 0.144544, 0.115775, 0.383483, -0.914971, 0.125504, -0.002831, 0.18237, -0.05817, -0.981482, 0.056771, 0.0, 0.0, 0.0, 1.0],
                [0.910917, 0.399834, 0.101763, 0.116574, 0.372946, -0.90344, 0.211402, -0.002831, 0.176469, -0.154593, -0.972063, 0.051848, 0.0, 0.0, 0.0, 1.0],
                [0.916699, 0.394584, 0.062934, 0.117355, 0.36074, -0.884997, 0.294335, -0.002831, 0.171842, -0.24709, -0.953604, 0.047042, 0.0, 0.0, 0.0, 1.0],
                [0.922741, 0.384225, 0.030257, 0.118114, 0.346429, -0.861233, 0.371822, -0.002831, 0.168927, -0.332591, -0.927786, 0.042367, 0.0, 0.0, 0.0, 1.0],
                [0.929806, 0.367901, 0.010238, 0.118849, 0.32655, -0.837476, 0.438163, -0.002831, 0.16978, -0.404043, -0.898812, 0.037838, 0.0, 0.0, 0.0, 1.0],
                [0.936454, 0.350784, 0.001215, 0.119558, 0.30537, -0.8169, 0.489299, -0.002831, 0.172637, -0.457816, -0.872088, 0.03347, 0.0, 0.0, 0.0, 1.0],
                [0.941995, 0.335621, -0.000436, 0.120239, 0.285778, -0.801409, 0.525419, -0.002831, 0.175998, -0.49505, -0.850815, 0.029278, 0.0, 0.0, 0.0, 1.0],
                [0.946489, 0.322715, 0.003444, 0.120889, 0.268224, -0.79251, 0.5477, -0.002831, 0.179486, -0.517452, -0.836637, 0.025275, 0.0, 0.0, 0.0, 1.0],
                [0.950095, 0.31175, 0.011397, 0.121505, 0.252673, -0.790446, 0.557981, -0.002831, 0.182966, -0.527241, -0.829743, 0.021479, 0.0, 0.0, 0.0, 1.0],
                [0.952973, 0.302217, 0.022502, 0.122085, 0.238969, -0.795044, 0.557486, -0.002831, 0.186378, -0.52588, -0.829847, 0.017907, 0.0, 0.0, 0.0, 1.0],
                [0.955257, 0.293584, 0.035922, 0.122625, 0.22694, -0.80541, 0.547545, -0.002831, 0.189689, -0.514884, -0.835969, 0.014577, 0.0, 0.0, 0.0, 1.0],
                [0.957058, 0.285352, 0.05112, 0.123123, 0.216432, -0.820649, 0.528853, -0.002831, 0.192867, -0.495071, -0.847135, 0.011512, 0.0, 0.0, 0.0, 1.0],
                [0.958462, 0.277099, 0.067571, 0.123574, 0.207325, -0.839569, 0.502129, -0.002831, 0.195877, -0.467256, -0.862111, 0.008734, 0.0, 0.0, 0.0, 1.0],
                [0.95954, 0.268485, 0.084839, 0.123974, 0.199536, -0.860973, 0.467873, -0.002831, 0.198668, -0.43201, -0.879676, 0.006272, 0.0, 0.0, 0.0, 1.0],
                [0.960349, 0.259281, 0.102477, 0.124317, 0.193023, -0.883574, 0.426655, -0.002831, 0.201177, -0.389954, -0.89855, 0.004155, 0.0, 0.0, 0.0, 1.0],
                [0.960935, 0.249425, 0.119951, 0.124599, 0.187783, -0.905949, 0.37946, -0.002831, 0.203324, -0.34211, -0.91736, 0.002422, 0.0, 0.0, 0.0, 1.0],
                [0.961335, 0.239242, 0.136367, 0.124811, 0.183864, -0.926292, 0.328897, -0.002831, 0.205009, -0.291107, -0.934428, 0.001113, 0.0, 0.0, 0.0, 1.0],
                [0.961572, 0.230085, 0.149793, 0.124946, 0.181368, -0.941944, 0.282569, -0.002831, 0.206119, -0.244543, -0.947439, 0.000281, 0.0, 0.0, 0.0, 1.0],
                [0.961653, 0.225772, 0.155718, 0.124994, 0.180479, -0.948441, 0.260546, -0.002831, 0.206521, -0.222452, -0.952781, -1.2e-05, 0.0, 0.0, 0.0, 1.0],
                [0.961653, 0.225772, 0.155718, 0.124994, 0.180479, -0.948441, 0.260546, -0.002831, 0.206521, -0.222452, -0.952781, -1.2e-05, 0.0, 0.0, 0.0, 1.0]
            ]
        },
        {
            "name": "Leg_R",
            "time": [0.0, 0.0167, 0.0333, 0.05, 0.0667, 0.0833, 0.1, 0.1167, 0.1333, 0.15, 0.1667, 0.1833, 0.2, 0.2167, 0.2333, 0.25, 0.2667, 0.2833, 0.3, 0.3167, 0.3333, 0.35, 0.3667, 0.3833, 0.4, 0.4167, 0.4333, 0.45, 0.4667, 0.4833, 0.5, 0.5167, 0.5333, 0.55, 0.5667, 0.5833, 0.6, 0.6167, 0.6333, 0.65, 0.6667, 0.6833, 0.7, 0.7167, 0.7333, 0.75, 0.7667, 0.7833, 0.8, 0.8167, 0.8333],
            "transform": [
                [1.0, -0.00031, -0.000159, 0.0, 0.000342, 0.960817, 0.277175, 0.375166, 6.7e-05, -0.277184, 0.960819, 0.0, 0.0, 0.0, 0.0, 1.0],
                [1.0, -0.000649, -0.000323, -0.0, 0.000716, 0.814285, 0.580448, 0.375166, -0.000114, -0.580477, 0.814294, -0.0, 0.0, 0.0, 0.0, 1.0],
                [0.999999, -0.001008, -0.000748, -0.0, 0.001111, 0.433727, 0.901027, 0.375166, -0.000583, -0.901064, 0.43374, 0.0, 0.0, 0.0, 0.0, 1.0],
                [0.999999, -0.001118, -0.001217, -0.0, 0.001233, 0.014804, 0.999875, 0.375166, -0.0011, -0.999907, 0.014813, -0.0, 0.0, 0.0, 0.0, 1.0],
                [0.999998, -0.001081, -0.001521, 0.0, 0.001192, -0.257199, 0.966345, 0.375166, -0.001436, -0.96637, -0.257189, -0.0, 0.0, 0.0, 0.0, 1.0],
                [0.999998, -0.001051, -0.001616, 0.0, 0.001159, -0.342513, 0.9395, 0.375166, -0.001541, -0.939522, -0.342503, 0.0, 0.0, 0.0, 0.0, 1.0],
                [0.999998, -0.001051, -0.001614, -0.0, 0.00116, -0.340408, 0.940265, 0.375166, -0.001538, -0.940287, -0.340398, 0.0, 0.0, 0.0, 0.0, 1.0],
                [0.999998, -0.001053, -0.001609, 0.0, 0.001162, -0.335932, 0.941873, 0.375166, -0.001533, -0.941896, -0.335921, -0.0, 0.0, 0.0, 0.0, 1.0],
                [0.999998, -0.001056, -0.001603, -0.0, 0.001164, -0.330252, 0.94388, 0.375166, -0.001526, -0.943903, -0.330242, -0.0, 0.0, 0.0, 0.0, 1.0],
                [0.999998, -0.001058, -0.001595, 0.0, 0.001167, -0.323926, 0.946069, 0.375166, -0.001518, -0.946092, -0.323916, -0.0, 0.0, 0.0, 0.0, 1.0],
                [0.999998, -0.00106, -0.001588, -0.0, 0.00117, -0.317383, 0.948284, 0.375166, -0.00151, -0.948308, -0.317373, -0.0, 0.0, 0.0, 0.0, 1.0],
                [0.999998, -0.001063, -0.001581, -0.0, 0.001172, -0.311027, 0.950387, 0.375166, -0.001502, -0.950411, -0.311017, 0.0, 0.0, 0.0, 0.0, 1.0],
                [0.999998, -0.001065, -0.001575, -0.0, 0.001174, -0.305278, 0.95225, 0.375166, -0.001495, -0.952273, -0.305268, -0.0, 0.0, 0.0, 0.0, 1.0],
                [0.999998, -0.001067, -0.001569, -0.0, 0.001176, -0.300578, 0.953744, 0.375166, -0.001489, -0.953768, -0.300568, -0.0, 0.0, 0.0, 0.0, 1.0],
                [0.999998, -0.001068, -0.001566, 0.0, 0.001178, -0.297395, 0.954741, 0.375166, -0.001485, -0.954765, -0.297385, 0.0, 0.0, 0.0, 0.0, 1.0],
                [0.999998, -0.001068, -0.001564, 0.0, 0.001178, -0.296222, 0.955105, 0.375166, -0.001484, -0.95513, -0.296212, 0.0, 0.0, 0.0, 0.0, 1.0],
                [0.999998, -0.001054, -0.001606, 0.0, 0.001163, -0.333573, 0.942711, 0.375166, -0.00153, -0.942734, -0.333563, 0.0, 0.0, 0.0, 0.0, 1.0],
                [0.999998, -0.00104, -0.001644, -0.0, 0.001147, -0.36754, 0.929995, 0.375166, -0.001572, -0.930016, -0.36753, 0.0, 0.0, 0.0, 0.0, 1.0],
                [0.999998, -0.00109, -0.001483, 0.0, 0.001202, -0.223253, 0.974746, 0.375166, -0.001394, -0.974773, -0.223243, -0.0, 0.0, 0.0, 0.0, 1.0],
                [0.999999, -0.00111, -0.001101, 0.0, 0.001225, 0.118548, 0.992932, 0.375166, -0.000972, -0.992967, 0.118558, -0.0, 0.0, 0.0, 0.0, 1.0],
                [0.999999, -0.000992, -0.000717, 0.0, 0.001094, 0.461709, 0.887012, 0.375166, -0.000549, -0.887052, 0.461723, -0.0, 0.0, 0.0, 0.0, 1.0],
                [0.999999, -0.000793, -0.000444, 0.0, 0.000874, 0.705456, 0.708733, 0.375166, -0.000248, -0.70877, 0.705468, -0.0, 0.0, 0.0, 0.0, 1.0],
                [1.0, -0.00055, -0.00026, -0.0, 0.000607, 0.870445, 0.492249, 0.375166, -4.5e-05, -0.492274, 0.870451, -0.0, 0.0, 0.0, 0.0, 1.0],
                [1.0, -0.000395, -0.000187, 0.0, 0.000435, 0.935605, 0.353037, 0.375166, 3.6e-05, -0.353052, 0.935608, -0.0, 0.0, 0.0, 0.0, 1.0],
                [1.0, -0.000364, -0.000176, 0.0, 0.000402, 0.945387, 0.325939, 0.375166, 4.8e-05, -0.325952, 0.94539, -0.0, 0.0, 0.0, 0.0, 1.0],
                [1.0, -0.000586, -0.000281, -0.0, 0.000646, 0.851846, 0.523775, 0.375166, -6.8e-05, -0.523802, 0.851853, 0.0, 0.0, 0.0, 0.0, 1.0],
                [1.0, -0.000797, -0.000449, 0.0, 0.000879, 0.701731, 0.712421, 0.375166, -0.000253, -0.712458, 0.701743, 0.0, 0.0, 0.0, 0.0, 1.0],
                [0.999999, -0.000939, -0.000626, -0.0, 0.001036, 0.543192, 0.839589, 0.375166, -0.000448, -0.839628, 0.543205, 0.0, 0.0, 0.0, 0.0, 1.0],
                [0.999999, -0.00103, -0.000797, -0.0, 0.001136, 0.389727, 0.920912, 0.375166, -0.000638, -0.920952, 0.38974, 0.0, 0.0, 0.0, 0.0, 1.0],
                [0.999999, -0.001083, -0.000956, 0.0, 0.001195, 0.247551, 0.968858, 0.375166, -0.000813, -0.968895, 0.247563, -0.0, 0.0, 0.0, 0.0, 1.0],
                [0.999999, -0.00111, -0.001099, 0.0, 0.001224, 0.120059, 0.99275, 0.375166, -0.00097, -0.992786, 0.120069, 0.0, 0.0, 0.0, 0.0, 1.0],
                [0.999999, -0.001118, -0.001222, -0.0, 0.001233, 0.009688, 0.999937, 0.375166, -0.001106, -0.999971, 0.009698, 0.0, 0.0, 0.0, 0.0, 1.0],
                [0.999998, -0.001114, -0.001325, 0.0, 0.001229, -0.082318, 0.99659, 0.375166, -0.00122, -0.996622, -0.082308, 0.0, 0.0, 0.0, 0.0, 1.0],
                [0.999998, -0.001105, -0.001405, 0.0, 0.001219, -0.153806, 0.988086, 0.375166, -0.001308, -0.988115, -0.153796, 0.0, 0.0, 0.0, 0.0, 1.0],
                [0.999998, -0.001095, -0.00146, -0.0, 0.001208, -0.203019, 0.97916, 0.375166, -0.001369, -0.979188, -0.20301, -0.0, 0.0, 0.0, 0.0, 1.0],
                [0.999998, -0.001089, -0.001487, 0.0, 0.001201, -0.227085, 0.97386, 0.375166, -0.001398, -0.973887, -0.227076, -0.0, 0.0, 0.0, 0.0, 1.0],
                [0.999998, -0.001094, -0.001465, -0.0, 0.001207, -0.207061, 0.978313, 0.375166, -0.001374, -0.978341, -0.207051, 0.0, 0.0, 0.0, 0.0, 1.0],
                [0.999998, -0.001105, -0.001406, 0.0, 0.001219, -0.154453, 0.987985, 0.375166, -0.001309, -0.988014, -0.154444, 0.0, 0.0, 0.0, 0.0, 1.0],
                [0.999999, -0.001114, -0.001325, -0.0, 0.001229, -0.081971, 0.996619, 0.375166, -0.001219, -0.99665, -0.081962, 0.0, 0.0, 0.0, 0.0, 1.0],
                [0.999999, -0.001118, -0.001227, -0.0, 0.001233, 0.005699, 0.999968, 0.375166, -0.001111, -1.0, 0.005708, 0.0, 0.0, 0.0, 0.0, 1.0],
                [0.999999, -0.001112, -0.001116, -0.0, 0.001227, 0.104494, 0.99451, 0.375166, -0.000989, -0.994544, 0.104505, 0.0, 0.0, 0.0, 0.0, 1.0],
                [0.999999, -0.001093, -0.000997, -0.0, 0.001205, 0.211615, 0.977337, 0.375166, -0.000857, -0.977372, 0.211626, -0.0, 0.0, 0.0, 0.0, 1.0],
                [0.999999, -0.001058, -0.000872, 0.0, 0.001167, 0.323496, 0.946213, 0.375166, -0.000719, -0.946249, 0.323509, -0.0, 0.0, 0.0, 0.0, 1.0],
                [0.999999, -0.001006, -0.000744, 0.0, 0.001109, 0.437184, 0.899354, 0.375166, -0.000579, -0.899392, 0.437197, 0.0, 0.0, 0.0, 0.0, 1.0],
                [0.999999, -0.000935, -0.000619, -0.0, 0.001031, 0.549042, 0.835777, 0.375166, -0.000441, -0.835814, 0.549055, -0.0, 0.0, 0.0, 0.0, 1.0],
                [0.999999, -0.000845, -0.0005, 0.0, 0.000931, 0.655444, 0.755225, 0.375166, -0.00031, -0.755261, 0.655456, 0.0, 0.0, 0.0, 0.0, 1.0],
                [1.0, -0.000736, -0.000392, -0.0, 0.000812, 0.752529, 0.658541, 0.375166, -0.00019, -0.658574, 0.75254, -0.0, 0.0, 0.0, 0.0, 1.0],
                [1.0, -0.000613, -0.000298, 0.0, 0.000676, 0.836226, 0.548367, 0.375166, -8.7e-05, -0.548395, 0.836235, 0.0, 0.0, 0.0, 0.0, 1.0],
                [1.0, -0.000483, -0.000225, -0.0, 0.000532, 0.902054, 0.431608, 0.375166, -6e-06, -0.431628, 0.90206, 0.0, 0.0, 0.0, 0.0, 1.0],
                [1.0, -0.000365, -0.000176, 0.0, 0.000403, 0.945226, 0.326405, 0.375166, 4.7e-05, -0.326418, 0.945229, 0.0, 0.0, 0.0, 0.0, 1.0],
                [1.0, -0.00031, -0.000159, -0.0, 0.000342, 0.960817, 0.277175, 0.375166, 6.7e-05, -0.277184, 0.960819, -0.0, 0.0, 0.0, 0.0, 1.0],
                [1.0, -0.00031, -0.000159, -0.0, 0.000342, 0.960817, 0.277175, 0.375166, 6.7e-05, -0.277184, 0.960819, -0.0, 0.0, 0.0, 0.0, 1.0]
            ]
        },
        {
            "name": "Knee_R",
            "time": [0.0, 0.0167, 0.0333, 0.05, 0.0667, 0.0833, 0.1, 0.1167, 0.1333, 0.15, 0.1667, 0.1833, 0.2, 0.2167, 0.2333, 0.25, 0.2667, 0.2833, 0.3, 0.3167, 0.3333, 0.35, 0.3667, 0.3833, 0.4, 0.4167, 0.4333, 0.45, 0.4667, 0.4833, 0.5, 0.5167, 0.5333, 0.55, 0.5667, 0.5833, 0.6, 0.6167, 0.6333, 0.65, 0.6667, 0.6833, 0.7, 0.7167, 0.7333, 0.75, 0.7667, 0.7833, 0.8, 0.8167, 0.8333],
            "transform": [
                [1.0, -5.7e-05, 5.4e-05, 0.0, 5.7e-05, 0.048757, -0.998811, 0.375166, 5.4e-05, 0.998811, 0.048757, 0.0, 0.0, 0.0, 0.0, 1.0],
                [1.0, -5.7e-05, 5.4e-05, -0.0, 5.7e-05, 0.048757, -0.998811, 0.375166, 5.4e-05, 0.998811, 0.048757, -0.0, 0.0, 0.0, 0.0, 1.0],
