{
    "animation": [
        {
            "name": "Root",
            "time": [0.0, 0.0167, 0.0333, 0.05, 0.0667, 0.0833, 0.1, 0.1167, 0.1333, 0.15, 0.1667, 0.1833],
            "transform": [
                [0.600774, 0.098991, -0.793266, 0.046556, -0.79935, 0.06136, -0.597725, 0.029807, -0.010495, 0.993195, 0.115991, 0.453904, 0.0, 0.0, 0.0, 1.0],
                [0.736501, 0.086138, -0.67093, 0.146565, -0.676355, 0.078386, -0.732393, 0.316925, -0.010495, 0.993195, 0.115991, 0.412162, 0.0, 0.0, 0.0, 1.0],
                [0.941731, 0.048818, -0.332806, 0.179023, -0.336204, 0.10574, -0.935834, 0.921365, -0.010495, 0.993195, 0.115991, 0.322839, 0.0, 0.0, 0.0, 1.0],
                [0.987257, 0.028712, -0.156523, 0.117251, -0.158788, 0.112871, -0.98084, 1.167777, -0.010495, 0.993195, 0.115991, 0.281097, 0.0, 0.0, 0.0, 1.0],
                [0.987257, 0.028712, -0.156523, 0.117251, -0.158788, 0.112871, -0.98084, 1.167777, -0.010495, 0.993195, 0.115991, 0.281097, 0.0, 0.0, 0.0, 1.0],
                [0.987257, 0.028712, -0.156523, 0.117251, -0.158788, 0.112871, -0.98084, 1.167777, -0.010495, 0.993195, 0.115991, 0.281097, 0.0, 0.0, 0.0, 1.0],
                [0.987257, 0.028712, -0.156523, 0.117251, -0.158788, 0.112871, -0.98084, 1.167777, -0.010495, 0.993195, 0.115991, 0.281097, 0.0, 0.0, 0.0, 1.0],
                [0.974431, 0.036194, -0.221752, 0.144774, -0.224441, 0.110698, -0.96818, 1.081107, -0.010495, 0.993195, 0.115991, 0.296458, 0.0, 0.0, 0.0, 1.0],
                [0.91375, 0.056639, -0.402309, 0.191287, -0.406141, 0.101765, -0.908126, 0.812978, -0.010495, 0.993195, 0.115991, 0.339724, 0.0, 0.0, 0.0, 1.0],
                [0.785325, 0.079993, -0.613894, 0.171687, -0.618995, 0.084648, -0.78082, 0.43472, -0.010495, 0.993195, 0.115991, 0.395278, 0.0, 0.0, 0.0, 1.0],
                [0.652875, 0.094667, -0.751527, 0.089475, -0.757393, 0.067841, -0.649426, 0.134201, -0.010495, 0.993195, 0.115991, 0.438544, 0.0, 0.0, 0.0, 1.0],
                [0.600774, 0.098991, -0.793266, 0.046556, -0.79935, 0.06136, -0.597725, 0.029807, -0.010495, 0.993195, 0.115991, 0.453904, 0.0, 0.0, 0.0, 1.0]
            ]
        },
        {
            "name": "Thigh_R",
            "time": [0.0, 0.0167, 0.0333, 0.05, 0.0667, 0.0833, 0.1, 0.1167, 0.1333, 0.15, 0.1667, 0.1833],
            "transform": [
                [0.915894, 0.390305, -0.093795, 0.124994, 0.267104, -0.418151, 0.868207, -0.002831, 0.299656, -0.820232, -0.48721, -1.2e-05, 0.0, 0.0, 0.0, 1.0],
                [0.949762, 0.253133, -0.184052, 0.124994, 0.24126, -0.217553, 0.945745, -0.002831, 0.199365, -0.942635, -0.267671, -1.2e-05, 0.0, 0.0, 0.0, 1.0],
                [0.96522, -0.023305, -0.260392, 0.124994, 0.259487, 0.2069, 0.943297, -0.002831, 0.031892, -0.978067, 0.205773, -1.2e-05, 0.0, 0.0, 0.0, 1.0],
                [0.954066, -0.119627, -0.274669, 0.124994, 0.299195, 0.332848, 0.894226, -0.002831, -0.015552, -0.935345, 0.35337, -1.2e-05, 0.0, 0.0, 0.0, 1.0],
                [0.954066, -0.119627, -0.274669, 0.124994, 0.299195, 0.332848, 0.894226, -0.002831, -0.015552, -0.935345, 0.35337, -1.2e-05, 0.0, 0.0, 0.0, 1.0],
                [0.954066, -0.119627, -0.274669, 0.124994, 0.299195, 0.332848, 0.894226, -0.002831, -0.015552, -0.935345, 0.35337, -1.2e-05, 0.0, 0.0, 0.0, 1.0],
                [0.954066, -0.119627, -0.274669, 0.124994, 0.299195, 0.332848, 0.894226, -0.002831, -0.015552, -0.935345, 0.35337, -1.2e-05, 0.0, 0.0, 0.0, 1.0],
                [0.959209, -0.087085, -0.26894, 0.124994, 0.282696, 0.293988, 0.913018, -0.002831, -0.000446, -0.951817, 0.306635, -1.2e-05, 0.0, 0.0, 0.0, 1.0],
                [0.966959, 0.022591, -0.253923, 0.124994, 0.248503, 0.13875, 0.958618, -0.002831, 0.056889, -0.990052, 0.128574, -1.2e-05, 0.0, 0.0, 0.0, 1.0],
                [0.957992, 0.196341, -0.209045, 0.124994, 0.236899, -0.13092, 0.962655, -0.002831, 0.161647, -0.971739, -0.171911, -1.2e-05, 0.0, 0.0, 0.0, 1.0],
                [0.930707, 0.341198, -0.131785, 0.124994, 0.255242, -0.347792, 0.902146, -0.002831, 0.261986, -0.873266, -0.410756, -1.2e-05, 0.0, 0.0, 0.0, 1.0],
                [0.915894, 0.390305, -0.093795, 0.124994, 0.267104, -0.418151, 0.868207, -0.002831, 0.299656, -0.820232, -0.48721, -1.2e-05, 0.0, 0.0, 0.0, 1.0]
            ]
        },
        {
            "name": "Leg_R",
            "time": [0.0, 0.0167, 0.0333, 0.05, 0.0667, 0.0833, 0.1, 0.1167, 0.1333, 0.15, 0.1667, 0.1833],
            "transform": [
                [0.999998, -0.001094, -0.001467, 0.0, 0.001206, -0.209146, 0.97787, 0.375166, -0.001376, -0.977897, -0.209137, 0.0, 0.0, 0.0, 0.0, 1.0],
                [0.999998, -0.001059, -0.001593, 0.0, 0.001168, -0.321466, 0.946908, 0.375166, -0.001515, -0.946931, -0.321456, 0.0, 0.0, 0.0, 0.0, 1.0],
                [0.999998, -0.001053, -0.001609, -0.0, 0.001162, -0.335674, 0.941964, 0.375166, -0.001532, -0.941989, -0.335664, -0.0, 0.0, 0.0, 0.0, 1.0],
                [0.999998, -0.001086, -0.001498, 0.0, 0.001198, -0.236613, 0.971589, 0.375166, -0.00141, -0.971617, -0.236603, 0.0, 0.0, 0.0, 0.0, 1.0],
                [0.999998, -0.001086, -0.001498, 0.0, 0.001198, -0.236613, 0.971589, 0.375166, -0.00141, -0.971617, -0.236603, 0.0, 0.0, 0.0, 0.0, 1.0],
                [0.999998, -0.001086, -0.001498, 0.0, 0.001198, -0.236613, 0.971589, 0.375166, -0.00141, -0.971617, -0.236603, 0.0, 0.0, 0.0, 0.0, 1.0],
                [0.999998, -0.001086, -0.001498, 0.0, 0.001198, -0.236613, 0.971589, 0.375166, -0.00141, -0.971617, -0.236603, 0.0, 0.0, 0.0, 0.0, 1.0],
                [0.999999, -0.001073, -0.001547, 0.0, 0.001184, -0.280991, 0.959696, 0.375166, -0.001465, -0.959722, -0.280981, -0.0, 0.0, 0.0, 0.0, 1.0],
                [0.999999, -0.001045, -0.001632, 0.0, 0.001152, -0.356582, 0.934251, 0.375166, -0.001558, -0.934274, -0.356572, -0.0, 0.0, 0.0, 0.0, 1.0],
                [0.999998, -0.001048, -0.001622, -0.0, 0.001156, -0.347745, 0.937576, 0.375166, -0.001547, -0.937599, -0.347735, 0.0, 0.0, 0.0, 0.0, 1.0],
                [0.999998, -0.00108, -0.001522, 0.0, 0.001191, -0.258205, 0.966076, 0.375166, -0.001437, -0.966102, -0.258195, -0.0, 0.0, 0.0, 0.0, 1.0],
                [0.999998, -0.001094, -0.001467, 0.0, 0.001206, -0.209146, 0.97787, 0.375166, -0.001376, -0.977897, -0.209137, 0.0, 0.0, 0.0, 0.0, 1.0]
            ]
        },
        {
            "name": "Knee_R",
            "time": [0.0, 0.0167, 0.0333, 0.05, 0.0667, 0.0833, 0.1, 0.1167, 0.1333, 0.15, 0.1667, 0.1833],
            "transform": [
                [1.0, -5.7e-05, 5.4e-05, 0.0, 5.7e-05, 0.048757, -0.998811, 0.375166, 5.4e-05, 0.998811, 0.048757, 0.0, 0.0, 0.0, 0.0, 1.0],
                [1.0, -5.7e-05, 5.4e-05, 0.0, 5.7e-05, 0.048757, -0.998811, 0.375166, 5.4e-05, 0.998811, 0.048757, 0.0, 0.0, 0.0, 0.0, 1.0],
                [1.0, -5.7e-05, 5.4e-05, -0.0, 5.7e-05, 0.048757, -0.998811, 0.375166, 5.4e-05, 0.998811, 0.048757, -0.0, 0.0, 0.0, 0.0, 1.0],
                [1.0, -5.7e-05, 5.4e-05, 0.0, 5.7e-05, 0.048757, -0.998811, 0.375166, 5.4e-05, 0.998811, 0.048757, 0.0, 0.0, 0.0, 0.0, 1.0],
                [1.0, -5.7e-05, 5.4e-05, 0.0, 5.7e-05, 0.048757, -0.998811, 0.375166, 5.4e-05, 0.998811, 0.048757, 0.0, 0.0, 0.0, 0.0, 1.0],
                [1.0, -5.7e-05, 5.4e-05, 0.0, 5.7e-05, 0.048757, -0.998811, 0.375166, 5.4e-05, 0.998811, 0.048757, 0.0, 0.0, 0.0, 0.0, 1.0],
                [1.0, -5.7e-05, 5.4e-05, 0.0, 5.7e-05, 0.048757, -0.998811, 0.375166, 5.4e-05, 0.998811, 0.048757, 0.0, 0.0, 0.0, 0.0, 1.0],
                [1.0, -5.7e-05, 5.4e-05, 0.0, 5.7e-05, 0.048757, -0.998811, 0.375166, 5.4e-05, 0.998811, 0.048757, -0.0, 0.0, 0.0, 0.0, 1.0],
                [1.0, -5.7e-05, 5.4e-05, 0.0, 5.7e-05, 0.048757, -0.998811, 0.375166, 5.4e-05, 0.998811, 0.048757, -0.0, 0.0, 0.0, 0.0, 1.0],
                [1.0, -5.7e-05, 5.4e-05, -0.0, 5.7e-05, 0.048757, -0.998811, 0.375166, 5.4e-05, 0.998811, 0.048757, 0.0, 0.0, 0.0, 0.0, 1.0],
                [1.0, -5.7e-05, 5.4e-05, 0.0, 5.7e-05, 0.048757, -0.998811, 0.375166, 5.4e-05, 0.998811, 0.048757, -0.0, 0.0, 0.0, 0.0, 1.0],
                [1.0, -5.7e-05, 5.4e-05, 0.0, 5.7e-05, 0.048757, -0.998811, 0.375166, 5.4e-05, 0.998811, 0.048757, 0.0, 0.0, 0.0, 0.0, 1.0]
            ]
        },
        {
            "name": "Thigh_L",
            "time": [0.0, 0.0167, 0.0333, 0.05, 0.0667, 0.0833, 0.1, 0.1167, 0.1333, 0.15, 0.1667, 0.1833],
            "transform": [
                [0.635901, -0.499056, 0.588682, -0.125006, -0.770162, -0.459559, 0.442315, -0.002831, 0.049798, -0.734674, -0.67655, -1.2e-05, 0.0, 0.0, 0.0, 1.0],
                [0.797749, -0.273046, 0.537617, -0.125006, -0.600308, -0.275625, 0.750757, -0.002831, -0.056812, -0.921653, -0.383758, -1.2e-05, 0.0, 0.0, 0.0, 1.0],
                [0.831496, -0.408739, -0.376197, -0.125006, -0.370053, -0.912617, 0.173694, -0.002831, -0.414338, -0.005184, -0.910082, -1.2e-05, 0.0, 0.0, 0.0, 1.0],
                [0.558206, -0.112081, -0.82206, -0.125006, -0.644347, -0.682776, -0.344395, -0.002831, -0.522707, 0.721974, -0.453348, -1.2e-05, 0.0, 0.0, 0.0, 1.0],
                [0.558206, -0.112081, -0.82206, -0.125006, -0.644347, -0.682776, -0.344395, -0.002831, -0.522707, 0.721974, -0.453348, -1.2e-05, 0.0, 0.0, 0.0, 1.0],
                [0.558206, -0.112081, -0.82206, -0.125006, -0.644347, -0.682776, -0.344395, -0.002831, -0.522707, 0.721974, -0.453348, -1.2e-05, 0.0, 0.0, 0.0, 1.0],
                [0.558206, -0.112081, -0.82206, -0.125006, -0.644347, -0.682776, -0.344395, -0.002831, -0.522707, 0.721974, -0.453348, -1.2e-05, 0.0, 0.0, 0.0, 1.0],
                [0.691617, -0.277671, -0.666723, -0.125006, -0.516646, -0.835284, -0.188017, -0.002831, -0.504719, 0.474531, -0.72115, -1.2e-05, 0.0, 0.0, 0.0, 1.0],
                [0.87424, -0.450958, -0.179796, -0.125006, -0.344179, -0.836895, 0.425593, -0.002831, -0.342411, -0.310163, -0.886844, -1.2e-05, 0.0, 0.0, 0.0, 1.0],
                [0.847677, -0.315677, 0.426364, -0.125006, -0.517939, -0.318509, 0.793894, -0.002831, -0.114818, -0.89379, -0.433465, -1.2e-05, 0.0, 0.0, 0.0, 1.0],
                [0.698062, -0.328893, 0.636016, -0.125006, -0.715839, -0.341457, 0.609066, -0.002831, 0.016856, -0.880466, -0.473754, -1.2e-05, 0.0, 0.0, 0.0, 1.0],
                [0.635901, -0.499056, 0.588682, -0.125006, -0.770162, -0.459559, 0.442315, -0.002831, 0.049798, -0.734674, -0.67655, -1.2e-05, 0.0, 0.0, 0.0, 1.0]
            ]
        },
        {
            "name": "Leg_L",
            "time": [0.0, 0.0167, 0.0333, 0.05, 0.0667, 0.0833, 0.1, 0.1167, 0.1333, 0.15, 0.1667, 0.1833],
            "transform": [
                [1.0, 1e-06, 1e-06, -0.0, -1e-06, 0.922147, 0.386825, 0.375166, -1e-06, -0.386846, 0.922152, 0.0, 0.0, 0.0, 0.0, 1.0],
                [1.0, 3e-06, 3e-06, -0.0, -3e-06, -0.041359, 0.999126, 0.375166, 2e-06, -0.999165, -0.041349, -0.0, 0.0, 0.0, 0.0, 1.0],
                [1.0, 2e-06, 4e-06, 0.0, -3e-06, -0.169639, 0.985488, 0.375166, 3e-06, -0.985524, -0.16963, 0.0, 0.0, 0.0, 0.0, 1.0],
                [1.0, 2e-06, 2e-06, -0.0, -2e-06, 0.674142, 0.738578, 0.375166, 0.0, -0.738623, 0.674156, -0.0, 0.0, 0.0, 0.0, 1.0],
                [1.0, 2e-06, 2e-06, -0.0, -2e-06, 0.674142, 0.738578, 0.375166, 0.0, -0.738623, 0.674156, -0.0, 0.0, 0.0, 0.0, 1.0],
                [1.0, 2e-06, 2e-06, -0.0, -2e-06, 0.674142, 0.738578, 0.375166, 0.0, -0.738623, 0.674156, -0.0, 0.0, 0.0, 0.0, 1.0],
                [1.0, 2e-06, 2e-06, -0.0, -2e-06, 0.674142, 0.738578, 0.375166, 0.0, -0.738623, 0.674156, -0.0, 0.0, 0.0, 0.0, 1.0],
                [1.0, 2e-06, 2e-06, 0.0, -3e-06, 0.296704, 0.954948, 0.375166, 1e-06, -0.954996, 0.296718, 0.0, 0.0, 0.0, 0.0, 1.0],
                [1.0, 2e-06, 4e-06, 0.0, -3e-06, -0.347544, 0.937648, 0.375166, 3e-06, -0.937676, -0.347534, -0.0, 0.0, 0.0, 0.0, 1.0],
                [1.0, 2e-06, 4e-06, 0.0, -3e-06, -0.267644, 0.963502, 0.375166, 3e-06, -0.963532, -0.267634, -0.0, 0.0, 0.0, 0.0, 1.0],
                [1.0, 2e-06, 2e-06, -0.0, -3e-06, 0.50068, 0.86561, 0.375166, 1e-06, -0.865656, 0.500695, 0.0, 0.0, 0.0, 0.0, 1.0],
                [1.0, 1e-06, 1e-06, -0.0, -1e-06, 0.922147, 0.386825, 0.375166, -1e-06, -0.386846, 0.922152, 0.0, 0.0, 0.0, 0.0, 1.0]
            ]
        },
        {
            "name": "Knee_L",
            "time": [0.0, 0.0167, 0.0333, 0.05, 0.0667, 0.0833, 0.1, 0.1167, 0.1333, 0.15, 0.1667, 0.1833],
            "transform": [
                [1.0, 0.0, -0.0, -0.0, -0.0, 0.048757, -0.998811, 0.375166, -0.0, 0.998811, 0.048757, 0.0, 0.0, 0.0, 0.0, 1.0],
                [1.0, 0.0, -0.0, -0.0, -0.0, 0.048757, -0.998811, 0.375166, -0.0, 0.998811, 0.048757, -0.0, 0.0, 0.0, 0.0, 1.0],
                [1.0, 0.0, -0.0, 0.0, -0.0, 0.048757, -0.998811, 0.375166, -0.0, 0.998811, 0.048757, 0.0, 0.0, 0.0, 0.0, 1.0],
                [1.0, 0.0, -0.0, -0.0, -0.0, 0.048757, -0.998811, 0.375166, -0.0, 0.998811, 0.048757, -0.0, 0.0, 0.0, 0.0, 1.0],
                [1.0, 0.0, -0.0, -0.0, -0.0, 0.048757, -0.998811, 0.375166, -0.0, 0.998811, 0.048757, -0.0, 0.0, 0.0, 0.0, 1.0],
                [1.0, 0.0, -0.0, -0.0, -0.0, 0.048757, -0.998811, 0.375166, -0.0, 0.998811, 0.048757, -0.0, 0.0, 0.0, 0.0, 1.0],
                [1.0, 0.0, -0.0, -0.0, -0.0, 0.048757, -0.998811, 0.375166, -0.0, 0.998811, 0.048757, -0.0, 0.0, 0.0, 0.0, 1.0],
                [1.0, 0.0, -0.0, 0.0, -0.0, 0.048757, -0.998811, 0.375166, -0.0, 0.998811, 0.048757, 0.0, 0.0, 0.0, 0.0, 1.0],
                [1.0, 0.0, -0.0, 0.0, -0.0, 0.048757, -0.998811, 0.375166, -0.0, 0.998811, 0.048757, -0.0, 0.0, 0.0, 0.0, 1.0],
                [1.0, 0.0, -0.0, 0.0, -0.0, 0.048757, -0.998811, 0.375166, -0.0, 0.998811, 0.048757, -0.0, 0.0, 0.0, 0.0, 1.0],
                [1.0, 0.0, -0.0, -0.0, -0.0, 0.048757, -0.998811, 0.375166, -0.0, 0.998811, 0.048757, 0.0, 0.0, 0.0, 0.0, 1.0],
                [1.0, 0.0, -0.0, -0.0, -0.0, 0.048757, -0.998811, 0.375166, -0.0, 0.998811, 0.048757, 0.0, 0.0, 0.0, 0.0, 1.0]
            ]
        },
        {
            "name": "Torso",
            "time": [0.0, 0.0167, 0.0333, 0.05, 0.0667, 0.0833, 0.1, 0.1167, 0.1333, 0.15, 0.1667, 0.1833],
            "transform": [
                [0.978386, -0.081837, 0.189902, -0.0, 0.034156, 0.969698, 0.241908, 0.05, -0.203945, -0.230194, 0.951534, 0.0, 0.0, 0.0, 0.0, 1.0],
                [0.943223, -0.141585, 0.300475, 0.0, 0.018055, 0.92512, 0.379246, 0.05, -0.331671, -0.352288, 0.87515, 0.0, 0.0, 0.0, 0.0, 1.0],
                [0.754552, -0.284394, 0.591414, 0.0, -0.175324, 0.781096, 0.599293, 0.05, -0.632386, -0.555887, 0.539516, 0.0, 0.0, 0.0, 0.0, 1.0],
                [0.550532, -0.379824, 0.743403, -0.0, -0.326802, 0.721378, 0.610586, 0.05, -0.76819, -0.579092, 0.273014, -0.0, 0.0, 0.0, 0.0, 1.0],
                [0.437689, -0.4457, 0.780884, -0.0, -0.347941, 0.716867, 0.604184, 0.05, -0.829075, -0.536146, 0.158687, -0.0, 0.0, 0.0, 0.0, 1.0],
                [0.386224, -0.493215, 0.779468, -0.0, -0.336753, 0.711315, 0.616951, 0.05, -0.858737, -0.500769, 0.108635, -0.0, 0.0, 0.0, 0.0, 1.0],
                [0.377986, -0.515393, 0.769089, -0.0, -0.316742, 0.708598, 0.630526, 0.05, -0.869944, -0.481932, 0.104594, -0.0, 0.0, 0.0, 0.0, 1.0],
                [0.444903, -0.497966, 0.744373, 0.0, -0.259368, 0.723902, 0.639292, 0.05, -0.857198, -0.47749, 0.19291, 0.0, 0.0, 0.0, 0.0, 1.0],
                [0.648009, -0.404717, 0.645204, 0.0, -0.111514, 0.787587, 0.606029, 0.05, -0.753424, -0.464662, 0.465232, -0.0, 0.0, 0.0, 0.0, 1.0],
                [0.868406, -0.241383, 0.433134, -0.0, 0.022193, 0.891557, 0.452365, 0.05, -0.495356, -0.383224, 0.779591, 0.0, 0.0, 0.0, 0.0, 1.0],
                [0.961227, -0.119536, 0.248503, 0.0, 0.042542, 0.954655, 0.294659, 0.05, -0.272457, -0.272663, 0.922725, 0.0, 0.0, 0.0, 0.0, 1.0],
                [0.978386, -0.081837, 0.189902, -0.0, 0.034156, 0.969698, 0.241908, 0.05, -0.203945, -0.230194, 0.951534, 0.0, 0.0, 0.0, 0.0, 1.0]
            ]
        },
        {
            "name": "Chest",
            "time": [0.0, 0.0167, 0.0333, 0.05, 0.0667, 0.0833, 0.1, 0.1167, 0.1333, 0.15, 0.1667, 0.1833],
            "transform": [
                [0.999476, 0.031909, 0.005435, 0.0, -0.030756, 0.88388, 0.466701, 0.304568, 0.010088, -0.466624, 0.884398, 0.0, 0.0, 0.0, 0.0, 1.0],
                [0.999476, 0.031909, 0.005435, -0.0, -0.030756, 0.88388, 0.466701, 0.304568, 0.010088, -0.466624, 0.884398, -0.0, 0.0, 0.0, 0.0, 1.0],
                [0.999476, 0.031909, 0.005435, -0.0, -0.030756, 0.88388, 0.466701, 0.304568, 0.010088, -0.466624, 0.884398, 0.0, 0.0, 0.0, 0.0, 1.0],
                [0.999476, 0.031909, 0.005435, 0.0, -0.030756, 0.88388, 0.466701, 0.304568, 0.010088, -0.466624, 0.884398, 0.0, 0.0, 0.0, 0.0, 1.0],
                [0.999476, 0.031909, 0.005435, -0.0, -0.030756, 0.88388, 0.466701, 0.304568, 0.010088, -0.466624, 0.884399, -0.0, 0.0, 0.0, 0.0, 1.0],
                [0.999476, 0.031909, 0.005435, -0.0, -0.030756, 0.88388, 0.466701, 0.304568, 0.010088, -0.466624, 0.884398, -0.0, 0.0, 0.0, 0.0, 1.0],
                [0.999476, 0.031909, 0.005435, -0.0, -0.030756, 0.88388, 0.466701, 0.304568, 0.010088, -0.466624, 0.884399, 0.0, 0.0, 0.0, 0.0, 1.0],
                [0.999476, 0.031909, 0.005435, 0.0, -0.030756, 0.88388, 0.466701, 0.304568, 0.010088, -0.466624, 0.884398, 0.0, 0.0, 0.0, 0.0, 1.0],
                [0.999476, 0.031909, 0.005435, 0.0, -0.030756, 0.88388, 0.466701, 0.304568, 0.010088, -0.466624, 0.884398, -0.0, 0.0, 0.0, 0.0, 1.0],
                [0.999476, 0.031909, 0.005435, -0.0, -0.030756, 0.88388, 0.466701, 0.304568, 0.010088, -0.466624, 0.884398, -0.0, 0.0, 0.0, 0.0, 1.0],
                [0.999476, 0.031909, 0.005435, -0.0, -0.030756, 0.88388, 0.466701, 0.304568, 0.010088, -0.466624, 0.884398, 0.0, 0.0, 0.0, 0.0, 1.0],
                [0.999476, 0.031909, 0.005435, 0.0, -0.030756, 0.88388, 0.466701, 0.304568, 0.010088, -0.466624, 0.884398, 0.0, 0.0, 0.0, 0.0, 1.0]
            ]
        },
        {
            "name": "Head",
            "time": [0.0, 0.0167, 0.0333, 0.05, 0.0667, 0.0833, 0.1, 0.1167, 0.1333, 0.15, 0.1667, 0.1833],
            "transform": [
                [0.680753, 0.001602, 0.732512, -0.0, 0.523738, 0.698071, -0.488258, 0.403437, -0.512127, 0.716027, 0.474375, 0.0, 0.0, 0.0, 0.0, 1.0],
                [0.711357, 0.070049, 0.699331, 0.0, 0.493422, 0.658808, -0.567897, 0.403437, -0.500506, 0.749043, 0.434084, 0.0, 0.0, 0.0, 0.0, 1.0],
                [0.967363, -0.074254, 0.242271, -0.0, 0.252319, 0.370251, -0.894007, 0.403437, -0.023317, 0.925959, 0.376903, 0.0, 0.0, 0.0, 0.0, 1.0],
                [0.631772, -0.43224, -0.643454, -0.0, -0.580964, 0.285513, -0.762209, 0.403437, 0.513172, 0.855366, -0.070737, 0.0, 0.0, 0.0, 0.0, 1.0],
                [0.478443, -0.469837, -0.741853, -0.0, -0.691433, 0.319213, -0.648092, 0.403437, 0.541307, 0.823017, -0.172135, 0.0, 0.0, 0.0, 0.0, 1.0],
                [0.402459, -0.465406, -0.788305, 0.0, -0.749297, 0.327232, -0.575738, 0.403437, 0.52591, 0.822385, -0.21703, -0.0, 0.0, 0.0, 0.0, 1.0],
                [0.380748, -0.453256, -0.805971, 0.0, -0.766178, 0.333344, -0.549412, 0.403437, 0.51769, 0.826705, -0.220355, 0.0, 0.0, 0.0, 0.0, 1.0],
                [0.861394, -0.28214, -0.422372, 0.0, -0.364181, 0.236611, -0.90077, 0.403437, 0.354081, 0.929738, 0.101066, -0.0, 0.0, 0.0, 0.0, 1.0],
                [0.999776, 0.004169, 0.020745, -0.0, 0.018205, 0.33018, -0.943742, 0.403437, -0.010784, 0.943909, 0.330031, -0.0, 0.0, 0.0, 0.0, 1.0],
                [0.842999, 0.122038, 0.523888, -0.0, 0.36503, 0.585569, -0.723783, 0.403437, -0.395102, 0.801384, 0.449087, -0.0, 0.0, 0.0, 0.0, 1.0],
                [0.709, 0.042065, 0.703953, -0.0, 0.491686, 0.686094, -0.536208, 0.403437, -0.505533, 0.726296, 0.465758, -0.0, 0.0, 0.0, 0.0, 1.0],
                [0.680753, 0.001602, 0.732512, -0.0, 0.523738, 0.698071, -0.488258, 0.403437, -0.512127, 0.716027, 0.474375, 0.0, 0.0, 0.0, 0.0, 1.0]
            ]
        },
        {
            "name": "Shoulder_R",
            "time": [0.0, 0.0167, 0.0333, 0.05, 0.0667, 0.0833, 0.1, 0.1167, 0.1333, 0.15, 0.1667, 0.1833],
            "transform": [
                [-0.0, 0.952114, 0.305743, -0.0, -0.130263, -0.303138, 0.944001, 0.403437, 0.991479, -0.039827, 0.124026, 0.0, 0.0, 0.0, 0.0, 1.0],
                [-0.0, 0.952114, 0.305743, 0.0, -0.130263, -0.303138, 0.944001, 0.403437, 0.991479, -0.039827, 0.124026, 0.0, 0.0, 0.0, 0.0, 1.0],
                [-0.0, 0.952114, 0.305743, -0.0, -0.130264, -0.303138, 0.944001, 0.403437, 0.991479, -0.039827, 0.124026, 0.0, 0.0, 0.0, 0.0, 1.0],
                [0.0, 0.952114, 0.305743, -0.0, -0.130264, -0.303138, 0.944001, 0.403437, 0.991479, -0.039827, 0.124026, 0.0, 0.0, 0.0, 0.0, 1.0],
                [-0.0, 0.952114, 0.305743, -0.0, -0.130264, -0.303138, 0.944001, 0.403437, 0.991479, -0.039827, 0.124026, 0.0, 0.0, 0.0, 0.0, 1.0],
                [-0.0, 0.952114, 0.305743, 0.0, -0.130264, -0.303138, 0.944002, 0.403437, 0.991479, -0.039827, 0.124026, -0.0, 0.0, 0.0, 0.0, 1.0],
                [-0.0, 0.952114, 0.305743, 0.0, -0.130264, -0.303138, 0.944001, 0.403437, 0.991479, -0.039827, 0.124026, 0.0, 0.0, 0.0, 0.0, 1.0],
                [-0.0, 0.952114, 0.305743, 0.0, -0.130264, -0.303138, 0.944001, 0.403437, 0.991479, -0.039827, 0.124026, -0.0, 0.0, 0.0, 0.0, 1.0],
                [-0.0, 0.952114, 0.305743, -0.0, -0.130264, -0.303138, 0.944001, 0.403437, 0.991479, -0.039827, 0.124026, -0.0, 0.0, 0.0, 0.0, 1.0],
                [-0.0, 0.952114, 0.305743, -0.0, -0.130264, -0.303138, 0.944001, 0.403437, 0.991479, -0.039827, 0.124026, -0.0, 0.0, 0.0, 0.0, 1.0],
                [0.0, 0.952114, 0.305743, -0.0, -0.130263, -0.303138, 0.944001, 0.403437, 0.991479, -0.039827, 0.124026, -0.0, 0.0, 0.0, 0.0, 1.0],
                [-0.0, 0.952114, 0.305743, -0.0, -0.130263, -0.303138, 0.944001, 0.403437, 0.991479, -0.039827, 0.124026, 0.0, 0.0, 0.0, 0.0, 1.0]
            ]
        },
        {
            "name": "Arm_R",
            "time": [0.0, 0.0167, 0.0333, 0.05, 0.0667, 0.0833, 0.1, 0.1167, 0.1333, 0.15, 0.1667, 0.1833],
            "transform": [
                [0.481529, -0.354267, -0.801639, -0.0, -0.220253, 0.836395, -0.501928, 0.39386, 0.848303, 0.418256, 0.32472, -0.0, 0.0, 0.0, 0.0, 1.0],
                [0.642511, -0.364566, -0.673996, 0.0, -0.207718, 0.763778, -0.611144, 0.39386, 0.737586, 0.532668, 0.415009, -0.0, 0.0, 0.0, 0.0, 1.0],
                [0.858616, -0.125619, -0.496989, 0.0, -0.365538, 0.52967, -0.765397, 0.39386, 0.359388, 0.83885, 0.408865, -0.0, 0.0, 0.0, 0.0, 1.0],
                [0.824687, 0.084076, -0.559306, 0.0, -0.529788, 0.461073, -0.711854, 0.39386, 0.19803, 0.88337, 0.424783, -0.0, 0.0, 0.0, 0.0, 1.0],
                [0.803716, 0.175717, -0.568475, 0.0, -0.561524, 0.539991, -0.626977, 0.393861, 0.196801, 0.823124, 0.532669, -0.0, 0.0, 0.0, 0.0, 1.0],
                [0.808155, 0.216468, -0.547747, -0.0, -0.554023, 0.594989, -0.582278, 0.39386, 0.199859, 0.774035, 0.600771, -0.0, 0.0, 0.0, 0.0, 1.0],
                [0.820138, 0.225889, -0.525688, 0.0, -0.532391, 0.637856, -0.556507, 0.393861, 0.209605, 0.736284, 0.643391, -0.0, 0.0, 0.0, 0.0, 1.0],
                [0.846764, 0.169972, -0.504084, 0.0, -0.464065, 0.699269, -0.543752, 0.393861, 0.260067, 0.694357, 0.670994, -0.0, 0.0, 0.0, 0.0, 1.0],
                [0.853586, -0.034128, -0.519832, 0.0, -0.300445, 0.782935, -0.544744, 0.393861, 0.425586, 0.621167, 0.658049, 0.0, 0.0, 0.0, 0.0, 1.0],
                [0.71493, -0.264582, -0.647203, 0.0, -0.184309, 0.821587, -0.539467, 0.39386, 0.674466, 0.504967, 0.538613, -0.0, 0.0, 0.0, 0.0, 1.0],
                [0.542306, -0.345636, -0.765794, -0.0, -0.198816, 0.832784, -0.516665, 0.39386, 0.816319, 0.432443, 0.382906, -0.0, 0.0, 0.0, 0.0, 1.0],
                [0.481529, -0.354267, -0.801639, -0.0, -0.220253, 0.836395, -0.501928, 0.39386, 0.848303, 0.418256, 0.32472, -0.0, 0.0, 0.0, 0.0, 1.0]
            ]
        },
        {
            "name": "Hand_R",
            "time": [0.0, 0.0167, 0.0333, 0.05, 0.0667, 0.0833, 0.1, 0.1167, 0.1333, 0.15, 0.1667, 0.1833],
            "transform": [
                [1.0, 0.0, 0.0, 0.0, 0.0, 0.520398, -0.853924, 0.300556, 0.0, 0.853924, 0.520398, 0.0, 0.0, 0.0, 0.0, 1.0],
                [1.0, -0.0, 0.0, 0.0, 0.0, 0.686049, -0.727556, 0.300556, -0.0, 0.727555, 0.686049, -0.0, 0.0, 0.0, 0.0, 1.0],
                [1.0, -0.0, 0.0, -0.0, 0.0, 0.933013, -0.359844, 0.300556, -0.0, 0.359844, 0.933013, -0.0, 0.0, 0.0, 0.0, 1.0],
                [1.0, -0.0, 0.0, 0.0, 0.0, 0.987327, -0.158699, 0.300557, -0.0, 0.158699, 0.987327, -0.0, 0.0, 0.0, 0.0, 1.0],
                [1.0, -0.0, 0.0, -0.0, 0.0, 0.987327, -0.158699, 0.300557, 0.0, 0.158699, 0.987327, -0.0, 0.0, 0.0, 0.0, 1.0],
                [1.0, -0.0, 0.0, 0.0, 0.0, 0.987327, -0.158699, 0.300556, 0.0, 0.158699, 0.987327, -0.0, 0.0, 0.0, 0.0, 1.0],
                [1.0, -0.0, 0.0, 0.0, 0.0, 0.987327, -0.158699, 0.300556, -0.0, 0.158699, 0.987327, -0.0, 0.0, 0.0, 0.0, 1.0],
                [1.0, -0.0, 0.0, 0.0, 0.0, 0.972238, -0.233992, 0.300556, 0.0, 0.233992, 0.972238, -0.0, 0.0, 0.0, 0.0, 1.0],
                [1.0, -0.0, 0.0, -0.0, 0.0, 0.899343, -0.437243, 0.300556, 0.0, 0.437243, 0.899343, 0.0, 0.0, 0.0, 0.0, 1.0],
                [1.0, -0.0, 0.0, -0.0, -0.0, 0.74496, -0.667109, 0.300556, 0.0, 0.667109, 0.74496, -0.0, 0.0, 0.0, 0.0, 1.0],
                [1.0, -0.0, 0.0, -0.0, 0.0, 0.584388, -0.811474, 0.300556, -0.0, 0.811474, 0.584388, -0.0, 0.0, 0.0, 0.0, 1.0],
                [1.0, 0.0, 0.0, 0.0, 0.0, 0.520398, -0.853924, 0.300556, 0.0, 0.853924, 0.520398, 0.0, 0.0, 0.0, 0.0, 1.0]
            ]
        },
        {
            "name": "Tool_R",
            "time": [0.0, 0.0167, 0.0333, 0.05, 0.0667, 0.0833, 0.1, 0.1167, 0.1333, 0.15, 0.1667, 0.1833],
            "transform": [
                [0.981476, -0.152467, 0.116011, 0.0, -0.0933, -0.909255, -0.405647, 0.266907, 0.167331, 0.387309, -0.906638, 0.005004, 0.0, 0.0, 0.0, 1.0],
                [0.99069, -0.095947, 0.096578, 0.0, -0.013058, -0.773127, -0.634117, 0.266907, 0.135509, 0.626952, -0.767182, 0.005004, 0.0, 0.0, 0.0, 1.0],
                [0.993123, 0.036992, 0.111082, 0.0, 0.116937, -0.266639, -0.956676, 0.266907, -0.005771, 0.963086, -0.269131, 0.005004, 0.0, 0.0, 0.0, 1.0],
                [0.985882, 0.08829, 0.142277, 0.0, 0.142127, 0.008016, -0.989816, 0.266907, -0.088532, 0.996063, -0.004645, 0.005004, 0.0, 0.0, 0.0, 1.0],
                [0.985881, 0.08829, 0.142277, 0.0, 0.142127, 0.008016, -0.989816, 0.266907, -0.088532, 0.996063, -0.004646, 0.005004, 0.0, 0.0, 0.0, 1.0],
                [0.985881, 0.08829, 0.142277, 0.0, 0.142127, 0.008016, -0.989816, 0.266907, -0.088532, 0.996063, -0.004646, 0.005004, 0.0, 0.0, 0.0, 1.0],
                [0.985881, 0.08829, 0.142277, 0.0, 0.142127, 0.008016, -0.989816, 0.266907, -0.088532, 0.996063, -0.004645, 0.005004, 0.0, 0.0, 0.0, 1.0],
                [0.989046, 0.070878, 0.129476, 0.0, 0.135734, -0.092056, -0.986459, 0.266907, -0.057999, 0.993228, -0.100668, 0.005004, 0.0, 0.0, 0.0, 1.0],
                [0.99467, 0.013136, 0.102271, 0.0, 0.099666, -0.376738, -0.920942, 0.266907, 0.026432, 0.926227, -0.376039, 0.005004, 0.0, 0.0, 0.0, 1.0],
                [0.993134, -0.070824, 0.093111, -0.0, 0.017564, -0.696623, -0.717222, 0.266907, 0.11566, 0.713933, -0.690596, 0.005004, 0.0, 0.0, 0.0, 1.0],
                [0.985319, -0.132831, 0.107252, -0.0, -0.063464, -0.868174, -0.492184, 0.266907, 0.158491, 0.478152, -0.863859, 0.005004, 0.0, 0.0, 0.0, 1.0],
                [0.981476, -0.152467, 0.116011, 0.0, -0.0933, -0.909255, -0.405647, 0.266907, 0.167331, 0.387309, -0.906638, 0.005004, 0.0, 0.0, 0.0, 1.0]
            ]
        },
        {
            "name": "Elbow_R",
            "time": [0.0, 0.0167, 0.0333, 0.05, 0.0667, 0.0833, 0.1, 0.1167, 0.1333, 0.15, 0.1667, 0.1833],
            "transform": [
                [-1.0, 0.0, 0.0, 0.0, -0.0, 0.060811, -0.998149, 0.300556, -0.0, -0.99815, -0.060811, 0.0, 0.0, 0.0, 0.0, 1.0],
                [-1.0, 0.0, 0.0, 0.0, -0.0, 0.060811, -0.998149, 0.300556, -0.0, -0.99815, -0.060811, -0.0, 0.0, 0.0, 0.0, 1.0],
                [-1.0, 0.0, 0.0, -0.0, -0.0, 0.060811, -0.998149, 0.300556, -0.0, -0.99815, -0.060811, -0.0, 0.0, 0.0, 0.0, 1.0],
                [-1.0, 0.0, 0.0, 0.0, -0.0, 0.060811, -0.99815, 0.300557, -0.0, -0.99815, -0.060811, -0.0, 0.0, 0.0, 0.0, 1.0],
                [-1.0, 0.0, 0.0, -0.0, -0.0, 0.060811, -0.998149, 0.300557, -0.0, -0.99815, -0.060811, -0.0, 0.0, 0.0, 0.0, 1.0],
                [-1.0, 0.0, 0.0, 0.0, -0.0, 0.060811, -0.998149, 0.300556, -0.0, -0.99815, -0.060811, -0.0, 0.0, 0.0, 0.0, 1.0],
                [-1.0, 0.0, 0.0, 0.0, -0.0, 0.060811, -0.998149, 0.300556, -0.0, -0.99815, -0.060811, -0.0, 0.0, 0.0, 0.0, 1.0],
                [-1.0, 0.0, 0.0, 0.0, -0.0, 0.060811, -0.998149, 0.300556, -0.0, -0.99815, -0.060811, -0.0, 0.0, 0.0, 0.0, 1.0],
                [-1.0, 0.0, 0.0, -0.0, -0.0, 0.060811, -0.99815, 0.300556, -0.0, -0.99815, -0.060811, 0.0, 0.0, 0.0, 0.0, 1.0],
                [-1.0, 0.0, 0.0, -0.0, -0.0, 0.060811, -0.998149, 0.300556, -0.0, -0.99815, -0.060811, -0.0, 0.0, 0.0, 0.0, 1.0],
                [-1.0, 0.0, 0.0, -0.0, -0.0, 0.060811, -0.998149, 0.300556, -0.0, -0.99815, -0.060811, -0.0, 0.0, 0.0, 0.0, 1.0],
                [-1.0, 0.0, 0.0, 0.0, -0.0, 0.060811, -0.998149, 0.300556, -0.0, -0.99815, -0.060811, 0.0, 0.0, 0.0, 0.0, 1.0]
            ]
        },
        {
            "name": "Shoulder_L",
            "time": [0.0, 0.0167, 0.0333, 0.05, 0.0667, 0.0833, 0.1, 0.1167, 0.1333, 0.15, 0.1667, 0.1833],
            "transform": [
                [0.0, -0.952114, -0.305743, -0.0, 0.130264, -0.303138, 0.944001, 0.403437, -0.991479, -0.039827, 0.124026, 0.0, 0.0, 0.0, 0.0, 1.0],
                [0.0, -0.952114, -0.305743, 0.0, 0.130264, -0.303138, 0.944001, 0.403437, -0.991479, -0.039827, 0.124026, 0.0, 0.0, 0.0, 0.0, 1.0],
                [0.0, -0.952114, -0.305743, -0.0, 0.130264, -0.303138, 0.944001, 0.403437, -0.991479, -0.039827, 0.124026, 0.0, 0.0, 0.0, 0.0, 1.0],
                [0.0, -0.952114, -0.305744, -0.0, 0.130264, -0.303138, 0.944001, 0.403437, -0.991479, -0.039827, 0.124026, 0.0, 0.0, 0.0, 0.0, 1.0],
                [0.0, -0.952114, -0.305743, -0.0, 0.130264, -0.303138, 0.944001, 0.403437, -0.991479, -0.039827, 0.124026, 0.0, 0.0, 0.0, 0.0, 1.0],
                [0.0, -0.952114, -0.305743, 0.0, 0.130264, -0.303138, 0.944001, 0.403437, -0.991479, -0.039827, 0.124026, -0.0, 0.0, 0.0, 0.0, 1.0],
                [0.0, -0.952114, -0.305743, 0.0, 0.130264, -0.303138, 0.944001, 0.403437, -0.991479, -0.039827, 0.124026, 0.0, 0.0, 0.0, 0.0, 1.0],
                [0.0, -0.952114, -0.305743, 0.0, 0.130264, -0.303138, 0.944001, 0.403437, -0.991479, -0.039827, 0.124026, -0.0, 0.0, 0.0, 0.0, 1.0],
                [0.0, -0.952114, -0.305743, -0.0, 0.130264, -0.303138, 0.944001, 0.403437, -0.991479, -0.039827, 0.124026, -0.0, 0.0, 0.0, 0.0, 1.0],
                [0.0, -0.952114, -0.305743, -0.0, 0.130264, -0.303138, 0.944001, 0.403437, -0.991479, -0.039827, 0.124026, -0.0, 0.0, 0.0, 0.0, 1.0],
                [0.0, -0.952114, -0.305743, -0.0, 0.130264, -0.303138, 0.944001, 0.403437, -0.991479, -0.039827, 0.124026, -0.0, 0.0, 0.0, 0.0, 1.0],
                [0.0, -0.952114, -0.305743, -0.0, 0.130264, -0.303138, 0.944001, 0.403437, -0.991479, -0.039827, 0.124026, 0.0, 0.0, 0.0, 0.0, 1.0]
            ]
        },
        {
            "name": "Arm_L",
            "time": [0.0, 0.0167, 0.0333, 0.05, 0.0667, 0.0833, 0.1, 0.1167, 0.1333, 0.15, 0.1667, 0.1833],
            "transform": [
                [0.695725, 0.647071, 0.311874, 0.0, -0.716046, 0.659184, 0.229684, 0.39386, -0.05696, -0.383113, 0.921943, -0.0, 0.0, 0.0, 0.0, 1.0],
                [0.373851, 0.671843, 0.639423, 0.0, -0.888762, 0.456634, 0.039846, 0.39386, -0.265212, -0.583191, 0.767822, -0.0, 0.0, 0.0, 0.0, 1.0],
                [-0.435837, 0.280847, 0.855085, -0.0, -0.590342, 0.627938, -0.507139, 0.39386, -0.679369, -0.725823, -0.107883, 0.0, 0.0, 0.0, 0.0, 1.0],
                [-0.6453, 0.249525, 0.722029, 0.0, -0.160299, 0.879881, -0.447341, 0.39386, -0.746922, -0.40441, -0.527788, 0.0, 0.0, 0.0, 0.0, 1.0],
                [-0.638949, 0.337525, 0.691246, -0.0, -0.025245, 0.888914, -0.457378, 0.39386, -0.768835, -0.309691, -0.559449, -0.0, 0.0, 0.0, 0.0, 1.0],
                [-0.615924, 0.370344, 0.695329, 0.0, 0.036843, 0.895191, -0.444158, 0.39386, -0.786943, -0.24795, -0.565014, -0.0, 0.0, 0.0, 0.0, 1.0],
                [-0.600577, 0.368012, 0.709841, -0.0, 0.048492, 0.902912, -0.427081, 0.39386, -0.798095, -0.222074, -0.560114, 0.0, 0.0, 0.0, 0.0, 1.0],
                [-0.569879, 0.372253, 0.732574, 0.0, -0.092923, 0.856593, -0.507558, 0.39386, -0.816457, -0.357319, -0.453564, 0.0, 0.0, 0.0, 0.0, 1.0],
                [-0.36845, 0.449239, 0.813898, -0.0, -0.528429, 0.619095, -0.580934, 0.39386, -0.764858, -0.644132, 0.009285, 0.0, 0.0, 0.0, 0.0, 1.0],
                [0.15577, 0.654059, 0.740231, 0.0, -0.878976, 0.433704, -0.198249, 0.39386, -0.450708, -0.619764, 0.64246, 0.0, 0.0, 0.0, 0.0, 1.0],
                [0.579628, 0.687108, 0.438079, 0.0, -0.801546, 0.577605, 0.154587, 0.39386, -0.146819, -0.440744, 0.885544, -0.0, 0.0, 0.0, 0.0, 1.0],
                [0.695725, 0.647071, 0.311874, 0.0, -0.716046, 0.659184, 0.229684, 0.39386, -0.05696, -0.383113, 0.921943, -0.0, 0.0, 0.0, 0.0, 1.0]
            ]
        },
        {
            "name": "Hand_L",
            "time": [0.0, 0.0167, 0.0333, 0.05, 0.0667, 0.0833, 0.1, 0.1167, 0.1333, 0.15, 0.1667, 0.1833],
            "transform": [
                [1.0, -3.9e-05, -2e-05, -0.0, 3e-05, 0.943819, -0.330463, 0.300556, 3.2e-05, 0.330463, 0.943819, 0.0, 0.0, 0.0, 0.0, 1.0],
                [1.0, -3.9e-05, -2e-05, -0.0, 3e-05, 0.943819, -0.330463, 0.300556, 3.2e-05, 0.330463, 0.943819, 0.0, 0.0, 0.0, 0.0, 1.0],
                [1.0, -3.9e-05, -2e-05, -0.0, 3e-05, 0.943819, -0.330463, 0.300556, 3.2e-05, 0.330463, 0.943819, 0.0, 0.0, 0.0, 0.0, 1.0],
                [1.0, -3.9e-05, -2e-05, -0.0, 3e-05, 0.943819, -0.330463, 0.300556, 3.2e-05, 0.330463, 0.943819, 0.0, 0.0, 0.0, 0.0, 1.0],
                [1.0, -3.9e-05, -2e-05, 0.0, 3e-05, 0.943819, -0.330463, 0.300556, 3.2e-05, 0.330463, 0.943819, -0.0, 0.0, 0.0, 0.0, 1.0],
                [1.0, -3.9e-05, -2e-05, -0.0, 3e-05, 0.943819, -0.330463, 0.300556, 3.2e-05, 0.330463, 0.943819, 0.0, 0.0, 0.0, 0.0, 1.0],
                [1.0, -3.9e-05, -2e-05, -0.0, 3e-05, 0.943819, -0.330463, 0.300556, 3.2e-05, 0.330463, 0.943819, -0.0, 0.0, 0.0, 0.0, 1.0],
                [1.0, -3.9e-05, -2e-05, -0.0, 3e-05, 0.943819, -0.330463, 0.300556, 3.2e-05, 0.330463, 0.943819, 0.0, 0.0, 0.0, 0.0, 1.0],
                [1.0, -3.9e-05, -2e-05, 0.0, 3e-05, 0.943819, -0.330463, 0.300556, 3.2e-05, 0.330464, 0.943819, 0.0, 0.0, 0.0, 0.0, 1.0],
                [1.0, -3.9e-05, -2e-05, 0.0, 3e-05, 0.943819, -0.330463, 0.300556, 3.2e-05, 0.330463, 0.943819, -0.0, 0.0, 0.0, 0.0, 1.0],
                [1.0, -3.9e-05, -2e-05, 0.0, 3e-05, 0.943819, -0.330463, 0.300556, 3.2e-05, 0.330463, 0.943819, 0.0, 0.0, 0.0, 0.0, 1.0],
                [1.0, -3.9e-05, -2e-05, -0.0, 3e-05, 0.943819, -0.330463, 0.300556, 3.2e-05, 0.330463, 0.943819, 0.0, 0.0, 0.0, 0.0, 1.0]
            ]
        },
        {
            "name": "Tool_L",
            "time": [0.0, 0.0167, 0.0333, 0.05, 0.0667, 0.0833, 0.1, 0.1167, 0.1333, 0.15, 0.1667, 0.1833],
            "transform": [
                [1.0, 0.0, -0.0, -0.0, 0.0, -0.99944, -0.033474, 0.266907, -0.0, 0.033474, -0.99944, 0.005004, 0.0, 0.0, 0.0, 1.0],
                [1.0, 0.0, -0.0, -0.0, -0.0, -0.99944, -0.033474, 0.266907, -0.0, 0.033474, -0.999439, 0.005004, 0.0, 0.0, 0.0, 1.0],
                [1.0, -0.0, -0.0, -0.0, 0.0, -0.99944, -0.033474, 0.266907, -0.0, 0.033474, -0.999439, 0.005004, 0.0, 0.0, 0.0, 1.0],
                [1.0, -0.0, -0.0, -0.0, 0.0, -0.99944, -0.033474, 0.266907, -0.0, 0.033474, -0.999439, 0.005004, 0.0, 0.0, 0.0, 1.0],
                [1.0, -0.0, -0.0, 0.0, 0.0, -0.99944, -0.033474, 0.266907, -0.0, 0.033474, -0.999439, 0.005004, 0.0, 0.0, 0.0, 1.0],
                [1.0, -0.0, -0.0, -0.0, 0.0, -0.99944, -0.033474, 0.266907, -0.0, 0.033474, -0.999439, 0.005004, 0.0, 0.0, 0.0, 1.0],
                [1.0, -0.0, -0.0, -0.0, 0.0, -0.99944, -0.033474, 0.266907, -0.0, 0.033474, -0.999439, 0.005004, 0.0, 0.0, 0.0, 1.0],
                [1.0, 0.0, -0.0, -0.0, 0.0, -0.99944, -0.033474, 0.266907, -0.0, 0.033474, -0.99944, 0.005004, 0.0, 0.0, 0.0, 1.0],
                [1.0, 0.0, -0.0, -0.0, 0.0, -0.99944, -0.033474, 0.266907, -0.0, 0.033474, -0.99944, 0.005004, 0.0, 0.0, 0.0, 1.0],
                [1.0, -0.0, -0.0, -0.0, -0.0, -0.99944, -0.033474, 0.266907, -0.0, 0.033474, -0.99944, 0.005004, 0.0, 0.0, 0.0, 1.0],
                [1.0, -0.0, -0.0, -0.0, -0.0, -0.99944, -0.033474, 0.266907, -0.0, 0.033474, -0.99944, 0.005004, 0.0, 0.0, 0.0, 1.0],
                [1.0, 0.0, -0.0, -0.0, 0.0, -0.99944, -0.033474, 0.266907, -0.0, 0.033474, -0.99944, 0.005004, 0.0, 0.0, 0.0, 1.0]
            ]
        },
        {
            "name": "Elbow_L",
            "time": [0.0, 0.0167, 0.0333, 0.05, 0.0667, 0.0833, 0.1, 0.1167, 0.1333, 0.15, 0.1667, 0.1833],
            "transform": [
                [-1.0, 3e-05, 3.2e-05, -0.0, -3e-05, 0.060811, -0.998149, 0.300556, -3.2e-05, -0.998149, -0.060811, 0.0, 0.0, 0.0, 0.0, 1.0],
                [-1.0, 3e-05, 3.2e-05, -0.0, -3e-05, 0.060811, -0.998149, 0.300556, -3.2e-05, -0.998149, -0.060811, 0.0, 0.0, 0.0, 0.0, 1.0],
                [-1.0, 3e-05, 3.2e-05, -0.0, -3e-05, 0.060811, -0.998149, 0.300556, -3.2e-05, -0.998149, -0.060811, 0.0, 0.0, 0.0, 0.0, 1.0],
                [-1.0, 3e-05, 3.2e-05, -0.0, -3e-05, 0.060811, -0.998149, 0.300556, -3.2e-05, -0.998149, -0.060811, 0.0, 0.0, 0.0, 0.0, 1.0],
                [-1.0, 3e-05, 3.2e-05, 0.0, -3e-05, 0.060811, -0.998149, 0.300556, -3.2e-05, -0.998149, -0.060811, -0.0, 0.0, 0.0, 0.0, 1.0],
                [-1.0, 3e-05, 3.2e-05, -0.0, -3e-05, 0.060811, -0.998149, 0.300556, -3.2e-05, -0.998149, -0.060811, 0.0, 0.0, 0.0, 0.0, 1.0],
                [-1.0, 3e-05, 3.2e-05, -0.0, -3e-05, 0.060811, -0.998149, 0.300556, -3.2e-05, -0.998149, -0.060811, -0.0, 0.0, 0.0, 0.0, 1.0],
                [-1.0, 3e-05, 3.2e-05, -0.0, -3e-05, 0.060811, -0.998149, 0.300556, -3.2e-05, -0.998149, -0.060811, 0.0, 0.0, 0.0, 0.0, 1.0],
                [-1.0, 3e-05, 3.2e-05, 0.0, -3e-05, 0.060811, -0.998149, 0.300556, -3.2e-05, -0.998149, -0.060811, 0.0, 0.0, 0.0, 0.0, 1.0],
                [-1.0, 3e-05, 3.2e-05, 0.0, -3e-05, 0.060811, -0.998149, 0.300556, -3.2e-05, -0.998149, -0.060811, -0.0, 0.0, 0.0, 0.0, 1.0],
                [-1.0, 3e-05, 3.2e-05, 0.0, -3e-05, 0.060811, -0.998149, 0.300556, -3.2e-05, -0.998149, -0.060811, 0.0, 0.0, 0.0, 0.0, 1.0],
                [-1.0, 3e-05, 3.2e-05, -0.0, -3e-05, 0.060811, -0.998149, 0.300556, -3.2e-05, -0.998149, -0.060811, 0.0, 0.0, 0.0, 0.0, 1.0]
            ]
        },
        {
            "name": "IKThigh_R",
            "time": [0.0, 0.0167, 0.0333, 0.05, 0.0667, 0.0833, 0.1, 0.1167, 0.1333, 0.15, 0.1667, 0.1833],
            "transform": [
                [0.915894, 0.390305, -0.093795, 0.124994, 0.267104, -0.418151, 0.868207, -0.002831, 0.299656, -0.820232, -0.48721, -1.2e-05, 0.0, 0.0, 0.0, 1.0],
                [0.949762, 0.253133, -0.184052, 0.124994, 0.24126, -0.217553, 0.945745, -0.002831, 0.199365, -0.942635, -0.267671, -1.2e-05, 0.0, 0.0, 0.0, 1.0],
                [0.96522, -0.023305, -0.260392, 0.124994, 0.259487, 0.2069, 0.943297, -0.002831, 0.031892, -0.978067, 0.205773, -1.2e-05, 0.0, 0.0, 0.0, 1.0],
                [0.954066, -0.119627, -0.274669, 0.124994, 0.299195, 0.332848, 0.894226, -0.002831, -0.015552, -0.935345, 0.35337, -1.2e-05, 0.0, 0.0, 0.0, 1.0],
