{
    "animation": [
        {
            "name": "Root",
            "time": [0.0, 0.0167, 0.0333, 0.05, 0.0667, 0.0833, 0.1, 0.1167, 0.1333, 0.15, 0.1667, 0.1833, 0.2, 0.2167, 0.2333, 0.25, 0.2667, 0.2833, 0.3, 0.3167, 0.3333, 0.35, 0.3667, 0.3833, 0.4, 0.4167, 0.4333, 0.45, 0.4667, 0.4833, 0.5, 0.5167, 0.5333, 0.55, 0.5667, 0.5833, 0.6, 0.6167, 0.6333, 0.65, 0.6667, 0.6833, 0.7, 0.7167, 0.7333, 0.75, 0.7667, 0.7833, 0.8, 0.8167, 0.8333, 0.85, 0.8667, 0.8833, 0.9, 0.9167, 0.9333, 0.95, 0.9667, 0.9833, 1.0, 1.0167, 1.0333, 1.05, 1.0667, 1.0833, 1.1, 1.1167, 1.1333, 1.15, 1.1667, 1.1833, 1.2, 1.2167, 1.2333, 1.25, 1.2667, 1.2833, 1.3, 1.3167, 1.3333, 1.35, 1.3667, 1.3833, 1.4, 1.4167, 1.4333, 1.45, 1.4667, 1.4833, 1.5, 1.5167, 1.5333, 1.55, 1.5667, 1.5833, 1.6, 1.6167, 1.6333, 1.65, 1.6667, 1.6833, 1.7, 1.7167, 1.7333, 1.75, 1.7667, 1.7833, 1.8, 1.8167, 1.8333, 1.85, 1.8667, 1.8833, 1.9, 1.9167, 1.9333, 1.95, 1.9667, 1.9833, 2.0],
            "transform": [
                [0.600774, 0.098991, -0.793266, 0.046556, -0.79935, 0.06136, -0.597725, 0.029807, -0.010495, 0.993195, 0.115991, 0.453904, 0.0, 0.0, 0.0, 1.0],
                [0.600774, 0.098991, -0.793266, 0.046556, -0.79935, 0.06136, -0.597725, 0.029807, -0.010495, 0.993195, 0.115991, 0.453887, 0.0, 0.0, 0.0, 1.0],
                [0.600774, 0.098991, -0.793266, 0.046556, -0.79935, 0.06136, -0.597725, 0.029807, -0.010495, 0.993195, 0.115991, 0.453835, 0.0, 0.0, 0.0, 1.0],
                [0.600774, 0.098991, -0.793266, 0.046556, -0.79935, 0.06136, -0.597725, 0.029807, -0.010495, 0.993195, 0.115991, 0.453747, 0.0, 0.0, 0.0, 1.0],
                [0.600774, 0.098991, -0.793266, 0.046556, -0.79935, 0.06136, -0.597725, 0.029807, -0.010495, 0.993195, 0.115991, 0.453625, 0.0, 0.0, 0.0, 1.0],
                [0.600774, 0.098991, -0.793266, 0.046556, -0.79935, 0.06136, -0.597725, 0.029807, -0.010495, 0.993195, 0.115991, 0.453466, 0.0, 0.0, 0.0, 1.0],
                [0.600774, 0.098991, -0.793266, 0.046556, -0.79935, 0.06136, -0.597725, 0.029807, -0.010495, 0.993195, 0.115991, 0.453273, 0.0, 0.0, 0.0, 1.0],
                [0.600774, 0.098991, -0.793266, 0.046556, -0.79935, 0.06136, -0.597725, 0.029807, -0.010495, 0.993195, 0.115991, 0.453043, 0.0, 0.0, 0.0, 1.0],
                [0.600774, 0.098991, -0.793266, 0.046556, -0.79935, 0.06136, -0.597725, 0.029807, -0.010495, 0.993195, 0.115991, 0.452779, 0.0, 0.0, 0.0, 1.0],
                [0.600774, 0.098991, -0.793266, 0.046556, -0.79935, 0.06136, -0.597725, 0.029807, -0.010495, 0.993195, 0.115991, 0.452479, 0.0, 0.0, 0.0, 1.0],
                [0.600774, 0.098991, -0.793266, 0.046556, -0.79935, 0.06136, -0.597725, 0.029807, -0.010495, 0.993195, 0.115991, 0.452144, 0.0, 0.0, 0.0, 1.0],
                [0.600774, 0.098991, -0.793266, 0.046556, -0.79935, 0.06136, -0.597725, 0.029807, -0.010495, 0.993195, 0.115991, 0.451775, 0.0, 0.0, 0.0, 1.0],
                [0.600774, 0.098991, -0.793266, 0.046556, -0.79935, 0.06136, -0.597725, 0.029807, -0.010495, 0.993195, 0.115991, 0.451372, 0.0, 0.0, 0.0, 1.0],
                [0.600774, 0.098991, -0.793266, 0.046556, -0.79935, 0.06136, -0.597725, 0.029807, -0.010495, 0.993195, 0.115991, 0.450935, 0.0, 0.0, 0.0, 1.0],
                [0.600774, 0.098991, -0.793266, 0.046556, -0.79935, 0.06136, -0.597725, 0.029807, -0.010495, 0.993195, 0.115991, 0.450465, 0.0, 0.0, 0.0, 1.0],
                [0.600774, 0.098991, -0.793266, 0.046556, -0.79935, 0.06136, -0.597725, 0.029807, -0.010495, 0.993195, 0.115991, 0.449964, 0.0, 0.0, 0.0, 1.0],
                [0.600774, 0.098991, -0.793266, 0.046556, -0.79935, 0.06136, -0.597725, 0.029807, -0.010495, 0.993195, 0.115991, 0.449432, 0.0, 0.0, 0.0, 1.0],
                [0.600774, 0.098991, -0.793266, 0.046556, -0.79935, 0.06136, -0.597725, 0.029807, -0.010495, 0.993195, 0.115991, 0.44887, 0.0, 0.0, 0.0, 1.0],
                [0.600774, 0.098991, -0.793266, 0.046556, -0.79935, 0.06136, -0.597725, 0.029807, -0.010495, 0.993195, 0.115991, 0.44828, 0.0, 0.0, 0.0, 1.0],
                [0.600774, 0.098991, -0.793266, 0.046556, -0.79935, 0.06136, -0.597725, 0.029807, -0.010495, 0.993195, 0.115991, 0.447663, 0.0, 0.0, 0.0, 1.0],
                [0.600774, 0.098991, -0.793266, 0.046556, -0.79935, 0.06136, -0.597725, 0.029807, -0.010495, 0.993195, 0.115991, 0.447021, 0.0, 0.0, 0.0, 1.0],
                [0.600774, 0.098991, -0.793266, 0.046556, -0.79935, 0.06136, -0.597725, 0.029807, -0.010495, 0.993195, 0.115991, 0.446356, 0.0, 0.0, 0.0, 1.0],
                [0.600774, 0.098991, -0.793266, 0.046556, -0.79935, 0.06136, -0.597725, 0.029807, -0.010495, 0.993195, 0.115991, 0.445668, 0.0, 0.0, 0.0, 1.0],
                [0.600774, 0.098991, -0.793266, 0.046556, -0.79935, 0.06136, -0.597725, 0.029807, -0.010495, 0.993195, 0.115991, 0.444961, 0.0, 0.0, 0.0, 1.0],
                [0.600774, 0.098991, -0.793266, 0.046556, -0.79935, 0.06136, -0.597725, 0.029807, -0.010495, 0.993195, 0.115991, 0.444237, 0.0, 0.0, 0.0, 1.0],
                [0.600774, 0.098991, -0.793266, 0.046556, -0.79935, 0.06136, -0.597725, 0.029807, -0.010495, 0.993195, 0.115991, 0.443497, 0.0, 0.0, 0.0, 1.0],
                [0.600774, 0.098991, -0.793266, 0.046556, -0.79935, 0.06136, -0.597725, 0.029807, -0.010495, 0.993195, 0.115991, 0.442745, 0.0, 0.0, 0.0, 1.0],
                [0.600774, 0.098991, -0.793266, 0.046556, -0.79935, 0.06136, -0.597725, 0.029807, -0.010495, 0.993195, 0.115991, 0.441982, 0.0, 0.0, 0.0, 1.0],
                [0.600774, 0.098991, -0.793266, 0.046556, -0.79935, 0.06136, -0.597725, 0.029807, -0.010495, 0.993195, 0.115991, 0.441211, 0.0, 0.0, 0.0, 1.0],
                [0.600774, 0.098991, -0.793266, 0.046556, -0.79935, 0.06136, -0.597725, 0.029807, -0.010495, 0.993195, 0.115991, 0.440435, 0.0, 0.0, 0.0, 1.0],
                [0.600774, 0.098991, -0.793266, 0.046556, -0.79935, 0.06136, -0.597725, 0.029807, -0.010495, 0.993195, 0.115991, 0.439657, 0.0, 0.0, 0.0, 1.0],
                [0.600774, 0.098991, -0.793266, 0.046556, -0.79935, 0.06136, -0.597725, 0.029807, -0.010495, 0.993195, 0.115991, 0.438878, 0.0, 0.0, 0.0, 1.0],
                [0.600774, 0.098991, -0.793266, 0.046556, -0.79935, 0.06136, -0.597725, 0.029807, -0.010495, 0.993195, 0.115991, 0.438102, 0.0, 0.0, 0.0, 1.0],
                [0.600774, 0.098991, -0.793266, 0.046556, -0.79935, 0.06136, -0.597725, 0.029807, -0.010495, 0.993195, 0.115991, 0.437331, 0.0, 0.0, 0.0, 1.0],
                [0.600774, 0.098991, -0.793266, 0.046556, -0.79935, 0.06136, -0.597725, 0.029807, -0.010495, 0.993195, 0.115991, 0.436568, 0.0, 0.0, 0.0, 1.0],
                [0.600774, 0.098991, -0.793266, 0.046556, -0.79935, 0.06136, -0.597725, 0.029807, -0.010495, 0.993195, 0.115991, 0.435816, 0.0, 0.0, 0.0, 1.0],
                [0.600774, 0.098991, -0.793266, 0.046556, -0.79935, 0.06136, -0.597725, 0.029807, -0.010495, 0.993195, 0.115991, 0.435076, 0.0, 0.0, 0.0, 1.0],
                [0.600774, 0.098991, -0.793266, 0.046556, -0.79935, 0.06136, -0.597725, 0.029807, -0.010495, 0.993195, 0.115991, 0.434352, 0.0, 0.0, 0.0, 1.0],
                [0.600774, 0.098991, -0.793266, 0.046556, -0.79935, 0.06136, -0.597725, 0.029807, -0.010495, 0.993195, 0.115991, 0.433645, 0.0, 0.0, 0.0, 1.0],
                [0.600774, 0.098991, -0.793266, 0.046556, -0.79935, 0.06136, -0.597725, 0.029807, -0.010495, 0.993195, 0.115991, 0.432958, 0.0, 0.0, 0.0, 1.0],
                [0.600774, 0.098991, -0.793266, 0.046556, -0.79935, 0.06136, -0.597725, 0.029807, -0.010495, 0.993195, 0.115991, 0.432292, 0.0, 0.0, 0.0, 1.0],
                [0.600774, 0.098991, -0.793266, 0.046556, -0.79935, 0.06136, -0.597725, 0.029807, -0.010495, 0.993195, 0.115991, 0.43165, 0.0, 0.0, 0.0, 1.0],
                [0.600774, 0.098991, -0.793266, 0.046556, -0.79935, 0.06136, -0.597725, 0.029807, -0.010495, 0.993195, 0.115991, 0.431033, 0.0, 0.0, 0.0, 1.0],
                [0.600774, 0.098991, -0.793266, 0.046556, -0.79935, 0.06136, -0.597725, 0.029807, -0.010495, 0.993195, 0.115991, 0.430443, 0.0, 0.0, 0.0, 1.0],
                [0.600774, 0.098991, -0.793266, 0.046556, -0.79935, 0.06136, -0.597725, 0.029807, -0.010495, 0.993195, 0.115991, 0.429881, 0.0, 0.0, 0.0, 1.0],
                [0.600774, 0.098991, -0.793266, 0.046556, -0.79935, 0.06136, -0.597725, 0.029807, -0.010495, 0.993195, 0.115991, 0.429349, 0.0, 0.0, 0.0, 1.0],
                [0.600774, 0.098991, -0.793266, 0.046556, -0.79935, 0.06136, -0.597725, 0.029807, -0.010495, 0.993195, 0.115991, 0.428848, 0.0, 0.0, 0.0, 1.0],
                [0.600774, 0.098991, -0.793266, 0.046556, -0.79935, 0.06136, -0.597725, 0.029807, -0.010495, 0.993195, 0.115991, 0.428379, 0.0, 0.0, 0.0, 1.0],
                [0.600774, 0.098991, -0.793266, 0.046556, -0.79935, 0.06136, -0.597725, 0.029807, -0.010495, 0.993195, 0.115991, 0.427942, 0.0, 0.0, 0.0, 1.0],
                [0.600774, 0.098991, -0.793266, 0.046556, -0.79935, 0.06136, -0.597725, 0.029807, -0.010495, 0.993195, 0.115991, 0.427538, 0.0, 0.0, 0.0, 1.0],
                [0.600774, 0.098991, -0.793266, 0.046556, -0.79935, 0.06136, -0.597725, 0.029807, -0.010495, 0.993195, 0.115991, 0.427169, 0.0, 0.0, 0.0, 1.0],
                [0.600774, 0.098991, -0.793266, 0.046556, -0.79935, 0.06136, -0.597725, 0.029807, -0.010495, 0.993195, 0.115991, 0.426834, 0.0, 0.0, 0.0, 1.0],
                [0.600774, 0.098991, -0.793266, 0.046556, -0.79935, 0.06136, -0.597725, 0.029807, -0.010495, 0.993195, 0.115991, 0.426534, 0.0, 0.0, 0.0, 1.0],
                [0.600774, 0.098991, -0.793266, 0.046556, -0.79935, 0.06136, -0.597725, 0.029807, -0.010495, 0.993195, 0.115991, 0.42627, 0.0, 0.0, 0.0, 1.0],
                [0.600774, 0.098991, -0.793266, 0.046556, -0.79935, 0.06136, -0.597725, 0.029807, -0.010495, 0.993195, 0.115991, 0.426041, 0.0, 0.0, 0.0, 1.0],
                [0.600774, 0.098991, -0.793266, 0.046556, -0.79935, 0.06136, -0.597725, 0.029807, -0.010495, 0.993195, 0.115991, 0.425847, 0.0, 0.0, 0.0, 1.0],
                [0.600774, 0.098991, -0.793266, 0.046556, -0.79935, 0.06136, -0.597725, 0.029807, -0.010495, 0.993195, 0.115991, 0.425689, 0.0, 0.0, 0.0, 1.0],
                [0.600774, 0.098991, -0.793266, 0.046556, -0.79935, 0.06136, -0.597725, 0.029807, -0.010495, 0.993195, 0.115991, 0.425566, 0.0, 0.0, 0.0, 1.0],
                [0.600774, 0.098991, -0.793266, 0.046556, -0.79935, 0.06136, -0.597725, 0.029807, -0.010495, 0.993195, 0.115991, 0.425478, 0.0, 0.0, 0.0, 1.0],
                [0.600774, 0.098991, -0.793266, 0.046556, -0.79935, 0.06136, -0.597725, 0.029807, -0.010495, 0.993195, 0.115991, 0.425426, 0.0, 0.0, 0.0, 1.0],
                [0.600774, 0.098991, -0.793266, 0.046556, -0.79935, 0.06136, -0.597725, 0.029807, -0.010495, 0.993195, 0.115991, 0.425409, 0.0, 0.0, 0.0, 1.0],
                [0.600774, 0.098991, -0.793266, 0.046556, -0.79935, 0.06136, -0.597725, 0.029807, -0.010495, 0.993195, 0.115991, 0.425426, 0.0, 0.0, 0.0, 1.0],
                [0.600774, 0.098991, -0.793266, 0.046556, -0.79935, 0.06136, -0.597725, 0.029807, -0.010495, 0.993195, 0.115991, 0.425478, 0.0, 0.0, 0.0, 1.0],
                [0.600774, 0.098991, -0.793266, 0.046556, -0.79935, 0.06136, -0.597725, 0.029807, -0.010495, 0.993195, 0.115991, 0.425566, 0.0, 0.0, 0.0, 1.0],
                [0.600774, 0.098991, -0.793266, 0.046556, -0.79935, 0.06136, -0.597725, 0.029807, -0.010495, 0.993195, 0.115991, 0.425689, 0.0, 0.0, 0.0, 1.0],
                [0.600774, 0.098991, -0.793266, 0.046556, -0.79935, 0.06136, -0.597725, 0.029807, -0.010495, 0.993195, 0.115991, 0.425847, 0.0, 0.0, 0.0, 1.0],
                [0.600774, 0.098991, -0.793266, 0.046556, -0.79935, 0.06136, -0.597725, 0.029807, -0.010495, 0.993195, 0.115991, 0.426041, 0.0, 0.0, 0.0, 1.0],
                [0.600774, 0.098991, -0.793266, 0.046556, -0.79935, 0.06136, -0.597725, 0.029807, -0.010495, 0.993195, 0.115991, 0.42627, 0.0, 0.0, 0.0, 1.0],
                [0.600774, 0.098991, -0.793266, 0.046556, -0.79935, 0.06136, -0.597725, 0.029807, -0.010495, 0.993195, 0.115991, 0.426534, 0.0, 0.0, 0.0, 1.0],
                [0.600774, 0.098991, -0.793266, 0.046556, -0.79935, 0.06136, -0.597725, 0.029807, -0.010495, 0.993195, 0.115991, 0.426834, 0.0, 0.0, 0.0, 1.0],
                [0.600774, 0.098991, -0.793266, 0.046556, -0.79935, 0.06136, -0.597725, 0.029807, -0.010495, 0.993195, 0.115991, 0.427169, 0.0, 0.0, 0.0, 1.0],
                [0.600774, 0.098991, -0.793266, 0.046556, -0.79935, 0.06136, -0.597725, 0.029807, -0.010495, 0.993195, 0.115991, 0.427538, 0.0, 0.0, 0.0, 1.0],
                [0.600774, 0.098991, -0.793266, 0.046556, -0.79935, 0.06136, -0.597725, 0.029807, -0.010495, 0.993195, 0.115991, 0.427942, 0.0, 0.0, 0.0, 1.0],
                [0.600774, 0.098991, -0.793266, 0.046556, -0.79935, 0.06136, -0.597725, 0.029807, -0.010495, 0.993195, 0.115991, 0.428379, 0.0, 0.0, 0.0, 1.0],
                [0.600774, 0.098991, -0.793266, 0.046556, -0.79935, 0.06136, -0.597725, 0.029807, -0.010495, 0.993195, 0.115991, 0.428848, 0.0, 0.0, 0.0, 1.0],
                [0.600774, 0.098991, -0.793266, 0.046556, -0.79935, 0.06136, -0.597725, 0.029807, -0.010495, 0.993195, 0.115991, 0.429349, 0.0, 0.0, 0.0, 1.0],
                [0.600774, 0.098991, -0.793266, 0.046556, -0.79935, 0.06136, -0.597725, 0.029807, -0.010495, 0.993195, 0.115991, 0.429881, 0.0, 0.0, 0.0, 1.0],
                [0.600774, 0.098991, -0.793266, 0.046556, -0.79935, 0.06136, -0.597725, 0.029807, -0.010495, 0.993195, 0.115991, 0.430443, 0.0, 0.0, 0.0, 1.0],
                [0.600774, 0.098991, -0.793266, 0.046556, -0.79935, 0.06136, -0.597725, 0.029807, -0.010495, 0.993195, 0.115991, 0.431033, 0.0, 0.0, 0.0, 1.0],
                [0.600774, 0.098991, -0.793266, 0.046556, -0.79935, 0.06136, -0.597725, 0.029807, -0.010495, 0.993195, 0.115991, 0.43165, 0.0, 0.0, 0.0, 1.0],
                [0.600774, 0.098991, -0.793266, 0.046556, -0.79935, 0.06136, -0.597725, 0.029807, -0.010495, 0.993195, 0.115991, 0.432292, 0.0, 0.0, 0.0, 1.0],
                [0.600774, 0.098991, -0.793266, 0.046556, -0.79935, 0.06136, -0.597725, 0.029807, -0.010495, 0.993195, 0.115991, 0.432958, 0.0, 0.0, 0.0, 1.0],
                [0.600774, 0.098991, -0.793266, 0.046556, -0.79935, 0.06136, -0.597725, 0.029807, -0.010495, 0.993195, 0.115991, 0.433645, 0.0, 0.0, 0.0, 1.0],
                [0.600774, 0.098991, -0.793266, 0.046556, -0.79935, 0.06136, -0.597725, 0.029807, -0.010495, 0.993195, 0.115991, 0.434352, 0.0, 0.0, 0.0, 1.0],
                [0.600774, 0.098991, -0.793266, 0.046556, -0.79935, 0.06136, -0.597725, 0.029807, -0.010495, 0.993195, 0.115991, 0.435076, 0.0, 0.0, 0.0, 1.0],
                [0.600774, 0.098991, -0.793266, 0.046556, -0.79935, 0.06136, -0.597725, 0.029807, -0.010495, 0.993195, 0.115991, 0.435816, 0.0, 0.0, 0.0, 1.0],
                [0.600774, 0.098991, -0.793266, 0.046556, -0.79935, 0.06136, -0.597725, 0.029807, -0.010495, 0.993195, 0.115991, 0.436568, 0.0, 0.0, 0.0, 1.0],
                [0.600774, 0.098991, -0.793266, 0.046556, -0.79935, 0.06136, -0.597725, 0.029807, -0.010495, 0.993195, 0.115991, 0.437331, 0.0, 0.0, 0.0, 1.0],
                [0.600774, 0.098991, -0.793266, 0.046556, -0.79935, 0.06136, -0.597725, 0.029807, -0.010495, 0.993195, 0.115991, 0.438102, 0.0, 0.0, 0.0, 1.0],
                [0.600774, 0.098991, -0.793266, 0.046556, -0.79935, 0.06136, -0.597725, 0.029807, -0.010495, 0.993195, 0.115991, 0.438878, 0.0, 0.0, 0.0, 1.0],
                [0.600774, 0.098991, -0.793266, 0.046556, -0.79935, 0.06136, -0.597725, 0.029807, -0.010495, 0.993195, 0.115991, 0.439657, 0.0, 0.0, 0.0, 1.0],
                [0.600774, 0.098991, -0.793266, 0.046556, -0.79935, 0.06136, -0.597725, 0.029807, -0.010495, 0.993195, 0.115991, 0.440435, 0.0, 0.0, 0.0, 1.0],
                [0.600774, 0.098991, -0.793266, 0.046556, -0.79935, 0.06136, -0.597725, 0.029807, -0.010495, 0.993195, 0.115991, 0.441211, 0.0, 0.0, 0.0, 1.0],
                [0.600774, 0.098991, -0.793266, 0.046556, -0.79935, 0.06136, -0.597725, 0.029807, -0.010495, 0.993195, 0.115991, 0.441982, 0.0, 0.0, 0.0, 1.0],
                [0.600774, 0.098991, -0.793266, 0.046556, -0.79935, 0.06136, -0.597725, 0.029807, -0.010495, 0.993195, 0.115991, 0.442745, 0.0, 0.0, 0.0, 1.0],
                [0.600774, 0.098991, -0.793266, 0.046556, -0.79935, 0.06136, -0.597725, 0.029807, -0.010495, 0.993195, 0.115991, 0.443497, 0.0, 0.0, 0.0, 1.0],
                [0.600774, 0.098991, -0.793266, 0.046556, -0.79935, 0.06136, -0.597725, 0.029807, -0.010495, 0.993195, 0.115991, 0.444237, 0.0, 0.0, 0.0, 1.0],
                [0.600774, 0.098991, -0.793266, 0.046556, -0.79935, 0.06136, -0.597725, 0.029807, -0.010495, 0.993195, 0.115991, 0.444961, 0.0, 0.0, 0.0, 1.0],
                [0.600774, 0.098991, -0.793266, 0.046556, -0.79935, 0.06136, -0.597725, 0.029807, -0.010495, 0.993195, 0.115991, 0.445668, 0.0, 0.0, 0.0, 1.0],
                [0.600774, 0.098991, -0.793266, 0.046556, -0.79935, 0.06136, -0.597725, 0.029807, -0.010495, 0.993195, 0.115991, 0.446356, 0.0, 0.0, 0.0, 1.0],
                [0.600774, 0.098991, -0.793266, 0.046556, -0.79935, 0.06136, -0.597725, 0.029807, -0.010495, 0.993195, 0.115991, 0.447021, 0.0, 0.0, 0.0, 1.0],
                [0.600774, 0.098991, -0.793266, 0.046556, -0.79935, 0.06136, -0.597725, 0.029807, -0.010495, 0.993195, 0.115991, 0.447663, 0.0, 0.0, 0.0, 1.0],
                [0.600774, 0.098991, -0.793266, 0.046556, -0.79935, 0.06136, -0.597725, 0.029807, -0.010495, 0.993195, 0.115991, 0.44828, 0.0, 0.0, 0.0, 1.0],
                [0.600774, 0.098991, -0.793266, 0.046556, -0.79935, 0.06136, -0.597725, 0.029807, -0.010495, 0.993195, 0.115991, 0.44887, 0.0, 0.0, 0.0, 1.0],
                [0.600774, 0.098991, -0.793266, 0.046556, -0.79935, 0.06136, -0.597725, 0.029807, -0.010495, 0.993195, 0.115991, 0.449432, 0.0, 0.0, 0.0, 1.0],
                [0.600774, 0.098991, -0.793266, 0.046556, -0.79935, 0.06136, -0.597725, 0.029807, -0.010495, 0.993195, 0.115991, 0.449964, 0.0, 0.0, 0.0, 1.0],
                [0.600774, 0.098991, -0.793266, 0.046556, -0.79935, 0.06136, -0.597725, 0.029807, -0.010495, 0.993195, 0.115991, 0.450465, 0.0, 0.0, 0.0, 1.0],
                [0.600774, 0.098991, -0.793266, 0.046556, -0.79935, 0.06136, -0.597725, 0.029807, -0.010495, 0.993195, 0.115991, 0.450935, 0.0, 0.0, 0.0, 1.0],
                [0.600774, 0.098991, -0.793266, 0.046556, -0.79935, 0.06136, -0.597725, 0.029807, -0.010495, 0.993195, 0.115991, 0.451372, 0.0, 0.0, 0.0, 1.0],
                [0.600774, 0.098991, -0.793266, 0.046556, -0.79935, 0.06136, -0.597725, 0.029807, -0.010495, 0.993195, 0.115991, 0.451775, 0.0, 0.0, 0.0, 1.0],
                [0.600774, 0.098991, -0.793266, 0.046556, -0.79935, 0.06136, -0.597725, 0.029807, -0.010495, 0.993195, 0.115991, 0.452144, 0.0, 0.0, 0.0, 1.0],
                [0.600774, 0.098991, -0.793266, 0.046556, -0.79935, 0.06136, -0.597725, 0.029807, -0.010495, 0.993195, 0.115991, 0.452479, 0.0, 0.0, 0.0, 1.0],
                [0.600774, 0.098991, -0.793266, 0.046556, -0.79935, 0.06136, -0.597725, 0.029807, -0.010495, 0.993195, 0.115991, 0.452779, 0.0, 0.0, 0.0, 1.0],
                [0.600774, 0.098991, -0.793266, 0.046556, -0.79935, 0.06136, -0.597725, 0.029807, -0.010495, 0.993195, 0.115991, 0.453043, 0.0, 0.0, 0.0, 1.0],
                [0.600774, 0.098991, -0.793266, 0.046556, -0.79935, 0.06136, -0.597725, 0.029807, -0.010495, 0.993195, 0.115991, 0.453273, 0.0, 0.0, 0.0, 1.0],
                [0.600774, 0.098991, -0.793266, 0.046556, -0.79935, 0.06136, -0.597725, 0.029807, -0.010495, 0.993195, 0.115991, 0.453466, 0.0, 0.0, 0.0, 1.0],
                [0.600774, 0.098991, -0.793266, 0.046556, -0.79935, 0.06136, -0.597725, 0.029807, -0.010495, 0.993195, 0.115991, 0.453625, 0.0, 0.0, 0.0, 1.0],
                [0.600774, 0.098991, -0.793266, 0.046556, -0.79935, 0.06136, -0.597725, 0.029807, -0.010495, 0.993195, 0.115991, 0.453747, 0.0, 0.0, 0.0, 1.0],
                [0.600774, 0.098991, -0.793266, 0.046556, -0.79935, 0.06136, -0.597725, 0.029807, -0.010495, 0.993195, 0.115991, 0.453835, 0.0, 0.0, 0.0, 1.0],
                [0.600774, 0.098991, -0.793266, 0.046556, -0.79935, 0.06136, -0.597725, 0.029807, -0.010495, 0.993195, 0.115991, 0.453887, 0.0, 0.0, 0.0, 1.0],
                [0.600774, 0.098991, -0.793266, 0.046556, -0.79935, 0.06136, -0.597725, 0.029807, -0.010495, 0.993195, 0.115991, 0.453904, 0.0, 0.0, 0.0, 1.0]
            ]
        },
        {
            "name": "Thigh_R",
            "time": [0.0, 0.0167, 0.0333, 0.05, 0.0667, 0.0833, 0.1, 0.1167, 0.1333, 0.15, 0.1667, 0.1833, 0.2, 0.2167, 0.2333, 0.25, 0.2667, 0.2833, 0.3, 0.3167, 0.3333, 0.35, 0.3667, 0.3833, 0.4, 0.4167, 0.4333, 0.45, 0.4667, 0.4833, 0.5, 0.5167, 0.5333, 0.55, 0.5667, 0.5833, 0.6, 0.6167, 0.6333, 0.65, 0.6667, 0.6833, 0.7, 0.7167, 0.7333, 0.75, 0.7667, 0.7833, 0.8, 0.8167, 0.8333, 0.85, 0.8667, 0.8833, 0.9, 0.9167, 0.9333, 0.95, 0.9667, 0.9833, 1.0, 1.0167, 1.0333, 1.05, 1.0667, 1.0833, 1.1, 1.1167, 1.1333, 1.15, 1.1667, 1.1833, 1.2, 1.2167, 1.2333, 1.25, 1.2667, 1.2833, 1.3, 1.3167, 1.3333, 1.35, 1.3667, 1.3833, 1.4, 1.4167, 1.4333, 1.45, 1.4667, 1.4833, 1.5, 1.5167, 1.5333, 1.55, 1.5667, 1.5833, 1.6, 1.6167, 1.6333, 1.65, 1.6667, 1.6833, 1.7, 1.7167, 1.7333, 1.75, 1.7667, 1.7833, 1.8, 1.8167, 1.8333, 1.85, 1.8667, 1.8833, 1.9, 1.9167, 1.9333, 1.95, 1.9667, 1.9833, 2.0],
            "transform": [
                [0.915894, 0.390305, -0.093795, 0.124994, 0.267104, -0.418151, 0.868207, -0.002831, 0.299656, -0.820232, -0.48721, -1.2e-05, 0.0, 0.0, 0.0, 1.0],
                [0.915889, 0.390313, -0.09381, 0.124994, 0.267112, -0.418119, 0.868219, -0.002831, 0.299665, -0.820244, -0.487184, -1.2e-05, 0.0, 0.0, 0.0, 1.0],
                [0.915873, 0.39034, -0.093858, 0.124994, 0.267137, -0.418025, 0.868257, -0.002831, 0.299692, -0.820279, -0.487108, -1.2e-05, 0.0, 0.0, 0.0, 1.0],
                [0.915846, 0.390384, -0.093936, 0.124994, 0.267179, -0.417867, 0.868321, -0.002831, 0.299737, -0.820339, -0.48698, -1.2e-05, 0.0, 0.0, 0.0, 1.0],
                [0.915808, 0.390446, -0.094047, 0.124994, 0.267237, -0.417645, 0.868409, -0.002831, 0.2998, -0.820422, -0.4868, -1.2e-05, 0.0, 0.0, 0.0, 1.0],
                [0.91576, 0.390525, -0.094189, 0.124994, 0.267313, -0.417359, 0.868524, -0.002831, 0.299881, -0.82053, -0.486569, -1.2e-05, 0.0, 0.0, 0.0, 1.0],
                [0.9157, 0.390623, -0.094364, 0.124994, 0.267405, -0.417008, 0.868663, -0.002831, 0.299981, -0.820662, -0.486285, -1.2e-05, 0.0, 0.0, 0.0, 1.0],
                [0.915629, 0.390739, -0.094571, 0.124994, 0.267515, -0.416594, 0.868829, -0.002831, 0.300099, -0.820817, -0.48595, -1.2e-05, 0.0, 0.0, 0.0, 1.0],
                [0.915548, 0.390872, -0.094809, 0.124994, 0.267641, -0.416115, 0.869019, -0.002831, 0.300235, -0.820997, -0.485563, -1.2e-05, 0.0, 0.0, 0.0, 1.0],
                [0.915455, 0.391023, -0.09508, 0.124994, 0.267785, -0.415573, 0.869234, -0.002831, 0.30039, -0.821199, -0.485124, -1.2e-05, 0.0, 0.0, 0.0, 1.0],
                [0.915351, 0.391192, -0.095383, 0.124994, 0.267945, -0.414967, 0.869474, -0.002831, 0.300562, -0.821425, -0.484635, -1.2e-05, 0.0, 0.0, 0.0, 1.0],
                [0.915237, 0.391379, -0.095717, 0.124994, 0.268122, -0.414298, 0.869739, -0.002831, 0.300753, -0.821674, -0.484095, -1.2e-05, 0.0, 0.0, 0.0, 1.0],
                [0.915111, 0.391582, -0.096082, 0.124994, 0.268316, -0.413568, 0.870026, -0.002831, 0.300962, -0.821945, -0.483505, -1.2e-05, 0.0, 0.0, 0.0, 1.0],
                [0.914975, 0.391803, -0.096478, 0.124994, 0.268526, -0.412777, 0.870337, -0.002831, 0.301188, -0.822237, -0.482866, -1.2e-05, 0.0, 0.0, 0.0, 1.0],
                [0.914829, 0.39204, -0.096904, 0.124994, 0.268752, -0.411926, 0.87067, -0.002831, 0.301432, -0.82255, -0.48218, -1.2e-05, 0.0, 0.0, 0.0, 1.0],
                [0.914672, 0.392293, -0.097359, 0.124994, 0.268994, -0.411018, 0.871025, -0.002831, 0.301692, -0.822884, -0.481447, -1.2e-05, 0.0, 0.0, 0.0, 1.0],
                [0.914505, 0.392562, -0.097843, 0.124994, 0.269251, -0.410053, 0.8714, -0.002831, 0.301969, -0.823237, -0.48067, -1.2e-05, 0.0, 0.0, 0.0, 1.0],
                [0.914328, 0.392847, -0.098355, 0.124994, 0.269523, -0.409034, 0.871795, -0.002831, 0.302262, -0.823608, -0.479849, -1.2e-05, 0.0, 0.0, 0.0, 1.0],
                [0.914141, 0.393145, -0.098893, 0.124994, 0.269809, -0.407964, 0.872207, -0.002831, 0.302571, -0.823996, -0.478987, -1.2e-05, 0.0, 0.0, 0.0, 1.0],
                [0.913946, 0.393457, -0.099457, 0.124994, 0.270109, -0.406845, 0.872638, -0.002831, 0.302894, -0.824401, -0.478087, -1.2e-05, 0.0, 0.0, 0.0, 1.0],
                [0.913741, 0.393783, -0.100044, 0.124994, 0.270422, -0.405679, 0.873083, -0.002831, 0.303231, -0.82482, -0.477149, -1.2e-05, 0.0, 0.0, 0.0, 1.0],
                [0.913529, 0.39412, -0.100655, 0.124994, 0.270747, -0.404469, 0.873544, -0.002831, 0.303581, -0.825252, -0.476177, -1.2e-05, 0.0, 0.0, 0.0, 1.0],
                [0.913309, 0.394469, -0.101286, 0.124994, 0.271083, -0.40322, 0.874017, -0.002831, 0.303943, -0.825697, -0.475174, -1.2e-05, 0.0, 0.0, 0.0, 1.0],
                [0.913081, 0.394827, -0.101936, 0.124994, 0.27143, -0.401934, 0.874501, -0.002831, 0.304317, -0.826152, -0.474143, -1.2e-05, 0.0, 0.0, 0.0, 1.0],
                [0.912847, 0.395195, -0.102604, 0.124994, 0.271786, -0.400616, 0.874995, -0.002831, 0.3047, -0.826617, -0.473087, -1.2e-05, 0.0, 0.0, 0.0, 1.0],
                [0.912608, 0.395571, -0.103287, 0.124994, 0.272151, -0.39927, 0.875497, -0.002831, 0.305093, -0.827088, -0.472008, -1.2e-05, 0.0, 0.0, 0.0, 1.0],
                [0.912363, 0.395953, -0.103984, 0.124994, 0.272522, -0.397899, 0.876005, -0.002831, 0.305494, -0.827565, -0.470911, -1.2e-05, 0.0, 0.0, 0.0, 1.0],
                [0.912113, 0.396341, -0.104691, 0.124994, 0.2729, -0.396509, 0.876518, -0.002831, 0.305901, -0.828047, -0.469799, -1.2e-05, 0.0, 0.0, 0.0, 1.0],
                [0.91186, 0.396733, -0.105407, 0.124994, 0.273283, -0.395103, 0.877033, -0.002831, 0.306313, -0.828531, -0.468676, -1.2e-05, 0.0, 0.0, 0.0, 1.0],
                [0.911604, 0.397129, -0.10613, 0.124994, 0.27367, -0.393688, 0.877549, -0.002831, 0.306729, -0.829015, -0.467546, -1.2e-05, 0.0, 0.0, 0.0, 1.0],
                [0.911346, 0.397525, -0.106857, 0.124994, 0.274058, -0.392266, 0.878064, -0.002831, 0.307148, -0.829499, -0.466412, -1.2e-05, 0.0, 0.0, 0.0, 1.0],
                [0.911088, 0.397922, -0.107585, 0.124994, 0.274448, -0.390843, 0.878577, -0.002831, 0.307568, -0.82998, -0.465278, -1.2e-05, 0.0, 0.0, 0.0, 1.0],
                [0.910828, 0.398318, -0.108312, 0.124994, 0.274838, -0.389425, 0.879084, -0.002831, 0.307988, -0.830456, -0.464149, -1.2e-05, 0.0, 0.0, 0.0, 1.0],
                [0.91057, 0.398712, -0.109036, 0.124994, 0.275226, -0.388015, 0.879586, -0.002831, 0.308406, -0.830927, -0.463028, -1.2e-05, 0.0, 0.0, 0.0, 1.0],
                [0.910313, 0.399102, -0.109753, 0.124994, 0.275611, -0.386619, 0.88008, -0.002831, 0.30882, -0.831391, -0.461918, -1.2e-05, 0.0, 0.0, 0.0, 1.0],
                [0.910058, 0.399486, -0.110463, 0.124994, 0.275991, -0.385241, 0.880565, -0.002831, 0.30923, -0.831845, -0.460824, -1.2e-05, 0.0, 0.0, 0.0, 1.0],
                [0.909807, 0.399865, -0.111162, 0.124994, 0.276367, -0.383886, 0.881039, -0.002831, 0.309635, -0.83229, -0.459748, -1.2e-05, 0.0, 0.0, 0.0, 1.0],
                [0.909559, 0.400218, -0.11191, 0.124994, 0.276735, -0.382421, 0.881561, -0.002831, 0.310032, -0.832794, -0.458566, -1.2e-05, 0.0, 0.0, 0.0, 1.0],
                [0.909317, 0.40058, -0.112581, 0.124994, 0.277095, -0.381123, 0.882009, -0.002831, 0.31042, -0.833215, -0.457537, -1.2e-05, 0.0, 0.0, 0.0, 1.0],
                [0.909081, 0.400932, -0.113235, 0.124994, 0.277447, -0.37986, 0.882444, -0.002831, 0.310798, -0.833623, -0.456538, -1.2e-05, 0.0, 0.0, 0.0, 1.0],
                [0.908851, 0.401273, -0.11387, 0.124994, 0.277787, -0.378636, 0.882862, -0.002831, 0.311165, -0.834015, -0.45557, -1.2e-05, 0.0, 0.0, 0.0, 1.0],
                [0.908629, 0.401602, -0.114483, 0.124994, 0.278117, -0.377455, 0.883264, -0.002831, 0.31152, -0.834392, -0.454636, -1.2e-05, 0.0, 0.0, 0.0, 1.0],
                [0.908414, 0.401918, -0.115073, 0.124994, 0.278434, -0.37632, 0.883649, -0.002831, 0.311862, -0.834752, -0.453739, -1.2e-05, 0.0, 0.0, 0.0, 1.0],
                [0.908209, 0.402221, -0.115639, 0.124994, 0.278739, -0.375233, 0.884014, -0.002831, 0.31219, -0.835096, -0.452882, -1.2e-05, 0.0, 0.0, 0.0, 1.0],
                [0.908012, 0.402509, -0.116178, 0.124994, 0.279029, -0.374198, 0.884362, -0.002831, 0.312502, -0.835421, -0.452066, -1.2e-05, 0.0, 0.0, 0.0, 1.0],
                [0.907825, 0.402783, -0.116689, 0.124994, 0.279304, -0.373218, 0.884689, -0.002831, 0.312799, -0.835728, -0.451293, -1.2e-05, 0.0, 0.0, 0.0, 1.0],
                [0.907649, 0.40304, -0.117172, 0.124994, 0.279564, -0.372294, 0.884996, -0.002831, 0.313079, -0.836016, -0.450565, -1.2e-05, 0.0, 0.0, 0.0, 1.0],
                [0.907483, 0.403282, -0.117625, 0.124994, 0.279808, -0.371428, 0.885283, -0.002831, 0.313341, -0.836284, -0.449883, -1.2e-05, 0.0, 0.0, 0.0, 1.0],
                [0.907328, 0.403506, -0.118046, 0.124994, 0.280035, -0.370622, 0.885549, -0.002831, 0.313586, -0.836534, -0.449249, -1.2e-05, 0.0, 0.0, 0.0, 1.0],
                [0.907185, 0.403714, -0.118436, 0.124994, 0.280245, -0.369877, 0.885794, -0.002831, 0.313812, -0.836763, -0.448663, -1.2e-05, 0.0, 0.0, 0.0, 1.0],
                [0.907054, 0.403904, -0.118793, 0.124994, 0.280438, -0.369195, 0.886017, -0.002831, 0.31402, -0.836973, -0.448127, -1.2e-05, 0.0, 0.0, 0.0, 1.0],
                [0.906935, 0.404076, -0.119118, 0.124994, 0.280612, -0.368576, 0.886219, -0.002831, 0.314208, -0.837162, -0.447641, -1.2e-05, 0.0, 0.0, 0.0, 1.0],
                [0.906828, 0.404231, -0.119408, 0.124994, 0.280769, -0.368022, 0.8864, -0.002831, 0.314377, -0.837331, -0.447206, -1.2e-05, 0.0, 0.0, 0.0, 1.0],
                [0.906733, 0.404367, -0.119665, 0.124994, 0.280908, -0.367533, 0.886559, -0.002831, 0.314526, -0.83748, -0.446822, -1.2e-05, 0.0, 0.0, 0.0, 1.0],
                [0.906651, 0.404485, -0.119888, 0.124994, 0.281028, -0.36711, 0.886697, -0.002831, 0.314655, -0.837609, -0.446489, -1.2e-05, 0.0, 0.0, 0.0, 1.0],
                [0.906581, 0.404585, -0.120076, 0.124994, 0.281129, -0.366751, 0.886813, -0.002831, 0.314765, -0.837718, -0.446208, -1.2e-05, 0.0, 0.0, 0.0, 1.0],
                [0.906525, 0.404666, -0.12023, 0.124994, 0.281212, -0.366459, 0.886907, -0.002831, 0.314854, -0.837806, -0.445978, -1.2e-05, 0.0, 0.0, 0.0, 1.0],
                [0.906481, 0.404729, -0.120349, 0.124994, 0.281277, -0.366232, 0.886981, -0.002831, 0.314923, -0.837875, -0.4458, -1.2e-05, 0.0, 0.0, 0.0, 1.0],
                [0.906449, 0.404774, -0.120434, 0.124994, 0.281322, -0.36607, 0.887033, -0.002831, 0.314973, -0.837924, -0.445674, -1.2e-05, 0.0, 0.0, 0.0, 1.0],
                [0.90643, 0.404801, -0.120485, 0.124994, 0.28135, -0.365973, 0.887064, -0.002831, 0.315002, -0.837953, -0.445598, -1.2e-05, 0.0, 0.0, 0.0, 1.0],
                [0.906424, 0.40481, -0.120502, 0.124994, 0.281359, -0.365941, 0.887074, -0.002831, 0.315012, -0.837963, -0.445573, -1.2e-05, 0.0, 0.0, 0.0, 1.0],
                [0.90643, 0.404801, -0.120485, 0.124994, 0.28135, -0.365973, 0.887064, -0.002831, 0.315002, -0.837953, -0.445598, -1.2e-05, 0.0, 0.0, 0.0, 1.0],
                [0.906449, 0.404774, -0.120434, 0.124994, 0.281322, -0.36607, 0.887033, -0.002831, 0.314973, -0.837924, -0.445674, -1.2e-05, 0.0, 0.0, 0.0, 1.0],
                [0.906481, 0.404729, -0.120349, 0.124994, 0.281277, -0.366232, 0.88698, -0.002831, 0.314923, -0.837875, -0.4458, -1.2e-05, 0.0, 0.0, 0.0, 1.0],
                [0.906525, 0.404666, -0.12023, 0.124994, 0.281212, -0.366459, 0.886907, -0.002831, 0.314854, -0.837806, -0.445979, -1.2e-05, 0.0, 0.0, 0.0, 1.0],
                [0.906581, 0.404585, -0.120076, 0.124994, 0.281129, -0.366751, 0.886813, -0.002831, 0.314765, -0.837718, -0.446208, -1.2e-05, 0.0, 0.0, 0.0, 1.0],
                [0.906651, 0.404485, -0.119888, 0.124994, 0.281028, -0.36711, 0.886697, -0.002831, 0.314655, -0.837609, -0.446489, -1.2e-05, 0.0, 0.0, 0.0, 1.0],
                [0.906733, 0.404367, -0.119665, 0.124994, 0.280908, -0.367533, 0.886559, -0.002831, 0.314526, -0.83748, -0.446822, -1.2e-05, 0.0, 0.0, 0.0, 1.0],
                [0.906828, 0.40423, -0.119408, 0.124994, 0.280769, -0.368022, 0.8864, -0.002831, 0.314377, -0.837331, -0.447206, -1.2e-05, 0.0, 0.0, 0.0, 1.0],
                [0.906935, 0.404076, -0.119118, 0.124994, 0.280612, -0.368576, 0.886219, -0.002831, 0.314208, -0.837162, -0.447641, -1.2e-05, 0.0, 0.0, 0.0, 1.0],
                [0.907054, 0.403904, -0.118793, 0.124994, 0.280438, -0.369195, 0.886017, -0.002831, 0.31402, -0.836973, -0.448127, -1.2e-05, 0.0, 0.0, 0.0, 1.0],
                [0.907185, 0.403714, -0.118436, 0.124994, 0.280245, -0.369877, 0.885794, -0.002831, 0.313812, -0.836763, -0.448663, -1.2e-05, 0.0, 0.0, 0.0, 1.0],
                [0.907328, 0.403506, -0.118046, 0.124994, 0.280035, -0.370622, 0.885549, -0.002831, 0.313586, -0.836534, -0.449249, -1.2e-05, 0.0, 0.0, 0.0, 1.0],
                [0.907483, 0.403282, -0.117625, 0.124994, 0.279808, -0.371428, 0.885283, -0.002831, 0.313341, -0.836284, -0.449883, -1.2e-05, 0.0, 0.0, 0.0, 1.0],
                [0.907649, 0.40304, -0.117172, 0.124994, 0.279564, -0.372294, 0.884996, -0.002831, 0.313079, -0.836016, -0.450565, -1.2e-05, 0.0, 0.0, 0.0, 1.0],
                [0.907825, 0.402783, -0.116689, 0.124994, 0.279304, -0.373218, 0.884689, -0.002831, 0.312799, -0.835728, -0.451293, -1.2e-05, 0.0, 0.0, 0.0, 1.0],
                [0.908012, 0.402509, -0.116178, 0.124994, 0.279029, -0.374198, 0.884362, -0.002831, 0.312502, -0.835421, -0.452066, -1.2e-05, 0.0, 0.0, 0.0, 1.0],
                [0.908209, 0.402221, -0.115639, 0.124994, 0.278739, -0.375233, 0.884014, -0.002831, 0.31219, -0.835096, -0.452882, -1.2e-05, 0.0, 0.0, 0.0, 1.0],
                [0.908414, 0.401918, -0.115073, 0.124994, 0.278434, -0.37632, 0.883649, -0.002831, 0.311862, -0.834752, -0.453739, -1.2e-05, 0.0, 0.0, 0.0, 1.0],
                [0.908629, 0.401602, -0.114483, 0.124994, 0.278117, -0.377455, 0.883264, -0.002831, 0.31152, -0.834392, -0.454636, -1.2e-05, 0.0, 0.0, 0.0, 1.0],
                [0.908851, 0.401273, -0.11387, 0.124994, 0.277787, -0.378636, 0.882862, -0.002831, 0.311165, -0.834015, -0.45557, -1.2e-05, 0.0, 0.0, 0.0, 1.0],
                [0.909081, 0.400932, -0.113235, 0.124994, 0.277447, -0.37986, 0.882444, -0.002831, 0.310798, -0.833623, -0.456538, -1.2e-05, 0.0, 0.0, 0.0, 1.0],
                [0.909317, 0.40058, -0.112581, 0.124994, 0.277095, -0.381123, 0.882009, -0.002831, 0.31042, -0.833215, -0.457537, -1.2e-05, 0.0, 0.0, 0.0, 1.0],
                [0.909559, 0.400218, -0.11191, 0.124994, 0.276735, -0.382421, 0.881561, -0.002831, 0.310032, -0.832794, -0.458566, -1.2e-05, 0.0, 0.0, 0.0, 1.0],
                [0.909807, 0.399865, -0.111162, 0.124994, 0.276367, -0.383886, 0.881039, -0.002831, 0.309635, -0.83229, -0.459748, -1.2e-05, 0.0, 0.0, 0.0, 1.0],
                [0.910058, 0.399486, -0.110463, 0.124994, 0.275991, -0.385241, 0.880565, -0.002831, 0.30923, -0.831845, -0.460824, -1.2e-05, 0.0, 0.0, 0.0, 1.0],
                [0.910313, 0.399102, -0.109754, 0.124994, 0.275611, -0.386619, 0.88008, -0.002831, 0.30882, -0.831391, -0.461918, -1.2e-05, 0.0, 0.0, 0.0, 1.0],
                [0.91057, 0.398712, -0.109036, 0.124994, 0.275226, -0.388015, 0.879586, -0.002831, 0.308406, -0.830927, -0.463028, -1.2e-05, 0.0, 0.0, 0.0, 1.0],
                [0.910828, 0.398318, -0.108312, 0.124994, 0.274838, -0.389425, 0.879084, -0.002831, 0.307988, -0.830456, -0.464149, -1.2e-05, 0.0, 0.0, 0.0, 1.0],
                [0.911088, 0.397922, -0.107585, 0.124994, 0.274448, -0.390843, 0.878577, -0.002831, 0.307568, -0.82998, -0.465278, -1.2e-05, 0.0, 0.0, 0.0, 1.0],
                [0.911346, 0.397525, -0.106857, 0.124994, 0.274058, -0.392266, 0.878064, -0.002831, 0.307148, -0.829499, -0.466412, -1.2e-05, 0.0, 0.0, 0.0, 1.0],
                [0.911604, 0.397129, -0.10613, 0.124994, 0.27367, -0.393688, 0.877549, -0.002831, 0.306729, -0.829015, -0.467546, -1.2e-05, 0.0, 0.0, 0.0, 1.0],
                [0.91186, 0.396733, -0.105407, 0.124994, 0.273283, -0.395103, 0.877033, -0.002831, 0.306313, -0.828531, -0.468676, -1.2e-05, 0.0, 0.0, 0.0, 1.0],
                [0.912113, 0.396341, -0.104691, 0.124994, 0.2729, -0.396509, 0.876518, -0.002831, 0.305901, -0.828047, -0.469799, -1.2e-05, 0.0, 0.0, 0.0, 1.0],
                [0.912363, 0.395953, -0.103984, 0.124994, 0.272522, -0.397899, 0.876005, -0.002831, 0.305494, -0.827565, -0.470911, -1.2e-05, 0.0, 0.0, 0.0, 1.0],
                [0.912608, 0.395571, -0.103287, 0.124994, 0.272151, -0.39927, 0.875497, -0.002831, 0.305093, -0.827088, -0.472008, -1.2e-05, 0.0, 0.0, 0.0, 1.0],
                [0.912847, 0.395195, -0.102604, 0.124994, 0.271786, -0.400616, 0.874995, -0.002831, 0.3047, -0.826617, -0.473087, -1.2e-05, 0.0, 0.0, 0.0, 1.0],
                [0.913081, 0.394827, -0.101936, 0.124994, 0.27143, -0.401934, 0.874501, -0.002831, 0.304317, -0.826152, -0.474143, -1.2e-05, 0.0, 0.0, 0.0, 1.0],
                [0.913309, 0.394469, -0.101286, 0.124994, 0.271083, -0.40322, 0.874017, -0.002831, 0.303943, -0.825697, -0.475174, -1.2e-05, 0.0, 0.0, 0.0, 1.0],
                [0.913529, 0.39412, -0.100655, 0.124994, 0.270747, -0.404469, 0.873544, -0.002831, 0.303581, -0.825252, -0.476177, -1.2e-05, 0.0, 0.0, 0.0, 1.0],
                [0.913741, 0.393783, -0.100044, 0.124994, 0.270422, -0.405678, 0.873083, -0.002831, 0.303231, -0.82482, -0.477149, -1.2e-05, 0.0, 0.0, 0.0, 1.0],
                [0.913946, 0.393457, -0.099457, 0.124994, 0.270109, -0.406844, 0.872638, -0.002831, 0.302894, -0.824401, -0.478087, -1.2e-05, 0.0, 0.0, 0.0, 1.0],
                [0.914141, 0.393145, -0.098893, 0.124994, 0.269809, -0.407964, 0.872207, -0.002831, 0.302571, -0.823996, -0.478987, -1.2e-05, 0.0, 0.0, 0.0, 1.0],
                [0.914328, 0.392847, -0.098355, 0.124994, 0.269523, -0.409034, 0.871795, -0.002831, 0.302262, -0.823608, -0.479849, -1.2e-05, 0.0, 0.0, 0.0, 1.0],
                [0.914505, 0.392562, -0.097843, 0.124994, 0.269251, -0.410053, 0.8714, -0.002831, 0.301969, -0.823237, -0.48067, -1.2e-05, 0.0, 0.0, 0.0, 1.0],
                [0.914672, 0.392293, -0.097359, 0.124994, 0.268994, -0.411018, 0.871025, -0.002831, 0.301692, -0.822884, -0.481447, -1.2e-05, 0.0, 0.0, 0.0, 1.0],
                [0.914829, 0.39204, -0.096904, 0.124994, 0.268752, -0.411926, 0.87067, -0.002831, 0.301432, -0.82255, -0.48218, -1.2e-05, 0.0, 0.0, 0.0, 1.0],
                [0.914975, 0.391803, -0.096478, 0.124994, 0.268526, -0.412777, 0.870337, -0.002831, 0.301188, -0.822237, -0.482866, -1.2e-05, 0.0, 0.0, 0.0, 1.0],
                [0.915111, 0.391582, -0.096082, 0.124994, 0.268316, -0.413568, 0.870026, -0.002831, 0.300962, -0.821945, -0.483505, -1.2e-05, 0.0, 0.0, 0.0, 1.0],
                [0.915237, 0.391379, -0.095717, 0.124994, 0.268122, -0.414298, 0.869739, -0.002831, 0.300753, -0.821674, -0.484095, -1.2e-05, 0.0, 0.0, 0.0, 1.0],
                [0.915351, 0.391192, -0.095383, 0.124994, 0.267945, -0.414967, 0.869474, -0.002831, 0.300562, -0.821425, -0.484635, -1.2e-05, 0.0, 0.0, 0.0, 1.0],
                [0.915455, 0.391023, -0.09508, 0.124994, 0.267785, -0.415573, 0.869234, -0.002831, 0.30039, -0.821199, -0.485124, -1.2e-05, 0.0, 0.0, 0.0, 1.0],
                [0.915548, 0.390872, -0.094809, 0.124994, 0.267641, -0.416115, 0.869019, -0.002831, 0.300235, -0.820996, -0.485563, -1.2e-05, 0.0, 0.0, 0.0, 1.0],
                [0.915629, 0.390739, -0.094571, 0.124994, 0.267515, -0.416594, 0.868829, -0.002831, 0.300099, -0.820817, -0.48595, -1.2e-05, 0.0, 0.0, 0.0, 1.0],
                [0.9157, 0.390623, -0.094364, 0.124994, 0.267405, -0.417008, 0.868663, -0.002831, 0.299981, -0.820662, -0.486285, -1.2e-05, 0.0, 0.0, 0.0, 1.0],
