{
    "animation": [
        {
            "name": "Root",
            "time": [0.0, 0.0167, 0.0333, 0.05, 0.0667, 0.0833, 0.1, 0.1167, 0.1333, 0.15, 0.1667, 0.1833, 0.2, 0.2167, 0.2333, 0.25, 0.2667, 0.2833, 0.3, 0.3167, 0.3333, 0.35, 0.3667, 0.3833, 0.4, 0.4167, 0.4333, 0.45, 0.4667, 0.4833, 0.5, 0.5167, 0.5333, 0.55, 0.5667, 0.5833, 0.6, 0.6167, 0.6333, 0.65, 0.6667, 0.6833, 0.7, 0.7167, 0.7333, 0.75, 0.7667, 0.7833, 0.8, 0.8167, 0.8333, 0.85, 0.8667, 0.8833, 0.9, 0.9167, 0.9333, 0.95, 0.9667, 0.9833, 1.0, 1.0167, 1.0333, 1.05, 1.0667, 1.0833, 1.1, 1.1167, 1.1333, 1.15, 1.1667, 1.1833, 1.2, 1.2167, 1.2333, 1.25, 1.2667, 1.2833, 1.3, 1.3167, 1.3333, 1.35, 1.3667, 1.3833, 1.4, 1.4167, 1.4333, 1.45, 1.4667, 1.4833, 1.5, 1.5167, 1.5333, 1.55, 1.5667, 1.5833, 1.6, 1.6167, 1.6333, 1.65, 1.6667, 1.6833, 1.7, 1.7167, 1.7333, 1.75, 1.7667, 1.7833, 1.8, 1.8167, 1.8333, 1.85, 1.8667, 1.8833, 1.9, 1.9167, 1.9333, 1.95, 1.9667, 1.9833, 2.0],
            "transform": [
                [0.997526, 0.0, 0.070304, -5e-06, 0.070304, 0.0, -0.997526, 0.000946, 0.0, 1.0, 0.0, 0.561197, 0.0, 0.0, 0.0, 1.0],
                [0.998116, 0.0, 0.061356, -5e-06, 0.061356, 0.0, -0.998116, 0.013235, 0.0, 1.0, 0.0, 0.563743, 0.0, 0.0, 0.0, 1.0],
                [0.999414, 0.0, 0.034217, -5e-06, 0.034217, 0.0, -0.999414, 0.051344, 0.0, 1.0, 0.0, 0.571437, 0.0, 0.0, 0.0, 1.0],
                [0.999938, 0.0, -0.011104, -5e-06, -0.011104, 0.0, -0.999938, 0.11675, 0.0, 1.0, 0.0, 0.584213, 0.0, 0.0, 0.0, 1.0],
                [0.99729, 0.0, -0.073571, -5e-06, -0.073571, 0.0, -0.99729, 0.210087, 0.0, 1.0, 0.0, 0.601736, 0.0, 0.0, 0.0, 1.0],
                [0.988602, 0.0, -0.150555, -5e-06, -0.150555, 0.0, -0.988602, 0.33072, 0.0, 1.0, 0.0, 0.623332, 0.0, 0.0, 0.0, 1.0],
                [0.971388, 0.0, -0.237498, -5e-06, -0.237498, 0.0, -0.971388, 0.476385, 0.0, 1.0, 0.0, 0.64795, 0.0, 0.0, 0.0, 1.0],
                [0.944607, 0.0, -0.328202, -5e-06, -0.328202, 0.0, -0.944607, 0.643075, 0.0, 1.0, 0.0, 0.674205, 0.0, 0.0, 0.0, 1.0],
                [0.909417, 0.0, -0.415886, -5e-06, -0.415886, 0.0, -0.909417, 0.825311, 0.0, 1.0, 0.0, 0.700515, 0.0, 0.0, 0.0, 1.0],
                [0.869112, 0.0, -0.494616, -5e-06, -0.494616, 0.0, -0.869112, 1.016789, 0.0, 1.0, 0.0, 0.725298, 0.0, 0.0, 0.0, 1.0],
                [0.828228, 0.0, -0.560391, -5e-06, -0.560391, 0.0, -0.828228, 1.211211, 0.0, 1.0, 0.0, 0.747171, 0.0, 0.0, 0.0, 1.0],
                [0.791328, 0.0, -0.611392, -5e-06, -0.611392, 0.0, -0.791328, 1.403014, 0.0, 1.0, 0.0, 0.765081, 0.0, 0.0, 0.0, 1.0],
                [0.762088, 0.0, -0.647474, -5e-06, -0.647474, 0.0, -0.762088, 1.5878, 0.0, 1.0, 0.0, 0.778354, 0.0, 0.0, 0.0, 1.0],
                [0.742923, 0.0, -0.669377, -5e-06, -0.669377, 0.0, -0.742923, 1.762447, 0.0, 1.0, 0.0, 0.786656, 0.0, 0.0, 0.0, 1.0],
                [0.735044, 0.0, -0.678019, -5e-06, -0.678019, 0.0, -0.735044, 1.924984, 0.0, 1.0, 0.0, 0.789919, 0.0, 0.0, 0.0, 1.0],
                [0.794623, 0.0, -0.607104, -5e-06, -0.607104, 0.0, -0.794623, 2.132216, 0.0, 1.0, 0.0, 0.770862, 0.0, 0.0, 0.0, 1.0],
                [0.9033, 0.0, -0.42901, -5e-06, -0.42901, 0.0, -0.9033, 2.374888, 0.0, 1.0, 0.0, 0.730103, 0.0, 0.0, 0.0, 1.0],
                [0.984306, 0.0, -0.17647, -5e-06, -0.17647, 0.0, -0.984306, 2.620817, 0.0, 1.0, 0.0, 0.681357, 0.0, 0.0, 0.0, 1.0],
                [0.994455, 0.0, 0.10516, -5e-06, 0.10516, 0.0, -0.994455, 2.853755, 0.0, 1.0, 0.0, 0.631345, 0.0, 0.0, 0.0, 1.0],
                [0.93196, 0.0, 0.36256, -5e-06, 0.36256, 0.0, -0.93196, 3.062984, 0.0, 1.0, 0.0, 0.584275, 0.0, 0.0, 0.0, 1.0],
                [0.828079, 0.0, 0.560612, -5e-06, 0.560612, 0.0, -0.828079, 3.239962, 0.0, 1.0, 0.0, 0.54329, 0.0, 0.0, 0.0, 1.0],
                [0.722218, 0.0, 0.691666, -5e-06, 0.691666, 0.0, -0.722218, 3.376837, 0.0, 1.0, 0.0, 0.511083, 0.0, 0.0, 0.0, 1.0],
                [0.64489, 0.0, 0.764275, -5e-06, 0.764275, 0.0, -0.64489, 3.465585, 0.0, 1.0, 0.0, 0.490241, 0.0, 0.0, 0.0, 1.0],
                [0.61587, 0.0, 0.787848, -5e-06, 0.787848, 0.0, -0.61587, 3.49736, 0.0, 1.0, 0.0, 0.483481, 0.0, 0.0, 0.0, 1.0],
                [0.61587, 0.0, 0.787848, -5e-06, 0.787848, 0.0, -0.61587, 3.49736, 0.0, 1.0, 0.0, 0.484768, 0.0, 0.0, 0.0, 1.0],
                [0.61587, 0.0, 0.787848, -5e-06, 0.787848, 0.0, -0.61587, 3.49736, 0.0, 1.0, 0.0, 0.486108, 0.0, 0.0, 0.0, 1.0],
                [0.61587, 0.0, 0.787848, -5e-06, 0.787848, 0.0, -0.61587, 3.49736, 0.0, 1.0, 0.0, 0.487499, 0.0, 0.0, 0.0, 1.0],
                [0.61587, 0.0, 0.787848, -5e-06, 0.787848, 0.0, -0.61587, 3.49736, 0.0, 1.0, 0.0, 0.488941, 0.0, 0.0, 0.0, 1.0],
                [0.61587, 0.0, 0.787848, -5e-06, 0.787848, 0.0, -0.61587, 3.49736, 0.0, 1.0, 0.0, 0.490434, 0.0, 0.0, 0.0, 1.0],
                [0.61587, 0.0, 0.787848, -5e-06, 0.787848, 0.0, -0.61587, 3.49736, 0.0, 1.0, 0.0, 0.491977, 0.0, 0.0, 0.0, 1.0],
                [0.61587, 0.0, 0.787848, -5e-06, 0.787848, 0.0, -0.61587, 3.49736, 0.0, 1.0, 0.0, 0.493568, 0.0, 0.0, 0.0, 1.0],
                [0.61587, 0.0, 0.787848, -5e-06, 0.787848, 0.0, -0.61587, 3.49736, 0.0, 1.0, 0.0, 0.495208, 0.0, 0.0, 0.0, 1.0],
                [0.61587, 0.0, 0.787848, -5e-06, 0.787848, 0.0, -0.61587, 3.49736, 0.0, 1.0, 0.0, 0.496894, 0.0, 0.0, 0.0, 1.0],
                [0.61587, 0.0, 0.787848, -5e-06, 0.787848, 0.0, -0.61587, 3.49736, 0.0, 1.0, 0.0, 0.498627, 0.0, 0.0, 0.0, 1.0],
                [0.61587, 0.0, 0.787848, -5e-06, 0.787848, 0.0, -0.61587, 3.49736, 0.0, 1.0, 0.0, 0.500406, 0.0, 0.0, 0.0, 1.0],
                [0.61587, 0.0, 0.787848, -5e-06, 0.787848, 0.0, -0.61587, 3.49736, 0.0, 1.0, 0.0, 0.502229, 0.0, 0.0, 0.0, 1.0],
                [0.61587, 0.0, 0.787848, -5e-06, 0.787848, 0.0, -0.61587, 3.49736, 0.0, 1.0, 0.0, 0.504094, 0.0, 0.0, 0.0, 1.0],
                [0.61587, 0.0, 0.787848, -5e-06, 0.787848, 0.0, -0.61587, 3.49736, 0.0, 1.0, 0.0, 0.506002, 0.0, 0.0, 0.0, 1.0],
                [0.61587, 0.0, 0.787848, -5e-06, 0.787848, 0.0, -0.61587, 3.49736, 0.0, 1.0, 0.0, 0.507951, 0.0, 0.0, 0.0, 1.0],
                [0.61587, 0.0, 0.787848, -5e-06, 0.787848, 0.0, -0.61587, 3.49736, 0.0, 1.0, 0.0, 0.509939, 0.0, 0.0, 0.0, 1.0],
                [0.61587, 0.0, 0.787848, -5e-06, 0.787848, 0.0, -0.61587, 3.49736, 0.0, 1.0, 0.0, 0.511965, 0.0, 0.0, 0.0, 1.0],
                [0.61587, 0.0, 0.787848, -5e-06, 0.787848, 0.0, -0.61587, 3.49736, 0.0, 1.0, 0.0, 0.514028, 0.0, 0.0, 0.0, 1.0],
                [0.61587, 0.0, 0.787848, -5e-06, 0.787848, 0.0, -0.61587, 3.49736, 0.0, 1.0, 0.0, 0.516127, 0.0, 0.0, 0.0, 1.0],
                [0.61587, 0.0, 0.787848, -5e-06, 0.787848, 0.0, -0.61587, 3.49736, 0.0, 1.0, 0.0, 0.518259, 0.0, 0.0, 0.0, 1.0],
                [0.61587, 0.0, 0.787848, -5e-06, 0.787848, 0.0, -0.61587, 3.49736, 0.0, 1.0, 0.0, 0.520424, 0.0, 0.0, 0.0, 1.0],
                [0.61587, 0.0, 0.787848, -5e-06, 0.787848, 0.0, -0.61587, 3.49736, 0.0, 1.0, 0.0, 0.522619, 0.0, 0.0, 0.0, 1.0],
                [0.61587, 0.0, 0.787848, -5e-06, 0.787848, 0.0, -0.61587, 3.49736, 0.0, 1.0, 0.0, 0.524843, 0.0, 0.0, 0.0, 1.0],
                [0.61587, 0.0, 0.787848, -5e-06, 0.787848, 0.0, -0.61587, 3.49736, 0.0, 1.0, 0.0, 0.527095, 0.0, 0.0, 0.0, 1.0],
                [0.61587, 0.0, 0.787848, -5e-06, 0.787848, 0.0, -0.61587, 3.49736, 0.0, 1.0, 0.0, 0.529372, 0.0, 0.0, 0.0, 1.0],
                [0.61587, 0.0, 0.787848, -5e-06, 0.787848, 0.0, -0.61587, 3.49736, 0.0, 1.0, 0.0, 0.531673, 0.0, 0.0, 0.0, 1.0],
                [0.61587, 0.0, 0.787848, -5e-06, 0.787848, 0.0, -0.61587, 3.49736, 0.0, 1.0, 0.0, 0.533996, 0.0, 0.0, 0.0, 1.0],
                [0.61587, 0.0, 0.787848, -5e-06, 0.787848, 0.0, -0.61587, 3.49736, 0.0, 1.0, 0.0, 0.536339, 0.0, 0.0, 0.0, 1.0],
                [0.61587, 0.0, 0.787848, -5e-06, 0.787848, 0.0, -0.61587, 3.49736, 0.0, 1.0, 0.0, 0.5387, 0.0, 0.0, 0.0, 1.0],
                [0.61587, 0.0, 0.787848, -5e-06, 0.787848, 0.0, -0.61587, 3.49736, 0.0, 1.0, 0.0, 0.541078, 0.0, 0.0, 0.0, 1.0],
                [0.61587, 0.0, 0.787848, -5e-06, 0.787848, 0.0, -0.61587, 3.49736, 0.0, 1.0, 0.0, 0.543469, 0.0, 0.0, 0.0, 1.0],
                [0.61587, 0.0, 0.787848, -5e-06, 0.787848, 0.0, -0.61587, 3.49736, 0.0, 1.0, 0.0, 0.545874, 0.0, 0.0, 0.0, 1.0],
                [0.61587, 0.0, 0.787848, -5e-06, 0.787848, 0.0, -0.61587, 3.49736, 0.0, 1.0, 0.0, 0.548288, 0.0, 0.0, 0.0, 1.0],
                [0.61587, 0.0, 0.787848, -5e-06, 0.787848, 0.0, -0.61587, 3.49736, 0.0, 1.0, 0.0, 0.55071, 0.0, 0.0, 0.0, 1.0],
                [0.61587, 0.0, 0.787848, -5e-06, 0.787848, 0.0, -0.61587, 3.49736, 0.0, 1.0, 0.0, 0.553139, 0.0, 0.0, 0.0, 1.0],
                [0.61587, 0.0, 0.787848, -5e-06, 0.787848, 0.0, -0.61587, 3.49736, 0.0, 1.0, 0.0, 0.555572, 0.0, 0.0, 0.0, 1.0],
                [0.61587, 0.0, 0.787848, -5e-06, 0.787848, 0.0, -0.61587, 3.49736, 0.0, 1.0, 0.0, 0.558007, 0.0, 0.0, 0.0, 1.0],
                [0.670887, 0.0, 0.741559, -5e-06, 0.741559, 0.0, -0.670887, 3.49736, 0.0, 1.0, 0.0, 0.560442, 0.0, 0.0, 0.0, 1.0],
                [0.768415, 0.0, 0.639952, -5e-06, 0.639952, 0.0, -0.768415, 3.49736, 0.0, 1.0, 0.0, 0.562875, 0.0, 0.0, 0.0, 1.0],
                [0.865427, 0.0, 0.501036, -5e-06, 0.501036, 0.0, -0.865427, 3.49736, 0.0, 1.0, 0.0, 0.565304, 0.0, 0.0, 0.0, 1.0],
                [0.941657, 0.0, 0.336573, -5e-06, 0.336573, 0.0, -0.941657, 3.49736, 0.0, 1.0, 0.0, 0.567727, 0.0, 0.0, 0.0, 1.0],
                [0.987005, 0.0, 0.160687, -5e-06, 0.160687, 0.0, -0.987005, 3.49736, 0.0, 1.0, 0.0, 0.570141, 0.0, 0.0, 0.0, 1.0],
                [0.99993, 0.0, -0.011812, -5e-06, -0.011812, 0.0, -0.99993, 3.49736, 0.0, 1.0, 0.0, 0.572545, 0.0, 0.0, 0.0, 1.0],
                [0.985705, 0.0, -0.168482, -5e-06, -0.168482, 0.0, -0.985705, 3.49736, 0.0, 1.0, 0.0, 0.574937, 0.0, 0.0, 0.0, 1.0],
                [0.953582, 0.0, -0.301134, -5e-06, -0.301134, 0.0, -0.953582, 3.49736, 0.0, 1.0, 0.0, 0.577314, 0.0, 0.0, 0.0, 1.0],
                [0.913948, 0.0, -0.405832, -5e-06, -0.405832, 0.0, -0.913948, 3.49736, 0.0, 1.0, 0.0, 0.579676, 0.0, 0.0, 0.0, 1.0],
                [0.876435, 0.0, -0.48152, -5e-06, -0.48152, 0.0, -0.876435, 3.49736, 0.0, 1.0, 0.0, 0.582019, 0.0, 0.0, 0.0, 1.0],
                [0.849181, 0.0, -0.528102, -5e-06, -0.528102, 0.0, -0.849181, 3.49736, 0.0, 1.0, 0.0, 0.584342, 0.0, 0.0, 0.0, 1.0],
                [0.838841, 0.0, -0.544377, -5e-06, -0.544377, 0.0, -0.838841, 3.49736, 0.0, 1.0, 0.0, 0.586643, 0.0, 0.0, 0.0, 1.0],
                [0.838841, 0.0, -0.544377, -5e-06, -0.544377, 0.0, -0.838841, 3.49736, 0.0, 1.0, 0.0, 0.58892, 0.0, 0.0, 0.0, 1.0],
                [0.838841, 0.0, -0.544377, -5e-06, -0.544377, 0.0, -0.838841, 3.49736, 0.0, 1.0, 0.0, 0.591171, 0.0, 0.0, 0.0, 1.0],
                [0.838841, 0.0, -0.544377, -5e-06, -0.544377, 0.0, -0.838841, 3.49736, 0.0, 1.0, 0.0, 0.593396, 0.0, 0.0, 0.0, 1.0],
                [0.838841, 0.0, -0.544377, -5e-06, -0.544377, 0.0, -0.838841, 3.49736, 0.0, 1.0, 0.0, 0.595591, 0.0, 0.0, 0.0, 1.0],
                [0.838841, 0.0, -0.544377, -5e-06, -0.544377, 0.0, -0.838841, 3.49736, 0.0, 1.0, 0.0, 0.597755, 0.0, 0.0, 0.0, 1.0],
                [0.838841, 0.0, -0.544377, -5e-06, -0.544377, 0.0, -0.838841, 3.49736, 0.0, 1.0, 0.0, 0.599888, 0.0, 0.0, 0.0, 1.0],
                [0.838841, 0.0, -0.544377, -5e-06, -0.544377, 0.0, -0.838841, 3.49736, 0.0, 1.0, 0.0, 0.601986, 0.0, 0.0, 0.0, 1.0],
                [0.838841, 0.0, -0.544377, -5e-06, -0.544377, 0.0, -0.838841, 3.49736, 0.0, 1.0, 0.0, 0.604049, 0.0, 0.0, 0.0, 1.0],
                [0.838841, 0.0, -0.544377, -5e-06, -0.544377, 0.0, -0.838841, 3.49736, 0.0, 1.0, 0.0, 0.606076, 0.0, 0.0, 0.0, 1.0],
                [0.838841, 0.0, -0.544377, -5e-06, -0.544377, 0.0, -0.838841, 3.49736, 0.0, 1.0, 0.0, 0.608064, 0.0, 0.0, 0.0, 1.0],
                [0.838841, 0.0, -0.544377, -5e-06, -0.544377, 0.0, -0.838841, 3.49736, 0.0, 1.0, 0.0, 0.610012, 0.0, 0.0, 0.0, 1.0],
                [0.838841, 0.0, -0.544377, -5e-06, -0.544377, 0.0, -0.838841, 3.49736, 0.0, 1.0, 0.0, 0.61192, 0.0, 0.0, 0.0, 1.0],
                [0.838841, 0.0, -0.544377, -5e-06, -0.544377, 0.0, -0.838841, 3.49736, 0.0, 1.0, 0.0, 0.613786, 0.0, 0.0, 0.0, 1.0],
                [0.838841, 0.0, -0.544377, -5e-06, -0.544377, 0.0, -0.838841, 3.49736, 0.0, 1.0, 0.0, 0.615609, 0.0, 0.0, 0.0, 1.0],
                [0.838841, 0.0, -0.544377, -5e-06, -0.544377, 0.0, -0.838841, 3.49736, 0.0, 1.0, 0.0, 0.617387, 0.0, 0.0, 0.0, 1.0],
                [0.838841, 0.0, -0.544377, -5e-06, -0.544377, 0.0, -0.838841, 3.49736, 0.0, 1.0, 0.0, 0.61912, 0.0, 0.0, 0.0, 1.0],
                [0.838841, 0.0, -0.544377, -5e-06, -0.544377, 0.0, -0.838841, 3.49736, 0.0, 1.0, 0.0, 0.620807, 0.0, 0.0, 0.0, 1.0],
                [0.838841, 0.0, -0.544377, -5e-06, -0.544377, 0.0, -0.838841, 3.49736, 0.0, 1.0, 0.0, 0.622446, 0.0, 0.0, 0.0, 1.0],
                [0.838841, 0.0, -0.544377, -5e-06, -0.544377, 0.0, -0.838841, 3.49736, 0.0, 1.0, 0.0, 0.624038, 0.0, 0.0, 0.0, 1.0],
                [0.838841, 0.0, -0.544377, -5e-06, -0.544377, 0.0, -0.838841, 3.49736, 0.0, 1.0, 0.0, 0.62558, 0.0, 0.0, 0.0, 1.0],
                [0.838841, 0.0, -0.544377, -5e-06, -0.544377, 0.0, -0.838841, 3.49736, 0.0, 1.0, 0.0, 0.627073, 0.0, 0.0, 0.0, 1.0],
                [0.838841, 0.0, -0.544377, -5e-06, -0.544377, 0.0, -0.838841, 3.49736, 0.0, 1.0, 0.0, 0.628515, 0.0, 0.0, 0.0, 1.0],
                [0.838841, 0.0, -0.544377, -5e-06, -0.544377, 0.0, -0.838841, 3.49736, 0.0, 1.0, 0.0, 0.629907, 0.0, 0.0, 0.0, 1.0],
                [0.838841, 0.0, -0.544377, -5e-06, -0.544377, 0.0, -0.838841, 3.49736, 0.0, 1.0, 0.0, 0.631246, 0.0, 0.0, 0.0, 1.0],
                [0.838841, 0.0, -0.544377, -5e-06, -0.544377, 0.0, -0.838841, 3.49736, 0.0, 1.0, 0.0, 0.632533, 0.0, 0.0, 0.0, 1.0],
                [0.838841, 0.0, -0.544377, -5e-06, -0.544377, 0.0, -0.838841, 3.49736, 0.0, 1.0, 0.0, 0.633768, 0.0, 0.0, 0.0, 1.0],
                [0.838841, 0.0, -0.544377, -5e-06, -0.544377, 0.0, -0.838841, 3.49736, 0.0, 1.0, 0.0, 0.634949, 0.0, 0.0, 0.0, 1.0],
                [0.838841, 0.0, -0.544377, -5e-06, -0.544377, 0.0, -0.838841, 3.49736, 0.0, 1.0, 0.0, 0.636077, 0.0, 0.0, 0.0, 1.0],
                [0.838841, 0.0, -0.544377, -5e-06, -0.544377, 0.0, -0.838841, 3.49736, 0.0, 1.0, 0.0, 0.637151, 0.0, 0.0, 0.0, 1.0],
                [0.838841, 0.0, -0.544377, -5e-06, -0.544377, 0.0, -0.838841, 3.49736, 0.0, 1.0, 0.0, 0.63817, 0.0, 0.0, 0.0, 1.0],
                [0.838841, 0.0, -0.544377, -5e-06, -0.544377, 0.0, -0.838841, 3.49736, 0.0, 1.0, 0.0, 0.639135, 0.0, 0.0, 0.0, 1.0],
                [0.838841, 0.0, -0.544377, -5e-06, -0.544377, 0.0, -0.838841, 3.49736, 0.0, 1.0, 0.0, 0.640045, 0.0, 0.0, 0.0, 1.0],
                [0.838841, 0.0, -0.544377, -5e-06, -0.544377, 0.0, -0.838841, 3.49736, 0.0, 1.0, 0.0, 0.640899, 0.0, 0.0, 0.0, 1.0],
                [0.838841, 0.0, -0.544377, -5e-06, -0.544377, 0.0, -0.838841, 3.49736, 0.0, 1.0, 0.0, 0.641699, 0.0, 0.0, 0.0, 1.0],
                [0.838841, 0.0, -0.544377, -5e-06, -0.544377, 0.0, -0.838841, 3.49736, 0.0, 1.0, 0.0, 0.642443, 0.0, 0.0, 0.0, 1.0],
                [0.838841, 0.0, -0.544377, -5e-06, -0.544377, 0.0, -0.838841, 3.49736, 0.0, 1.0, 0.0, 0.643132, 0.0, 0.0, 0.0, 1.0],
                [0.838841, 0.0, -0.544377, -5e-06, -0.544377, 0.0, -0.838841, 3.49736, 0.0, 1.0, 0.0, 0.643765, 0.0, 0.0, 0.0, 1.0],
                [0.838841, 0.0, -0.544377, -5e-06, -0.544377, 0.0, -0.838841, 3.49736, 0.0, 1.0, 0.0, 0.644343, 0.0, 0.0, 0.0, 1.0],
                [0.838841, 0.0, -0.544377, -5e-06, -0.544377, 0.0, -0.838841, 3.49736, 0.0, 1.0, 0.0, 0.644866, 0.0, 0.0, 0.0, 1.0],
                [0.838841, 0.0, -0.544377, -5e-06, -0.544377, 0.0, -0.838841, 3.49736, 0.0, 1.0, 0.0, 0.645332, 0.0, 0.0, 0.0, 1.0],
                [0.838841, 0.0, -0.544377, -5e-06, -0.544377, 0.0, -0.838841, 3.49736, 0.0, 1.0, 0.0, 0.645744, 0.0, 0.0, 0.0, 1.0],
                [0.838841, 0.0, -0.544377, -5e-06, -0.544377, 0.0, -0.838841, 3.49736, 0.0, 1.0, 0.0, 0.6461, 0.0, 0.0, 0.0, 1.0],
                [0.838841, 0.0, -0.544377, -5e-06, -0.544377, 0.0, -0.838841, 3.49736, 0.0, 1.0, 0.0, 0.646401, 0.0, 0.0, 0.0, 1.0],
                [0.838841, 0.0, -0.544377, -5e-06, -0.544377, 0.0, -0.838841, 3.49736, 0.0, 1.0, 0.0, 0.646646, 0.0, 0.0, 0.0, 1.0],
                [0.838841, 0.0, -0.544377, -5e-06, -0.544377, 0.0, -0.838841, 3.49736, 0.0, 1.0, 0.0, 0.646837, 0.0, 0.0, 0.0, 1.0],
                [0.838841, 0.0, -0.544377, -5e-06, -0.544377, 0.0, -0.838841, 3.49736, 0.0, 1.0, 0.0, 0.646973, 0.0, 0.0, 0.0, 1.0],
                [0.838841, 0.0, -0.544377, -5e-06, -0.544377, 0.0, -0.838841, 3.49736, 0.0, 1.0, 0.0, 0.647054, 0.0, 0.0, 0.0, 1.0],
                [0.838841, 0.0, -0.544377, -5e-06, -0.544377, 0.0, -0.838841, 3.49736, 0.0, 1.0, 0.0, 0.647082, 0.0, 0.0, 0.0, 1.0]
            ]
        },
        {
            "name": "Thigh_R",
            "time": [0.0, 0.0167, 0.0333, 0.05, 0.0667, 0.0833, 0.1, 0.1167, 0.1333, 0.15, 0.1667, 0.1833, 0.2, 0.2167, 0.2333, 0.25, 0.2667, 0.2833, 0.3, 0.3167, 0.3333, 0.35, 0.3667, 0.3833, 0.4, 0.4167, 0.4333, 0.45, 0.4667, 0.4833, 0.5, 0.5167, 0.5333, 0.55, 0.5667, 0.5833, 0.6, 0.6167, 0.6333, 0.65, 0.6667, 0.6833, 0.7, 0.7167, 0.7333, 0.75, 0.7667, 0.7833, 0.8, 0.8167, 0.8333, 0.85, 0.8667, 0.8833, 0.9, 0.9167, 0.9333, 0.95, 0.9667, 0.9833, 1.0, 1.0167, 1.0333, 1.05, 1.0667, 1.0833, 1.1, 1.1167, 1.1333, 1.15, 1.1667, 1.1833, 1.2, 1.2167, 1.2333, 1.25, 1.2667, 1.2833, 1.3, 1.3167, 1.3333, 1.35, 1.3667, 1.3833, 1.4, 1.4167, 1.4333, 1.45, 1.4667, 1.4833, 1.5, 1.5167, 1.5333, 1.55, 1.5667, 1.5833, 1.6, 1.6167, 1.6333, 1.65, 1.6667, 1.6833, 1.7, 1.7167, 1.7333, 1.75, 1.7667, 1.7833, 1.8, 1.8167, 1.8333, 1.85, 1.8667, 1.8833, 1.9, 1.9167, 1.9333, 1.95, 1.9667, 1.9833, 2.0],
            "transform": [
                [0.999843, 0.015665, -0.008269, 0.124994, 0.015997, -0.598027, 0.801306, -0.002831, 0.007607, -0.801303, -0.598159, -1.2e-05, 0.0, 0.0, 0.0, 1.0],
                [0.998928, 0.015678, -0.043551, 0.124994, 0.041275, -0.727546, 0.684807, -0.002831, -0.02095, -0.685858, -0.727389, -1.2e-05, 0.0, 0.0, 0.0, 1.0],
                [0.994648, 0.057206, -0.086035, 0.124994, 0.082034, -0.943504, 0.321034, -0.002831, -0.062812, -0.326355, -0.943121, -1.2e-05, 0.0, 0.0, 0.0, 1.0],
                [0.989976, 0.11415, -0.083167, 0.124994, 0.112446, -0.993341, -0.024887, -0.002831, -0.085458, 0.015308, -0.996191, -1.2e-05, 0.0, 0.0, 0.0, 1.0],
                [0.984566, 0.163841, -0.061532, 0.124994, 0.142401, -0.954341, -0.26256, -0.002831, -0.101745, 0.24977, -0.962914, -1.2e-05, 0.0, 0.0, 0.0, 1.0],
                [0.977998, 0.207913, -0.017087, 0.124994, 0.174018, -0.858238, -0.482825, -0.002831, -0.115055, 0.469254, -0.875507, -1.2e-05, 0.0, 0.0, 0.0, 1.0],
                [0.969398, 0.239821, 0.052478, 0.124994, 0.209187, -0.695046, -0.687834, -0.002831, -0.128488, 0.677789, -0.723914, -1.2e-05, 0.0, 0.0, 0.0, 1.0],
                [0.957978, 0.274298, 0.083893, 0.124994, 0.248378, -0.646945, -0.720924, -0.002831, -0.14348, 0.711495, -0.687861, -1.2e-05, 0.0, 0.0, 0.0, 1.0],
                [0.943546, 0.322586, 0.07522, 0.124994, 0.29033, -0.696074, -0.656622, -0.002831, -0.159465, 0.641421, -0.750408, -1.2e-05, 0.0, 0.0, 0.0, 1.0],
                [0.924035, 0.375735, 0.070577, 0.124994, 0.337037, -0.713463, -0.614279, -0.002831, -0.18046, 0.591432, -0.785878, -1.2e-05, 0.0, 0.0, 0.0, 1.0],
                [0.897546, 0.434784, 0.073286, 0.124994, 0.388554, -0.701373, -0.597548, -0.002831, -0.208412, 0.564833, -0.79843, -1.2e-05, 0.0, 0.0, 0.0, 1.0],
                [0.867072, 0.491088, 0.08376, 0.124994, 0.438633, -0.672837, -0.595696, -0.002831, -0.236192, 0.553282, -0.798784, -1.2e-05, 0.0, 0.0, 0.0, 1.0],
                [0.83774, 0.536669, 0.100873, 0.124994, 0.482027, -0.639949, -0.598396, -0.002831, -0.256597, 0.549954, -0.794779, -1.2e-05, 0.0, 0.0, 0.0, 1.0],
                [0.814785, 0.567105, 0.120468, 0.124994, 0.51595, -0.614494, -0.596788, -0.002831, -0.264426, 0.54844, -0.793258, -1.2e-05, 0.0, 0.0, 0.0, 1.0],
                [0.801676, 0.581485, 0.138513, 0.124994, 0.539738, -0.604558, -0.585796, -0.002831, -0.256902, 0.54441, -0.798488, -1.2e-05, 0.0, 0.0, 0.0, 1.0],
                [0.800871, 0.596194, 0.056165, 0.124994, 0.552574, -0.69958, -0.453012, -0.002831, -0.230801, 0.393869, -0.889695, -1.2e-05, 0.0, 0.0, 0.0, 1.0],
                [0.811526, 0.57917, -0.077361, 0.124994, 0.554188, -0.804861, -0.212258, -0.002831, -0.185206, 0.129407, -0.974115, -1.2e-05, 0.0, 0.0, 0.0, 1.0],
                [0.832233, 0.523509, -0.182549, 0.124994, 0.541913, -0.837643, 0.068354, -0.002831, -0.117132, -0.155789, -0.98079, -1.2e-05, 0.0, 0.0, 0.0, 1.0],
                [0.860687, 0.456731, -0.224969, 0.124994, 0.508758, -0.788497, 0.345585, -0.002831, -0.01955, -0.411877, -0.910993, -1.2e-05, 0.0, 0.0, 0.0, 1.0],
                [0.888668, 0.418732, -0.186897, 0.124994, 0.444222, -0.685049, 0.577378, -0.002831, 0.113736, -0.596107, -0.794766, -1.2e-05, 0.0, 0.0, 0.0, 1.0],
                [0.898523, 0.432605, -0.0742, 0.124994, 0.340999, -0.581581, 0.738559, -0.002831, 0.276361, -0.688905, -0.670056, -1.2e-05, 0.0, 0.0, 0.0, 1.0],
                [0.874532, 0.47889, 0.076486, 0.124994, 0.213269, -0.521435, 0.826196, -0.002831, 0.435556, -0.706219, -0.558119, -1.2e-05, 0.0, 0.0, 0.0, 1.0],
                [0.830848, 0.517425, 0.204814, 0.124994, 0.104821, -0.506991, 0.85554, -0.002831, 0.546538, -0.689354, -0.475445, -1.2e-05, 0.0, 0.0, 0.0, 1.0],
                [0.808241, 0.529848, 0.256889, 0.124994, 0.061581, -0.509946, 0.857985, -0.002831, 0.585623, -0.67764, -0.444763, -1.2e-05, 0.0, 0.0, 0.0, 1.0],
                [0.808263, 0.528929, 0.258708, 0.124994, 0.061444, -0.51276, 0.856316, -0.002831, 0.585608, -0.676233, -0.44692, -1.2e-05, 0.0, 0.0, 0.0, 1.0],
                [0.808285, 0.527965, 0.260601, 0.124994, 0.061302, -0.515687, 0.854566, -0.002831, 0.585592, -0.674758, -0.449163, -1.2e-05, 0.0, 0.0, 0.0, 1.0],
                [0.808308, 0.526956, 0.262565, 0.124994, 0.061155, -0.518727, 0.852735, -0.002831, 0.585576, -0.673216, -0.451492, -1.2e-05, 0.0, 0.0, 0.0, 1.0],
                [0.811522, 0.522929, 0.260698, 0.124994, 0.064047, -0.5231, 0.849847, -0.002831, 0.580801, -0.672973, -0.457974, -1.2e-05, 0.0, 0.0, 0.0, 1.0],
                [0.815501, 0.518114, 0.257881, 0.124994, 0.067674, -0.527914, 0.846583, -0.002831, 0.574784, -0.672938, -0.465551, -1.2e-05, 0.0, 0.0, 0.0, 1.0],
                [0.819547, 0.513159, 0.254952, 0.124994, 0.071371, -0.532907, 0.843144, -0.002831, 0.568548, -0.6728, -0.473341, -1.2e-05, 0.0, 0.0, 0.0, 1.0],
                [0.823565, 0.508152, 0.252024, 0.124994, 0.075047, -0.53804, 0.839557, -0.002831, 0.562233, -0.672516, -0.481218, -1.2e-05, 0.0, 0.0, 0.0, 1.0],
                [0.827519, 0.503128, 0.249139, 0.124994, 0.078666, -0.543296, 0.835834, -0.002831, 0.555896, -0.672069, -0.489138, -1.2e-05, 0.0, 0.0, 0.0, 1.0],
                [0.831394, 0.498106, 0.24632, 0.124994, 0.082211, -0.548662, 0.831978, -0.002831, 0.549565, -0.67145, -0.497075, -1.2e-05, 0.0, 0.0, 0.0, 1.0],
                [0.835183, 0.493096, 0.243572, 0.124994, 0.085675, -0.554131, 0.827995, -0.002831, 0.543253, -0.670657, -0.505016, -1.2e-05, 0.0, 0.0, 0.0, 1.0],
                [0.838883, 0.488103, 0.240904, 0.124994, 0.089053, -0.559696, 0.823886, -0.002831, 0.536972, -0.669688, -0.512955, -1.2e-05, 0.0, 0.0, 0.0, 1.0],
                [0.842493, 0.483133, 0.238317, 0.124994, 0.09234, -0.565351, 0.819652, -0.002831, 0.530728, -0.668542, -0.520885, -1.2e-05, 0.0, 0.0, 0.0, 1.0],
                [0.846013, 0.478186, 0.235811, 0.124994, 0.095538, -0.571091, 0.815296, -0.002831, 0.524525, -0.667219, -0.528802, -1.2e-05, 0.0, 0.0, 0.0, 1.0],
                [0.849446, 0.473267, 0.233387, 0.124994, 0.098645, -0.57691, 0.810817, -0.002831, 0.518366, -0.665718, -0.536705, -1.2e-05, 0.0, 0.0, 0.0, 1.0],
                [0.852792, 0.468375, 0.231041, 0.124994, 0.101662, -0.582803, 0.806217, -0.002831, 0.512252, -0.664043, -0.544592, -1.2e-05, 0.0, 0.0, 0.0, 1.0],
                [0.856054, 0.463513, 0.228775, 0.124994, 0.104589, -0.588766, 0.801497, -0.002831, 0.506186, -0.662192, -0.552459, -1.2e-05, 0.0, 0.0, 0.0, 1.0],
                [0.859233, 0.458681, 0.226585, 0.124994, 0.107429, -0.594793, 0.796657, -0.002831, 0.500168, -0.660168, -0.560307, -1.2e-05, 0.0, 0.0, 0.0, 1.0],
                [0.862333, 0.453879, 0.224468, 0.124994, 0.110181, -0.600881, 0.791697, -0.002831, 0.494199, -0.65797, -0.568134, -1.2e-05, 0.0, 0.0, 0.0, 1.0],
                [0.865355, 0.449109, 0.222423, 0.124994, 0.112847, -0.607023, 0.78662, -0.002831, 0.48828, -0.655602, -0.575936, -1.2e-05, 0.0, 0.0, 0.0, 1.0],
                [0.868302, 0.44437, 0.220446, 0.124994, 0.115431, -0.613215, 0.781425, -0.002831, 0.482409, -0.653063, -0.583716, -1.2e-05, 0.0, 0.0, 0.0, 1.0],
                [0.871176, 0.439663, 0.218535, 0.124994, 0.117931, -0.619453, 0.776114, -0.002831, 0.476588, -0.650356, -0.591468, -1.2e-05, 0.0, 0.0, 0.0, 1.0],
                [0.87398, 0.434965, 0.216734, 0.124994, 0.120352, -0.625816, 0.770618, -0.002831, 0.470815, -0.647417, -0.599265, -1.2e-05, 0.0, 0.0, 0.0, 1.0],
                [0.876715, 0.430328, 0.214937, 0.124994, 0.122694, -0.632115, 0.765088, -0.002831, 0.465091, -0.644389, -0.606948, -1.2e-05, 0.0, 0.0, 0.0, 1.0],
                [0.879384, 0.425718, 0.213208, 0.124994, 0.124959, -0.638466, 0.759427, -0.002831, 0.459416, -0.641182, -0.614619, -1.2e-05, 0.0, 0.0, 0.0, 1.0],
                [0.881988, 0.421141, 0.211533, 0.124994, 0.127149, -0.644844, 0.753653, -0.002831, 0.453788, -0.637813, -0.622258, -1.2e-05, 0.0, 0.0, 0.0, 1.0],
                [0.884529, 0.416599, 0.20991, 0.124994, 0.129267, -0.651245, 0.747766, -0.002831, 0.44821, -0.634283, -0.629862, -1.2e-05, 0.0, 0.0, 0.0, 1.0],
                [0.887009, 0.412089, 0.208337, 0.124994, 0.131312, -0.657664, 0.741768, -0.002831, 0.442679, -0.630595, -0.637431, -1.2e-05, 0.0, 0.0, 0.0, 1.0],
                [0.889431, 0.407615, 0.206808, 0.124994, 0.133289, -0.664096, 0.735659, -0.002831, 0.437196, -0.62675, -0.644963, -1.2e-05, 0.0, 0.0, 0.0, 1.0],
                [0.891795, 0.403176, 0.205324, 0.124994, 0.135199, -0.670538, 0.729441, -0.002831, 0.43176, -0.62275, -0.652456, -1.2e-05, 0.0, 0.0, 0.0, 1.0],
                [0.894103, 0.398772, 0.203881, 0.124994, 0.137042, -0.676985, 0.723116, -0.002831, 0.426373, -0.618597, -0.659907, -1.2e-05, 0.0, 0.0, 0.0, 1.0],
                [0.896357, 0.394405, 0.202476, 0.124994, 0.138822, -0.683431, 0.716684, -0.002831, 0.421032, -0.614294, -0.667314, -1.2e-05, 0.0, 0.0, 0.0, 1.0],
                [0.898557, 0.390074, 0.201107, 0.124994, 0.140539, -0.689874, 0.710147, -0.002831, 0.415739, -0.609841, -0.674676, -1.2e-05, 0.0, 0.0, 0.0, 1.0],
                [0.900706, 0.38578, 0.199771, 0.124994, 0.142197, -0.696307, 0.703506, -0.002831, 0.410492, -0.605243, -0.68199, -1.2e-05, 0.0, 0.0, 0.0, 1.0],
                [0.902804, 0.381525, 0.198467, 0.124994, 0.143796, -0.702729, 0.696764, -0.002831, 0.405293, -0.600501, -0.689253, -1.2e-05, 0.0, 0.0, 0.0, 1.0],
                [0.904854, 0.377307, 0.197192, 0.124994, 0.145339, -0.709133, 0.689923, -0.002831, 0.40014, -0.595617, -0.696463, -1.2e-05, 0.0, 0.0, 0.0, 1.0],
                [0.906854, 0.37313, 0.195945, 0.124994, 0.146826, -0.715515, 0.682983, -0.002831, 0.395035, -0.590594, -0.703618, -1.2e-05, 0.0, 0.0, 0.0, 1.0],
                [0.908808, 0.368978, 0.19475, 0.124994, 0.14826, -0.721923, 0.675894, -0.002831, 0.389978, -0.585382, -0.710759, -1.2e-05, 0.0, 0.0, 0.0, 1.0],
                [0.910716, 0.364883, 0.193551, 0.124994, 0.149643, -0.72825, 0.668764, -0.002831, 0.384967, -0.580089, -0.717795, -1.2e-05, 0.0, 0.0, 0.0, 1.0],
                [0.912578, 0.360828, 0.192375, 0.124994, 0.150976, -0.734547, 0.661539, -0.002831, 0.380004, -0.574661, -0.724772, -1.2e-05, 0.0, 0.0, 0.0, 1.0],
                [0.914396, 0.356816, 0.191222, 0.124994, 0.15226, -0.740806, 0.654225, -0.002831, 0.37509, -0.569104, -0.731683, -1.2e-05, 0.0, 0.0, 0.0, 1.0],
                [0.916171, 0.352848, 0.190086, 0.124994, 0.153498, -0.747024, 0.646824, -0.002831, 0.370224, -0.563422, -0.738527, -1.2e-05, 0.0, 0.0, 0.0, 1.0],
                [0.917903, 0.348925, 0.188969, 0.124994, 0.15469, -0.753196, 0.63934, -0.002831, 0.365406, -0.557619, -0.7453, -1.2e-05, 0.0, 0.0, 0.0, 1.0],
                [0.919593, 0.345047, 0.187867, 0.124994, 0.155839, -0.759319, 0.631773, -0.002831, 0.360638, -0.551696, -0.752, -1.2e-05, 0.0, 0.0, 0.0, 1.0],
                [0.921242, 0.341216, 0.186782, 0.124994, 0.156945, -0.765389, 0.624129, -0.002831, 0.355919, -0.545658, -0.758624, -1.1e-05, 0.0, 0.0, 0.0, 1.0],
                [0.92285, 0.337433, 0.185711, 0.124994, 0.15801, -0.771402, 0.61641, -0.002831, 0.35125, -0.539509, -0.76517, -1.2e-05, 0.0, 0.0, 0.0, 1.0],
                [0.924419, 0.333698, 0.184653, 0.124994, 0.159036, -0.777355, 0.608618, -0.002831, 0.346632, -0.53325, -0.771636, -1.2e-05, 0.0, 0.0, 0.0, 1.0],
                [0.925948, 0.329999, 0.183636, 0.124994, 0.160024, -0.783293, 0.600694, -0.002831, 0.342065, -0.526825, -0.778061, -1.2e-05, 0.0, 0.0, 0.0, 1.0],
                [0.92744, 0.326368, 0.182598, 0.124994, 0.160975, -0.789105, 0.592782, -0.002831, 0.33755, -0.520375, -0.784348, -1.2e-05, 0.0, 0.0, 0.0, 1.0],
                [0.928892, 0.322783, 0.181582, 0.124994, 0.16189, -0.794862, 0.584787, -0.002831, 0.333089, -0.513807, -0.79056, -1.2e-05, 0.0, 0.0, 0.0, 1.0],
                [0.930308, 0.319251, 0.180577, 0.124994, 0.162771, -0.800546, 0.576734, -0.002831, 0.328681, -0.507147, -0.796682, -1.2e-05, 0.0, 0.0, 0.0, 1.0],
                [0.931686, 0.315773, 0.179584, 0.124994, 0.16362, -0.806154, 0.568626, -0.002831, 0.324327, -0.500396, -0.802712, -1.2e-05, 0.0, 0.0, 0.0, 1.0],
                [0.933028, 0.312348, 0.178604, 0.124994, 0.164436, -0.811683, 0.560466, -0.002831, 0.320028, -0.493561, -0.808648, -1.2e-05, 0.0, 0.0, 0.0, 1.0],
                [0.934333, 0.308979, 0.177635, 0.124994, 0.165222, -0.81713, 0.55226, -0.002831, 0.315786, -0.486645, -0.814486, -1.2e-05, 0.0, 0.0, 0.0, 1.0],
                [0.935604, 0.305665, 0.176678, 0.124994, 0.165979, -0.822493, 0.54401, -0.002831, 0.3116, -0.479653, -0.820226, -1.2e-05, 0.0, 0.0, 0.0, 1.0],
                [0.936839, 0.302394, 0.175758, 0.124994, 0.166707, -0.827814, 0.535653, -0.002831, 0.307472, -0.472521, -0.825903, -1.2e-05, 0.0, 0.0, 0.0, 1.0],
                [0.93804, 0.2992, 0.174817, 0.124994, 0.167407, -0.832983, 0.527357, -0.002831, 0.303404, -0.465416, -0.831424, -1.2e-05, 0.0, 0.0, 0.0, 1.0],
                [0.939207, 0.296057, 0.1739, 0.124994, 0.168082, -0.838082, 0.518997, -0.002831, 0.299395, -0.458216, -0.836858, -1.2e-05, 0.0, 0.0, 0.0, 1.0],
                [0.94034, 0.292973, 0.172997, 0.124994, 0.16873, -0.843087, 0.510613, -0.002831, 0.295448, -0.45096, -0.842186, -1.2e-05, 0.0, 0.0, 0.0, 1.0],
                [0.94144, 0.289948, 0.172109, 0.124994, 0.169355, -0.847996, 0.502209, -0.002831, 0.291562, -0.443651, -0.847405, -1.2e-05, 0.0, 0.0, 0.0, 1.0],
                [0.942507, 0.286983, 0.171236, 0.124994, 0.169955, -0.852807, 0.493789, -0.002831, 0.287741, -0.436297, -0.852514, -1.2e-05, 0.0, 0.0, 0.0, 1.0],
                [0.943541, 0.284079, 0.170378, 0.124994, 0.170533, -0.857519, 0.485358, -0.002831, 0.283984, -0.428901, -0.857513, -1.2e-05, 0.0, 0.0, 0.0, 1.0],
                [0.944544, 0.281224, 0.169557, 0.124994, 0.171089, -0.862162, 0.476864, -0.002831, 0.280293, -0.421409, -0.862427, -1.2e-05, 0.0, 0.0, 0.0, 1.0],
                [0.945515, 0.278447, 0.168726, 0.124994, 0.171625, -0.866654, 0.468454, -0.002831, 0.276668, -0.413972, -0.867186, -1.2e-05, 0.0, 0.0, 0.0, 1.0],
                [0.946455, 0.275726, 0.167924, 0.124994, 0.172139, -0.871058, 0.460021, -0.002831, 0.273113, -0.406483, -0.871843, -1.2e-05, 0.0, 0.0, 0.0, 1.0],
                [0.947363, 0.273067, 0.167141, 0.124994, 0.172634, -0.875355, 0.451602, -0.002831, 0.269627, -0.398977, -0.876383, -1.2e-05, 0.0, 0.0, 0.0, 1.0],
                [0.948242, 0.270472, 0.166378, 0.124994, 0.17311, -0.879544, 0.443203, -0.002831, 0.266213, -0.391462, -0.880805, -1.2e-05, 0.0, 0.0, 0.0, 1.0],
                [0.94909, 0.267923, 0.165664, 0.124994, 0.173568, -0.883667, 0.434741, -0.002831, 0.262871, -0.383855, -0.885146, -1.2e-05, 0.0, 0.0, 0.0, 1.0],
                [0.949909, 0.265462, 0.164935, 0.124994, 0.174008, -0.887619, 0.426436, -0.002831, 0.259604, -0.376375, -0.889313, -1.2e-05, 0.0, 0.0, 0.0, 1.0],
                [0.950697, 0.263061, 0.164233, 0.124994, 0.174431, -0.891465, 0.418161, -0.002831, 0.256413, -0.368898, -0.893362, -1.2e-05, 0.0, 0.0, 0.0, 1.0],
                [0.951457, 0.26072, 0.163564, 0.124994, 0.174838, -0.895211, 0.409908, -0.002831, 0.253299, -0.361413, -0.897301, -1.2e-05, 0.0, 0.0, 0.0, 1.0],
                [0.952188, 0.258444, 0.162921, 0.124994, 0.175228, -0.898842, 0.401713, -0.002831, 0.250264, -0.353958, -0.901116, -1.2e-05, 0.0, 0.0, 0.0, 1.0],
                [0.952891, 0.256233, 0.162304, 0.124994, 0.175603, -0.902358, 0.393585, -0.002831, 0.24731, -0.346543, -0.904807, -1.2e-05, 0.0, 0.0, 0.0, 1.0],
                [0.953565, 0.254077, 0.161731, 0.124994, 0.175964, -0.905783, 0.385474, -0.002831, 0.244437, -0.339116, -0.908394, -1.2e-05, 0.0, 0.0, 0.0, 1.0],
                [0.954212, 0.252004, 0.16116, 0.124994, 0.176309, -0.909049, 0.377546, -0.002831, 0.24165, -0.331845, -0.911819, -1.2e-05, 0.0, 0.0, 0.0, 1.0],
                [0.95483, 0.249991, 0.160629, 0.124994, 0.17664, -0.912213, 0.369678, -0.002831, 0.238949, -0.324607, -0.91513, -1.2e-05, 0.0, 0.0, 0.0, 1.0],
                [0.955422, 0.248046, 0.160128, 0.124994, 0.176957, -0.915257, 0.361922, -0.002831, 0.236336, -0.317452, -0.918312, -1.2e-05, 0.0, 0.0, 0.0, 1.0],
                [0.955986, 0.246154, 0.159678, 0.124994, 0.177261, -0.91821, 0.35421, -0.002831, 0.233813, -0.310316, -0.921393, -1.2e-05, 0.0, 0.0, 0.0, 1.0],
                [0.956523, 0.24435, 0.159229, 0.124994, 0.177551, -0.920998, 0.346748, -0.002831, 0.231383, -0.303402, -0.924304, -1.2e-05, 0.0, 0.0, 0.0, 1.0],
                [0.957034, 0.242617, 0.158811, 0.124994, 0.177828, -0.923664, 0.339438, -0.002831, 0.229047, -0.296614, -0.927085, -1.2e-05, 0.0, 0.0, 0.0, 1.0],
                [0.957518, 0.240949, 0.158432, 0.124994, 0.178092, -0.926216, 0.332269, -0.002831, 0.226808, -0.289939, -0.929743, -1.2e-05, 0.0, 0.0, 0.0, 1.0],
                [0.957976, 0.239338, 0.158106, 0.124994, 0.178342, -0.928672, 0.325205, -0.002831, 0.224669, -0.283343, -0.932293, -1.2e-05, 0.0, 0.0, 0.0, 1.0],
                [0.958407, 0.237821, 0.157781, 0.124994, 0.17858, -0.93096, 0.318462, -0.002831, 0.222631, -0.277041, -0.934672, -1.2e-05, 0.0, 0.0, 0.0, 1.0],
                [0.958812, 0.236381, 0.157484, 0.124994, 0.178806, -0.933118, 0.311955, -0.002831, 0.220698, -0.270948, -0.936914, -1.2e-05, 0.0, 0.0, 0.0, 1.0],
                [0.959191, 0.235017, 0.15722, 0.124994, 0.179018, -0.935149, 0.30569, -0.002831, 0.218872, -0.265071, -0.939021, -1.2e-05, 0.0, 0.0, 0.0, 1.0],
                [0.959544, 0.23373, 0.156985, 0.124994, 0.179218, -0.937051, 0.29969, -0.002831, 0.217156, -0.259432, -0.940992, -1.2e-05, 0.0, 0.0, 0.0, 1.0],
                [0.95987, 0.232527, 0.156777, 0.124994, 0.179404, -0.938816, 0.294, -0.002831, 0.215554, -0.254076, -0.94282, -1.2e-05, 0.0, 0.0, 0.0, 1.0],
                [0.96017, 0.23141, 0.156593, 0.124994, 0.179577, -0.940442, 0.288649, -0.002831, 0.21407, -0.249033, -0.944502, -1.2e-05, 0.0, 0.0, 0.0, 1.0],
                [0.960444, 0.230383, 0.156429, 0.124994, 0.179737, -0.941926, 0.283667, -0.002831, 0.212704, -0.244331, -0.946038, -1.2e-05, 0.0, 0.0, 0.0, 1.0],
                [0.96069, 0.229449, 0.156287, 0.124994, 0.179883, -0.943267, 0.279083, -0.002831, 0.211463, -0.24, -0.947423, -1.2e-05, 0.0, 0.0, 0.0, 1.0],
                [0.96091, 0.228611, 0.156162, 0.124994, 0.180015, -0.94446, 0.274931, -0.002831, 0.210348, -0.236074, -0.948657, -1.2e-05, 0.0, 0.0, 0.0, 1.0],
                [0.961103, 0.227875, 0.156054, 0.124994, 0.180131, -0.945503, 0.271246, -0.002831, 0.209367, -0.232586, -0.949735, -1.2e-05, 0.0, 0.0, 0.0, 1.0],
                [0.961267, 0.227243, 0.15596, 0.124994, 0.180233, -0.946392, 0.268059, -0.002831, 0.208522, -0.229568, -0.950655, -1.2e-05, 0.0, 0.0, 0.0, 1.0],
                [0.961404, 0.226719, 0.155881, 0.124994, 0.180318, -0.947125, 0.2654, -0.002831, 0.207818, -0.227049, -0.951414, -1.2e-05, 0.0, 0.0, 0.0, 1.0],
                [0.961512, 0.226308, 0.155815, 0.124994, 0.180386, -0.947698, 0.263298, -0.002831, 0.20726, -0.225058, -0.952008, -1.2e-05, 0.0, 0.0, 0.0, 1.0],
                [0.961589, 0.226011, 0.155764, 0.124994, 0.180436, -0.94811, 0.261778, -0.002831, 0.206854, -0.223618, -0.952436, -1.2e-05, 0.0, 0.0, 0.0, 1.0],
                [0.961637, 0.225832, 0.15573, 0.124994, 0.180468, -0.948358, 0.260855, -0.002831, 0.206605, -0.222745, -0.952694, -1.2e-05, 0.0, 0.0, 0.0, 1.0],
                [0.961653, 0.225772, 0.155718, 0.124994, 0.180478, -0.948441, 0.260546, -0.002831, 0.206521, -0.222452, -0.952781, -1.2e-05, 0.0, 0.0, 0.0, 1.0]
            ]
        },
        {
            "name": "Leg_R",
            "time": [0.0, 0.0167, 0.0333, 0.05, 0.0667, 0.0833, 0.1, 0.1167, 0.1333, 0.15, 0.1667, 0.1833, 0.2, 0.2167, 0.2333, 0.25, 0.2667, 0.2833, 0.3, 0.3167, 0.3333, 0.35, 0.3667, 0.3833, 0.4, 0.4167, 0.4333, 0.45, 0.4667, 0.4833, 0.5, 0.5167, 0.5333, 0.55, 0.5667, 0.5833, 0.6, 0.6167, 0.6333, 0.65, 0.6667, 0.6833, 0.7, 0.7167, 0.7333, 0.75, 0.7667, 0.7833, 0.8, 0.8167, 0.8333, 0.85, 0.8667, 0.8833, 0.9, 0.9167, 0.9333, 0.95, 0.9667, 0.9833, 1.0, 1.0167, 1.0333, 1.05, 1.0667, 1.0833, 1.1, 1.1167, 1.1333, 1.15, 1.1667, 1.1833, 1.2, 1.2167, 1.2333, 1.25, 1.2667, 1.2833, 1.3, 1.3167, 1.3333, 1.35, 1.3667, 1.3833, 1.4, 1.4167, 1.4333, 1.45, 1.4667, 1.4833, 1.5, 1.5167, 1.5333, 1.55, 1.5667, 1.5833, 1.6, 1.6167, 1.6333, 1.65, 1.6667, 1.6833, 1.7, 1.7167, 1.7333, 1.75, 1.7667, 1.7833, 1.8, 1.8167, 1.8333, 1.85, 1.8667, 1.8833, 1.9, 1.9167, 1.9333, 1.95, 1.9667, 1.9833, 2.0],
            "transform": [
                [0.999998, -0.001095, -0.001461, 0.0, 0.001208, -0.203262, 0.97911, 0.375166, -0.001369, -0.979136, -0.203252, -0.0, 0.0, 0.0, 0.0, 1.0],
                [0.999999, -0.001112, -0.001351, -0.0, 0.001226, -0.105511, 0.994404, 0.375166, -0.001248, -0.994433, -0.105501, -0.0, 0.0, 0.0, 0.0, 1.0],
                [0.999999, -0.001085, -0.000963, -0.0, 0.001197, 0.242043, 0.970249, 0.375166, -0.00082, -0.970285, 0.242055, -0.0, 0.0, 0.0, 0.0, 1.0],
                [1.0, -0.000907, -0.000579, -0.0, 0.001, 0.585101, 0.810941, 0.375166, -0.000397, -0.810979, 0.585114, -0.0, 0.0, 0.0, 0.0, 1.0],
                [1.0, -0.000699, -0.00036, 0.0, 0.000771, 0.780762, 0.62481, 0.375166, -0.000155, -0.624842, 0.780772, 0.0, 0.0, 0.0, 0.0, 1.0],
                [1.0, -0.000415, -0.000195, -0.0, 0.000457, 0.928674, 0.370886, 0.375166, 2.7e-05, -0.370903, 0.928678, -0.0, 0.0, 0.0, 0.0, 1.0],
                [1.0, -6e-06, -0.000115, -0.0, 7e-06, 0.999986, 0.005373, 0.375166, 0.000115, -0.005361, 0.999986, 0.0, 0.0, 0.0, 0.0, 1.0],
                [1.0, -6e-06, -0.000115, 0.0, 7e-06, 0.999986, 0.005373, 0.375166, 0.000115, -0.005361, 0.999986, -0.0, 0.0, 0.0, 0.0, 1.0],
                [1.0, -0.000273, -0.000149, 0.0, 0.000301, 0.969725, 0.244193, 0.375166, 7.8e-05, -0.2442, 0.969726, -0.0, 0.0, 0.0, 0.0, 1.0],
                [1.0, -0.000445, -0.000207, 0.0, 0.00049, 0.917568, 0.397567, 0.375166, 1.3e-05, -0.397585, 0.917572, 0.0, 0.0, 0.0, 0.0, 1.0],
                [1.0, -0.000543, -0.000256, 0.0, 0.000599, 0.874305, 0.485361, 0.375166, -4e-05, -0.485386, 0.874311, -0.0, 0.0, 0.0, 0.0, 1.0],
