{
    "animation": [
        {
            "name": "Root",
            "time": [0.0, 0.0167, 0.0333, 0.05, 0.0667, 0.0833, 0.1, 0.1167, 0.1333, 0.15, 0.1667, 0.1833, 0.2, 0.2167, 0.2333, 0.25, 0.2667, 0.2833, 0.3, 0.3167, 0.3333, 0.35, 0.3667, 0.3833, 0.4, 0.4167, 0.4333, 0.45, 0.4667, 0.4833, 0.5, 0.5167, 0.5333, 0.55, 0.5667, 0.5833, 0.6, 0.6167, 0.6333, 0.65],
            "transform": [
                [0.900842, 0.0, -0.434148, -5e-06, -0.434148, 0.0, -0.900842, 0.000946, 0.0, 1.0, 0.0, 0.739346, 0.0, 0.0, 0.0, 1.0],
                [0.900842, 0.0, -0.434148, -5e-06, -0.434148, 0.0, -0.900842, -0.020657, 0.0, 1.0, 0.0, 0.739346, 0.0, 0.0, 0.0, 1.0],
                [0.900842, 0.0, -0.434148, -5e-06, -0.434148, 0.0, -0.900842, -0.066884, 0.0, 1.0, 0.0, 0.739346, 0.0, 0.0, 0.0, 1.0],
                [0.900842, 0.0, -0.434148, -5e-06, -0.434148, 0.0, -0.900842, -0.088487, 0.0, 1.0, 0.0, 0.739346, 0.0, 0.0, 0.0, 1.0],
                [0.900842, 0.0, -0.434148, -5e-06, -0.434148, 0.0, -0.900842, -0.080926, 0.0, 1.0, 0.0, 0.731987, 0.0, 0.0, 0.0, 1.0],
                [0.900842, 0.0, -0.434148, -5e-06, -0.434148, 0.0, -0.900842, -0.05824, 0.0, 1.0, 0.0, 0.709907, 0.0, 0.0, 0.0, 1.0],
                [0.900842, 0.0, -0.434148, -5e-06, -0.434148, 0.0, -0.900842, -0.021813, 0.0, 1.0, 0.0, 0.674454, 0.0, 0.0, 0.0, 1.0],
                [0.900842, 0.0, -0.434148, -5e-06, -0.434148, 0.0, -0.900842, 0.024526, 0.0, 1.0, 0.0, 0.629353, 0.0, 0.0, 0.0, 1.0],
                [0.900842, 0.0, -0.434148, -5e-06, -0.434148, 0.0, -0.900842, 0.074521, 0.0, 1.0, 0.0, 0.580694, 0.0, 0.0, 0.0, 1.0],
                [0.900842, 0.0, -0.434148, -5e-06, -0.434148, 0.0, -0.900842, 0.120861, 0.0, 1.0, 0.0, 0.535594, 0.0, 0.0, 0.0, 1.0],
                [0.900842, 0.0, -0.434148, -5e-06, -0.434148, 0.0, -0.900842, 0.157287, 0.0, 1.0, 0.0, 0.500141, 0.0, 0.0, 0.0, 1.0],
                [0.900842, 0.0, -0.434148, -5e-06, -0.434148, 0.0, -0.900842, 0.179974, 0.0, 1.0, 0.0, 0.478061, 0.0, 0.0, 0.0, 1.0],
                [0.900842, 0.0, -0.434148, -5e-06, -0.434148, 0.0, -0.900842, 0.187535, 0.0, 1.0, 0.0, 0.470702, 0.0, 0.0, 0.0, 1.0],
                [0.900842, 0.0, -0.434148, -5e-06, -0.434148, 0.0, -0.900842, 0.187535, 0.0, 1.0, 0.0, 0.470702, 0.0, 0.0, 0.0, 1.0],
                [0.900842, 0.0, -0.434148, -5e-06, -0.434148, 0.0, -0.900842, 0.187535, 0.0, 1.0, 0.0, 0.470702, 0.0, 0.0, 0.0, 1.0],
                [0.900842, 0.0, -0.434148, -5e-06, -0.434148, 0.0, -0.900842, 0.187535, 0.0, 1.0, 0.0, 0.470702, 0.0, 0.0, 0.0, 1.0],
                [0.900842, 0.0, -0.434148, -5e-06, -0.434148, 0.0, -0.900842, 0.187535, 0.0, 1.0, 0.0, 0.470702, 0.0, 0.0, 0.0, 1.0],
                [0.900842, 0.0, -0.434148, -5e-06, -0.434148, 0.0, -0.900842, 0.187535, 0.0, 1.0, 0.0, 0.470702, 0.0, 0.0, 0.0, 1.0],
                [0.900842, 0.0, -0.434148, -5e-06, -0.434148, 0.0, -0.900842, 0.187535, 0.0, 1.0, 0.0, 0.470702, 0.0, 0.0, 0.0, 1.0],
                [0.900842, 0.0, -0.434148, -5e-06, -0.434148, 0.0, -0.900842, 0.188463, 0.0, 1.0, 0.0, 0.472044, 0.0, 0.0, 0.0, 1.0],
                [0.900842, 0.0, -0.434148, -5e-06, -0.434148, 0.0, -0.900842, 0.191267, 0.0, 1.0, 0.0, 0.476102, 0.0, 0.0, 0.0, 1.0],
                [0.900842, 0.0, -0.434148, -5e-06, -0.434148, 0.0, -0.900842, 0.195958, 0.0, 1.0, 0.0, 0.482888, 0.0, 0.0, 0.0, 1.0],
                [0.900842, 0.0, -0.434148, -5e-06, -0.434148, 0.0, -0.900842, 0.202511, 0.0, 1.0, 0.0, 0.492369, 0.0, 0.0, 0.0, 1.0],
                [0.900842, 0.0, -0.434148, -5e-06, -0.434148, 0.0, -0.900842, 0.210858, 0.0, 1.0, 0.0, 0.504445, 0.0, 0.0, 0.0, 1.0],
                [0.900842, 0.0, -0.434148, -5e-06, -0.434148, 0.0, -0.900842, 0.220877, 0.0, 1.0, 0.0, 0.518941, 0.0, 0.0, 0.0, 1.0],
                [0.900842, 0.0, -0.434148, -5e-06, -0.434148, 0.0, -0.900842, 0.232387, 0.0, 1.0, 0.0, 0.535594, 0.0, 0.0, 0.0, 1.0],
                [0.900842, 0.0, -0.434148, -5e-06, -0.434148, 0.0, -0.900842, 0.245144, 0.0, 1.0, 0.0, 0.554051, 0.0, 0.0, 0.0, 1.0],
                [0.900842, 0.0, -0.434148, -5e-06, -0.434148, 0.0, -0.900842, 0.258844, 0.0, 1.0, 0.0, 0.573871, 0.0, 0.0, 0.0, 1.0],
                [0.900842, 0.0, -0.434148, -5e-06, -0.434148, 0.0, -0.900842, 0.273132, 0.0, 1.0, 0.0, 0.594543, 0.0, 0.0, 0.0, 1.0],
                [0.900842, 0.0, -0.434148, -5e-06, -0.434148, 0.0, -0.900842, 0.28762, 0.0, 1.0, 0.0, 0.615505, 0.0, 0.0, 0.0, 1.0],
                [0.900842, 0.0, -0.434148, -5e-06, -0.434148, 0.0, -0.900842, 0.301908, 0.0, 1.0, 0.0, 0.636176, 0.0, 0.0, 0.0, 1.0],
                [0.900842, 0.0, -0.434148, -5e-06, -0.434148, 0.0, -0.900842, 0.315608, 0.0, 1.0, 0.0, 0.655997, 0.0, 0.0, 0.0, 1.0],
                [0.900842, 0.0, -0.434148, -5e-06, -0.434148, 0.0, -0.900842, 0.328365, 0.0, 1.0, 0.0, 0.674454, 0.0, 0.0, 0.0, 1.0],
                [0.900842, 0.0, -0.434148, -5e-06, -0.434148, 0.0, -0.900842, 0.339875, 0.0, 1.0, 0.0, 0.691107, 0.0, 0.0, 0.0, 1.0],
                [0.900842, 0.0, -0.434148, -5e-06, -0.434148, 0.0, -0.900842, 0.349894, 0.0, 1.0, 0.0, 0.705602, 0.0, 0.0, 0.0, 1.0],
                [0.900842, 0.0, -0.434148, -5e-06, -0.434148, 0.0, -0.900842, 0.358241, 0.0, 1.0, 0.0, 0.717678, 0.0, 0.0, 0.0, 1.0],
                [0.900842, 0.0, -0.434148, -5e-06, -0.434148, 0.0, -0.900842, 0.364794, 0.0, 1.0, 0.0, 0.727159, 0.0, 0.0, 0.0, 1.0],
                [0.900842, 0.0, -0.434148, -5e-06, -0.434148, 0.0, -0.900842, 0.369485, 0.0, 1.0, 0.0, 0.733946, 0.0, 0.0, 0.0, 1.0],
                [0.900842, 0.0, -0.434148, -5e-06, -0.434148, 0.0, -0.900842, 0.372289, 0.0, 1.0, 0.0, 0.738003, 0.0, 0.0, 0.0, 1.0],
                [0.900842, 0.0, -0.434148, -5e-06, -0.434148, 0.0, -0.900842, 0.373217, 0.0, 1.0, 0.0, 0.739346, 0.0, 0.0, 0.0, 1.0]
            ]
        },
        {
            "name": "Thigh_R",
            "time": [0.0, 0.0167, 0.0333, 0.05, 0.0667, 0.0833, 0.1, 0.1167, 0.1333, 0.15, 0.1667, 0.1833, 0.2, 0.2167, 0.2333, 0.25, 0.2667, 0.2833, 0.3, 0.3167, 0.3333, 0.35, 0.3667, 0.3833, 0.4, 0.4167, 0.4333, 0.45, 0.4667, 0.4833, 0.5, 0.5167, 0.5333, 0.55, 0.5667, 0.5833, 0.6, 0.6167, 0.6333, 0.65],
            "transform": [
                [0.990703, 0.115138, 0.072456, 0.124994, 0.119659, -0.99091, -0.061465, -0.002831, 0.064723, 0.069573, -0.995437, -1.2e-05, 0.0, 0.0, 0.0, 1.0],
                [0.992996, 0.103988, 0.056092, 0.124994, 0.103981, -0.994574, 0.003075, -0.002831, 0.056109, 0.002788, -0.998383, -1.2e-05, 0.0, 0.0, 0.0, 1.0],
                [0.996683, 0.075415, 0.030589, 0.124994, 0.071739, -0.991633, 0.10732, -0.002831, 0.038428, -0.104762, -0.993716, -1.2e-05, 0.0, 0.0, 0.0, 1.0],
                [0.997892, 0.061137, 0.021788, 0.124994, 0.057286, -0.987462, 0.147095, -0.002831, 0.030509, -0.14553, -0.988845, -1.2e-05, 0.0, 0.0, 0.0, 1.0],
                [0.997446, 0.067852, 0.022294, 0.124994, 0.06301, -0.982974, 0.172602, -0.002831, 0.033627, -0.170749, -0.984702, -1.2e-05, 0.0, 0.0, 0.0, 1.0],
                [0.995739, 0.088959, 0.024283, 0.124994, 0.081264, -0.970991, 0.224879, -0.002831, 0.043585, -0.221938, -0.974047, -1.2e-05, 0.0, 0.0, 0.0, 1.0],
                [0.991506, 0.126837, 0.028789, 0.124994, 0.114482, -0.956127, 0.26965, -0.002831, 0.061729, -0.264052, -0.962493, -1.2e-05, 0.0, 0.0, 0.0, 1.0],
                [0.982163, 0.184058, 0.038444, 0.124994, 0.165347, -0.942784, 0.289508, -0.002831, 0.089534, -0.277972, -0.95637, -1.2e-05, 0.0, 0.0, 0.0, 1.0],
                [0.963812, 0.260233, 0.057832, 0.124994, 0.234266, -0.930329, 0.282136, -0.002831, 0.127228, -0.25836, -0.957598, -1.2e-05, 0.0, 0.0, 0.0, 1.0],
                [0.933453, 0.347364, 0.089442, 0.124994, 0.315073, -0.913205, 0.258414, -0.002831, 0.171449, -0.213015, -0.961854, -1.2e-05, 0.0, 0.0, 0.0, 1.0],
                [0.894542, 0.428453, 0.127338, 0.124994, 0.39251, -0.889268, 0.234799, -0.002831, 0.213845, -0.160033, -0.963638, -1.2e-05, 0.0, 0.0, 0.0, 1.0],
                [0.860408, 0.484494, 0.157965, 0.124994, 0.447433, -0.866601, 0.220902, -0.002831, 0.243928, -0.119364, -0.962389, -1.2e-05, 0.0, 0.0, 0.0, 1.0],
                [0.846901, 0.504018, 0.16945, 0.124994, 0.466855, -0.857336, 0.216823, -0.002831, 0.254567, -0.104496, -0.961363, -1.2e-05, 0.0, 0.0, 0.0, 1.0],
                [0.846901, 0.504018, 0.16945, 0.124994, 0.466855, -0.857336, 0.216823, -0.002831, 0.254567, -0.104496, -0.961363, -1.2e-05, 0.0, 0.0, 0.0, 1.0],
                [0.846901, 0.504018, 0.16945, 0.124994, 0.466855, -0.857336, 0.216823, -0.002831, 0.254567, -0.104496, -0.961363, -1.2e-05, 0.0, 0.0, 0.0, 1.0],
                [0.846901, 0.504018, 0.16945, 0.124994, 0.466855, -0.857336, 0.216823, -0.002831, 0.254567, -0.104496, -0.961363, -1.2e-05, 0.0, 0.0, 0.0, 1.0],
                [0.846901, 0.504018, 0.16945, 0.124994, 0.466855, -0.857336, 0.216823, -0.002831, 0.254567, -0.104496, -0.961363, -1.2e-05, 0.0, 0.0, 0.0, 1.0],
                [0.846901, 0.504018, 0.16945, 0.124994, 0.466855, -0.857336, 0.216823, -0.002831, 0.254567, -0.104496, -0.961363, -1.2e-05, 0.0, 0.0, 0.0, 1.0],
                [0.846901, 0.504018, 0.16945, 0.124994, 0.466855, -0.857336, 0.216823, -0.002831, 0.254567, -0.104496, -0.961363, -1.2e-05, 0.0, 0.0, 0.0, 1.0],
                [0.847107, 0.505758, 0.163117, 0.124994, 0.468282, -0.855538, 0.220813, -0.002831, 0.25124, -0.110644, -0.96155, -1.2e-05, 0.0, 0.0, 0.0, 1.0],
                [0.847616, 0.510594, 0.144329, 0.124994, 0.472646, -0.850172, 0.23196, -0.002831, 0.24115, -0.128373, -0.96193, -1.2e-05, 0.0, 0.0, 0.0, 1.0],
                [0.848351, 0.516819, 0.114845, 0.124994, 0.479522, -0.842019, 0.247089, -0.002831, 0.22441, -0.154524, -0.962135, -1.2e-05, 0.0, 0.0, 0.0, 1.0],
                [0.849651, 0.521542, 0.077962, 0.124994, 0.487193, -0.832911, 0.262471, -0.002831, 0.201832, -0.185003, -0.961759, -1.2e-05, 0.0, 0.0, 0.0, 1.0],
                [0.852657, 0.521038, 0.038549, 0.124994, 0.492161, -0.825763, 0.275465, -0.002831, 0.175367, -0.215881, -0.960513, -1.2e-05, 0.0, 0.0, 0.0, 1.0],
                [0.85924, 0.511562, 0.001403, 0.124994, 0.489648, -0.823201, 0.287353, -0.002831, 0.148158, -0.246195, -0.9578, -1.2e-05, 0.0, 0.0, 0.0, 1.0],
                [0.871019, 0.490347, -0.029646, 0.124994, 0.475407, -0.826185, 0.30231, -0.002831, 0.123747, -0.277389, -0.952725, -1.2e-05, 0.0, 0.0, 0.0, 1.0],
                [0.887965, 0.456985, -0.051736, 0.124994, 0.447824, -0.833515, 0.32356, -0.002831, 0.104743, -0.310456, -0.944769, -1.2e-05, 0.0, 0.0, 0.0, 1.0],
                [0.90799, 0.41418, -0.063286, 0.124994, 0.408777, -0.842531, 0.350755, -0.002831, 0.091958, -0.34433, -0.934303, -1.2e-05, 0.0, 0.0, 0.0, 1.0],
                [0.927478, 0.368088, -0.065519, 0.124994, 0.364393, -0.85073, 0.378764, -0.002831, 0.083682, -0.375148, -0.923147, -1.2e-05, 0.0, 0.0, 0.0, 1.0],
                [0.944182, 0.323828, -0.06045, 0.124994, 0.320022, -0.858118, 0.401505, -0.002831, 0.078148, -0.398418, -0.913834, -1.2e-05, 0.0, 0.0, 0.0, 1.0],
                [0.95762, 0.283772, -0.049363, 0.124994, 0.278198, -0.866816, 0.413793, -0.002831, 0.074637, -0.409968, -0.909005, -1.2e-05, 0.0, 0.0, 0.0, 1.0],
                [0.967888, 0.249067, -0.034038, 0.124994, 0.240727, -0.879311, 0.410918, -0.002831, 0.072419, -0.405897, -0.911009, -1.2e-05, 0.0, 0.0, 0.0, 1.0],
                [0.975425, 0.219701, -0.01662, 0.124994, 0.208616, -0.896661, 0.390475, -0.002831, 0.070888, -0.384328, -0.920434, -1.2e-05, 0.0, 0.0, 0.0, 1.0],
                [0.980798, 0.195021, 0.001178, 0.124994, 0.18217, -0.918285, 0.351512, -0.002831, 0.069636, -0.34453, -0.936151, -1.2e-05, 0.0, 0.0, 0.0, 1.0],
                [0.984547, 0.174186, 0.018075, 0.124994, 0.161187, -0.941709, 0.295293, -0.002831, 0.06846, -0.287801, -0.955203, -1.2e-05, 0.0, 0.0, 0.0, 1.0],
                [0.987114, 0.156492, 0.033412, 0.124994, 0.145171, -0.963612, 0.22444, -0.002831, 0.067321, -0.216683, -0.97388, -1.2e-05, 0.0, 0.0, 0.0, 1.0],
                [0.988827, 0.141482, 0.046937, 0.124994, 0.133518, -0.980653, 0.143143, -0.002831, 0.066283, -0.135264, -0.988552, -1.2e-05, 0.0, 0.0, 0.0, 1.0],
                [0.989913, 0.12897, 0.05865, 0.124994, 0.125658, -0.990432, 0.057039, -0.002831, 0.065447, -0.049083, -0.99661, -1.2e-05, 0.0, 0.0, 0.0, 1.0],
                [0.990512, 0.119377, 0.068083, 0.124994, 0.121134, -0.992385, -0.022277, -0.002831, 0.064908, 0.030323, -0.997393, -1.2e-05, 0.0, 0.0, 0.0, 1.0],
                [0.990703, 0.115138, 0.072456, 0.124994, 0.119659, -0.99091, -0.061466, -0.002831, 0.064723, 0.069573, -0.995437, -1.2e-05, 0.0, 0.0, 0.0, 1.0]
            ]
        },
        {
            "name": "Leg_R",
            "time": [0.0, 0.0167, 0.0333, 0.05, 0.0667, 0.0833, 0.1, 0.1167, 0.1333, 0.15, 0.1667, 0.1833, 0.2, 0.2167, 0.2333, 0.25, 0.2667, 0.2833, 0.3, 0.3167, 0.3333, 0.35, 0.3667, 0.3833, 0.4, 0.4167, 0.4333, 0.45, 0.4667, 0.4833, 0.5, 0.5167, 0.5333, 0.55, 0.5667, 0.5833, 0.6, 0.6167, 0.6333, 0.65],
            "transform": [
                [1.0, -0.000268, -0.000148, 0.0, 0.000295, 0.970946, 0.239293, 0.375166, 7.9e-05, -0.2393, 0.970948, 0.0, 0.0, 0.0, 0.0, 1.0],
                [1.0, -0.000356, -0.000173, -0.0, 0.000393, 0.947911, 0.318527, 0.375166, 5.1e-05, -0.318539, 0.947914, -0.0, 0.0, 0.0, 0.0, 1.0],
                [1.0, -0.000464, -0.000216, 0.0, 0.000512, 0.909762, 0.415118, 0.375166, 4e-06, -0.415137, 0.909767, 0.0, 0.0, 0.0, 0.0, 1.0],
                [1.0, -0.000494, -0.00023, -0.0, 0.000545, 0.897204, 0.441603, 0.375166, -1.2e-05, -0.441624, 0.89721, 0.0, 0.0, 0.0, 0.0, 1.0],
                [1.0, -0.000564, -0.000268, -0.0, 0.000622, 0.863355, 0.504581, 0.375166, -5.3e-05, -0.504606, 0.863362, 0.0, 0.0, 0.0, 0.0, 1.0],
                [1.0, -0.000718, -0.000376, -0.0, 0.000792, 0.766791, 0.641879, 0.375166, -0.000173, -0.641911, 0.766802, 0.0, 0.0, 0.0, 0.0, 1.0],
                [0.999999, -0.000871, -0.000532, 0.0, 0.000961, 0.626677, 0.77926, 0.375166, -0.000345, -0.779297, 0.62669, -0.0, 0.0, 0.0, 0.0, 1.0],
                [0.999999, -0.000984, -0.000702, 0.0, 0.001085, 0.474816, 0.880067, 0.375166, -0.000533, -0.880105, 0.474829, 0.0, 0.0, 0.0, 0.0, 1.0],
                [0.999999, -0.00105, -0.000848, 0.0, 0.001158, 0.344285, 0.938848, 0.375166, -0.000694, -0.938886, 0.344298, 0.0, 0.0, 0.0, 0.0, 1.0],
                [0.999999, -0.001082, -0.000949, -0.0, 0.001193, 0.25428, 0.967114, 0.375166, -0.000805, -0.967151, 0.254292, 0.0, 0.0, 0.0, 0.0, 1.0],
                [0.999999, -0.001095, -0.001005, -0.0, 0.001207, 0.204329, 0.978886, 0.375166, -0.000866, -0.978922, 0.204341, 0.0, 0.0, 0.0, 0.0, 1.0],
                [0.999999, -0.001099, -0.001029, -0.0, 0.001213, 0.182479, 0.983193, 0.375166, -0.000893, -0.98323, 0.18249, 0.0, 0.0, 0.0, 0.0, 1.0],
                [0.999999, -0.001101, -0.001036, -0.0, 0.001214, 0.176776, 0.984235, 0.375166, -0.0009, -0.984271, 0.176787, 0.0, 0.0, 0.0, 0.0, 1.0],
                [0.999999, -0.001101, -0.001036, -0.0, 0.001214, 0.176776, 0.984235, 0.375166, -0.0009, -0.984271, 0.176787, 0.0, 0.0, 0.0, 0.0, 1.0],
                [0.999999, -0.001101, -0.001036, -0.0, 0.001214, 0.176776, 0.984235, 0.375166, -0.0009, -0.984271, 0.176787, 0.0, 0.0, 0.0, 0.0, 1.0],
                [0.999999, -0.001101, -0.001036, -0.0, 0.001214, 0.176776, 0.984235, 0.375166, -0.0009, -0.984271, 0.176787, 0.0, 0.0, 0.0, 0.0, 1.0],
                [0.999999, -0.001101, -0.001036, -0.0, 0.001214, 0.176776, 0.984235, 0.375166, -0.0009, -0.984271, 0.176787, 0.0, 0.0, 0.0, 0.0, 1.0],
                [0.999999, -0.001101, -0.001036, -0.0, 0.001214, 0.176776, 0.984235, 0.375166, -0.0009, -0.984271, 0.176787, 0.0, 0.0, 0.0, 0.0, 1.0],
                [0.999999, -0.001101, -0.001036, -0.0, 0.001214, 0.176776, 0.984235, 0.375166, -0.0009, -0.984271, 0.176787, 0.0, 0.0, 0.0, 0.0, 1.0],
                [0.999999, -0.001104, -0.001055, 0.0, 0.001218, 0.159246, 0.987223, 0.375166, -0.000922, -0.987259, 0.159257, 0.0, 0.0, 0.0, 0.0, 1.0],
                [0.999999, -0.001112, -0.001113, -0.0, 0.001226, 0.107524, 0.994186, 0.375166, -0.000986, -0.994222, 0.107535, -0.0, 0.0, 0.0, 0.0, 1.0],
                [0.999999, -0.001118, -0.001202, -0.0, 0.001233, 0.028159, 0.999588, 0.375166, -0.001084, -0.999622, 0.028169, 0.0, 0.0, 0.0, 0.0, 1.0],
                [0.999998, -0.001116, -0.001308, 0.0, 0.001231, -0.066744, 0.997755, 0.375166, -0.001201, -0.997786, -0.066735, 0.0, 0.0, 0.0, 0.0, 1.0],
                [0.999998, -0.001104, -0.001413, -0.0, 0.001217, -0.160719, 0.986985, 0.375166, -0.001317, -0.987015, -0.160709, -0.0, 0.0, 0.0, 0.0, 1.0],
                [0.999998, -0.001086, -0.001501, 0.0, 0.001197, -0.239658, 0.970843, 0.375166, -0.001414, -0.97087, -0.239648, -0.0, 0.0, 0.0, 0.0, 1.0],
                [0.999998, -0.001069, -0.001563, 0.0, 0.001178, -0.294669, 0.955585, 0.375166, -0.001482, -0.955611, -0.294659, -0.0, 0.0, 0.0, 0.0, 1.0],
                [0.999998, -0.001059, -0.001592, 0.0, 0.001168, -0.320879, 0.947106, 0.375166, -0.001514, -0.947131, -0.320869, -0.0, 0.0, 0.0, 0.0, 1.0],
                [0.999998, -0.001061, -0.001586, -0.0, 0.00117, -0.315821, 0.948805, 0.375166, -0.001508, -0.94883, -0.315811, 0.0, 0.0, 0.0, 0.0, 1.0],
                [0.999998, -0.001073, -0.00155, -0.0, 0.001183, -0.282859, 0.959147, 0.375166, -0.001467, -0.959173, -0.282849, -0.0, 0.0, 0.0, 0.0, 1.0],
                [0.999998, -0.00109, -0.001484, -0.0, 0.001202, -0.224602, 0.974436, 0.375166, -0.001395, -0.974464, -0.224592, -0.0, 0.0, 0.0, 0.0, 1.0],
                [0.999998, -0.001108, -0.001388, -0.0, 0.001221, -0.13839, 0.990363, 0.375166, -0.001289, -0.990392, -0.13838, -0.0, 0.0, 0.0, 0.0, 1.0],
                [0.999998, -0.001118, -0.001259, 0.0, 0.001233, -0.022566, 0.99973, 0.375166, -0.001146, -0.999762, -0.022556, -0.0, 0.0, 0.0, 0.0, 1.0],
                [0.999999, -0.00111, -0.001099, 0.0, 0.001224, 0.120228, 0.992731, 0.375166, -0.00097, -0.992765, 0.120239, 0.0, 0.0, 0.0, 0.0, 1.0],
                [0.999999, -0.001072, -0.000916, -0.0, 0.001183, 0.283565, 0.958937, 0.375166, -0.000769, -0.958974, 0.283577, -0.0, 0.0, 0.0, 0.0, 1.0],
                [0.999999, -0.000995, -0.000724, -0.0, 0.001098, 0.455625, 0.890154, 0.375166, -0.000556, -0.890193, 0.455638, -0.0, 0.0, 0.0, 0.0, 1.0],
                [0.999999, -0.000876, -0.000538, 0.0, 0.000966, 0.621811, 0.783148, 0.375166, -0.000351, -0.783185, 0.621825, 0.0, 0.0, 0.0, 0.0, 1.0],
                [1.0, -0.000718, -0.000376, -0.0, 0.000792, 0.766825, 0.641838, 0.375166, -0.000173, -0.641871, 0.766835, -0.0, 0.0, 0.0, 0.0, 1.0],
                [1.0, -0.000535, -0.000251, -0.0, 0.00059, 0.878317, 0.478063, 0.375166, -3.5e-05, -0.478087, 0.878324, 0.0, 0.0, 0.0, 0.0, 1.0],
                [1.0, -0.000357, -0.000174, 0.0, 0.000394, 0.947646, 0.319312, 0.375166, 5e-05, -0.319325, 0.947649, -0.0, 0.0, 0.0, 0.0, 1.0],
                [1.0, -0.000268, -0.000148, 0.0, 0.000295, 0.970946, 0.239293, 0.375166, 7.9e-05, -0.2393, 0.970948, 0.0, 0.0, 0.0, 0.0, 1.0]
            ]
        },
        {
            "name": "Knee_R",
            "time": [0.0, 0.0167, 0.0333, 0.05, 0.0667, 0.0833, 0.1, 0.1167, 0.1333, 0.15, 0.1667, 0.1833, 0.2, 0.2167, 0.2333, 0.25, 0.2667, 0.2833, 0.3, 0.3167, 0.3333, 0.35, 0.3667, 0.3833, 0.4, 0.4167, 0.4333, 0.45, 0.4667, 0.4833, 0.5, 0.5167, 0.5333, 0.55, 0.5667, 0.5833, 0.6, 0.6167, 0.6333, 0.65],
            "transform": [
                [1.0, -5.7e-05, 5.4e-05, 0.0, 5.7e-05, 0.048757, -0.998811, 0.375166, 5.4e-05, 0.998811, 0.048757, 0.0, 0.0, 0.0, 0.0, 1.0],
                [1.0, -5.7e-05, 5.4e-05, -0.0, 5.7e-05, 0.048757, -0.998811, 0.375166, 5.4e-05, 0.998811, 0.048757, -0.0, 0.0, 0.0, 0.0, 1.0],
                [1.0, -5.7e-05, 5.4e-05, 0.0, 5.7e-05, 0.048757, -0.998811, 0.375166, 5.4e-05, 0.998811, 0.048757, 0.0, 0.0, 0.0, 0.0, 1.0],
                [1.0, -5.7e-05, 5.4e-05, -0.0, 5.7e-05, 0.048757, -0.998811, 0.375166, 5.4e-05, 0.998811, 0.048757, 0.0, 0.0, 0.0, 0.0, 1.0],
                [1.0, -5.7e-05, 5.4e-05, -0.0, 5.7e-05, 0.048757, -0.998811, 0.375166, 5.4e-05, 0.998811, 0.048757, 0.0, 0.0, 0.0, 0.0, 1.0],
                [1.0, -5.7e-05, 5.4e-05, -0.0, 5.7e-05, 0.048757, -0.998811, 0.375166, 5.4e-05, 0.998811, 0.048757, 0.0, 0.0, 0.0, 0.0, 1.0],
                [1.0, -5.7e-05, 5.4e-05, 0.0, 5.7e-05, 0.048757, -0.998811, 0.375166, 5.4e-05, 0.998811, 0.048757, -0.0, 0.0, 0.0, 0.0, 1.0],
                [1.0, -5.7e-05, 5.4e-05, 0.0, 5.7e-05, 0.048757, -0.998811, 0.375166, 5.4e-05, 0.998811, 0.048757, 0.0, 0.0, 0.0, 0.0, 1.0],
                [1.0, -5.7e-05, 5.4e-05, 0.0, 5.7e-05, 0.048757, -0.998811, 0.375166, 5.4e-05, 0.998811, 0.048757, 0.0, 0.0, 0.0, 0.0, 1.0],
                [1.0, -5.7e-05, 5.4e-05, -0.0, 5.7e-05, 0.048757, -0.998811, 0.375166, 5.4e-05, 0.998811, 0.048757, 0.0, 0.0, 0.0, 0.0, 1.0],
                [1.0, -5.7e-05, 5.4e-05, -0.0, 5.7e-05, 0.048757, -0.998811, 0.375166, 5.4e-05, 0.998811, 0.048757, 0.0, 0.0, 0.0, 0.0, 1.0],
                [1.0, -5.7e-05, 5.4e-05, -0.0, 5.7e-05, 0.048757, -0.998811, 0.375166, 5.4e-05, 0.998811, 0.048757, 0.0, 0.0, 0.0, 0.0, 1.0],
                [1.0, -5.7e-05, 5.4e-05, -0.0, 5.7e-05, 0.048757, -0.998811, 0.375166, 5.4e-05, 0.998811, 0.048757, 0.0, 0.0, 0.0, 0.0, 1.0],
                [1.0, -5.7e-05, 5.4e-05, -0.0, 5.7e-05, 0.048757, -0.998811, 0.375166, 5.4e-05, 0.998811, 0.048757, 0.0, 0.0, 0.0, 0.0, 1.0],
                [1.0, -5.7e-05, 5.4e-05, -0.0, 5.7e-05, 0.048757, -0.998811, 0.375166, 5.4e-05, 0.998811, 0.048757, 0.0, 0.0, 0.0, 0.0, 1.0],
                [1.0, -5.7e-05, 5.4e-05, -0.0, 5.7e-05, 0.048757, -0.998811, 0.375166, 5.4e-05, 0.998811, 0.048757, 0.0, 0.0, 0.0, 0.0, 1.0],
                [1.0, -5.7e-05, 5.4e-05, -0.0, 5.7e-05, 0.048757, -0.998811, 0.375166, 5.4e-05, 0.998811, 0.048757, 0.0, 0.0, 0.0, 0.0, 1.0],
                [1.0, -5.7e-05, 5.4e-05, -0.0, 5.7e-05, 0.048757, -0.998811, 0.375166, 5.4e-05, 0.998811, 0.048757, 0.0, 0.0, 0.0, 0.0, 1.0],
                [1.0, -5.7e-05, 5.4e-05, -0.0, 5.7e-05, 0.048757, -0.998811, 0.375166, 5.4e-05, 0.998811, 0.048757, 0.0, 0.0, 0.0, 0.0, 1.0],
                [1.0, -5.7e-05, 5.4e-05, 0.0, 5.7e-05, 0.048757, -0.998811, 0.375166, 5.4e-05, 0.998811, 0.048757, 0.0, 0.0, 0.0, 0.0, 1.0],
                [1.0, -5.7e-05, 5.4e-05, -0.0, 5.7e-05, 0.048757, -0.998811, 0.375166, 5.4e-05, 0.998811, 0.048757, -0.0, 0.0, 0.0, 0.0, 1.0],
                [1.0, -5.7e-05, 5.4e-05, -0.0, 5.7e-05, 0.048757, -0.998811, 0.375166, 5.4e-05, 0.998811, 0.048757, 0.0, 0.0, 0.0, 0.0, 1.0],
                [1.0, -5.7e-05, 5.4e-05, 0.0, 5.7e-05, 0.048757, -0.998811, 0.375166, 5.4e-05, 0.998811, 0.048757, 0.0, 0.0, 0.0, 0.0, 1.0],
                [1.0, -5.7e-05, 5.4e-05, -0.0, 5.7e-05, 0.048757, -0.998811, 0.375166, 5.4e-05, 0.998811, 0.048757, -0.0, 0.0, 0.0, 0.0, 1.0],
                [1.0, -5.7e-05, 5.4e-05, 0.0, 5.7e-05, 0.048757, -0.998811, 0.375166, 5.4e-05, 0.998811, 0.048757, -0.0, 0.0, 0.0, 0.0, 1.0],
                [1.0, -5.7e-05, 5.4e-05, 0.0, 5.7e-05, 0.048757, -0.998811, 0.375166, 5.4e-05, 0.998811, 0.048757, -0.0, 0.0, 0.0, 0.0, 1.0],
                [1.0, -5.7e-05, 5.4e-05, 0.0, 5.7e-05, 0.048757, -0.998811, 0.375166, 5.4e-05, 0.998811, 0.048757, -0.0, 0.0, 0.0, 0.0, 1.0],
                [1.0, -5.7e-05, 5.4e-05, -0.0, 5.7e-05, 0.048757, -0.998811, 0.375166, 5.4e-05, 0.998811, 0.048757, 0.0, 0.0, 0.0, 0.0, 1.0],
                [1.0, -5.7e-05, 5.4e-05, -0.0, 5.7e-05, 0.048757, -0.998811, 0.375166, 5.4e-05, 0.998811, 0.048757, -0.0, 0.0, 0.0, 0.0, 1.0],
                [1.0, -5.7e-05, 5.4e-05, -0.0, 5.7e-05, 0.048757, -0.998811, 0.375166, 5.4e-05, 0.998811, 0.048757, -0.0, 0.0, 0.0, 0.0, 1.0],
                [1.0, -5.7e-05, 5.4e-05, -0.0, 5.7e-05, 0.048757, -0.998811, 0.375166, 5.4e-05, 0.998811, 0.048757, -0.0, 0.0, 0.0, 0.0, 1.0],
                [1.0, -5.7e-05, 5.4e-05, 0.0, 5.7e-05, 0.048757, -0.998811, 0.375166, 5.4e-05, 0.998811, 0.048757, -0.0, 0.0, 0.0, 0.0, 1.0],
                [1.0, -5.7e-05, 5.4e-05, 0.0, 5.7e-05, 0.048757, -0.998811, 0.375166, 5.4e-05, 0.998811, 0.048757, 0.0, 0.0, 0.0, 0.0, 1.0],
                [1.0, -5.7e-05, 5.4e-05, -0.0, 5.7e-05, 0.048757, -0.998811, 0.375166, 5.4e-05, 0.998811, 0.048757, -0.0, 0.0, 0.0, 0.0, 1.0],
                [1.0, -5.7e-05, 5.4e-05, -0.0, 5.7e-05, 0.048757, -0.998811, 0.375166, 5.4e-05, 0.998811, 0.048757, -0.0, 0.0, 0.0, 0.0, 1.0],
                [1.0, -5.7e-05, 5.4e-05, 0.0, 5.7e-05, 0.048757, -0.998811, 0.375166, 5.4e-05, 0.998811, 0.048757, 0.0, 0.0, 0.0, 0.0, 1.0],
                [1.0, -5.7e-05, 5.4e-05, -0.0, 5.7e-05, 0.048757, -0.998811, 0.375166, 5.4e-05, 0.998811, 0.048757, -0.0, 0.0, 0.0, 0.0, 1.0],
                [1.0, -5.7e-05, 5.4e-05, -0.0, 5.7e-05, 0.048757, -0.998811, 0.375166, 5.4e-05, 0.998811, 0.048757, 0.0, 0.0, 0.0, 0.0, 1.0],
                [1.0, -5.7e-05, 5.4e-05, 0.0, 5.7e-05, 0.048757, -0.998811, 0.375166, 5.4e-05, 0.998811, 0.048757, -0.0, 0.0, 0.0, 0.0, 1.0],
                [1.0, -5.7e-05, 5.4e-05, 0.0, 5.7e-05, 0.048757, -0.998811, 0.375166, 5.4e-05, 0.998811, 0.048757, 0.0, 0.0, 0.0, 0.0, 1.0]
            ]
        },
        {
            "name": "Thigh_L",
            "time": [0.0, 0.0167, 0.0333, 0.05, 0.0667, 0.0833, 0.1, 0.1167, 0.1333, 0.15, 0.1667, 0.1833, 0.2, 0.2167, 0.2333, 0.25, 0.2667, 0.2833, 0.3, 0.3167, 0.3333, 0.35, 0.3667, 0.3833, 0.4, 0.4167, 0.4333, 0.45, 0.4667, 0.4833, 0.5, 0.5167, 0.5333, 0.55, 0.5667, 0.5833, 0.6, 0.6167, 0.6333, 0.65],
            "transform": [
                [0.967709, -0.239832, -0.077581, -0.125006, -0.036645, -0.438387, 0.898013, -0.002831, -0.249394, -0.866189, -0.432983, -1.2e-05, 0.0, 0.0, 0.0, 1.0],
                [0.966718, -0.24988, -0.054907, -0.125006, -0.038547, -0.354449, 0.934253, -0.002831, -0.252925, -0.901059, -0.35225, -1.2e-05, 0.0, 0.0, 0.0, 1.0],
                [0.964782, -0.263016, -0.004161, -0.125006, -0.044212, -0.177756, 0.983051, -0.002831, -0.25931, -0.948263, -0.183093, -1.2e-05, 0.0, 0.0, 0.0, 1.0],
                [0.96397, -0.265186, 0.020877, -0.125006, -0.047964, -0.096106, 0.994184, -0.002831, -0.261649, -0.959382, -0.105332, -1.2e-05, 0.0, 0.0, 0.0, 1.0],
                [0.964311, -0.263909, 0.021363, -0.125006, -0.049255, -0.099553, 0.993781, -0.002831, -0.260153, -0.959383, -0.108968, -1.2e-05, 0.0, 0.0, 0.0, 1.0],
                [0.96531, -0.260103, 0.022828, -0.125006, -0.05308, -0.109907, 0.992492, -0.002831, -0.255653, -0.959292, -0.11987, -1.2e-05, 0.0, 0.0, 0.0, 1.0],
                [0.966858, -0.254063, 0.025224, -0.125006, -0.059086, -0.126569, 0.990166, -0.002831, -0.248383, -0.958858, -0.137355, -1.2e-05, 0.0, 0.0, 0.0, 1.0],
                [0.968736, -0.24646, 0.028408, -0.125006, -0.066541, -0.147829, 0.986742, -0.002831, -0.239004, -0.957799, -0.159575, -1.2e-05, 0.0, 0.0, 0.0, 1.0],
                [0.970659, -0.238306, 0.032097, -0.125006, -0.074427, -0.170848, 0.982452, -0.002831, -0.228651, -0.956032, -0.183539, -1.2e-05, 0.0, 0.0, 0.0, 1.0],
                [0.972354, -0.230746, 0.035834, -0.125006, -0.08166, -0.192262, 0.97791, -0.002831, -0.21877, -0.953818, -0.205757, -1.2e-05, 0.0, 0.0, 0.0, 1.0],
                [0.973628, -0.224777, 0.039036, -0.125006, -0.087332, -0.209152, 0.973946, -0.002831, -0.210765, -0.951687, -0.223234, -1.2e-05, 0.0, 0.0, 0.0, 1.0],
                [0.974396, -0.221039, 0.041167, -0.125006, -0.090871, -0.219698, 0.971297, -0.002831, -0.20566, -0.950186, -0.234126, -1.2e-05, 0.0, 0.0, 0.0, 1.0],
                [0.974647, -0.219789, 0.041902, -0.125006, -0.092053, -0.223218, 0.970383, -0.002831, -0.203936, -0.949655, -0.237758, -1.2e-05, 0.0, 0.0, 0.0, 1.0],
                [0.974647, -0.219789, 0.041902, -0.125006, -0.092053, -0.223218, 0.970383, -0.002831, -0.203936, -0.949655, -0.237758, -1.2e-05, 0.0, 0.0, 0.0, 1.0],
                [0.974647, -0.219789, 0.041902, -0.125006, -0.092053, -0.223218, 0.970383, -0.002831, -0.203936, -0.949655, -0.237758, -1.2e-05, 0.0, 0.0, 0.0, 1.0],
                [0.974647, -0.219789, 0.041902, -0.125006, -0.092053, -0.223218, 0.970383, -0.002831, -0.203936, -0.949655, -0.237758, -1.2e-05, 0.0, 0.0, 0.0, 1.0],
                [0.974647, -0.219789, 0.041902, -0.125006, -0.092053, -0.223218, 0.970383, -0.002831, -0.203936, -0.949655, -0.237758, -1.2e-05, 0.0, 0.0, 0.0, 1.0],
                [0.974647, -0.219789, 0.041902, -0.125006, -0.092053, -0.223218, 0.970383, -0.002831, -0.203936, -0.949655, -0.237758, -1.2e-05, 0.0, 0.0, 0.0, 1.0],
                [0.974647, -0.219789, 0.041902, -0.125006, -0.092053, -0.223218, 0.970383, -0.002831, -0.203936, -0.949655, -0.237758, -1.2e-05, 0.0, 0.0, 0.0, 1.0],
                [0.974683, -0.219997, 0.039931, -0.125006, -0.09085, -0.226505, 0.969735, -0.002831, -0.204304, -0.948828, -0.240724, -1.2e-05, 0.0, 0.0, 0.0, 1.0],
                [0.974775, -0.220585, 0.033987, -0.125006, -0.087252, -0.236491, 0.967679, -0.002831, -0.205427, -0.946252, -0.249739, -1.2e-05, 0.0, 0.0, 0.0, 1.0],
                [0.974879, -0.221426, 0.024096, -0.125006, -0.081368, -0.253363, 0.963915, -0.002831, -0.20734, -0.941677, -0.264982, -1.2e-05, 0.0, 0.0, 0.0, 1.0],
                [0.974924, -0.222296, 0.010395, -0.125006, -0.073428, -0.277258, 0.957958, -0.002831, -0.210078, -0.934714, -0.286595, -1.2e-05, 0.0, 0.0, 0.0, 1.0],
                [0.974825, -0.222865, -0.006846, -0.125006, -0.063787, -0.308186, 0.949158, -0.002831, -0.213653, -0.924841, -0.314609, -1.2e-05, 0.0, 0.0, 0.0, 1.0],
                [0.974504, -0.222711, -0.027227, -0.125006, -0.052903, -0.346027, 0.936706, -0.002831, -0.218046, -0.911397, -0.348952, -1.2e-05, 0.0, 0.0, 0.0, 1.0],
                [0.973902, -0.221361, -0.050127, -0.125006, -0.041305, -0.390054, 0.91984, -0.002831, -0.223179, -0.893777, -0.388983, -1.2e-05, 0.0, 0.0, 0.0, 1.0],
                [0.972997, -0.218337, -0.074858, -0.125006, -0.029539, -0.439472, 0.897747, -0.002831, -0.22892, -0.871306, -0.434019, -1.2e-05, 0.0, 0.0, 0.0, 1.0],
                [0.971806, -0.213234, -0.100604, -0.125006, -0.018109, -0.492965, 0.869838, -0.002831, -0.235084, -0.843504, -0.482891, -1.2e-05, 0.0, 0.0, 0.0, 1.0],
                [0.970385, -0.205784, -0.126507, -0.125006, -0.00743, -0.548912, 0.835826, -0.002831, -0.241452, -0.810143, -0.534147, -1.2e-05, 0.0, 0.0, 0.0, 1.0],
                [0.96881, -0.195894, -0.151752, -0.125006, 0.002207, -0.60558, 0.795762, -0.002831, -0.247795, -0.771286, -0.586222, -1.2e-05, 0.0, 0.0, 0.0, 1.0],
                [0.967172, -0.183711, -0.175569, -0.125006, 0.010639, -0.661044, 0.750253, -0.002831, -0.2539, -0.727501, -0.63735, -1.2e-05, 0.0, 0.0, 0.0, 1.0],
                [0.965555, -0.169527, -0.197382, -0.125006, 0.017817, -0.713764, 0.700143, -0.002831, -0.259589, -0.679551, -0.686118, -1.2e-05, 0.0, 0.0, 0.0, 1.0],
                [0.96403, -0.153814, -0.216752, -0.125006, 0.023777, -0.76236, 0.646701, -0.002831, -0.264727, -0.628601, -0.73124, -1.2e-05, 0.0, 0.0, 0.0, 1.0],
                [0.962653, -0.137174, -0.233402, -0.125006, 0.028609, -0.805773, 0.591519, -0.002831, -0.269223, -0.576112, -0.771713, -1.2e-05, 0.0, 0.0, 0.0, 1.0],
                [0.96146, -0.120225, -0.247253, -0.125006, 0.032429, -0.843464, 0.536194, -0.002831, -0.273025, -0.523554, -0.807015, -1.2e-05, 0.0, 0.0, 0.0, 1.0],
                [0.960475, -0.103691, -0.258321, -0.125006, 0.035358, -0.875071, 0.48269, -0.002831, -0.276113, -0.472752, -0.836774, -1.2e-05, 0.0, 0.0, 0.0, 1.0],
                [0.959708, -0.088498, -0.266687, -0.125006, 0.037507, -0.900274, 0.433693, -0.002831, -0.278486, -0.426228, -0.860638, -1.2e-05, 0.0, 0.0, 0.0, 1.0],
                [0.959163, -0.075736, -0.272512, -0.125006, 0.038967, -0.918918, 0.392509, -0.002831, -0.280157, -0.387106, -0.878397, -1.2e-05, 0.0, 0.0, 0.0, 1.0],
                [0.958839, -0.066915, -0.275939, -0.125006, 0.03981, -0.930556, 0.363969, -0.002831, -0.281144, -0.35998, -0.889546, -1.2e-05, 0.0, 0.0, 0.0, 1.0],
                [0.958733, -0.063711, -0.277066, -0.125006, 0.040085, -0.934543, 0.353577, -0.002831, -0.281469, -0.350099, -0.893379, -1.2e-05, 0.0, 0.0, 0.0, 1.0]
            ]
        },
        {
            "name": "Leg_L",
            "time": [0.0, 0.0167, 0.0333, 0.05, 0.0667, 0.0833, 0.1, 0.1167, 0.1333, 0.15, 0.1667, 0.1833, 0.2, 0.2167, 0.2333, 0.25, 0.2667, 0.2833, 0.3, 0.3167, 0.3333, 0.35, 0.3667, 0.3833, 0.4, 0.4167, 0.4333, 0.45, 0.4667, 0.4833, 0.5, 0.5167, 0.5333, 0.55, 0.5667, 0.5833, 0.6, 0.6167, 0.6333, 0.65],
            "transform": [
                [1.0, 2e-06, 2e-06, -0.0, -3e-06, 0.526167, 0.850359, 0.375166, 1e-06, -0.850405, 0.526182, -0.0, 0.0, 0.0, 0.0, 1.0],
                [1.0, 2e-06, 2e-06, 0.0, -3e-06, 0.428497, 0.903522, 0.375166, 1e-06, -0.903568, 0.428512, -0.0, 0.0, 0.0, 0.0, 1.0],
                [1.0, 2e-06, 2e-06, 0.0, -3e-06, 0.243198, 0.969957, 0.375166, 2e-06, -0.970002, 0.243211, 0.0, 0.0, 0.0, 0.0, 1.0],
                [1.0, 2e-06, 3e-06, 0.0, -3e-06, 0.167694, 0.98582, 0.375166, 2e-06, -0.985863, 0.167706, -0.0, 0.0, 0.0, 0.0, 1.0],
                [1.0, 2e-06, 3e-06, -0.0, -3e-06, 0.171082, 0.985237, 0.375166, 2e-06, -0.985281, 0.171094, -0.0, 0.0, 0.0, 0.0, 1.0],
                [1.0, 2e-06, 3e-06, 0.0, -3e-06, 0.181318, 0.983405, 0.375166, 2e-06, -0.983449, 0.18133, 0.0, 0.0, 0.0, 0.0, 1.0],
                [1.0, 2e-06, 3e-06, -0.0, -3e-06, 0.19797, 0.980189, 0.375166, 2e-06, -0.980232, 0.197982, 0.0, 0.0, 0.0, 0.0, 1.0],
                [1.0, 2e-06, 3e-06, 0.0, -3e-06, 0.219539, 0.975584, 0.375166, 2e-06, -0.975628, 0.219552, 0.0, 0.0, 0.0, 0.0, 1.0],
                [1.0, 2e-06, 2e-06, -0.0, -3e-06, 0.243295, 0.969932, 0.375166, 2e-06, -0.969977, 0.243308, -0.0, 0.0, 0.0, 0.0, 1.0],
                [1.0, 2e-06, 2e-06, 0.0, -3e-06, 0.265763, 0.964018, 0.375166, 2e-06, -0.964063, 0.265776, -0.0, 0.0, 0.0, 0.0, 1.0],
                [1.0, 2e-06, 2e-06, 0.0, -3e-06, 0.283728, 0.958885, 0.375166, 1e-06, -0.95893, 0.283741, 0.0, 0.0, 0.0, 0.0, 1.0],
                [1.0, 2e-06, 2e-06, 0.0, -3e-06, 0.29505, 0.955462, 0.375166, 1e-06, -0.955507, 0.295064, 0.0, 0.0, 0.0, 0.0, 1.0],
                [1.0, 2e-06, 2e-06, 0.0, -3e-06, 0.298847, 0.954281, 0.375166, 1e-06, -0.954326, 0.298861, 0.0, 0.0, 0.0, 0.0, 1.0],
                [1.0, 2e-06, 2e-06, 0.0, -3e-06, 0.298847, 0.954281, 0.375166, 1e-06, -0.954326, 0.298861, 0.0, 0.0, 0.0, 0.0, 1.0],
                [1.0, 2e-06, 2e-06, 0.0, -3e-06, 0.298847, 0.954281, 0.375166, 1e-06, -0.954326, 0.298861, 0.0, 0.0, 0.0, 0.0, 1.0],
                [1.0, 2e-06, 2e-06, 0.0, -3e-06, 0.298847, 0.954281, 0.375166, 1e-06, -0.954326, 0.298861, 0.0, 0.0, 0.0, 0.0, 1.0],
                [1.0, 2e-06, 2e-06, 0.0, -3e-06, 0.298847, 0.954281, 0.375166, 1e-06, -0.954326, 0.298861, 0.0, 0.0, 0.0, 0.0, 1.0],
                [1.0, 2e-06, 2e-06, 0.0, -3e-06, 0.298847, 0.954281, 0.375166, 1e-06, -0.954326, 0.298861, 0.0, 0.0, 0.0, 0.0, 1.0],
                [1.0, 2e-06, 2e-06, 0.0, -3e-06, 0.298847, 0.954281, 0.375166, 1e-06, -0.954326, 0.298861, 0.0, 0.0, 0.0, 0.0, 1.0],
                [1.0, 2e-06, 2e-06, -0.0, -3e-06, 0.29979, 0.953985, 0.375166, 1e-06, -0.95403, 0.299804, -0.0, 0.0, 0.0, 0.0, 1.0],
                [1.0, 2e-06, 2e-06, -0.0, -3e-06, 0.302781, 0.95304, 0.375166, 1e-06, -0.953085, 0.302795, -0.0, 0.0, 0.0, 0.0, 1.0],
                [1.0, 2e-06, 2e-06, 0.0, -3e-06, 0.308264, 0.951281, 0.375166, 1e-06, -0.951326, 0.308277, -0.0, 0.0, 0.0, 0.0, 1.0],
                [1.0, 2e-06, 2e-06, 0.0, -3e-06, 0.316924, 0.948431, 0.375166, 1e-06, -0.948476, 0.316938, -0.0, 0.0, 0.0, 0.0, 1.0],
                [1.0, 2e-06, 2e-06, 0.0, -3e-06, 0.329645, 0.944085, 0.375166, 1e-06, -0.94413, 0.329659, -0.0, 0.0, 0.0, 0.0, 1.0],
                [1.0, 2e-06, 2e-06, 0.0, -3e-06, 0.347581, 0.93763, 0.375166, 1e-06, -0.937675, 0.347595, 0.0, 0.0, 0.0, 0.0, 1.0],
                [1.0, 2e-06, 2e-06, 0.0, -3e-06, 0.371354, 0.928471, 0.375166, 1e-06, -0.928516, 0.371368, -0.0, 0.0, 0.0, 0.0, 1.0],
                [1.0, 2e-06, 2e-06, 0.0, -3e-06, 0.401939, 0.915646, 0.375166, 1e-06, -0.915691, 0.401953, -0.0, 0.0, 0.0, 0.0, 1.0],
                [1.0, 2e-06, 2e-06, 0.0, -3e-06, 0.439708, 0.89812, 0.375166, 1e-06, -0.898166, 0.439723, -0.0, 0.0, 0.0, 0.0, 1.0],
                [1.0, 2e-06, 2e-06, -0.0, -3e-06, 0.484527, 0.874755, 0.375166, 1e-06, -0.874801, 0.484542, 0.0, 0.0, 0.0, 0.0, 1.0],
                [1.0, 2e-06, 2e-06, -0.0, -3e-06, 0.535763, 0.844347, 0.375166, 1e-06, -0.844392, 0.535778, 0.0, 0.0, 0.0, 0.0, 1.0],
                [1.0, 2e-06, 2e-06, 0.0, -2e-06, 0.591772, 0.806083, 0.375166, 1e-06, -0.806128, 0.591787, -0.0, 0.0, 0.0, 0.0, 1.0],
                [1.0, 2e-06, 2e-06, -0.0, -2e-06, 0.650771, 0.759251, 0.375166, 0.0, -0.759295, 0.650786, -0.0, 0.0, 0.0, 0.0, 1.0],
                [1.0, 2e-06, 1e-06, -0.0, -2e-06, 0.710321, 0.703855, 0.375166, 0.0, -0.703897, 0.710335, 0.0, 0.0, 0.0, 0.0, 1.0],
                [1.0, 2e-06, 1e-06, -0.0, -2e-06, 0.767726, 0.640757, 0.375166, -0.0, -0.640796, 0.767738, -0.0, 0.0, 0.0, 0.0, 1.0],
                [1.0, 1e-06, 1e-06, -0.0, -2e-06, 0.820705, 0.571331, 0.375166, -0.0, -0.571366, 0.820716, 0.0, 0.0, 0.0, 0.0, 1.0],
                [1.0, 1e-06, 1e-06, 0.0, -2e-06, 0.867017, 0.49826, 0.375166, -0.0, -0.498289, 0.867025, -0.0, 0.0, 0.0, 0.0, 1.0],
                [1.0, 1e-06, 1e-06, -0.0, -1e-06, 0.904583, 0.426282, 0.375166, -0.0, -0.426306, 0.904589, -0.0, 0.0, 0.0, 0.0, 1.0],
                [1.0, 1e-06, 1e-06, -0.0, -1e-06, 0.932191, 0.361953, 0.375166, -1e-06, -0.361972, 0.932196, -0.0, 0.0, 0.0, 0.0, 1.0],
                [1.0, 1e-06, 1e-06, -0.0, -1e-06, 0.948988, 0.3153, 0.375166, -1e-06, -0.315315, 0.948992, 0.0, 0.0, 0.0, 0.0, 1.0],
                [1.0, 1e-06, 1e-06, -0.0, -1e-06, 0.954598, 0.297888, 0.375166, -1e-06, -0.2979, 0.954601, 0.0, 0.0, 0.0, 0.0, 1.0]
            ]
        },
        {
            "name": "Knee_L",
            "time": [0.0, 0.0167, 0.0333, 0.05, 0.0667, 0.0833, 0.1, 0.1167, 0.1333, 0.15, 0.1667, 0.1833, 0.2, 0.2167, 0.2333, 0.25, 0.2667, 0.2833, 0.3, 0.3167, 0.3333, 0.35, 0.3667, 0.3833, 0.4, 0.4167, 0.4333, 0.45, 0.4667, 0.4833, 0.5, 0.5167, 0.5333, 0.55, 0.5667, 0.5833, 0.6, 0.6167, 0.6333, 0.65],
            "transform": [
                [1.0, 0.0, -0.0, -0.0, -0.0, 0.048757, -0.998811, 0.375166, -0.0, 0.998811, 0.048757, -0.0, 0.0, 0.0, 0.0, 1.0],
                [1.0, 0.0, -0.0, 0.0, -0.0, 0.048757, -0.998811, 0.375166, -0.0, 0.998811, 0.048757, -0.0, 0.0, 0.0, 0.0, 1.0],
                [1.0, 0.0, -0.0, 0.0, -0.0, 0.048757, -0.998811, 0.375166, -0.0, 0.998811, 0.048757, 0.0, 0.0, 0.0, 0.0, 1.0],
                [1.0, 0.0, -0.0, 0.0, -0.0, 0.048757, -0.998811, 0.375166, -0.0, 0.998811, 0.048757, -0.0, 0.0, 0.0, 0.0, 1.0],
                [1.0, 0.0, -0.0, -0.0, -0.0, 0.048757, -0.998811, 0.375166, -0.0, 0.998811, 0.048757, -0.0, 0.0, 0.0, 0.0, 1.0],
                [1.0, 0.0, -0.0, 0.0, -0.0, 0.048757, -0.998811, 0.375166, -0.0, 0.998811, 0.048757, 0.0, 0.0, 0.0, 0.0, 1.0],
                [1.0, 0.0, -0.0, -0.0, -0.0, 0.048757, -0.998811, 0.375166, -0.0, 0.998811, 0.048757, 0.0, 0.0, 0.0, 0.0, 1.0],
                [1.0, 0.0, -0.0, 0.0, -0.0, 0.048757, -0.998811, 0.375166, -0.0, 0.998811, 0.048757, 0.0, 0.0, 0.0, 0.0, 1.0],
                [1.0, 0.0, -0.0, -0.0, -0.0, 0.048757, -0.998811, 0.375166, -0.0, 0.998811, 0.048757, -0.0, 0.0, 0.0, 0.0, 1.0],
                [1.0, 0.0, -0.0, 0.0, -0.0, 0.048757, -0.998811, 0.375166, -0.0, 0.998811, 0.048757, -0.0, 0.0, 0.0, 0.0, 1.0],
                [1.0, 0.0, -0.0, 0.0, -0.0, 0.048757, -0.998811, 0.375166, -0.0, 0.998811, 0.048757, 0.0, 0.0, 0.0, 0.0, 1.0],
                [1.0, 0.0, -0.0, 0.0, -0.0, 0.048757, -0.998811, 0.375166, -0.0, 0.998811, 0.048757, 0.0, 0.0, 0.0, 0.0, 1.0],
                [1.0, 0.0, -0.0, 0.0, -0.0, 0.048757, -0.998811, 0.375166, -0.0, 0.998811, 0.048757, 0.0, 0.0, 0.0, 0.0, 1.0],
