{
    "animation": [
        {
            "name": "Root",
            "time": [0.0, 0.0167, 0.0333, 0.05, 0.0667, 0.0833, 0.1, 0.1167, 0.1333, 0.15, 0.1667, 0.1833, 0.2, 0.2167, 0.2333, 0.25, 0.2667, 0.2833, 0.3, 0.3167, 0.3333, 0.35, 0.3667, 0.3833, 0.4, 0.4167, 0.4333, 0.45, 0.4667, 0.4833, 0.5, 0.5167, 0.5333, 0.55, 0.5667, 0.5833, 0.6, 0.6167, 0.6333, 0.65, 0.6667, 0.6833, 0.7, 0.7167, 0.7333, 0.75, 0.7667, 0.7833, 0.8, 0.8167, 0.8333, 0.85, 0.8667, 0.8833, 0.9, 0.9167, 0.9333, 0.95, 0.9667, 0.9833, 1.0, 1.0167, 1.0333, 1.05, 1.0667, 1.0833, 1.1, 1.1167, 1.1333, 1.15, 1.1667, 1.1833, 1.2, 1.2167, 1.2333, 1.25, 1.2667, 1.2833, 1.3, 1.3167, 1.3333, 1.35, 1.3667, 1.3833, 2.0],
            "transform": [
                [0.265047, 0.0, 0.964236, 0.007948, 0.964236, 0.0, -0.265047, -0.005684, 0.0, 1.0, 0.0, 0.724815, 0.0, 0.0, 0.0, 1.0],
                [0.265047, 0.0, 0.964236, 0.007948, 0.964236, 0.0, -0.265047, -0.005684, 0.0, 1.0, 0.0, 0.724815, 0.0, 0.0, 0.0, 1.0],
                [0.265047, 0.0, 0.964236, 0.007948, 0.964236, 0.0, -0.265047, -0.005684, 0.0, 1.0, 0.0, 0.724815, 0.0, 0.0, 0.0, 1.0],
                [0.265047, 0.0, 0.964236, 0.007948, 0.964236, 0.0, -0.265047, -0.005684, 0.0, 1.0, 0.0, 0.724815, 0.0, 0.0, 0.0, 1.0],
                [0.265047, 0.0, 0.964236, 0.007948, 0.964236, 0.0, -0.265047, -0.005684, 0.0, 1.0, 0.0, 0.724815, 0.0, 0.0, 0.0, 1.0],
                [0.265047, 0.0, 0.964236, 0.007948, 0.964236, 0.0, -0.265047, -0.005684, 0.0, 1.0, 0.0, 0.724815, 0.0, 0.0, 0.0, 1.0],
                [0.265047, 0.0, 0.964236, 0.007948, 0.964236, 0.0, -0.265047, -0.005684, 0.0, 1.0, 0.0, 0.724815, 0.0, 0.0, 0.0, 1.0],
                [0.265047, 0.0, 0.964236, 0.007948, 0.964236, 0.0, -0.265047, -0.005684, 0.0, 1.0, 0.0, 0.724815, 0.0, 0.0, 0.0, 1.0],
                [0.265047, 0.0, 0.964236, 0.007948, 0.964236, 0.0, -0.265047, -0.005684, 0.0, 1.0, 0.0, 0.724815, 0.0, 0.0, 0.0, 1.0],
                [0.265047, 0.0, 0.964236, 0.007948, 0.964236, 0.0, -0.265047, -0.005684, 0.0, 1.0, 0.0, 0.724815, 0.0, 0.0, 0.0, 1.0],
                [0.265047, 0.0, 0.964236, 0.007948, 0.964236, 0.0, -0.265047, -0.005684, 0.0, 1.0, 0.0, 0.724815, 0.0, 0.0, 0.0, 1.0],
                [0.265047, 0.0, 0.964236, 0.007948, 0.964236, 0.0, -0.265047, -0.005684, 0.0, 1.0, 0.0, 0.724815, 0.0, 0.0, 0.0, 1.0],
                [0.265047, 0.0, 0.964236, 0.007948, 0.964236, 0.0, -0.265047, -0.005684, 0.0, 1.0, 0.0, 0.724815, 0.0, 0.0, 0.0, 1.0],
                [0.265047, 0.0, 0.964236, 0.007948, 0.964236, 0.0, -0.265047, -0.005684, 0.0, 1.0, 0.0, 0.724815, 0.0, 0.0, 0.0, 1.0],
                [0.265047, 0.0, 0.964236, 0.007948, 0.964236, 0.0, -0.265047, -0.005684, 0.0, 1.0, 0.0, 0.724815, 0.0, 0.0, 0.0, 1.0],
                [0.265047, 0.0, 0.964236, 0.007948, 0.964236, 0.0, -0.265047, -0.005684, 0.0, 1.0, 0.0, 0.724815, 0.0, 0.0, 0.0, 1.0],
                [0.265047, 0.0, 0.964236, 0.007948, 0.964236, 0.0, -0.265047, -0.005684, 0.0, 1.0, 0.0, 0.724815, 0.0, 0.0, 0.0, 1.0],
                [0.265047, 0.0, 0.964236, 0.007948, 0.964236, 0.0, -0.265047, -0.005684, 0.0, 1.0, 0.0, 0.724815, 0.0, 0.0, 0.0, 1.0],
                [0.265047, 0.0, 0.964236, 0.007948, 0.964236, 0.0, -0.265047, -0.005684, 0.0, 1.0, 0.0, 0.724815, 0.0, 0.0, 0.0, 1.0],
                [0.265047, 0.0, 0.964236, 0.007948, 0.964236, 0.0, -0.265047, -0.005684, 0.0, 1.0, 0.0, 0.724815, 0.0, 0.0, 0.0, 1.0],
                [0.265047, 0.0, 0.964236, 0.007948, 0.964236, 0.0, -0.265047, -0.005684, 0.0, 1.0, 0.0, 0.724815, 0.0, 0.0, 0.0, 1.0],
                [0.265047, 0.0, 0.964236, 0.007948, 0.964236, 0.0, -0.265047, -0.005684, 0.0, 1.0, 0.0, 0.724815, 0.0, 0.0, 0.0, 1.0],
                [0.265047, 0.0, 0.964236, 0.007948, 0.964236, 0.0, -0.265047, -0.005684, 0.0, 1.0, 0.0, 0.724815, 0.0, 0.0, 0.0, 1.0],
                [0.265047, 0.0, 0.964236, 0.007948, 0.964236, 0.0, -0.265047, -0.005684, 0.0, 1.0, 0.0, 0.724815, 0.0, 0.0, 0.0, 1.0],
                [0.265047, 0.0, 0.964236, 0.007948, 0.964236, 0.0, -0.265047, -0.005684, 0.0, 1.0, 0.0, 0.724815, 0.0, 0.0, 0.0, 1.0],
                [0.265047, 0.0, 0.964236, 0.007948, 0.964236, 0.0, -0.265047, -0.005684, 0.0, 1.0, 0.0, 0.724815, 0.0, 0.0, 0.0, 1.0],
                [0.265047, 0.0, 0.964236, 0.007948, 0.964236, 0.0, -0.265047, -0.005684, 0.0, 1.0, 0.0, 0.724815, 0.0, 0.0, 0.0, 1.0],
                [0.265047, 0.0, 0.964236, 0.007948, 0.964236, 0.0, -0.265047, -0.005684, 0.0, 1.0, 0.0, 0.724815, 0.0, 0.0, 0.0, 1.0],
                [0.265047, 0.0, 0.964236, 0.007948, 0.964236, 0.0, -0.265047, -0.005684, 0.0, 1.0, 0.0, 0.724815, 0.0, 0.0, 0.0, 1.0],
                [0.265047, 0.0, 0.964236, 0.007948, 0.964236, 0.0, -0.265047, -0.005684, 0.0, 1.0, 0.0, 0.724815, 0.0, 0.0, 0.0, 1.0],
                [0.265047, 0.0, 0.964236, 0.007948, 0.964236, 0.0, -0.265047, -0.005684, 0.0, 1.0, 0.0, 0.724815, 0.0, 0.0, 0.0, 1.0],
                [0.265047, 0.0, 0.964236, 0.007948, 0.964236, 0.0, -0.265047, -0.005684, 0.0, 1.0, 0.0, 0.724815, 0.0, 0.0, 0.0, 1.0],
                [0.265047, 0.0, 0.964236, 0.007948, 0.964236, 0.0, -0.265047, -0.005684, 0.0, 1.0, 0.0, 0.724815, 0.0, 0.0, 0.0, 1.0],
                [0.265047, 0.0, 0.964236, 0.007948, 0.964236, 0.0, -0.265047, -0.005684, 0.0, 1.0, 0.0, 0.724815, 0.0, 0.0, 0.0, 1.0],
                [0.265047, 0.0, 0.964236, 0.007948, 0.964236, 0.0, -0.265047, -0.005684, 0.0, 1.0, 0.0, 0.724815, 0.0, 0.0, 0.0, 1.0],
                [0.265047, 0.0, 0.964236, 0.007948, 0.964236, 0.0, -0.265047, -0.005684, 0.0, 1.0, 0.0, 0.724815, 0.0, 0.0, 0.0, 1.0],
                [0.265047, 0.0, 0.964236, 0.007948, 0.964236, 0.0, -0.265047, -0.005684, 0.0, 1.0, 0.0, 0.724815, 0.0, 0.0, 0.0, 1.0],
                [0.26836, 0.0, 0.963319, 0.007975, 0.963319, 0.0, -0.26836, -0.005717, 0.0, 1.0, 0.0, 0.724815, 0.0, 0.0, 0.0, 1.0],
                [0.278015, 0.0, 0.960577, 0.008055, 0.960577, 0.0, -0.278015, -0.005815, 0.0, 1.0, 0.0, 0.724815, 0.0, 0.0, 0.0, 1.0],
                [0.291923, 0.0, 0.956442, 0.008167, 0.956442, 0.0, -0.291923, -0.005957, 0.0, 1.0, 0.0, 0.724815, 0.0, 0.0, 0.0, 1.0],
                [0.30586, 0.0, 0.952077, 0.008275, 0.952077, 0.0, -0.30586, -0.006102, 0.0, 1.0, 0.0, 0.724815, 0.0, 0.0, 0.0, 1.0],
                [0.315571, 0.0, 0.948902, 0.008349, 0.948902, 0.0, -0.315571, -0.006203, 0.0, 1.0, 0.0, 0.724815, 0.0, 0.0, 0.0, 1.0],
                [0.318909, 0.0, 0.947785, 0.008374, 0.947785, 0.0, -0.318909, -0.006238, 0.0, 1.0, 0.0, 0.724815, 0.0, 0.0, 0.0, 1.0],
                [0.318909, 0.0, 0.947785, 0.008374, 0.947785, 0.0, -0.318909, -0.006238, 0.0, 1.0, 0.0, 0.724815, 0.0, 0.0, 0.0, 1.0],
                [0.318909, 0.0, 0.947785, 0.008374, 0.947785, 0.0, -0.318909, -0.006238, 0.0, 1.0, 0.0, 0.724815, 0.0, 0.0, 0.0, 1.0],
                [0.318909, 0.0, 0.947785, 0.008374, 0.947785, 0.0, -0.318909, -0.006238, 0.0, 1.0, 0.0, 0.724815, 0.0, 0.0, 0.0, 1.0],
                [0.318909, 0.0, 0.947785, 0.008374, 0.947785, 0.0, -0.318909, -0.006238, 0.0, 1.0, 0.0, 0.724815, 0.0, 0.0, 0.0, 1.0],
                [0.318909, 0.0, 0.947785, 0.008374, 0.947785, 0.0, -0.318909, -0.006238, 0.0, 1.0, 0.0, 0.724815, 0.0, 0.0, 0.0, 1.0],
                [0.318909, 0.0, 0.947785, 0.008374, 0.947785, 0.0, -0.318909, -0.006238, 0.0, 1.0, 0.0, 0.724815, 0.0, 0.0, 0.0, 1.0],
                [0.318909, 0.0, 0.947785, 0.008374, 0.947785, 0.0, -0.318909, -0.006238, 0.0, 1.0, 0.0, 0.724815, 0.0, 0.0, 0.0, 1.0],
                [0.318909, 0.0, 0.947785, 0.008374, 0.947785, 0.0, -0.318909, -0.006238, 0.0, 1.0, 0.0, 0.724815, 0.0, 0.0, 0.0, 1.0],
                [0.318909, 0.0, 0.947785, 0.008374, 0.947785, 0.0, -0.318909, -0.006238, 0.0, 1.0, 0.0, 0.724815, 0.0, 0.0, 0.0, 1.0],
                [0.318909, 0.0, 0.947785, 0.008374, 0.947785, 0.0, -0.318909, -0.006238, 0.0, 1.0, 0.0, 0.724815, 0.0, 0.0, 0.0, 1.0],
                [0.318909, 0.0, 0.947785, 0.008374, 0.947785, 0.0, -0.318909, -0.006238, 0.0, 1.0, 0.0, 0.724815, 0.0, 0.0, 0.0, 1.0],
                [0.318909, 0.0, 0.947785, 0.008374, 0.947785, 0.0, -0.318909, -0.006238, 0.0, 1.0, 0.0, 0.724815, 0.0, 0.0, 0.0, 1.0],
                [0.318909, 0.0, 0.947785, 0.008374, 0.947785, 0.0, -0.318909, -0.006238, 0.0, 1.0, 0.0, 0.724815, 0.0, 0.0, 0.0, 1.0],
                [0.318909, 0.0, 0.947785, 0.008374, 0.947785, 0.0, -0.318909, -0.006238, 0.0, 1.0, 0.0, 0.724815, 0.0, 0.0, 0.0, 1.0],
                [0.318909, 0.0, 0.947785, 0.008374, 0.947785, 0.0, -0.318909, -0.006238, 0.0, 1.0, 0.0, 0.724815, 0.0, 0.0, 0.0, 1.0],
                [0.318909, 0.0, 0.947785, 0.008374, 0.947785, 0.0, -0.318909, -0.006238, 0.0, 1.0, 0.0, 0.724815, 0.0, 0.0, 0.0, 1.0],
                [0.318909, 0.0, 0.947785, 0.008374, 0.947785, 0.0, -0.318909, -0.006238, 0.0, 1.0, 0.0, 0.724815, 0.0, 0.0, 0.0, 1.0],
                [0.318909, 0.0, 0.947785, 0.008374, 0.947785, 0.0, -0.318909, -0.006238, 0.0, 1.0, 0.0, 0.724815, 0.0, 0.0, 0.0, 1.0],
                [0.324904, 0.0, 0.945747, 0.008418, 0.945747, 0.0, -0.324904, -0.006302, 0.0, 1.0, 0.0, 0.724815, 0.0, 0.0, 0.0, 1.0],
                [0.343033, 0.0, 0.939323, 0.008548, 0.939323, 0.0, -0.343033, -0.006495, 0.0, 1.0, 0.0, 0.724815, 0.0, 0.0, 0.0, 1.0],
                [0.373413, 0.0, 0.927665, 0.008753, 0.927665, 0.0, -0.373413, -0.006826, 0.0, 1.0, 0.0, 0.724815, 0.0, 0.0, 0.0, 1.0],
                [0.41591, 0.0, 0.909406, 0.009011, 0.909406, 0.0, -0.41591, -0.007302, 0.0, 1.0, 0.0, 0.724815, 0.0, 0.0, 0.0, 1.0],
                [0.469952, 0.0, 0.882692, 0.00929, 0.882692, 0.0, -0.469952, -0.007931, 0.0, 1.0, 0.0, 0.724815, 0.0, 0.0, 0.0, 1.0],
                [0.534282, 0.0, 0.845306, 0.009545, 0.845306, 0.0, -0.534282, -0.008712, 0.0, 1.0, 0.0, 0.724815, 0.0, 0.0, 0.0, 1.0],
                [0.606702, 0.0, 0.794929, 0.009723, 0.794929, 0.0, -0.606702, -0.009637, 0.0, 1.0, 0.0, 0.724815, 0.0, 0.0, 0.0, 1.0],
                [0.683895, 0.0, 0.72958, 0.009764, 0.72958, 0.0, -0.683895, -0.010679, 0.0, 1.0, 0.0, 0.724815, 0.0, 0.0, 0.0, 1.0],
                [0.761459, 0.0, 0.648213, 0.009615, 0.648213, 0.0, -0.761459, -0.011791, 0.0, 1.0, 0.0, 0.724815, 0.0, 0.0, 0.0, 1.0],
                [0.834288, 0.0, 0.551328, 0.009236, 0.551328, 0.0, -0.834288, -0.012906, 0.0, 1.0, 0.0, 0.724815, 0.0, 0.0, 0.0, 1.0],
                [0.89732, 0.0, 0.44138, 0.008617, 0.44138, 0.0, -0.89732, -0.013949, 0.0, 1.0, 0.0, 0.724815, 0.0, 0.0, 0.0, 1.0],
                [0.946497, 0.0, 0.322712, 0.00778, 0.322712, 0.0, -0.946497, -0.014843, 0.0, 1.0, 0.0, 0.724815, 0.0, 0.0, 0.0, 1.0],
                [0.979603, 0.0, 0.200942, 0.006779, 0.200942, 0.0, -0.979603, -0.015532, 0.0, 1.0, 0.0, 0.724815, 0.0, 0.0, 0.0, 1.0],
                [0.996635, 0.0, 0.081965, 0.005687, 0.081965, 0.0, -0.996635, -0.01599, 0.0, 1.0, 0.0, 0.724815, 0.0, 0.0, 0.0, 1.0],
                [0.999578, 0.0, -0.029052, 0.004582, -0.029052, 0.0, -0.999578, -0.016223, 0.0, 1.0, 0.0, 0.724815, 0.0, 0.0, 0.0, 1.0],
                [0.991731, 0.0, -0.128332, 0.003532, -0.128332, 0.0, -0.991731, -0.016264, 0.0, 1.0, 0.0, 0.724815, 0.0, 0.0, 0.0, 1.0],
                [0.976904, 0.0, -0.213681, 0.002588, -0.213681, 0.0, -0.976904, -0.016164, 0.0, 1.0, 0.0, 0.724815, 0.0, 0.0, 0.0, 1.0],
                [0.958741, 0.0, -0.284281, 0.001781, -0.284281, 0.0, -0.958741, -0.015977, 0.0, 1.0, 0.0, 0.724815, 0.0, 0.0, 0.0, 1.0],
                [0.940321, 0.0, -0.340289, 0.001124, -0.340289, 0.0, -0.940321, -0.015756, 0.0, 1.0, 0.0, 0.724815, 0.0, 0.0, 0.0, 1.0],
                [0.923992, 0.0, -0.382412, 0.000622, -0.382412, 0.0, -0.923992, -0.015543, 0.0, 1.0, 0.0, 0.724815, 0.0, 0.0, 0.0, 1.0],
                [0.911384, 0.0, -0.411556, 0.00027, -0.411556, 0.0, -0.911384, -0.01537, 0.0, 1.0, 0.0, 0.724815, 0.0, 0.0, 0.0, 1.0],
                [0.903504, 0.0, -0.428579, 6.3e-05, -0.428579, 0.0, -0.903504, -0.01526, 0.0, 1.0, 0.0, 0.724815, 0.0, 0.0, 0.0, 1.0],
                [0.900842, 0.0, -0.434148, -5e-06, -0.434148, 0.0, -0.900842, -0.015222, 0.0, 1.0, 0.0, 0.724815, 0.0, 0.0, 0.0, 1.0],
                [0.900842, 0.0, -0.434148, -5e-06, -0.434148, 0.0, -0.900842, -0.015222, 0.0, 1.0, 0.0, 0.724815, 0.0, 0.0, 0.0, 1.0]
            ]
        },
        {
            "name": "Thigh_R",
            "time": [0.0, 0.0167, 0.0333, 0.05, 0.0667, 0.0833, 0.1, 0.1167, 0.1333, 0.15, 0.1667, 0.1833, 0.2, 0.2167, 0.2333, 0.25, 0.2667, 0.2833, 0.3, 0.3167, 0.3333, 0.35, 0.3667, 0.3833, 0.4, 0.4167, 0.4333, 0.45, 0.4667, 0.4833, 0.5, 0.5167, 0.5333, 0.55, 0.5667, 0.5833, 0.6, 0.6167, 0.6333, 0.65, 0.6667, 0.6833, 0.7, 0.7167, 0.7333, 0.75, 0.7667, 0.7833, 0.8, 0.8167, 0.8333, 0.85, 0.8667, 0.8833, 0.9, 0.9167, 0.9333, 0.95, 0.9667, 0.9833, 1.0, 1.0167, 1.0333, 1.05, 1.0667, 1.0833, 1.1, 1.1167, 1.1333, 1.15, 1.1667, 1.1833, 1.2, 1.2167, 1.2333, 1.25, 1.2667, 1.2833, 1.3, 1.3167, 1.3333, 1.35, 1.3667, 1.3833, 2.0],
            "transform": [
                [0.939903, -0.044194, 0.338555, 0.086814, -0.135933, -0.958051, 0.252306, -0.002831, 0.313215, -0.283169, -0.906447, -0.089074, 0.0, 0.0, 0.0, 1.0],
                [0.939903, -0.044194, 0.338555, 0.086814, -0.135933, -0.958051, 0.252306, -0.002831, 0.313215, -0.283169, -0.906447, -0.089074, 0.0, 0.0, 0.0, 1.0],
                [0.939903, -0.044194, 0.338555, 0.086814, -0.135933, -0.958051, 0.252306, -0.002831, 0.313215, -0.283169, -0.906447, -0.089074, 0.0, 0.0, 0.0, 1.0],
                [0.939903, -0.044194, 0.338555, 0.086814, -0.135933, -0.958051, 0.252306, -0.002831, 0.313215, -0.283169, -0.906447, -0.089074, 0.0, 0.0, 0.0, 1.0],
                [0.939903, -0.044194, 0.338555, 0.086814, -0.135933, -0.958051, 0.252306, -0.002831, 0.313215, -0.283169, -0.906447, -0.089074, 0.0, 0.0, 0.0, 1.0],
                [0.939903, -0.044194, 0.338555, 0.086814, -0.135933, -0.958051, 0.252306, -0.002831, 0.313215, -0.283169, -0.906447, -0.089074, 0.0, 0.0, 0.0, 1.0],
                [0.939903, -0.044194, 0.338555, 0.086814, -0.135933, -0.958051, 0.252306, -0.002831, 0.313215, -0.283169, -0.906447, -0.089074, 0.0, 0.0, 0.0, 1.0],
                [0.939903, -0.044194, 0.338555, 0.086814, -0.135933, -0.958051, 0.252306, -0.002831, 0.313215, -0.283169, -0.906447, -0.089074, 0.0, 0.0, 0.0, 1.0],
                [0.939903, -0.044194, 0.338555, 0.086814, -0.135933, -0.958051, 0.252306, -0.002831, 0.313215, -0.283169, -0.906447, -0.089074, 0.0, 0.0, 0.0, 1.0],
                [0.939903, -0.044194, 0.338555, 0.086814, -0.135933, -0.958051, 0.252306, -0.002831, 0.313215, -0.283169, -0.906447, -0.089074, 0.0, 0.0, 0.0, 1.0],
                [0.939903, -0.044194, 0.338555, 0.086814, -0.135933, -0.958051, 0.252306, -0.002831, 0.313215, -0.283169, -0.906447, -0.089074, 0.0, 0.0, 0.0, 1.0],
                [0.939903, -0.044194, 0.338555, 0.086814, -0.135933, -0.958051, 0.252306, -0.002831, 0.313215, -0.283169, -0.906447, -0.089074, 0.0, 0.0, 0.0, 1.0],
                [0.939903, -0.044194, 0.338555, 0.086814, -0.135933, -0.958051, 0.252306, -0.002831, 0.313215, -0.283169, -0.906447, -0.089074, 0.0, 0.0, 0.0, 1.0],
                [0.939903, -0.044194, 0.338555, 0.086814, -0.135933, -0.958051, 0.252306, -0.002831, 0.313215, -0.283169, -0.906447, -0.089074, 0.0, 0.0, 0.0, 1.0],
                [0.939903, -0.044194, 0.338555, 0.086814, -0.135933, -0.958051, 0.252306, -0.002831, 0.313215, -0.283169, -0.906447, -0.089074, 0.0, 0.0, 0.0, 1.0],
                [0.939903, -0.044194, 0.338555, 0.086814, -0.135933, -0.958051, 0.252306, -0.002831, 0.313215, -0.283169, -0.906447, -0.089074, 0.0, 0.0, 0.0, 1.0],
                [0.939903, -0.044194, 0.338555, 0.086814, -0.135933, -0.958051, 0.252306, -0.002831, 0.313215, -0.283169, -0.906447, -0.089074, 0.0, 0.0, 0.0, 1.0],
                [0.939903, -0.044194, 0.338555, 0.086814, -0.135933, -0.958051, 0.252306, -0.002831, 0.313215, -0.283169, -0.906447, -0.089074, 0.0, 0.0, 0.0, 1.0],
                [0.939903, -0.044194, 0.338555, 0.086814, -0.135933, -0.958051, 0.252306, -0.002831, 0.313215, -0.283169, -0.906447, -0.089074, 0.0, 0.0, 0.0, 1.0],
                [0.939903, -0.044194, 0.338555, 0.086814, -0.135933, -0.958051, 0.252306, -0.002831, 0.313215, -0.283169, -0.906447, -0.089074, 0.0, 0.0, 0.0, 1.0],
                [0.939903, -0.044194, 0.338555, 0.086814, -0.135933, -0.958051, 0.252306, -0.002831, 0.313215, -0.283169, -0.906447, -0.089074, 0.0, 0.0, 0.0, 1.0],
                [0.939903, -0.044194, 0.338555, 0.086814, -0.135933, -0.958051, 0.252306, -0.002831, 0.313215, -0.283169, -0.906447, -0.089074, 0.0, 0.0, 0.0, 1.0],
                [0.939903, -0.044194, 0.338555, 0.086814, -0.135933, -0.958051, 0.252306, -0.002831, 0.313215, -0.283169, -0.906447, -0.089074, 0.0, 0.0, 0.0, 1.0],
                [0.939903, -0.044194, 0.338555, 0.086814, -0.135933, -0.958051, 0.252306, -0.002831, 0.313215, -0.283169, -0.906447, -0.089074, 0.0, 0.0, 0.0, 1.0],
                [0.939903, -0.044194, 0.338555, 0.086814, -0.135933, -0.958051, 0.252306, -0.002831, 0.313215, -0.283169, -0.906447, -0.089074, 0.0, 0.0, 0.0, 1.0],
                [0.939903, -0.044194, 0.338555, 0.086814, -0.135933, -0.958051, 0.252306, -0.002831, 0.313215, -0.283169, -0.906447, -0.089074, 0.0, 0.0, 0.0, 1.0],
                [0.939903, -0.044194, 0.338555, 0.086814, -0.135933, -0.958051, 0.252306, -0.002831, 0.313215, -0.283169, -0.906447, -0.089074, 0.0, 0.0, 0.0, 1.0],
                [0.939903, -0.044194, 0.338555, 0.086814, -0.135933, -0.958051, 0.252306, -0.002831, 0.313215, -0.283169, -0.906447, -0.089074, 0.0, 0.0, 0.0, 1.0],
                [0.939903, -0.044194, 0.338555, 0.086814, -0.135933, -0.958051, 0.252306, -0.002831, 0.313215, -0.283169, -0.906447, -0.089074, 0.0, 0.0, 0.0, 1.0],
                [0.939903, -0.044194, 0.338555, 0.086814, -0.135933, -0.958051, 0.252306, -0.002831, 0.313215, -0.283169, -0.906447, -0.089074, 0.0, 0.0, 0.0, 1.0],
                [0.939903, -0.044194, 0.338555, 0.086814, -0.135933, -0.958051, 0.252306, -0.002831, 0.313215, -0.283169, -0.906447, -0.089074, 0.0, 0.0, 0.0, 1.0],
                [0.939903, -0.044194, 0.338555, 0.086814, -0.135933, -0.958051, 0.252306, -0.002831, 0.313215, -0.283169, -0.906447, -0.089074, 0.0, 0.0, 0.0, 1.0],
                [0.939903, -0.044194, 0.338555, 0.086814, -0.135933, -0.958051, 0.252306, -0.002831, 0.313215, -0.283169, -0.906447, -0.089074, 0.0, 0.0, 0.0, 1.0],
                [0.939903, -0.044194, 0.338555, 0.086814, -0.135933, -0.958051, 0.252306, -0.002831, 0.313215, -0.283169, -0.906447, -0.089074, 0.0, 0.0, 0.0, 1.0],
                [0.939903, -0.044194, 0.338555, 0.086814, -0.135933, -0.958051, 0.252306, -0.002831, 0.313215, -0.283169, -0.906447, -0.089074, 0.0, 0.0, 0.0, 1.0],
                [0.939903, -0.044194, 0.338555, 0.086814, -0.135933, -0.958051, 0.252306, -0.002831, 0.313215, -0.283169, -0.906447, -0.089074, 0.0, 0.0, 0.0, 1.0],
                [0.939903, -0.044194, 0.338555, 0.086814, -0.135933, -0.958051, 0.252306, -0.002831, 0.313215, -0.283169, -0.906447, -0.089074, 0.0, 0.0, 0.0, 1.0],
                [0.939903, -0.044193, 0.338555, 0.086814, -0.135933, -0.95805, 0.252306, -0.002831, 0.313215, -0.28317, -0.906446, -0.089074, 0.0, 0.0, 0.0, 1.0],
                [0.939903, -0.044193, 0.338555, 0.086814, -0.135933, -0.958051, 0.252306, -0.002831, 0.313215, -0.28317, -0.906446, -0.089074, 0.0, 0.0, 0.0, 1.0],
                [0.939904, -0.044193, 0.338555, 0.086814, -0.135933, -0.95805, 0.252307, -0.002831, 0.313215, -0.28317, -0.906446, -0.089074, 0.0, 0.0, 0.0, 1.0],
                [0.939903, -0.044193, 0.338555, 0.086814, -0.135933, -0.958051, 0.252306, -0.002831, 0.313215, -0.283169, -0.906447, -0.089074, 0.0, 0.0, 0.0, 1.0],
                [0.939903, -0.044194, 0.338555, 0.086814, -0.135933, -0.958051, 0.252305, -0.002831, 0.313215, -0.283168, -0.906447, -0.089074, 0.0, 0.0, 0.0, 1.0],
                [0.939904, -0.044194, 0.338555, 0.086814, -0.135933, -0.958051, 0.252305, -0.002831, 0.313215, -0.283168, -0.906447, -0.089074, 0.0, 0.0, 0.0, 1.0],
                [0.939904, -0.044194, 0.338555, 0.086814, -0.135933, -0.958051, 0.252305, -0.002831, 0.313215, -0.283168, -0.906447, -0.089074, 0.0, 0.0, 0.0, 1.0],
                [0.939904, -0.044194, 0.338555, 0.086814, -0.135933, -0.958051, 0.252305, -0.002831, 0.313215, -0.283168, -0.906447, -0.089074, 0.0, 0.0, 0.0, 1.0],
                [0.939904, -0.044194, 0.338555, 0.086814, -0.135933, -0.958051, 0.252305, -0.002831, 0.313215, -0.283168, -0.906447, -0.089074, 0.0, 0.0, 0.0, 1.0],
                [0.939904, -0.044194, 0.338555, 0.086814, -0.135933, -0.958051, 0.252305, -0.002831, 0.313215, -0.283168, -0.906447, -0.089074, 0.0, 0.0, 0.0, 1.0],
                [0.939904, -0.044194, 0.338555, 0.086814, -0.135933, -0.958051, 0.252305, -0.002831, 0.313215, -0.283168, -0.906447, -0.089074, 0.0, 0.0, 0.0, 1.0],
                [0.939904, -0.044194, 0.338555, 0.086814, -0.135933, -0.958051, 0.252305, -0.002831, 0.313215, -0.283168, -0.906447, -0.089074, 0.0, 0.0, 0.0, 1.0],
                [0.939904, -0.044194, 0.338555, 0.086814, -0.135933, -0.958051, 0.252305, -0.002831, 0.313215, -0.283168, -0.906447, -0.089074, 0.0, 0.0, 0.0, 1.0],
                [0.939904, -0.044194, 0.338555, 0.086814, -0.135933, -0.958051, 0.252305, -0.002831, 0.313215, -0.283168, -0.906447, -0.089074, 0.0, 0.0, 0.0, 1.0],
                [0.939904, -0.044194, 0.338555, 0.086814, -0.135933, -0.958051, 0.252305, -0.002831, 0.313215, -0.283168, -0.906447, -0.089074, 0.0, 0.0, 0.0, 1.0],
                [0.939904, -0.044194, 0.338555, 0.086814, -0.135933, -0.958051, 0.252305, -0.002831, 0.313215, -0.283168, -0.906447, -0.089074, 0.0, 0.0, 0.0, 1.0],
                [0.939904, -0.044194, 0.338555, 0.086814, -0.135933, -0.958051, 0.252305, -0.002831, 0.313215, -0.283168, -0.906447, -0.089074, 0.0, 0.0, 0.0, 1.0],
                [0.939904, -0.044194, 0.338555, 0.086814, -0.135933, -0.958051, 0.252305, -0.002831, 0.313215, -0.283168, -0.906447, -0.089074, 0.0, 0.0, 0.0, 1.0],
                [0.939904, -0.044194, 0.338555, 0.086814, -0.135933, -0.958051, 0.252305, -0.002831, 0.313215, -0.283168, -0.906447, -0.089074, 0.0, 0.0, 0.0, 1.0],
                [0.939904, -0.044194, 0.338555, 0.086814, -0.135933, -0.958051, 0.252305, -0.002831, 0.313215, -0.283168, -0.906447, -0.089074, 0.0, 0.0, 0.0, 1.0],
                [0.939904, -0.044194, 0.338555, 0.086814, -0.135933, -0.958051, 0.252305, -0.002831, 0.313215, -0.283168, -0.906447, -0.089074, 0.0, 0.0, 0.0, 1.0],
                [0.939904, -0.044194, 0.338555, 0.086814, -0.135933, -0.958051, 0.252305, -0.002831, 0.313215, -0.283168, -0.906447, -0.089074, 0.0, 0.0, 0.0, 1.0],
                [0.939904, -0.044194, 0.338555, 0.086814, -0.135933, -0.958051, 0.252305, -0.002831, 0.313215, -0.283168, -0.906447, -0.089074, 0.0, 0.0, 0.0, 1.0],
                [0.939904, -0.044194, 0.338555, 0.086814, -0.135933, -0.958051, 0.252305, -0.002831, 0.313215, -0.283168, -0.906447, -0.089074, 0.0, 0.0, 0.0, 1.0],
                [0.939904, -0.044194, 0.338555, 0.086814, -0.135933, -0.958051, 0.252305, -0.002831, 0.313215, -0.283168, -0.906447, -0.089074, 0.0, 0.0, 0.0, 1.0],
                [0.939903, -0.044193, 0.338555, 0.086814, -0.135933, -0.958051, 0.252306, -0.002831, 0.313215, -0.283169, -0.906447, -0.089074, 0.0, 0.0, 0.0, 1.0],
                [0.939903, -0.044194, 0.338555, 0.086814, -0.135933, -0.958051, 0.252305, -0.002831, 0.313215, -0.283168, -0.906447, -0.089074, 0.0, 0.0, 0.0, 1.0],
                [0.939904, -0.044194, 0.338555, 0.086814, -0.135933, -0.958051, 0.252305, -0.002831, 0.313215, -0.283169, -0.906447, -0.089074, 0.0, 0.0, 0.0, 1.0],
                [0.939904, -0.044193, 0.338555, 0.086814, -0.135933, -0.958051, 0.252306, -0.002831, 0.313215, -0.28317, -0.906446, -0.089074, 0.0, 0.0, 0.0, 1.0],
                [0.939903, -0.044193, 0.338556, 0.086814, -0.135933, -0.958051, 0.252306, -0.002831, 0.313215, -0.283169, -0.906447, -0.089074, 0.0, 0.0, 0.0, 1.0],
                [0.939903, -0.044193, 0.338555, 0.086814, -0.135933, -0.958051, 0.252306, -0.002831, 0.313215, -0.28317, -0.906447, -0.089074, 0.0, 0.0, 0.0, 1.0],
                [0.939903, -0.044193, 0.338555, 0.086814, -0.135933, -0.958051, 0.252306, -0.002831, 0.313215, -0.283169, -0.906447, -0.089074, 0.0, 0.0, 0.0, 1.0],
                [0.939903, -0.044194, 0.338555, 0.086814, -0.135933, -0.958051, 0.252305, -0.002831, 0.313215, -0.283168, -0.906447, -0.089074, 0.0, 0.0, 0.0, 1.0],
                [0.939904, -0.044194, 0.338555, 0.086814, -0.135933, -0.958051, 0.252305, -0.002831, 0.313215, -0.283168, -0.906447, -0.089074, 0.0, 0.0, 0.0, 1.0],
                [0.939904, -0.044194, 0.338555, 0.086814, -0.135933, -0.958051, 0.252306, -0.002831, 0.313215, -0.283169, -0.906447, -0.089074, 0.0, 0.0, 0.0, 1.0],
                [0.939903, -0.044193, 0.338555, 0.086814, -0.135933, -0.958051, 0.252306, -0.002831, 0.313215, -0.28317, -0.906446, -0.089074, 0.0, 0.0, 0.0, 1.0],
                [0.939903, -0.044193, 0.338555, 0.086814, -0.135933, -0.95805, 0.252307, -0.002831, 0.313215, -0.28317, -0.906446, -0.089074, 0.0, 0.0, 0.0, 1.0],
                [0.939903, -0.044193, 0.338555, 0.086814, -0.135933, -0.95805, 0.252307, -0.002831, 0.313215, -0.28317, -0.906446, -0.089074, 0.0, 0.0, 0.0, 1.0],
                [0.939903, -0.044194, 0.338555, 0.086814, -0.135933, -0.958051, 0.252306, -0.002831, 0.313215, -0.283169, -0.906447, -0.089074, 0.0, 0.0, 0.0, 1.0],
                [0.939903, -0.044194, 0.338555, 0.086814, -0.135933, -0.958051, 0.252306, -0.002831, 0.313215, -0.283169, -0.906447, -0.089074, 0.0, 0.0, 0.0, 1.0],
                [0.939903, -0.044193, 0.338555, 0.086814, -0.135933, -0.958051, 0.252306, -0.002831, 0.313215, -0.283169, -0.906447, -0.089074, 0.0, 0.0, 0.0, 1.0],
                [0.939903, -0.044193, 0.338555, 0.086814, -0.135933, -0.958051, 0.252306, -0.002831, 0.313215, -0.283169, -0.906447, -0.089074, 0.0, 0.0, 0.0, 1.0],
                [0.939903, -0.044193, 0.338555, 0.086814, -0.135933, -0.95805, 0.252307, -0.002831, 0.313215, -0.28317, -0.906446, -0.089074, 0.0, 0.0, 0.0, 1.0],
                [0.939903, -0.044194, 0.338555, 0.086814, -0.135933, -0.958051, 0.252306, -0.002831, 0.313215, -0.283169, -0.906447, -0.089074, 0.0, 0.0, 0.0, 1.0],
                [0.939903, -0.044194, 0.338555, 0.086814, -0.135933, -0.958051, 0.252305, -0.002831, 0.313215, -0.283169, -0.906447, -0.089074, 0.0, 0.0, 0.0, 1.0],
                [0.939903, -0.044194, 0.338555, 0.086814, -0.135933, -0.958051, 0.252306, -0.002831, 0.313215, -0.283169, -0.906447, -0.089074, 0.0, 0.0, 0.0, 1.0],
                [0.939904, -0.044193, 0.338555, 0.086814, -0.135933, -0.958051, 0.252306, -0.002831, 0.313215, -0.28317, -0.906447, -0.089074, 0.0, 0.0, 0.0, 1.0],
                [0.939904, -0.044193, 0.338555, 0.086814, -0.135933, -0.958051, 0.252306, -0.002831, 0.313215, -0.28317, -0.906447, -0.089074, 0.0, 0.0, 0.0, 1.0]
            ]
        },
        {
            "name": "Leg_R",
            "time": [0.0, 0.0167, 0.0333, 0.05, 0.0667, 0.0833, 0.1, 0.1167, 0.1333, 0.15, 0.1667, 0.1833, 0.2, 0.2167, 0.2333, 0.25, 0.2667, 0.2833, 0.3, 0.3167, 0.3333, 0.35, 0.3667, 0.3833, 0.4, 0.4167, 0.4333, 0.45, 0.4667, 0.4833, 0.5, 0.5167, 0.5333, 0.55, 0.5667, 0.5833, 0.6, 0.6167, 0.6333, 0.65, 0.6667, 0.6833, 0.7, 0.7167, 0.7333, 0.75, 0.7667, 0.7833, 0.8, 0.8167, 0.8333, 0.85, 0.8667, 0.8833, 0.9, 0.9167, 0.9333, 0.95, 0.9667, 0.9833, 1.0, 1.0167, 1.0333, 1.05, 1.0667, 1.0833, 1.1, 1.1167, 1.1333, 1.15, 1.1667, 1.1833, 1.2, 1.2167, 1.2333, 1.25, 1.2667, 1.2833, 1.3, 1.3167, 1.3333, 1.35, 1.3667, 1.3833, 2.0],
            "transform": [
                [1.0, -0.00024, -0.000141, -0.0, 0.000265, 0.976706, 0.214576, 0.375166, 8.6e-05, -0.21458, 0.976707, -0.0, 0.0, 0.0, 0.0, 1.0],
                [1.0, -0.00024, -0.000141, -0.0, 0.000265, 0.976706, 0.214576, 0.375166, 8.6e-05, -0.21458, 0.976707, -0.0, 0.0, 0.0, 0.0, 1.0],
                [1.0, -0.00024, -0.000141, -0.0, 0.000265, 0.976706, 0.214576, 0.375166, 8.6e-05, -0.21458, 0.976707, -0.0, 0.0, 0.0, 0.0, 1.0],
                [1.0, -0.00024, -0.000141, -0.0, 0.000265, 0.976706, 0.214576, 0.375166, 8.6e-05, -0.21458, 0.976707, -0.0, 0.0, 0.0, 0.0, 1.0],
                [1.0, -0.00024, -0.000141, -0.0, 0.000265, 0.976706, 0.214576, 0.375166, 8.6e-05, -0.21458, 0.976707, -0.0, 0.0, 0.0, 0.0, 1.0],
                [1.0, -0.00024, -0.000141, -0.0, 0.000265, 0.976706, 0.214576, 0.375166, 8.6e-05, -0.21458, 0.976707, -0.0, 0.0, 0.0, 0.0, 1.0],
                [1.0, -0.00024, -0.000141, -0.0, 0.000265, 0.976706, 0.214576, 0.375166, 8.6e-05, -0.21458, 0.976707, -0.0, 0.0, 0.0, 0.0, 1.0],
                [1.0, -0.00024, -0.000141, -0.0, 0.000265, 0.976706, 0.214576, 0.375166, 8.6e-05, -0.21458, 0.976707, -0.0, 0.0, 0.0, 0.0, 1.0],
                [1.0, -0.00024, -0.000141, -0.0, 0.000265, 0.976706, 0.214576, 0.375166, 8.6e-05, -0.21458, 0.976707, -0.0, 0.0, 0.0, 0.0, 1.0],
                [1.0, -0.00024, -0.000141, -0.0, 0.000265, 0.976706, 0.214576, 0.375166, 8.6e-05, -0.21458, 0.976707, -0.0, 0.0, 0.0, 0.0, 1.0],
                [1.0, -0.00024, -0.000141, -0.0, 0.000265, 0.976706, 0.214576, 0.375166, 8.6e-05, -0.21458, 0.976707, -0.0, 0.0, 0.0, 0.0, 1.0],
                [1.0, -0.00024, -0.000141, -0.0, 0.000265, 0.976706, 0.214576, 0.375166, 8.6e-05, -0.21458, 0.976707, -0.0, 0.0, 0.0, 0.0, 1.0],
                [1.0, -0.00024, -0.000141, -0.0, 0.000265, 0.976706, 0.214576, 0.375166, 8.6e-05, -0.21458, 0.976707, -0.0, 0.0, 0.0, 0.0, 1.0],
                [1.0, -0.00024, -0.000141, -0.0, 0.000265, 0.976706, 0.214576, 0.375166, 8.6e-05, -0.21458, 0.976707, -0.0, 0.0, 0.0, 0.0, 1.0],
                [1.0, -0.00024, -0.000141, -0.0, 0.000265, 0.976706, 0.214576, 0.375166, 8.6e-05, -0.21458, 0.976707, -0.0, 0.0, 0.0, 0.0, 1.0],
                [1.0, -0.00024, -0.000141, -0.0, 0.000265, 0.976706, 0.214576, 0.375166, 8.6e-05, -0.21458, 0.976707, -0.0, 0.0, 0.0, 0.0, 1.0],
                [1.0, -0.00024, -0.000141, -0.0, 0.000265, 0.976706, 0.214576, 0.375166, 8.6e-05, -0.21458, 0.976707, -0.0, 0.0, 0.0, 0.0, 1.0],
                [1.0, -0.00024, -0.000141, -0.0, 0.000265, 0.976706, 0.214576, 0.375166, 8.6e-05, -0.21458, 0.976707, -0.0, 0.0, 0.0, 0.0, 1.0],
                [1.0, -0.00024, -0.000141, -0.0, 0.000265, 0.976706, 0.214576, 0.375166, 8.6e-05, -0.21458, 0.976707, -0.0, 0.0, 0.0, 0.0, 1.0],
                [1.0, -0.00024, -0.000141, -0.0, 0.000265, 0.976706, 0.214576, 0.375166, 8.6e-05, -0.21458, 0.976707, -0.0, 0.0, 0.0, 0.0, 1.0],
                [1.0, -0.00024, -0.000141, -0.0, 0.000265, 0.976706, 0.214576, 0.375166, 8.6e-05, -0.21458, 0.976707, -0.0, 0.0, 0.0, 0.0, 1.0],
                [1.0, -0.00024, -0.000141, -0.0, 0.000265, 0.976706, 0.214576, 0.375166, 8.6e-05, -0.21458, 0.976707, -0.0, 0.0, 0.0, 0.0, 1.0],
                [1.0, -0.00024, -0.000141, -0.0, 0.000265, 0.976706, 0.214576, 0.375166, 8.6e-05, -0.21458, 0.976707, -0.0, 0.0, 0.0, 0.0, 1.0],
                [1.0, -0.00024, -0.000141, -0.0, 0.000265, 0.976706, 0.214576, 0.375166, 8.6e-05, -0.21458, 0.976707, -0.0, 0.0, 0.0, 0.0, 1.0],
                [1.0, -0.00024, -0.000141, -0.0, 0.000265, 0.976706, 0.214576, 0.375166, 8.6e-05, -0.21458, 0.976707, -0.0, 0.0, 0.0, 0.0, 1.0],
                [1.0, -0.00024, -0.000141, -0.0, 0.000265, 0.976706, 0.214576, 0.375166, 8.6e-05, -0.21458, 0.976707, -0.0, 0.0, 0.0, 0.0, 1.0],
                [1.0, -0.00024, -0.000141, -0.0, 0.000265, 0.976706, 0.214576, 0.375166, 8.6e-05, -0.21458, 0.976707, -0.0, 0.0, 0.0, 0.0, 1.0],
                [1.0, -0.00024, -0.000141, -0.0, 0.000265, 0.976706, 0.214576, 0.375166, 8.6e-05, -0.21458, 0.976707, -0.0, 0.0, 0.0, 0.0, 1.0],
                [1.0, -0.00024, -0.000141, -0.0, 0.000265, 0.976706, 0.214576, 0.375166, 8.6e-05, -0.21458, 0.976707, -0.0, 0.0, 0.0, 0.0, 1.0],
                [1.0, -0.00024, -0.000141, -0.0, 0.000265, 0.976706, 0.214576, 0.375166, 8.6e-05, -0.21458, 0.976707, -0.0, 0.0, 0.0, 0.0, 1.0],
                [1.0, -0.00024, -0.000141, -0.0, 0.000265, 0.976706, 0.214576, 0.375166, 8.6e-05, -0.21458, 0.976707, -0.0, 0.0, 0.0, 0.0, 1.0],
                [1.0, -0.00024, -0.000141, -0.0, 0.000265, 0.976706, 0.214576, 0.375166, 8.6e-05, -0.21458, 0.976707, -0.0, 0.0, 0.0, 0.0, 1.0],
                [1.0, -0.00024, -0.000141, -0.0, 0.000265, 0.976706, 0.214576, 0.375166, 8.6e-05, -0.21458, 0.976707, -0.0, 0.0, 0.0, 0.0, 1.0],
                [1.0, -0.00024, -0.000141, -0.0, 0.000265, 0.976706, 0.214576, 0.375166, 8.6e-05, -0.21458, 0.976707, -0.0, 0.0, 0.0, 0.0, 1.0],
                [1.0, -0.00024, -0.000141, -0.0, 0.000265, 0.976706, 0.214576, 0.375166, 8.6e-05, -0.21458, 0.976707, -0.0, 0.0, 0.0, 0.0, 1.0],
                [1.0, -0.00024, -0.000141, -0.0, 0.000265, 0.976706, 0.214576, 0.375166, 8.6e-05, -0.21458, 0.976707, -0.0, 0.0, 0.0, 0.0, 1.0],
                [1.0, -0.00024, -0.000141, -0.0, 0.000265, 0.976706, 0.214576, 0.375166, 8.6e-05, -0.21458, 0.976707, -0.0, 0.0, 0.0, 0.0, 1.0],
                [1.0, -0.00024, -0.000141, 0.0, 0.000265, 0.976706, 0.214578, 0.375166, 8.6e-05, -0.214582, 0.976707, 0.0, 0.0, 0.0, 0.0, 1.0],
                [1.0, -0.00024, -0.000141, 0.0, 0.000265, 0.976706, 0.214577, 0.375166, 8.6e-05, -0.214581, 0.976707, -0.0, 0.0, 0.0, 0.0, 1.0],
                [1.0, -0.00024, -0.000141, 0.0, 0.000265, 0.976706, 0.214579, 0.375166, 8.6e-05, -0.214583, 0.976707, -0.0, 0.0, 0.0, 0.0, 1.0],
                [1.0, -0.00024, -0.000141, -0.0, 0.000265, 0.976706, 0.214576, 0.375166, 8.6e-05, -0.21458, 0.976708, -0.0, 0.0, 0.0, 0.0, 1.0],
                [1.0, -0.00024, -0.000141, 0.0, 0.000265, 0.976707, 0.214575, 0.375166, 8.6e-05, -0.214579, 0.976708, -0.0, 0.0, 0.0, 0.0, 1.0],
                [1.0, -0.00024, -0.000141, 0.0, 0.000265, 0.976707, 0.214575, 0.375166, 8.6e-05, -0.214579, 0.976708, -0.0, 0.0, 0.0, 0.0, 1.0],
                [1.0, -0.00024, -0.000141, 0.0, 0.000265, 0.976707, 0.214575, 0.375166, 8.6e-05, -0.214579, 0.976708, -0.0, 0.0, 0.0, 0.0, 1.0],
                [1.0, -0.00024, -0.000141, 0.0, 0.000265, 0.976707, 0.214575, 0.375166, 8.6e-05, -0.214579, 0.976708, -0.0, 0.0, 0.0, 0.0, 1.0],
                [1.0, -0.00024, -0.000141, 0.0, 0.000265, 0.976707, 0.214575, 0.375166, 8.6e-05, -0.214579, 0.976708, -0.0, 0.0, 0.0, 0.0, 1.0],
                [1.0, -0.00024, -0.000141, 0.0, 0.000265, 0.976707, 0.214575, 0.375166, 8.6e-05, -0.214579, 0.976708, -0.0, 0.0, 0.0, 0.0, 1.0],
                [1.0, -0.00024, -0.000141, 0.0, 0.000265, 0.976707, 0.214575, 0.375166, 8.6e-05, -0.214579, 0.976708, -0.0, 0.0, 0.0, 0.0, 1.0],
                [1.0, -0.00024, -0.000141, 0.0, 0.000265, 0.976707, 0.214575, 0.375166, 8.6e-05, -0.214579, 0.976708, -0.0, 0.0, 0.0, 0.0, 1.0],
                [1.0, -0.00024, -0.000141, 0.0, 0.000265, 0.976707, 0.214575, 0.375166, 8.6e-05, -0.214579, 0.976708, -0.0, 0.0, 0.0, 0.0, 1.0],
                [1.0, -0.00024, -0.000141, 0.0, 0.000265, 0.976707, 0.214575, 0.375166, 8.6e-05, -0.214579, 0.976708, -0.0, 0.0, 0.0, 0.0, 1.0],
                [1.0, -0.00024, -0.000141, 0.0, 0.000265, 0.976707, 0.214575, 0.375166, 8.6e-05, -0.214579, 0.976708, -0.0, 0.0, 0.0, 0.0, 1.0],
                [1.0, -0.00024, -0.000141, 0.0, 0.000265, 0.976707, 0.214575, 0.375166, 8.6e-05, -0.214579, 0.976708, -0.0, 0.0, 0.0, 0.0, 1.0],
                [1.0, -0.00024, -0.000141, 0.0, 0.000265, 0.976707, 0.214575, 0.375166, 8.6e-05, -0.214579, 0.976708, -0.0, 0.0, 0.0, 0.0, 1.0],
                [1.0, -0.00024, -0.000141, 0.0, 0.000265, 0.976707, 0.214575, 0.375166, 8.6e-05, -0.214579, 0.976708, -0.0, 0.0, 0.0, 0.0, 1.0],
                [1.0, -0.00024, -0.000141, 0.0, 0.000265, 0.976707, 0.214575, 0.375166, 8.6e-05, -0.214579, 0.976708, -0.0, 0.0, 0.0, 0.0, 1.0],
                [1.0, -0.00024, -0.000141, 0.0, 0.000265, 0.976707, 0.214575, 0.375166, 8.6e-05, -0.214579, 0.976708, -0.0, 0.0, 0.0, 0.0, 1.0],
                [1.0, -0.00024, -0.000141, 0.0, 0.000265, 0.976707, 0.214575, 0.375166, 8.6e-05, -0.214579, 0.976708, -0.0, 0.0, 0.0, 0.0, 1.0],
                [1.0, -0.00024, -0.000141, 0.0, 0.000265, 0.976707, 0.214575, 0.375166, 8.6e-05, -0.214579, 0.976708, -0.0, 0.0, 0.0, 0.0, 1.0],
                [1.0, -0.00024, -0.000141, 0.0, 0.000265, 0.976707, 0.214575, 0.375166, 8.6e-05, -0.214579, 0.976708, -0.0, 0.0, 0.0, 0.0, 1.0],
                [1.0, -0.00024, -0.000141, 0.0, 0.000265, 0.976707, 0.214575, 0.375166, 8.6e-05, -0.214579, 0.976708, -0.0, 0.0, 0.0, 0.0, 1.0],
                [1.0, -0.00024, -0.000141, -0.0, 0.000265, 0.976707, 0.214575, 0.375166, 8.6e-05, -0.214579, 0.976708, 0.0, 0.0, 0.0, 0.0, 1.0],
                [1.0, -0.00024, -0.000141, 0.0, 0.000265, 0.976706, 0.214576, 0.375166, 8.6e-05, -0.21458, 0.976707, 0.0, 0.0, 0.0, 0.0, 1.0],
                [1.0, -0.00024, -0.000141, -0.0, 0.000265, 0.976707, 0.214575, 0.375166, 8.6e-05, -0.214579, 0.976707, 0.0, 0.0, 0.0, 0.0, 1.0],
                [1.0, -0.00024, -0.000141, -0.0, 0.000265, 0.976706, 0.214576, 0.375166, 8.6e-05, -0.21458, 0.976707, 0.0, 0.0, 0.0, 0.0, 1.0],
                [1.0, -0.00024, -0.000141, -0.0, 0.000265, 0.976706, 0.214578, 0.375166, 8.6e-05, -0.214582, 0.976707, 0.0, 0.0, 0.0, 0.0, 1.0],
                [1.0, -0.00024, -0.000141, -0.0, 0.000265, 0.976706, 0.214576, 0.375166, 8.6e-05, -0.21458, 0.976707, 0.0, 0.0, 0.0, 0.0, 1.0],
                [1.0, -0.00024, -0.000141, 0.0, 0.000265, 0.976706, 0.214577, 0.375166, 8.6e-05, -0.214581, 0.976707, 0.0, 0.0, 0.0, 0.0, 1.0],
                [1.0, -0.00024, -0.000141, 0.0, 0.000265, 0.976707, 0.214576, 0.375166, 8.6e-05, -0.21458, 0.976708, 0.0, 0.0, 0.0, 0.0, 1.0],
                [1.0, -0.00024, -0.000141, -0.0, 0.000265, 0.976707, 0.214575, 0.375166, 8.6e-05, -0.214579, 0.976708, 0.0, 0.0, 0.0, 0.0, 1.0],
                [1.0, -0.00024, -0.000141, -0.0, 0.000265, 0.976707, 0.214575, 0.375166, 8.6e-05, -0.214579, 0.976708, 0.0, 0.0, 0.0, 0.0, 1.0],
                [1.0, -0.00024, -0.000141, 0.0, 0.000265, 0.976707, 0.214576, 0.375166, 8.6e-05, -0.21458, 0.976708, 0.0, 0.0, 0.0, 0.0, 1.0],
                [1.0, -0.00024, -0.000141, -0.0, 0.000265, 0.976706, 0.214578, 0.375166, 8.6e-05, -0.214582, 0.976707, -0.0, 0.0, 0.0, 0.0, 1.0],
                [1.0, -0.00024, -0.000141, -0.0, 0.000265, 0.976706, 0.214579, 0.375166, 8.6e-05, -0.214583, 0.976707, -0.0, 0.0, 0.0, 0.0, 1.0],
                [1.0, -0.00024, -0.000141, -0.0, 0.000265, 0.976706, 0.214579, 0.375166, 8.6e-05, -0.214583, 0.976707, -0.0, 0.0, 0.0, 0.0, 1.0],
                [1.0, -0.00024, -0.000141, 0.0, 0.000265, 0.976706, 0.214576, 0.375166, 8.6e-05, -0.21458, 0.976707, -0.0, 0.0, 0.0, 0.0, 1.0],
                [1.0, -0.00024, -0.000141, 0.0, 0.000265, 0.976707, 0.214576, 0.375166, 8.6e-05, -0.21458, 0.976707, 0.0, 0.0, 0.0, 0.0, 1.0],
                [1.0, -0.00024, -0.000141, -0.0, 0.000265, 0.976707, 0.214576, 0.375166, 8.6e-05, -0.21458, 0.976708, 0.0, 0.0, 0.0, 0.0, 1.0],
                [1.0, -0.00024, -0.000141, 0.0, 0.000265, 0.976706, 0.214576, 0.375166, 8.6e-05, -0.21458, 0.976708, -0.0, 0.0, 0.0, 0.0, 1.0],
                [1.0, -0.00024, -0.000141, 0.0, 0.000265, 0.976706, 0.214579, 0.375166, 8.7e-05, -0.214583, 0.976707, 0.0, 0.0, 0.0, 0.0, 1.0],
                [1.0, -0.00024, -0.000141, 0.0, 0.000265, 0.976706, 0.214576, 0.375166, 8.6e-05, -0.21458, 0.976707, 0.0, 0.0, 0.0, 0.0, 1.0],
                [0.999999, -0.00024, -0.000141, 0.0, 0.000265, 0.976706, 0.214576, 0.375166, 8.6e-05, -0.21458, 0.976707, 0.0, 0.0, 0.0, 0.0, 1.0],
                [1.0, -0.00024, -0.000141, -0.0, 0.000265, 0.976706, 0.214576, 0.375166, 8.6e-05, -0.21458, 0.976708, -0.0, 0.0, 0.0, 0.0, 1.0],
                [1.0, -0.00024, -0.000141, 0.0, 0.000265, 0.976706, 0.214577, 0.375166, 8.6e-05, -0.214581, 0.976707, -0.0, 0.0, 0.0, 0.0, 1.0],
                [1.0, -0.00024, -0.000141, 0.0, 0.000265, 0.976706, 0.214577, 0.375166, 8.6e-05, -0.214581, 0.976707, -0.0, 0.0, 0.0, 0.0, 1.0]
            ]
        },
        {
