{
    "animation": [
        {
            "name": "Root",
            "time": [0.0, 1.0, 2.0],
            "transform": [
                [0.556191, 0.0, 0.831055, -5e-06, 0.831055, 0.0, -0.556191, 0.000946, 0.0, 1.0, 0.0, 0.739346, 0.0, 0.0, 0.0, 1.0],
                [0.556191, 0.0, 0.831055, -5e-06, 0.831055, 0.0, -0.556191, 0.000946, 0.0, 1.0, 0.0, 0.726974, 0.0, 0.0, 0.0, 1.0],
                [0.556191, 0.0, 0.831055, -5e-06, 0.831055, 0.0, -0.556191, 0.000946, 0.0, 1.0, 0.0, 0.739346, 0.0, 0.0, 0.0, 1.0]
            ]
        },
        {
            "name": "Thigh_R",
            "time": [0.0, 1.0, 2.0],
            "transform": [
                [0.430676, 0.322845, 0.842752, 0.124994, 0.008782, -0.935283, 0.353782, -0.002831, 0.902464, -0.144966, -0.405624, -1.2e-05, 0.0, 0.0, 0.0, 1.0],
                [0.430565, 0.398496, 0.809789, 0.124994, 0.009003, -0.899103, 0.437636, -0.002831, 0.902515, -0.181142, -0.390694, -1.2e-05, 0.0, 0.0, 0.0, 1.0],
                [0.430676, 0.322845, 0.842752, 0.124994, 0.008782, -0.935283, 0.353782, -0.002831, 0.902464, -0.144966, -0.405624, -1.2e-05, 0.0, 0.0, 0.0, 1.0]
            ]
        },
        {
            "name": "Leg_R",
            "time": [0.0, 1.0, 2.0],
            "transform": [
                [1.0, -0.00031, -0.000159, -0.0, 0.000342, 0.960817, 0.277175, 0.375166, 6.7e-05, -0.277184, 0.96082, 0.0, 0.0, 0.0, 0.0, 1.0],
                [1.0, -0.000493, -0.000229, 0.0, 0.000543, 0.897778, 0.440434, 0.375166, -1.1e-05, -0.440455, 0.897784, -0.0, 0.0, 0.0, 0.0, 1.0],
                [1.0, -0.00031, -0.000159, -0.0, 0.000342, 0.960817, 0.277175, 0.375166, 6.7e-05, -0.277184, 0.96082, 0.0, 0.0, 0.0, 0.0, 1.0]
            ]
        },
        {
            "name": "Knee_R",
            "time": [0.0, 1.0, 2.0],
            "transform": [
                [1.0, -5.7e-05, 5.4e-05, -0.0, 5.7e-05, 0.048757, -0.998811, 0.375166, 5.4e-05, 0.998811, 0.048757, 0.0, 0.0, 0.0, 0.0, 1.0],
                [1.0, -5.7e-05, 5.4e-05, 0.0, 5.7e-05, 0.048757, -0.998811, 0.375166, 5.4e-05, 0.998811, 0.048757, -0.0, 0.0, 0.0, 0.0, 1.0],
                [1.0, -5.7e-05, 5.4e-05, -0.0, 5.7e-05, 0.048757, -0.998811, 0.375166, 5.4e-05, 0.998811, 0.048757, 0.0, 0.0, 0.0, 0.0, 1.0]
            ]
        },
        {
            "name": "Thigh_L",
            "time": [0.0, 1.0, 2.0],
            "transform": [
                [0.981526, -0.179927, 0.065056, -0.125006, -0.18186, -0.983004, 0.025076, -0.002831, 0.059441, -0.036436, -0.99752, -1.2e-05, 0.0, 0.0, 0.0, 1.0],
                [0.981002, -0.177124, 0.079136, -0.125006, -0.18505, -0.976818, 0.107621, -0.002831, 0.058242, -0.120211, -0.990992, -1.2e-05, 0.0, 0.0, 0.0, 1.0],
                [0.981526, -0.179927, 0.065056, -0.125006, -0.18186, -0.983004, 0.025076, -0.002831, 0.059441, -0.036436, -0.99752, -1.2e-05, 0.0, 0.0, 0.0, 1.0]
            ]
        },
        {
            "name": "Leg_L",
            "time": [0.0, 1.0, 2.0],
            "transform": [
                [1.0, 1e-06, 1e-06, 0.0, -1e-06, 0.958119, 0.286361, 0.375166, -1e-06, -0.286373, 0.958121, 0.0, 0.0, 0.0, 0.0, 1.0],
                [1.0, 1e-06, 1e-06, 0.0, -1e-06, 0.894998, 0.446053, 0.375166, -0.0, -0.446079, 0.895005, -0.0, 0.0, 0.0, 0.0, 1.0],
                [1.0, 1e-06, 1e-06, 0.0, -1e-06, 0.958119, 0.286361, 0.375166, -1e-06, -0.286373, 0.958121, 0.0, 0.0, 0.0, 0.0, 1.0]
            ]
        },
        {
            "name": "Knee_L",
            "time": [0.0, 1.0, 2.0],
            "transform": [
                [1.0, 0.0, -0.0, 0.0, -0.0, 0.048757, -0.998811, 0.375166, -0.0, 0.998811, 0.048757, 0.0, 0.0, 0.0, 0.0, 1.0],
                [1.0, 0.0, -0.0, 0.0, -0.0, 0.048757, -0.998811, 0.375166, -0.0, 0.998811, 0.048757, -0.0, 0.0, 0.0, 0.0, 1.0],
                [1.0, 0.0, -0.0, 0.0, -0.0, 0.048757, -0.998811, 0.375166, -0.0, 0.998811, 0.048757, 0.0, 0.0, 0.0, 0.0, 1.0]
            ]
        },
        {
            "name": "Torso",
            "time": [0.0, 1.0, 2.0],
            "transform": [
                [0.999562, -0.008469, -0.028353, 0.0, -0.003045, 0.923655, -0.383214, 0.05, 0.029434, 0.383132, 0.923225, 0.0, 0.0, 0.0, 0.0, 1.0],
                [0.999562, -0.008468, -0.028353, 0.0, -0.003045, 0.923655, -0.383214, 0.05, 0.029434, 0.383132, 0.923225, 0.0, 0.0, 0.0, 0.0, 1.0],
                [0.999562, -0.008469, -0.028353, 0.0, -0.003045, 0.923655, -0.383214, 0.05, 0.029434, 0.383132, 0.923225, 0.0, 0.0, 0.0, 0.0, 1.0]
            ]
        },
        {
            "name": "Chest",
            "time": [0.0, 1.0, 2.0],
            "transform": [
                [0.999584, 0.001488, -0.028784, 0.0, 0.014582, 0.835328, 0.549557, 0.304568, 0.024862, -0.549749, 0.83496, -0.0, 0.0, 0.0, 0.0, 1.0],
                [0.999585, 0.001488, -0.028784, 0.0, 0.014582, 0.835329, 0.549557, 0.304568, 0.024862, -0.549749, 0.83496, -0.0, 0.0, 0.0, 0.0, 1.0],
                [0.999584, 0.001488, -0.028784, 0.0, 0.014582, 0.835328, 0.549557, 0.304568, 0.024862, -0.549749, 0.83496, -0.0, 0.0, 0.0, 0.0, 1.0]
            ]
        },
        {
            "name": "Head",
            "time": [0.0, 2.0],
            "transform": [
                [0.630268, -0.012547, -0.776276, -0.0, -0.113561, 0.987625, -0.108165, 0.403437, 0.768027, 0.156328, 0.621044, 0.0, 0.0, 0.0, 0.0, 1.0],
                [0.630268, -0.012547, -0.776276, -0.0, -0.113561, 0.987625, -0.108165, 0.403437, 0.768027, 0.156328, 0.621044, 0.0, 0.0, 0.0, 0.0, 1.0]
            ]
        },
        {
            "name": "Shoulder_R",
            "time": [0.0, 2.0],
            "transform": [
                [0.0, 0.952114, 0.305743, -0.0, -0.130264, -0.303138, 0.944001, 0.403437, 0.991479, -0.039827, 0.124026, 0.0, 0.0, 0.0, 0.0, 1.0],
                [0.0, 0.952114, 0.305743, -0.0, -0.130264, -0.303138, 0.944001, 0.403437, 0.991479, -0.039827, 0.124026, 0.0, 0.0, 0.0, 0.0, 1.0]
            ]
        },
        {
            "name": "Arm_R",
            "time": [0.0, 1.0, 2.0],
            "transform": [
                [0.771705, -0.281026, -0.570522, 0.0, 0.457929, 0.868045, 0.191831, 0.393861, 0.44133, -0.409295, 0.798565, 0.0, 0.0, 0.0, 0.0, 1.0],
                [0.760527, -0.259649, -0.595131, 0.0, 0.471943, 0.850551, 0.232019, 0.393861, 0.445945, -0.457324, 0.769406, -0.0, 0.0, 0.0, 0.0, 1.0],
                [0.771705, -0.281026, -0.570522, 0.0, 0.457929, 0.868045, 0.191831, 0.393861, 0.44133, -0.409295, 0.798565, 0.0, 0.0, 0.0, 0.0, 1.0]
            ]
        },
        {
            "name": "Hand_R",
            "time": [0.0, 1.0, 2.0],
            "transform": [
                [1.0, -0.0, -0.0, -0.0, 0.0, 0.907833, -0.419332, 0.300556, 0.0, 0.419332, 0.907833, -0.0, 0.0, 0.0, 0.0, 1.0],
                [1.0, -0.0, -0.0, 0.0, -0.0, 0.876085, -0.482156, 0.300556, -0.0, 0.482156, 0.876085, 0.0, 0.0, 0.0, 0.0, 1.0],
                [1.0, -0.0, -0.0, -0.0, 0.0, 0.907833, -0.419332, 0.300556, 0.0, 0.419332, 0.907833, -0.0, 0.0, 0.0, 0.0, 1.0]
            ]
        },
        {
            "name": "Tool_R",
            "time": [0.0, 1.0, 2.0],
            "transform": [
                [1.0, -0.0, 0.0, 0.0, 0.0, -0.997925, -0.064389, 0.266907, 0.0, 0.064389, -0.997925, 0.005004, 0.0, 0.0, 0.0, 1.0],
                [1.0, 0.0, 0.0, 0.0, 0.0, -0.997925, -0.064389, 0.266907, 0.0, 0.064389, -0.997925, 0.005004, 0.0, 0.0, 0.0, 1.0],
                [1.0, -0.0, 0.0, 0.0, 0.0, -0.997925, -0.064389, 0.266907, 0.0, 0.064389, -0.997925, 0.005004, 0.0, 0.0, 0.0, 1.0]
            ]
        },
        {
            "name": "Elbow_R",
            "time": [0.0, 1.0, 2.0],
            "transform": [
                [-1.0, 0.0, 0.0, -0.0, -0.0, 0.060811, -0.998149, 0.300556, -0.0, -0.99815, -0.060811, -0.0, 0.0, 0.0, 0.0, 1.0],
                [-1.0, 0.0, 0.0, 0.0, -0.0, 0.060811, -0.998149, 0.300556, -0.0, -0.99815, -0.060811, 0.0, 0.0, 0.0, 0.0, 1.0],
                [-1.0, 0.0, 0.0, -0.0, -0.0, 0.060811, -0.998149, 0.300556, -0.0, -0.99815, -0.060811, -0.0, 0.0, 0.0, 0.0, 1.0]
            ]
        },
        {
            "name": "Shoulder_L",
            "time": [0.0, 2.0],
            "transform": [
                [0.0, -0.952114, -0.305743, -0.0, 0.130264, -0.303138, 0.944001, 0.403437, -0.991479, -0.039827, 0.124026, 0.0, 0.0, 0.0, 0.0, 1.0],
                [0.0, -0.952114, -0.305743, -0.0, 0.130264, -0.303138, 0.944001, 0.403437, -0.991479, -0.039827, 0.124026, 0.0, 0.0, 0.0, 0.0, 1.0]
            ]
        },
        {
            "name": "Arm_L",
            "time": [0.0, 1.0, 2.0],
            "transform": [
                [-0.143259, 0.893399, 0.425812, -0.0, 0.270025, 0.44921, -0.851644, 0.39386, -0.952136, -0.007026, -0.305594, 0.0, 0.0, 0.0, 0.0, 1.0],
                [-0.143259, 0.893399, 0.425811, 0.0, 0.270025, 0.44921, -0.851644, 0.39386, -0.952136, -0.007026, -0.305594, 0.0, 0.0, 0.0, 0.0, 1.0],
                [-0.143259, 0.893399, 0.425812, -0.0, 0.270025, 0.44921, -0.851644, 0.39386, -0.952136, -0.007026, -0.305594, 0.0, 0.0, 0.0, 0.0, 1.0]
            ]
        },
        {
            "name": "Hand_L",
            "time": [0.0, 1.0, 2.0],
            "transform": [
                [1.0, -3.7e-05, 2.4e-05, 0.0, 3e-05, 0.16871, -0.985666, 0.300556, 3.2e-05, 0.985666, 0.16871, 0.0, 0.0, 0.0, 0.0, 1.0],
                [1.0, -3.7e-05, 2.4e-05, 0.0, 3e-05, 0.16871, -0.985666, 0.300556, 3.2e-05, 0.985666, 0.16871, -0.0, 0.0, 0.0, 0.0, 1.0],
                [1.0, -3.7e-05, 2.4e-05, 0.0, 3e-05, 0.16871, -0.985666, 0.300556, 3.2e-05, 0.985666, 0.16871, 0.0, 0.0, 0.0, 0.0, 1.0]
            ]
        },
        {
            "name": "Tool_L",
            "time": [0.0, 2.0],
            "transform": [
                [1.0, 0.0, -0.0, 0.0, 0.0, -0.99944, -0.033474, 0.266907, -0.0, 0.033474, -0.99944, 0.005004, 0.0, 0.0, 0.0, 1.0],
                [1.0, 0.0, -0.0, 0.0, 0.0, -0.99944, -0.033474, 0.266907, -0.0, 0.033474, -0.99944, 0.005004, 0.0, 0.0, 0.0, 1.0]
            ]
        },
        {
            "name": "Elbow_L",
            "time": [0.0, 1.0, 2.0],
            "transform": [
                [-1.0, 3e-05, 3.2e-05, 0.0, -3e-05, 0.060811, -0.998149, 0.300556, -3.2e-05, -0.998149, -0.060811, 0.0, 0.0, 0.0, 0.0, 1.0],
                [-1.0, 3e-05, 3.2e-05, 0.0, -3e-05, 0.060811, -0.998149, 0.300556, -3.2e-05, -0.998149, -0.060811, -0.0, 0.0, 0.0, 0.0, 1.0],
                [-1.0, 3e-05, 3.2e-05, 0.0, -3e-05, 0.060811, -0.998149, 0.300556, -3.2e-05, -0.998149, -0.060811, 0.0, 0.0, 0.0, 0.0, 1.0]
            ]
        },
        {
            "name": "IKThigh_R",
            "time": [0.0, 2.0],
            "transform": [
                [0.430676, 0.322845, 0.842752, 0.124994, 0.008782, -0.935283, 0.353782, -0.002831, 0.902464, -0.144966, -0.405624, -1.2e-05, 0.0, 0.0, 0.0, 1.0],
                [0.430676, 0.322845, 0.842752, 0.124994, 0.008782, -0.935283, 0.353782, -0.002831, 0.902464, -0.144966, -0.405624, -1.2e-05, 0.0, 0.0, 0.0, 1.0]
            ]
        },
        {
            "name": "IKLeg_R",
            "time": [0.0, 2.0],
            "transform": [
                [1.0, -0.00031, -0.000159, -0.0, 0.000342, 0.960817, 0.277175, 0.375166, 6.7e-05, -0.277184, 0.96082, 0.0, 0.0, 0.0, 0.0, 1.0],
                [1.0, -0.00031, -0.000159, -0.0, 0.000342, 0.960817, 0.277175, 0.375166, 6.7e-05, -0.277184, 0.96082, 0.0, 0.0, 0.0, 0.0, 1.0]
            ]
        },
        {
            "name": "IKThigh_L",
            "time": [0.0, 2.0],
            "transform": [
                [0.981526, -0.179927, 0.065056, -0.125006, -0.18186, -0.983004, 0.025076, -0.002831, 0.059441, -0.036436, -0.99752, -1.2e-05, 0.0, 0.0, 0.0, 1.0],
                [0.981526, -0.179927, 0.065056, -0.125006, -0.18186, -0.983004, 0.025076, -0.002831, 0.059441, -0.036436, -0.99752, -1.2e-05, 0.0, 0.0, 0.0, 1.0]
            ]
        },
        {
            "name": "IKLeg_L",
            "time": [0.0, 2.0],
            "transform": [
                [1.0, 1e-06, 1e-06, 0.0, -1e-06, 0.958119, 0.286361, 0.375166, -1e-06, -0.286373, 0.958121, -0.0, 0.0, 0.0, 0.0, 1.0],
                [1.0, 1e-06, 1e-06, 0.0, -1e-06, 0.958119, 0.286361, 0.375166, -1e-06, -0.286373, 0.958121, -0.0, 0.0, 0.0, 0.0, 1.0]
            ]
        },
        {
            "name": "IKTorso",
            "time": [0.0, 2.0],
            "transform": [
                [0.556305, 0.328497, 0.763292, -5e-06, 0.830979, -0.220137, -0.510896, 0.000946, 0.000201, 0.918493, -0.395438, 0.789346, 0.0, 0.0, 0.0, 1.0],
                [0.556305, 0.328497, 0.763292, -5e-06, 0.830979, -0.220137, -0.510896, 0.000946, 0.000201, 0.918493, -0.395438, 0.789346, 0.0, 0.0, 0.0, 1.0]
            ]
        },
        {
            "name": "IKChest",
            "time": [0.0, 2.0],
            "transform": [
                [0.999999, 0.000998, 0.000297, 0.0, -0.000992, 0.826038, 0.563614, 0.304568, 0.000317, -0.563614, 0.826038, 0.0, 0.0, 0.0, 0.0, 1.0],
                [0.999999, 0.000998, 0.000297, 0.0, -0.000992, 0.826038, 0.563614, 0.304568, 0.000317, -0.563614, 0.826038, 0.0, 0.0, 0.0, 0.0, 1.0]
            ]
        },
        {
            "name": "FKArm_L",
            "time": [0.0, 2.0],
            "transform": [
                [0.180983, -0.961208, 0.208147, -0.185703, -0.093196, 0.193928, 0.976579, -0.323856, -0.979061, -0.196143, -0.054483, 1.346374, 0.0, 0.0, 0.0, 1.0],
                [0.180983, -0.961208, 0.208147, -0.185703, -0.093196, 0.193928, 0.976579, -0.323856, -0.979061, -0.196143, -0.054483, 1.346374, 0.0, 0.0, 0.0, 1.0]
            ]
        },
        {
            "name": "FKHand_L",
            "time": [0.0, 2.0],
            "transform": [
                [1.0, -3.7e-05, 2.4e-05, 0.0, 3e-05, 0.16871, -0.985666, 0.300556, 3.2e-05, 0.985666, 0.16871, -0.0, 0.0, 0.0, 0.0, 1.0],
                [1.0, -3.7e-05, 2.4e-05, 0.0, 3e-05, 0.16871, -0.985666, 0.300556, 3.2e-05, 0.985666, 0.16871, -0.0, 0.0, 0.0, 0.0, 1.0]
            ]
        },
        {
            "name": "FKArm_R",
            "time": [0.0, 1.0, 2.0],
            "transform": [
                [0.945673, 0.230241, -0.229545, 0.266866, -0.0, 0.706035, 0.708177, 0.274208, 0.325118, -0.669704, 0.667679, 1.347047, 0.0, 0.0, 0.0, 1.0],
                [0.945673, 0.230241, -0.229545, 0.266866, 0.018503, 0.666777, 0.745028, 0.274208, 0.324591, -0.7088, 0.626293, 1.334676, 0.0, 0.0, 0.0, 1.0],
                [0.945673, 0.230241, -0.229545, 0.266866, -0.0, 0.706035, 0.708177, 0.274208, 0.325118, -0.669704, 0.667679, 1.347047, 0.0, 0.0, 0.0, 1.0]
            ]
        },
        {
            "name": "FKHand_R",
            "time": [0.0, 1.0, 2.0],
            "transform": [
                [1.0, -0.0, -0.0, -0.0, 0.0, 0.907833, -0.419332, 0.300557, 0.0, 0.419332, 0.907833, 0.0, 0.0, 0.0, 0.0, 1.0],
                [1.0, -0.0, -0.0, 0.0, -0.0, 0.876085, -0.482156, 0.300556, -0.0, 0.482156, 0.876085, 0.0, 0.0, 0.0, 0.0, 1.0],
                [1.0, -0.0, -0.0, -0.0, 0.0, 0.907833, -0.419332, 0.300557, 0.0, 0.419332, 0.907833, 0.0, 0.0, 0.0, 0.0, 1.0]
            ]
        },
        {
            "name": "Tool_R_Visual",
            "time": [0.0, 2.0],
            "transform": [
                [0.945673, -0.132165, 0.297042, 0.364639, -0.0, -0.913644, -0.406515, 0.738485, 0.325118, 0.38443, -0.864009, 1.062656, 0.0, 0.0, 0.0, 1.0],
                [0.945673, -0.132165, 0.297042, 0.364639, -0.0, -0.913644, -0.406515, 0.738485, 0.325118, 0.38443, -0.864009, 1.062656, 0.0, 0.0, 0.0, 1.0]
            ]
        },
        {
            "name": "KneeIK_L",
            "time": [0.0, 2.0],
            "transform": [
                [0.556047, -0.831151, 0.0, -0.883369, 0.831151, 0.556047, 0.0, 0.434752, 0.0, 0.0, 1.0, 0.386421, 0.0, 0.0, 0.0, 1.0],
                [0.556047, -0.831151, 0.0, -0.883369, 0.831151, 0.556047, 0.0, 0.434752, 0.0, 0.0, 1.0, 0.386421, 0.0, 0.0, 0.0, 1.0]
            ]
        },
        {
            "name": "KneelIK_R",
            "time": [0.0, 2.0],
            "transform": [
                [0.556334, -0.830959, 0.0, 0.181846, 0.830959, 0.556334, 0.0, 0.855925, 0.0, 0.0, 1.0, 0.386421, 0.0, 0.0, 0.0, 1.0],
                [0.556334, -0.830959, 0.0, 0.181846, 0.830959, 0.556334, 0.0, 0.855925, 0.0, 0.0, 1.0, 0.386421, 0.0, 0.0, 0.0, 1.0]
            ]
        },
        {
            "name": "HeelIK_L",
            "time": [0.0, 2.0],
            "transform": [
                [-0.556191, 0.831055, 0.0, -0.080098, -0.831055, -0.556191, 0.0, -0.263392, 0.0, 0.0, 1.0, 0.011421, 0.0, 0.0, 0.0, 1.0],
                [-0.556191, 0.831055, 0.0, -0.080098, -0.831055, -0.556191, 0.0, -0.263392, 0.0, 0.0, 1.0, 0.011421, 0.0, 0.0, 0.0, 1.0]
            ]
        },
        {
            "name": "HeelIK_R",
            "time": [0.0, 2.0],
            "transform": [
                [-0.556191, 0.831055, 0.0, 0.099175, -0.831055, -0.556191, 0.0, 0.265262, 0.0, 0.0, 1.0, 0.011421, 0.0, 0.0, 0.0, 1.0],
                [-0.556191, 0.831055, 0.0, 0.099175, -0.831055, -0.556191, 0.0, 0.265262, 0.0, 0.0, 1.0, 0.011421, 0.0, 0.0, 0.0, 1.0]
            ]
        },
        {
            "name": "CoreIK",
            "time": [0.0, 1.0, 2.0],
            "transform": [
                [0.556191, 0.0, 0.831055, 0.036183, 0.831055, 0.0, -0.556191, -0.022958, 0.0, 1.0, 0.0, 1.46509, 0.0, 0.0, 0.0, 1.0],
                [0.556191, 0.0, 0.831055, 0.036183, 0.831055, 0.0, -0.556191, -0.022958, 0.0, 1.0, 0.0, 1.452718, 0.0, 0.0, 0.0, 1.0],
                [0.556191, 0.0, 0.831055, 0.036183, 0.831055, 0.0, -0.556191, -0.022958, 0.0, 1.0, 0.0, 1.46509, 0.0, 0.0, 0.0, 1.0]
            ]
        },
        {
            "name": "HipControl",
            "time": [0.0, 1.0, 2.0],
            "transform": [
                [-0.556191, 0.831055, 0.0, -5e-06, -0.831055, -0.556191, 0.0, 0.000946, 0.0, 0.0, 1.0, 0.789346, 0.0, 0.0, 0.0, 1.0],
                [-0.556191, 0.831055, 0.0, -5e-06, -0.831055, -0.556191, 0.0, 0.000946, 0.0, 0.0, 1.0, 0.776975, 0.0, 0.0, 0.0, 1.0],
                [-0.556191, 0.831055, 0.0, -5e-06, -0.831055, -0.556191, 0.0, 0.000946, 0.0, 0.0, 1.0, 0.789346, 0.0, 0.0, 0.0, 1.0]
            ]
        },
        {
            "name": "HipIK",
            "time": [0.0, 2.0],
            "transform": [
                [-1.0, 0.0, 0.0, -0.0, 0.0, 0.0, 1.0, -0.0, 0.0, 1.0, 0.0, -0.05, 0.0, 0.0, 0.0, 1.0],
                [-1.0, 0.0, 0.0, -0.0, 0.0, 0.0, 1.0, -0.0, 0.0, 1.0, 0.0, -0.05, 0.0, 0.0, 0.0, 1.0]
            ]
        },
        {
            "name": "WeaponIK_R",
            "time": [0.0, 2.0],
            "transform": [
                [-1.0, 0.0, 0.0, 0.374995, 0.0, -1.0, 0.0, 0.512282, 0.0, 0.0, 1.0, 0.87287, 0.0, 0.0, 0.0, 1.0],
                [-1.0, 0.0, 0.0, 0.374995, 0.0, -1.0, 0.0, 0.512282, 0.0, 0.0, 1.0, 0.87287, 0.0, 0.0, 0.0, 1.0]
            ]
        },
        {
            "name": "WeaponIK_L",
            "time": [0.0, 2.0],
            "transform": [
                [-1.0, 0.0, 0.0, -0.374995, 0.0, -1.0, 0.0, 0.512282, 0.0, 0.0, 1.0, 0.87287, 0.0, 0.0, 0.0, 1.0],
                [-1.0, 0.0, 0.0, -0.374995, 0.0, -1.0, 0.0, 0.512282, 0.0, 0.0, 1.0, 0.87287, 0.0, 0.0, 0.0, 1.0]
            ]
        },
        {
            "name": "GodNode",
            "time": [0.0, 2.0],
            "transform": [
                [-0.556191, 0.831055, 0.0, -5e-06, -0.831055, -0.556191, 0.0, 0.000946, 0.0, 0.0, 1.0, -0.013244, 0.0, 0.0, 0.0, 1.0],
                [-0.556191, 0.831055, 0.0, -5e-06, -0.831055, -0.556191, 0.0, 0.000946, 0.0, 0.0, 1.0, -0.013244, 0.0, 0.0, 0.0, 1.0]
            ]
        },
        {
            "name": "Upper Rot",
            "time": [0.0, 2.0],
            "transform": [
                [0.556191, -0.831055, 0.0, 0.000784, 0.831055, 0.556191, 0.0, 0.000424, 0.0, 0.0, 1.0, 1.411924, 0.0, 0.0, 0.0, 1.0],
                [0.556191, -0.831055, 0.0, 0.000784, 0.831055, 0.556191, 0.0, 0.000424, 0.0, 0.0, 1.0, 1.411924, 0.0, 0.0, 0.0, 1.0]
            ]
        },
        {
            "name": "HeadIKF",
            "time": [0.0, 2.0],
            "transform": [
                [1.0, 0.0, 0.0, -5e-06, 0.0, 0.0, -1.0, 1.000442, 0.0, 1.0, 0.0, 1.457073, 0.0, 0.0, 0.0, 1.0],
                [1.0, 0.0, 0.0, -5e-06, 0.0, 0.0, -1.0, 1.000442, 0.0, 1.0, 0.0, 1.457073, 0.0, 0.0, 0.0, 1.0]
            ]
        },
        {
            "name": "Tool_R_Control",
            "time": [0.0, 2.0],
            "transform": [
                [1.0, -7.6e-05, 7.7e-05, 0.366726, 7.6e-05, -0.018526, -0.999828, 0.741426, 7.7e-05, 0.999828, -0.018526, 1.056583, 0.0, 0.0, 0.0, 1.0],
                [1.0, -7.6e-05, 7.7e-05, 0.366726, 7.6e-05, -0.018526, -0.999828, 0.741426, 7.7e-05, 0.999828, -0.018526, 1.056583, 0.0, 0.0, 0.0, 1.0]
            ]
        },
        {
            "name": "Tool_L_Control",
            "time": [0.0, 2.0],
            "transform": [
                [1.0, 0.0, 0.0, -0.46291, 0.0, -0.018526, -0.999828, 0.005045, 0.0, 0.999828, -0.018526, 1.263834, 0.0, 0.0, 0.0, 1.0],
                [1.0, 0.0, 0.0, -0.46291, 0.0, -0.018526, -0.999828, 0.005045, 0.0, 0.999828, -0.018526, 1.263834, 0.0, 0.0, 0.0, 1.0]
            ]
        }
    ]
}