{
    "animation": [
        {
            "name": "Root",
            "time": [0.0, 1.0, 2.0],
            "transform": [
                [0.987076, 0.0, 0.160251, -5e-06, 0.160251, 0.0, -0.987076, 0.000946, 0.0, 1.0, 0.0, 0.739346, 0.0, 0.0, 0.0, 1.0],
                [0.987076, 0.0, 0.160251, -5e-06, 0.160251, 0.0, -0.987076, 0.000946, 0.0, 1.0, 0.0, 0.726974, 0.0, 0.0, 0.0, 1.0],
                [0.987076, 0.0, 0.160251, -5e-06, 0.160251, 0.0, -0.987076, 0.000946, 0.0, 1.0, 0.0, 0.739346, 0.0, 0.0, 0.0, 1.0]
            ]
        },
        {
            "name": "Thigh_R",
            "time": [0.0, 1.0, 2.0],
            "transform": [
                [0.961653, 0.225772, 0.155718, 0.124994, 0.180479, -0.948441, 0.260546, -0.002831, 0.206521, -0.222452, -0.952781, -1.2e-05, 0.0, 0.0, 0.0, 1.0],
                [0.960515, 0.242348, 0.136656, 0.124994, 0.183208, -0.920597, 0.344866, -0.002831, 0.209391, -0.306213, -0.928611, -1.2e-05, 0.0, 0.0, 0.0, 1.0],
                [0.961653, 0.225772, 0.155718, 0.124994, 0.180479, -0.948441, 0.260546, -0.002831, 0.206521, -0.222452, -0.952781, -1.2e-05, 0.0, 0.0, 0.0, 1.0]
            ]
        },
        {
            "name": "Leg_R",
            "time": [0.0, 1.0, 2.0],
            "transform": [
                [1.0, -0.00031, -0.000159, 0.0, 0.000342, 0.960817, 0.277175, 0.375166, 6.7e-05, -0.277184, 0.960819, 0.0, 0.0, 0.0, 0.0, 1.0],
                [1.0, -0.000493, -0.000229, 0.0, 0.000543, 0.897778, 0.440434, 0.375166, -1.1e-05, -0.440455, 0.897784, 0.0, 0.0, 0.0, 0.0, 1.0],
                [1.0, -0.00031, -0.000159, 0.0, 0.000342, 0.960817, 0.277175, 0.375166, 6.7e-05, -0.277184, 0.960819, 0.0, 0.0, 0.0, 0.0, 1.0]
            ]
        },
        {
            "name": "Knee_R",
            "time": [0.0, 1.0, 2.0],
            "transform": [
                [1.0, -5.7e-05, 5.4e-05, 0.0, 5.7e-05, 0.048757, -0.998811, 0.375166, 5.4e-05, 0.998811, 0.048757, 0.0, 0.0, 0.0, 0.0, 1.0],
                [1.0, -5.7e-05, 5.4e-05, 0.0, 5.7e-05, 0.048757, -0.998811, 0.375166, 5.4e-05, 0.998811, 0.048757, 0.0, 0.0, 0.0, 0.0, 1.0],
                [1.0, -5.7e-05, 5.4e-05, 0.0, 5.7e-05, 0.048757, -0.998811, 0.375166, 5.4e-05, 0.998811, 0.048757, 0.0, 0.0, 0.0, 0.0, 1.0]
            ]
        },
        {
            "name": "Thigh_L",
            "time": [0.0, 1.0, 2.0],
            "transform": [
                [0.990583, -0.118566, 0.068466, -0.125006, -0.130632, -0.96821, 0.213315, -0.002831, 0.041, -0.220246, -0.974535, -1.2e-05, 0.0, 0.0, 0.0, 1.0],
                [0.990321, -0.116347, 0.075675, -0.125006, -0.132869, -0.95233, 0.274613, -0.002831, 0.040119, -0.282004, -0.958526, -1.2e-05, 0.0, 0.0, 0.0, 1.0],
                [0.990583, -0.118566, 0.068466, -0.125006, -0.130632, -0.96821, 0.213315, -0.002831, 0.041, -0.220246, -0.974535, -1.2e-05, 0.0, 0.0, 0.0, 1.0]
            ]
        },
        {
            "name": "Leg_L",
            "time": [0.0, 1.0, 2.0],
            "transform": [
                [1.0, 1e-06, 1e-06, 0.0, -1e-06, 0.899008, 0.437915, 0.375166, -0.0, -0.43794, 0.899015, -0.0, 0.0, 0.0, 0.0, 1.0],
                [1.0, 1e-06, 1e-06, 0.0, -2e-06, 0.835844, 0.548948, 0.375166, -0.0, -0.548981, 0.835853, 0.0, 0.0, 0.0, 0.0, 1.0],
                [1.0, 1e-06, 1e-06, 0.0, -1e-06, 0.899008, 0.437915, 0.375166, -0.0, -0.43794, 0.899015, -0.0, 0.0, 0.0, 0.0, 1.0]
            ]
        },
        {
            "name": "Knee_L",
            "time": [0.0, 1.0, 2.0],
            "transform": [
                [1.0, 0.0, -0.0, 0.0, -0.0, 0.048757, -0.998811, 0.375166, -0.0, 0.998811, 0.048757, -0.0, 0.0, 0.0, 0.0, 1.0],
                [1.0, 0.0, -0.0, 0.0, -0.0, 0.048757, -0.998811, 0.375166, -0.0, 0.998811, 0.048757, 0.0, 0.0, 0.0, 0.0, 1.0],
                [1.0, 0.0, -0.0, 0.0, -0.0, 0.048757, -0.998811, 0.375166, -0.0, 0.998811, 0.048757, -0.0, 0.0, 0.0, 0.0, 1.0]
            ]
        },
        {
            "name": "Torso",
            "time": [0.0, 1.0, 2.0],
            "transform": [
                [0.987076, -0.027651, -0.157847, 0.0, 0.0, 0.985001, -0.17255, 0.05, 0.160251, 0.17032, 0.972271, 0.0, 0.0, 0.0, 0.0, 1.0],
                [0.987076, -0.027651, -0.157847, 0.0, 0.0, 0.985001, -0.17255, 0.05, 0.160251, 0.17032, 0.972271, 0.0, 0.0, 0.0, 0.0, 1.0],
                [0.987076, -0.027651, -0.157847, 0.0, 0.0, 0.985001, -0.17255, 0.05, 0.160251, 0.17032, 0.972271, 0.0, 0.0, 0.0, 0.0, 1.0]
            ]
        },
        {
            "name": "Chest",
            "time": [0.0, 1.0, 2.0],
            "transform": [
                [1.0, 0.0, 0.0, 0.0, -0.0, 0.954131, 0.299389, 0.304568, 0.0, -0.299389, 0.954131, -0.0, 0.0, 0.0, 0.0, 1.0],
                [1.0, 0.0, 0.0, 0.0, -0.0, 0.954131, 0.299389, 0.304568, 0.0, -0.299389, 0.954131, -0.0, 0.0, 0.0, 0.0, 1.0],
                [1.0, 0.0, 0.0, 0.0, -0.0, 0.954131, 0.299389, 0.304568, 0.0, -0.299389, 0.954131, -0.0, 0.0, 0.0, 0.0, 1.0]
            ]
        },
        {
            "name": "Head",
            "time": [0.0, 2.0],
            "transform": [
                [1.0, -0.0, -0.0, 0.0, 0.0, 0.995167, -0.0982, 0.403437, 0.0, 0.0982, 0.995167, -0.0, 0.0, 0.0, 0.0, 1.0],
                [1.0, -0.0, -0.0, 0.0, 0.0, 0.995167, -0.0982, 0.403437, 0.0, 0.0982, 0.995167, -0.0, 0.0, 0.0, 0.0, 1.0]
            ]
        },
        {
            "name": "Shoulder_R",
            "time": [0.0, 2.0],
            "transform": [
                [-0.0, 0.952114, 0.305743, 0.0, -0.130264, -0.303138, 0.944001, 0.403437, 0.991479, -0.039827, 0.124026, -0.0, 0.0, 0.0, 0.0, 1.0],
                [-0.0, 0.952114, 0.305743, 0.0, -0.130264, -0.303138, 0.944001, 0.403437, 0.991479, -0.039827, 0.124026, -0.0, 0.0, 0.0, 0.0, 1.0]
            ]
        },
        {
            "name": "Arm_R",
            "time": [0.0, 1.0, 2.0],
            "transform": [
                [0.53947, 0.441471, -0.716991, -0.0, 0.615223, 0.374701, 0.693613, 0.39386, 0.574867, -0.815293, -0.069463, 0.0, 0.0, 0.0, 0.0, 1.0],
                [0.53947, 0.441471, -0.716991, -0.0, 0.615223, 0.374701, 0.693613, 0.393861, 0.574867, -0.815293, -0.069463, 0.0, 0.0, 0.0, 0.0, 1.0],
                [0.53947, 0.441471, -0.716991, -0.0, 0.615223, 0.374701, 0.693613, 0.39386, 0.574867, -0.815293, -0.069463, 0.0, 0.0, 0.0, 0.0, 1.0]
            ]
        },
        {
            "name": "Hand_R",
            "time": [0.0, 1.0, 2.0],
            "transform": [
                [1.0, -0.0, -0.0, 0.0, 0.0, 0.907833, -0.419332, 0.300556, 0.0, 0.419332, 0.907833, -0.0, 0.0, 0.0, 0.0, 1.0],
                [1.0, 0.0, 0.0, 0.0, 0.0, 0.930219, -0.367006, 0.300556, 0.0, 0.367006, 0.930219, -0.0, 0.0, 0.0, 0.0, 1.0],
                [1.0, -0.0, -0.0, 0.0, 0.0, 0.907833, -0.419332, 0.300556, 0.0, 0.419332, 0.907833, -0.0, 0.0, 0.0, 0.0, 1.0]
            ]
        },
        {
            "name": "Tool_R",
            "time": [0.0, 1.0, 2.0],
            "transform": [
                [0.981476, -0.152467, 0.116011, 0.0, -0.0933, -0.909255, -0.405647, 0.266907, 0.167331, 0.387309, -0.906638, 0.005004, 0.0, 0.0, 0.0, 1.0],
                [0.981476, -0.152467, 0.116011, 0.0, -0.0933, -0.909255, -0.405647, 0.266907, 0.167331, 0.387309, -0.906638, 0.005004, 0.0, 0.0, 0.0, 1.0],
                [0.981476, -0.152467, 0.116011, 0.0, -0.0933, -0.909255, -0.405647, 0.266907, 0.167331, 0.387309, -0.906638, 0.005004, 0.0, 0.0, 0.0, 1.0]
            ]
        },
        {
            "name": "Elbow_R",
            "time": [0.0, 1.0, 2.0],
            "transform": [
                [-1.0, 0.0, 0.0, 0.0, -0.0, 0.060811, -0.998149, 0.300556, -0.0, -0.99815, -0.060811, -0.0, 0.0, 0.0, 0.0, 1.0],
                [-1.0, 0.0, 0.0, 0.0, -0.0, 0.060811, -0.998149, 0.300556, -0.0, -0.99815, -0.060811, -0.0, 0.0, 0.0, 0.0, 1.0],
                [-1.0, 0.0, 0.0, 0.0, -0.0, 0.060811, -0.998149, 0.300556, -0.0, -0.99815, -0.060811, -0.0, 0.0, 0.0, 0.0, 1.0]
            ]
        },
        {
            "name": "Shoulder_L",
            "time": [0.0, 2.0],
            "transform": [
                [0.0, -0.952114, -0.305743, 0.0, 0.130264, -0.303138, 0.944001, 0.403437, -0.991479, -0.039827, 0.124026, -0.0, 0.0, 0.0, 0.0, 1.0],
                [0.0, -0.952114, -0.305743, 0.0, 0.130264, -0.303138, 0.944001, 0.403437, -0.991479, -0.039827, 0.124026, -0.0, 0.0, 0.0, 0.0, 1.0]
            ]
        },
        {
            "name": "Arm_L",
            "time": [0.0, 1.0, 2.0],
            "transform": [
                [-0.093196, 0.193928, 0.976579, 0.0, -0.790693, 0.581668, -0.190964, 0.39386, -0.605078, -0.789971, 0.099128, -0.0, 0.0, 0.0, 0.0, 1.0],
                [-0.093196, 0.193928, 0.976579, 0.0, -0.790693, 0.581668, -0.190964, 0.39386, -0.605078, -0.789971, 0.099128, 0.0, 0.0, 0.0, 0.0, 1.0],
                [-0.093196, 0.193928, 0.976579, 0.0, -0.790693, 0.581668, -0.190964, 0.39386, -0.605078, -0.789971, 0.099128, -0.0, 0.0, 0.0, 0.0, 1.0]
            ]
        },
        {
            "name": "Hand_L",
            "time": [0.0, 1.0, 2.0],
            "transform": [
                [1.0, -3.9e-05, -2e-05, -0.0, 3e-05, 0.943819, -0.330463, 0.300556, 3.2e-05, 0.330463, 0.943819, -0.0, 0.0, 0.0, 0.0, 1.0],
                [1.0, -3.6e-05, -2.5e-05, -0.0, 3e-05, 0.975029, -0.22208, 0.300556, 3.2e-05, 0.22208, 0.975029, -0.0, 0.0, 0.0, 0.0, 1.0],
                [1.0, -3.9e-05, -2e-05, -0.0, 3e-05, 0.943819, -0.330463, 0.300556, 3.2e-05, 0.330463, 0.943819, -0.0, 0.0, 0.0, 0.0, 1.0]
            ]
        },
        {
            "name": "Tool_L",
            "time": [0.0, 2.0],
            "transform": [
                [1.0, 0.0, -0.0, -0.0, 0.0, -0.99944, -0.033474, 0.266907, -0.0, 0.033474, -0.99944, 0.005004, 0.0, 0.0, 0.0, 1.0],
                [1.0, 0.0, -0.0, -0.0, 0.0, -0.99944, -0.033474, 0.266907, -0.0, 0.033474, -0.99944, 0.005004, 0.0, 0.0, 0.0, 1.0]
            ]
        },
        {
            "name": "Elbow_L",
            "time": [0.0, 1.0, 2.0],
            "transform": [
                [-1.0, 3e-05, 3.2e-05, -0.0, -3e-05, 0.060811, -0.998149, 0.300556, -3.2e-05, -0.998149, -0.060811, -0.0, 0.0, 0.0, 0.0, 1.0],
                [-1.0, 3e-05, 3.2e-05, -0.0, -3e-05, 0.060811, -0.998149, 0.300556, -3.2e-05, -0.998149, -0.060811, -0.0, 0.0, 0.0, 0.0, 1.0],
                [-1.0, 3e-05, 3.2e-05, -0.0, -3e-05, 0.060811, -0.998149, 0.300556, -3.2e-05, -0.998149, -0.060811, -0.0, 0.0, 0.0, 0.0, 1.0]
            ]
        },
        {
            "name": "IKThigh_R",
            "time": [0.0, 2.0],
            "transform": [
                [0.961653, 0.225772, 0.155718, 0.124994, 0.180479, -0.948441, 0.260546, -0.002831, 0.206521, -0.222452, -0.952781, -1.2e-05, 0.0, 0.0, 0.0, 1.0],
                [0.961653, 0.225772, 0.155718, 0.124994, 0.180479, -0.948441, 0.260546, -0.002831, 0.206521, -0.222452, -0.952781, -1.2e-05, 0.0, 0.0, 0.0, 1.0]
            ]
        },
        {
            "name": "IKLeg_R",
            "time": [0.0, 2.0],
            "transform": [
                [1.0, -0.00031, -0.000159, 0.0, 0.000342, 0.960817, 0.277175, 0.375166, 6.7e-05, -0.277184, 0.960819, 0.0, 0.0, 0.0, 0.0, 1.0],
                [1.0, -0.00031, -0.000159, 0.0, 0.000342, 0.960817, 0.277175, 0.375166, 6.7e-05, -0.277184, 0.960819, 0.0, 0.0, 0.0, 0.0, 1.0]
            ]
        },
        {
            "name": "IKThigh_L",
            "time": [0.0, 2.0],
            "transform": [
                [0.990583, -0.118566, 0.068466, -0.125006, -0.130632, -0.96821, 0.213315, -0.002831, 0.041, -0.220246, -0.974535, -1.2e-05, 0.0, 0.0, 0.0, 1.0],
                [0.990583, -0.118566, 0.068466, -0.125006, -0.130632, -0.96821, 0.213315, -0.002831, 0.041, -0.220246, -0.974535, -1.2e-05, 0.0, 0.0, 0.0, 1.0]
            ]
        },
        {
            "name": "IKLeg_L",
            "time": [0.0, 2.0],
            "transform": [
                [1.0, 1e-06, 1e-06, 0.0, -1e-06, 0.899008, 0.437915, 0.375166, -0.0, -0.43794, 0.899015, -0.0, 0.0, 0.0, 0.0, 1.0],
                [1.0, 1e-06, 1e-06, 0.0, -1e-06, 0.899008, 0.437915, 0.375166, -0.0, -0.43794, 0.899015, -0.0, 0.0, 0.0, 0.0, 1.0]
            ]
        },
        {
            "name": "FKTorso",
            "time": [0.0, 2.0],
            "transform": [
                [1.0, 0.0, 0.0, -5e-06, 0.0, -0.17255, -0.985001, 0.000946, 0.0, 0.985001, -0.17255, 0.789346, 0.0, 0.0, 0.0, 1.0],
                [1.0, 0.0, 0.0, -5e-06, 0.0, -0.17255, -0.985001, 0.000946, 0.0, 0.985001, -0.17255, 0.789346, 0.0, 0.0, 0.0, 1.0]
            ]
        },
        {
            "name": "FKChest",
            "time": [0.0, 2.0],
            "transform": [
                [1.0, 0.0, 0.0, 0.0, -0.0, 0.954131, 0.299389, 0.304568, 0.0, -0.299389, 0.954131, -0.0, 0.0, 0.0, 0.0, 1.0],
                [1.0, 0.0, 0.0, 0.0, -0.0, 0.954131, 0.299389, 0.304568, 0.0, -0.299389, 0.954131, -0.0, 0.0, 0.0, 0.0, 1.0]
            ]
        },
        {
            "name": "FKArm_L",
            "time": [0.0, 2.0],
            "transform": [
                [0.937828, -0.312286, 0.151511, -0.375005, -0.093196, 0.193928, 0.976579, 0.000946, -0.334354, -0.929983, 0.152767, 1.368926, 0.0, 0.0, 0.0, 1.0],
                [0.937828, -0.312286, 0.151511, -0.375005, -0.093196, 0.193928, 0.976579, 0.000946, -0.334354, -0.929983, 0.152767, 1.368926, 0.0, 0.0, 0.0, 1.0]
            ]
        },
        {
            "name": "FKHand_L",
            "time": [0.0, 1.0, 2.0],
            "transform": [
                [1.0, -3.9e-05, -2e-05, -0.0, 3e-05, 0.943819, -0.330463, 0.300556, 3.2e-05, 0.330463, 0.943819, -0.0, 0.0, 0.0, 0.0, 1.0],
                [1.0, -3.6e-05, -2.5e-05, -0.0, 3e-05, 0.975029, -0.22208, 0.300556, 3.2e-05, 0.22208, 0.975029, -0.0, 0.0, 0.0, 0.0, 1.0],
                [1.0, -3.9e-05, -2e-05, -0.0, 3e-05, 0.943819, -0.330463, 0.300556, 3.2e-05, 0.330463, 0.943819, -0.0, 0.0, 0.0, 0.0, 1.0]
            ]
        },
        {
            "name": "FKArm_R",
            "time": [0.0, 2.0],
            "transform": [
                [0.761525, 0.107488, 0.639161, 0.374995, -0.53947, -0.441471, 0.716991, 0.000946, 0.359238, -0.890814, -0.278204, 1.368926, 0.0, 0.0, 0.0, 1.0],
                [0.761525, 0.107488, 0.639161, 0.374995, -0.53947, -0.441471, 0.716991, 0.000946, 0.359238, -0.890814, -0.278204, 1.368926, 0.0, 0.0, 0.0, 1.0]
            ]
        },
        {
            "name": "FKHand_R",
            "time": [0.0, 1.0, 2.0],
            "transform": [
                [1.0, -0.0, -0.0, -0.0, 0.0, 0.907833, -0.419332, 0.300557, 0.0, 0.419332, 0.907833, 0.0, 0.0, 0.0, 0.0, 1.0],
                [1.0, 0.0, 0.0, -0.0, 0.0, 0.930219, -0.367006, 0.300557, 0.0, 0.367006, 0.930219, 0.0, 0.0, 0.0, 0.0, 1.0],
                [1.0, -0.0, -0.0, -0.0, 0.0, 0.907833, -0.419332, 0.300557, 0.0, 0.419332, 0.907833, 0.0, 0.0, 0.0, 0.0, 1.0]
            ]
        },
        {
            "name": "Tool_R_Visual",
            "time": [0.0, 2.0],
            "transform": [
                [0.802859, -0.241253, -0.545173, 0.507561, -0.380241, 0.497092, -0.779946, -0.154281, 0.459166, 0.833484, 0.307361, 0.854803, 0.0, 0.0, 0.0, 1.0],
                [0.802859, -0.241253, -0.545173, 0.507561, -0.380241, 0.497092, -0.779946, -0.154281, 0.459166, 0.833484, 0.307361, 0.854803, 0.0, 0.0, 0.0, 1.0]
            ]
        },
        {
            "name": "KneeIK_L",
            "time": [0.0, 2.0],
            "transform": [
                [0.987049, -0.160422, 0.0, -0.285427, 0.160422, 0.987049, 0.0, 0.942782, 0.0, 0.0, 1.0, 0.386421, 0.0, 0.0, 0.0, 1.0],
                [0.987049, -0.160422, 0.0, -0.285427, 0.160422, 0.987049, 0.0, 0.942782, 0.0, 0.0, 1.0, 0.386421, 0.0, 0.0, 0.0, 1.0]
            ]
        },
        {
            "name": "KneelIK_R",
            "time": [0.0, 2.0],
            "transform": [
                [0.987104, -0.160081, 0.0, 0.209412, 0.160081, 0.987104, 0.0, 0.45123, 0.0, 0.0, 1.0, 0.386421, 0.0, 0.0, 0.0, 1.0],
                [0.987104, -0.160081, 0.0, 0.209412, 0.160081, 0.987104, 0.0, 0.45123, 0.0, 0.0, 1.0, 0.386421, 0.0, 0.0, 0.0, 1.0]
            ]
        },
        {
            "name": "HeelIK_L",
            "time": [0.0, 2.0],
            "transform": [
                [-0.987076, 0.160251, 0.0, -0.217392, -0.160251, -0.987076, 0.0, -0.03764, 0.0, 0.0, 1.0, 0.011421, 0.0, 0.0, 0.0, 1.0],
                [-0.987076, 0.160251, 0.0, -0.217392, -0.160251, -0.987076, 0.0, -0.03764, 0.0, 0.0, 1.0, 0.011421, 0.0, 0.0, 0.0, 1.0]
            ]
        },
        {
            "name": "HeelIK_R",
            "time": [0.0, 2.0],
            "transform": [
                [-0.987076, 0.160251, 0.0, 0.260917, -0.160251, -0.987076, 0.0, 0.108739, 0.0, 0.0, 1.0, 0.011421, 0.0, 0.0, 0.0, 1.0],
                [-0.987076, 0.160251, 0.0, 0.260917, -0.160251, -0.987076, 0.0, 0.108739, 0.0, 0.0, 1.0, 0.011421, 0.0, 0.0, 0.0, 1.0]
            ]
        },
        {
            "name": "HipControl",
            "time": [0.0, 1.0, 2.0],
            "transform": [
                [-0.987076, 0.160251, 0.0, -5e-06, -0.160251, -0.987076, 0.0, 0.000946, 0.0, 0.0, 1.0, 0.789346, 0.0, 0.0, 0.0, 1.0],
                [-0.987076, 0.160251, 0.0, -5e-06, -0.160251, -0.987076, 0.0, 0.000946, 0.0, 0.0, 1.0, 0.776975, 0.0, 0.0, 0.0, 1.0],
                [-0.987076, 0.160251, 0.0, -5e-06, -0.160251, -0.987076, 0.0, 0.000946, 0.0, 0.0, 1.0, 0.789346, 0.0, 0.0, 0.0, 1.0]
            ]
        },
        {
            "name": "HipIK",
            "time": [0.0, 2.0],
            "transform": [
                [-1.0, 0.0, 0.0, -0.0, 0.0, 0.0, 1.0, 0.0, 0.0, 1.0, 0.0, -0.05, 0.0, 0.0, 0.0, 1.0],
                [-1.0, 0.0, 0.0, -0.0, 0.0, 0.0, 1.0, 0.0, 0.0, 1.0, 0.0, -0.05, 0.0, 0.0, 0.0, 1.0]
            ]
        },
        {
            "name": "WeaponIK_R",
            "time": [0.0, 2.0],
            "transform": [
                [-1.0, 0.0, 0.0, 0.374995, 0.0, -1.0, 0.0, 0.512282, 0.0, 0.0, 1.0, 0.87287, 0.0, 0.0, 0.0, 1.0],
                [-1.0, 0.0, 0.0, 0.374995, 0.0, -1.0, 0.0, 0.512282, 0.0, 0.0, 1.0, 0.87287, 0.0, 0.0, 0.0, 1.0]
            ]
        },
        {
            "name": "WeaponIK_L",
            "time": [0.0, 2.0],
            "transform": [
                [-1.0, 0.0, 0.0, -0.374995, 0.0, -1.0, 0.0, 0.512282, 0.0, 0.0, 1.0, 0.87287, 0.0, 0.0, 0.0, 1.0],
                [-1.0, 0.0, 0.0, -0.374995, 0.0, -1.0, 0.0, 0.512282, 0.0, 0.0, 1.0, 0.87287, 0.0, 0.0, 0.0, 1.0]
            ]
        },
        {
            "name": "GodNode",
            "time": [0.0, 2.0],
            "transform": [
                [-0.987076, 0.160251, 0.0, -5e-06, -0.160251, -0.987076, 0.0, 0.000946, 0.0, 0.0, 1.0, -0.013244, 0.0, 0.0, 0.0, 1.0],
                [-0.987076, 0.160251, 0.0, -5e-06, -0.160251, -0.987076, 0.0, 0.000946, 0.0, 0.0, 1.0, -0.013244, 0.0, 0.0, 0.0, 1.0]
            ]
        },
        {
            "name": "Upper Rot",
            "time": [0.0, 1.0, 2.0],
            "transform": [
                [0.987076, -0.160251, 0.0, 0.000152, 0.160251, 0.987076, 0.0, 0.030863, 0.0, 0.0, 1.0, 1.429238, 0.0, 0.0, 0.0, 1.0],
                [0.987076, -0.160251, 0.0, 0.000152, 0.160251, 0.987076, 0.0, 0.030863, 0.0, 0.0, 1.0, 1.411661, 0.0, 0.0, 0.0, 1.0],
                [0.987076, -0.160251, 0.0, 0.000152, 0.160251, 0.987076, 0.0, 0.030863, 0.0, 0.0, 1.0, 1.429238, 0.0, 0.0, 0.0, 1.0]
            ]
        },
        {
            "name": "HeadIKF",
            "time": [0.0, 2.0],
            "transform": [
                [1.0, 0.0, 0.0, -5e-06, 0.0, 0.0, -1.0, 1.000442, 0.0, 1.0, 0.0, 1.457073, 0.0, 0.0, 0.0, 1.0],
                [1.0, 0.0, 0.0, -5e-06, 0.0, 0.0, -1.0, 1.000442, 0.0, 1.0, 0.0, 1.457073, 0.0, 0.0, 0.0, 1.0]
            ]
        },
        {
            "name": "Tool_R_Control",
            "time": [0.0, 2.0],
            "transform": [
                [1.0, -7.6e-05, 7.7e-05, 0.506706, 7.6e-05, -0.018526, -0.999828, -0.158964, 7.7e-05, 0.999828, -0.018526, 0.849584, 0.0, 0.0, 0.0, 1.0],
                [1.0, -7.6e-05, 7.7e-05, 0.506706, 7.6e-05, -0.018526, -0.999828, -0.158964, 7.7e-05, 0.999828, -0.018526, 0.849584, 0.0, 0.0, 0.0, 1.0]
            ]
        },
        {
            "name": "Tool_L_Control",
            "time": [0.0, 2.0],
            "transform": [
                [1.0, 0.0, 0.0, -0.535399, 0.0, -0.018526, -0.999828, 0.196745, 0.0, 0.999828, -0.018526, 0.864493, 0.0, 0.0, 0.0, 1.0],
                [1.0, 0.0, 0.0, -0.535399, 0.0, -0.018526, -0.999828, 0.196745, 0.0, 0.999828, -0.018526, 0.864493, 0.0, 0.0, 0.0, 1.0]
            ]
        }
    ]
}