{
    "animation": [
        {
            "name": "Root",
            "time": [0.0, 0.0167, 0.0333, 0.05, 0.0667, 0.0833, 0.1, 0.1167, 0.1333, 0.15, 0.1667, 0.1833, 0.2, 0.2167, 0.2333, 0.25, 0.2667, 0.2833, 0.3, 0.3167, 0.3333, 0.35, 0.3667, 0.3833, 0.4, 0.4167, 0.4333, 0.45, 0.4667, 0.4833, 0.5, 0.5167, 0.5333, 0.55, 0.5667, 0.5833, 0.6, 0.6167, 0.6333, 0.65, 0.6667, 0.6833, 0.7, 0.7167, 0.7333, 0.75, 0.7667, 0.7833, 0.8, 0.8167, 0.8333, 0.85, 0.8667, 0.8833, 0.9, 0.9167, 0.9333, 0.95, 0.9667, 0.9833, 1.0],
            "transform": [
                [0.987076, 0.0, 0.160251, -5e-06, 0.160251, 0.0, -0.987076, 0.000946, 0.0, 1.0, 0.0, 0.739346, 0.0, 0.0, 0.0, 1.0],
                [0.990346, 0.0, 0.13862, -5e-06, 0.13862, 0.0, -0.990346, 0.000946, 0.0, 1.0, 0.0, 0.697966, 0.0, 0.0, 0.0, 1.0],
                [0.995749, 0.0, 0.092109, -5e-06, 0.092109, 0.0, -0.995749, 0.000946, 0.0, 1.0, 0.0, 0.596997, 0.0, 0.0, 0.0, 1.0],
                [0.997526, 0.0, 0.070304, -5e-06, 0.070304, 0.0, -0.997526, 0.000946, 0.0, 1.0, 0.0, 0.517326, 0.0, 0.0, 0.0, 1.0],
                [0.997526, 0.0, 0.070304, -5e-06, 0.070304, 0.0, -0.997526, 0.119122, 0.0, 1.0, 0.0, 0.468826, 0.0, 0.0, 0.0, 1.0],
                [0.997526, 0.0, 0.070304, -5e-06, 0.070304, 0.0, -0.997526, 0.428237, 0.0, 1.0, 0.0, 0.433989, 0.0, 0.0, 0.0, 1.0],
                [0.997526, 0.0, 0.070304, -5e-06, 0.070304, 0.0, -0.997526, 0.737352, 0.0, 1.0, 0.0, 0.41674, 0.0, 0.0, 0.0, 1.0],
                [0.997526, 0.0, 0.070304, -5e-06, 0.070304, 0.0, -0.997526, 0.855528, 0.0, 1.0, 0.0, 0.412637, 0.0, 0.0, 0.0, 1.0],
                [0.997526, 0.0, 0.070304, -5e-06, 0.070304, 0.0, -0.997526, 0.851737, 0.0, 1.0, 0.0, 0.421023, 0.0, 0.0, 0.0, 1.0],
                [0.997526, 0.0, 0.070304, -5e-06, 0.070304, 0.0, -0.997526, 0.84111, 0.0, 1.0, 0.0, 0.442211, 0.0, 0.0, 0.0, 1.0],
                [0.997526, 0.0, 0.070304, -5e-06, 0.070304, 0.0, -0.997526, 0.825391, 0.0, 1.0, 0.0, 0.468946, 0.0, 0.0, 0.0, 1.0],
                [0.997526, 0.0, 0.070304, -5e-06, 0.070304, 0.0, -0.997526, 0.806749, 0.0, 1.0, 0.0, 0.493846, 0.0, 0.0, 0.0, 1.0],
                [0.997526, 0.0, 0.070304, -5e-06, 0.070304, 0.0, -0.997526, 0.787214, 0.0, 1.0, 0.0, 0.511138, 0.0, 0.0, 0.0, 1.0],
                [0.997526, 0.0, 0.070304, -5e-06, 0.070304, 0.0, -0.997526, 0.768309, 0.0, 1.0, 0.0, 0.517326, 0.0, 0.0, 0.0, 1.0],
                [0.997526, 0.0, 0.070304, -5e-06, 0.070304, 0.0, -0.997526, 0.7436, 0.0, 1.0, 0.0, 0.517326, 0.0, 0.0, 0.0, 1.0],
                [0.997526, 0.0, 0.070304, -5e-06, 0.070304, 0.0, -0.997526, 0.713499, 0.0, 1.0, 0.0, 0.517326, 0.0, 0.0, 0.0, 1.0],
                [0.997526, 0.0, 0.070304, -5e-06, 0.070304, 0.0, -0.997526, 0.683447, 0.0, 1.0, 0.0, 0.517326, 0.0, 0.0, 0.0, 1.0],
                [0.997526, 0.0, 0.070304, -5e-06, 0.070304, 0.0, -0.997526, 0.658537, 0.0, 1.0, 0.0, 0.517326, 0.0, 0.0, 0.0, 1.0],
                [0.997526, 0.0, 0.070304, -5e-06, 0.070304, 0.0, -0.997526, 0.642383, 0.0, 1.0, 0.0, 0.517326, 0.0, 0.0, 0.0, 1.0],
                [0.997526, 0.0, 0.070304, -5e-06, 0.070304, 0.0, -0.997526, 0.636838, 0.0, 1.0, 0.0, 0.517326, 0.0, 0.0, 0.0, 1.0],
                [0.997526, 0.0, 0.070304, -5e-06, 0.070304, 0.0, -0.997526, 0.636838, 0.0, 1.0, 0.0, 0.517326, 0.0, 0.0, 0.0, 1.0],
                [0.997526, 0.0, 0.070304, -5e-06, 0.070304, 0.0, -0.997526, 0.636838, 0.0, 1.0, 0.0, 0.517326, 0.0, 0.0, 0.0, 1.0],
                [0.997526, 0.0, 0.070304, -5e-06, 0.070304, 0.0, -0.997526, 0.636838, 0.0, 1.0, 0.0, 0.517326, 0.0, 0.0, 0.0, 1.0],
                [0.997526, 0.0, 0.070304, -5e-06, 0.070304, 0.0, -0.997526, 0.636838, 0.0, 1.0, 0.0, 0.517326, 0.0, 0.0, 0.0, 1.0],
                [0.997526, 0.0, 0.070304, -5e-06, 0.070304, 0.0, -0.997526, 0.636838, 0.0, 1.0, 0.0, 0.517326, 0.0, 0.0, 0.0, 1.0],
                [0.997526, 0.0, 0.070304, -5e-06, 0.070304, 0.0, -0.997526, 0.636838, 0.0, 1.0, 0.0, 0.517326, 0.0, 0.0, 0.0, 1.0],
                [0.997526, 0.0, 0.070304, -5e-06, 0.070304, 0.0, -0.997526, 0.636838, 0.0, 1.0, 0.0, 0.517326, 0.0, 0.0, 0.0, 1.0],
                [0.997526, 0.0, 0.070304, -5e-06, 0.070304, 0.0, -0.997526, 0.636838, 0.0, 1.0, 0.0, 0.517326, 0.0, 0.0, 0.0, 1.0],
                [0.997526, 0.0, 0.070304, -5e-06, 0.070304, 0.0, -0.997526, 0.636838, 0.0, 1.0, 0.0, 0.517326, 0.0, 0.0, 0.0, 1.0],
                [0.997526, 0.0, 0.070304, -5e-06, 0.070304, 0.0, -0.997526, 0.636838, 0.0, 1.0, 0.0, 0.517326, 0.0, 0.0, 0.0, 1.0],
                [0.997526, 0.0, 0.070304, -5e-06, 0.070304, 0.0, -0.997526, 0.636838, 0.0, 1.0, 0.0, 0.517326, 0.0, 0.0, 0.0, 1.0],
                [0.997526, 0.0, 0.070304, -5e-06, 0.070304, 0.0, -0.997526, 0.636838, 0.0, 1.0, 0.0, 0.517326, 0.0, 0.0, 0.0, 1.0],
                [0.997526, 0.0, 0.070304, -5e-06, 0.070304, 0.0, -0.997526, 0.636838, 0.0, 1.0, 0.0, 0.517326, 0.0, 0.0, 0.0, 1.0],
                [0.997526, 0.0, 0.070304, -5e-06, 0.070304, 0.0, -0.997526, 0.636838, 0.0, 1.0, 0.0, 0.517326, 0.0, 0.0, 0.0, 1.0],
                [0.997526, 0.0, 0.070304, -5e-06, 0.070304, 0.0, -0.997526, 0.636838, 0.0, 1.0, 0.0, 0.517326, 0.0, 0.0, 0.0, 1.0],
                [0.997526, 0.0, 0.070304, -5e-06, 0.070304, 0.0, -0.997526, 0.637287, 0.0, 1.0, 0.0, 0.518083, 0.0, 0.0, 0.0, 1.0],
                [0.997526, 0.0, 0.070304, -5e-06, 0.070304, 0.0, -0.997526, 0.638887, 0.0, 1.0, 0.0, 0.520786, 0.0, 0.0, 0.0, 1.0],
                [0.997526, 0.0, 0.070304, -5e-06, 0.070304, 0.0, -0.997526, 0.641851, 0.0, 1.0, 0.0, 0.525791, 0.0, 0.0, 0.0, 1.0],
                [0.997526, 0.0, 0.070304, -5e-06, 0.070304, 0.0, -0.997526, 0.645927, 0.0, 1.0, 0.0, 0.532674, 0.0, 0.0, 0.0, 1.0],
                [0.997526, 0.0, 0.070304, -5e-06, 0.070304, 0.0, -0.997526, 0.650586, 0.0, 1.0, 0.0, 0.540542, 0.0, 0.0, 0.0, 1.0],
                [0.997526, 0.0, 0.070304, -5e-06, 0.070304, 0.0, -0.997526, 0.656995, 0.0, 1.0, 0.0, 0.551366, 0.0, 0.0, 0.0, 1.0],
                [0.997526, 0.0, 0.070304, -5e-06, 0.070304, 0.0, -0.997526, 0.664072, 0.0, 1.0, 0.0, 0.563316, 0.0, 0.0, 0.0, 1.0],
                [0.997526, 0.0, 0.070304, -5e-06, 0.070304, 0.0, -0.997526, 0.67138, 0.0, 1.0, 0.0, 0.575657, 0.0, 0.0, 0.0, 1.0],
                [0.997526, 0.0, 0.070304, -5e-06, 0.070304, 0.0, -0.997526, 0.678732, 0.0, 1.0, 0.0, 0.588072, 0.0, 0.0, 0.0, 1.0],
                [0.997526, 0.0, 0.070304, -5e-06, 0.070304, 0.0, -0.997526, 0.686018, 0.0, 1.0, 0.0, 0.600377, 0.0, 0.0, 0.0, 1.0],
                [0.997526, 0.0, 0.070304, -5e-06, 0.070304, 0.0, -0.997526, 0.69316, 0.0, 1.0, 0.0, 0.612439, 0.0, 0.0, 0.0, 1.0],
                [0.997526, 0.0, 0.070304, -5e-06, 0.070304, 0.0, -0.997526, 0.700092, 0.0, 1.0, 0.0, 0.624144, 0.0, 0.0, 0.0, 1.0],
                [0.997526, 0.0, 0.070304, -5e-06, 0.070304, 0.0, -0.997526, 0.706749, 0.0, 1.0, 0.0, 0.635387, 0.0, 0.0, 0.0, 1.0],
                [0.997526, 0.0, 0.070304, -5e-06, 0.070304, 0.0, -0.997526, 0.713066, 0.0, 1.0, 0.0, 0.646054, 0.0, 0.0, 0.0, 1.0],
                [0.997526, 0.0, 0.070304, -5e-06, 0.070304, 0.0, -0.997526, 0.718965, 0.0, 1.0, 0.0, 0.656016, 0.0, 0.0, 0.0, 1.0],
                [0.999127, 0.0, 0.041781, -0.001245, 0.041781, 0.0, -0.999127, 0.730195, 0.0, 1.0, 0.0, 0.666037, 0.0, 0.0, 0.0, 1.0],
                [0.999901, 0.0, -0.014094, -0.003122, -0.014094, 0.0, -0.999901, 0.747039, 0.0, 1.0, 0.0, 0.676932, 0.0, 0.0, 0.0, 1.0],
                [0.996836, 0.0, -0.079484, -0.00457, -0.079484, 0.0, -0.996836, 0.765623, 0.0, 1.0, 0.0, 0.687732, 0.0, 0.0, 0.0, 1.0],
                [0.989126, 0.0, -0.147072, -0.005293, -0.147072, 0.0, -0.989126, 0.784368, 0.0, 1.0, 0.0, 0.698044, 0.0, 0.0, 0.0, 1.0],
                [0.977147, 0.0, -0.212566, -0.005277, -0.212566, 0.0, -0.977147, 0.802342, 0.0, 1.0, 0.0, 0.70763, 0.0, 0.0, 0.0, 1.0],
                [0.962007, 0.0, -0.273025, -0.004643, -0.273025, 0.0, -0.962007, 0.818892, 0.0, 1.0, 0.0, 0.716305, 0.0, 0.0, 0.0, 1.0],
                [0.945276, 0.0, -0.326272, -0.00359, -0.326272, 0.0, -0.945276, 0.833499, 0.0, 1.0, 0.0, 0.723896, 0.0, 0.0, 0.0, 1.0],
                [0.928798, 0.0, -0.370586, -0.002355, -0.370586, 0.0, -0.928798, 0.845716, 0.0, 1.0, 0.0, 0.73022, 0.0, 0.0, 0.0, 1.0],
                [0.914559, 0.0, -0.404453, -0.001187, -0.404453, 0.0, -0.914559, 0.855108, 0.0, 1.0, 0.0, 0.735076, 0.0, 0.0, 0.0, 1.0],
                [0.904582, 0.0, -0.4263, -0.000331, -0.4263, 0.0, -0.904582, 0.861194, 0.0, 1.0, 0.0, 0.738218, 0.0, 0.0, 0.0, 1.0],
                [0.900842, 0.0, -0.434148, -5e-06, -0.434148, 0.0, -0.900842, 0.863385, 0.0, 1.0, 0.0, 0.739346, 0.0, 0.0, 0.0, 1.0]
            ]
        },
        {
            "name": "Thigh_R",
            "time": [0.0, 0.0167, 0.0333, 0.05, 0.0667, 0.0833, 0.1, 0.1167, 0.1333, 0.15, 0.1667, 0.1833, 0.2, 0.2167, 0.2333, 0.25, 0.2667, 0.2833, 0.3, 0.3167, 0.3333, 0.35, 0.3667, 0.3833, 0.4, 0.4167, 0.4333, 0.45, 0.4667, 0.4833, 0.5, 0.5167, 0.5333, 0.55, 0.5667, 0.5833, 0.6, 0.6167, 0.6333, 0.65, 0.6667, 0.6833, 0.7, 0.7167, 0.7333, 0.75, 0.7667, 0.7833, 0.8, 0.8167, 0.8333, 0.85, 0.8667, 0.8833, 0.9, 0.9167, 0.9333, 0.95, 0.9667, 0.9833, 1.0],
            "transform": [
                [0.961653, 0.225772, 0.155718, 0.124994, 0.180479, -0.948442, 0.260545, -0.002831, 0.206521, -0.222451, -0.952781, -1.2e-05, 0.0, 0.0, 0.0, 1.0],
                [0.977825, 0.189256, 0.089662, 0.121357, 0.155355, -0.942641, 0.295449, 0.004189, 0.140439, -0.274959, -0.951105, 0.022268, 0.0, 0.0, 0.0, 1.0],
                [0.995754, 0.03264, 0.086075, 0.113573, 0.039116, -0.996438, -0.074629, 0.019211, 0.083335, 0.077701, -0.993455, 0.069944, 0.0, 0.0, 0.0, 1.0],
                [0.996234, -0.053737, 0.068042, 0.109936, -0.029149, -0.946675, -0.320831, 0.026231, 0.081658, 0.317667, -0.944651, 0.092224, 0.0, 0.0, 0.0, 1.0],
                [0.996174, -0.055007, 0.067912, 0.110221, -0.031852, -0.95214, -0.303954, 0.026231, 0.081384, 0.300657, -0.950227, 0.088189, 0.0, 0.0, 0.0, 1.0],
                [0.996133, -0.062931, 0.061307, 0.110964, -0.033465, -0.916977, -0.397493, 0.026231, 0.081234, 0.393935, -0.915517, 0.077635, 0.0, 0.0, 0.0, 1.0],
                [0.996121, -0.070708, 0.052374, 0.111708, -0.033832, -0.857219, -0.513802, 0.026231, 0.081229, 0.510069, -0.856267, 0.067081, 0.0, 0.0, 0.0, 1.0],
                [0.996121, -0.073627, 0.048185, 0.111993, -0.033767, -0.825531, -0.563311, 0.026231, 0.081256, 0.559531, -0.824795, 0.063046, 0.0, 0.0, 0.0, 1.0],
                [0.996136, -0.072527, 0.049532, 0.111828, -0.033215, -0.833181, -0.551966, 0.026231, 0.081304, 0.54822, -0.83235, 0.065383, 0.0, 0.0, 0.0, 1.0],
                [0.996168, -0.069679, 0.052858, 0.111412, -0.031951, -0.852544, -0.521644, 0.026231, 0.081415, 0.517987, -0.851481, 0.071288, 0.0, 0.0, 0.0, 1.0],
                [0.996201, -0.065906, 0.056925, 0.110886, -0.030598, -0.876873, -0.479713, 0.026231, 0.081535, 0.476179, -0.875535, 0.07874, 0.0, 0.0, 0.0, 1.0],
                [0.996224, -0.061849, 0.060929, 0.110397, -0.029576, -0.901578, -0.43157, 0.026231, 0.081627, 0.428167, -0.899979, 0.08568, 0.0, 0.0, 0.0, 1.0],
                [0.996235, -0.057765, 0.06464, 0.110058, -0.029074, -0.925096, -0.378585, 0.026231, 0.08167, 0.375308, -0.923268, 0.090499, 0.0, 0.0, 0.0, 1.0],
                [0.996234, -0.053737, 0.068042, 0.109936, -0.029149, -0.946675, -0.320831, 0.026231, 0.081658, 0.317667, -0.944651, 0.092224, 0.0, 0.0, 0.0, 1.0],
                [0.996223, -0.048537, 0.071995, 0.109936, -0.029661, -0.96952, -0.243169, 0.026231, 0.081607, 0.240142, -0.967273, 0.092224, 0.0, 0.0, 0.0, 1.0],
                [0.996209, -0.042409, 0.07596, 0.109936, -0.030286, -0.987575, -0.154141, 0.026231, 0.081556, 0.151282, -0.985091, 0.092224, 0.0, 0.0, 0.0, 1.0],
                [0.996193, -0.036414, 0.07921, 0.109936, -0.030912, -0.997089, -0.069585, 0.026231, 0.081516, 0.066897, -0.994394, 0.092224, 0.0, 0.0, 0.0, 1.0],
                [0.996179, -0.031504, 0.081459, 0.109936, -0.031431, -0.999496, -0.002154, 0.026231, 0.081489, -0.00039, -0.996643, 0.092224, 0.0, 0.0, 0.0, 1.0],
                [0.996169, -0.028337, 0.082728, 0.109936, -0.031768, -0.998669, 0.040474, 0.026231, 0.081474, -0.042924, -0.995719, 0.092224, 0.0, 0.0, 0.0, 1.0],
                [0.996166, -0.027252, 0.083131, 0.109936, -0.031883, -0.997975, 0.054917, 0.026231, 0.081469, -0.057334, -0.994993, 0.092224, 0.0, 0.0, 0.0, 1.0],
                [0.996166, -0.027252, 0.083131, 0.109936, -0.031883, -0.997975, 0.054917, 0.026231, 0.081469, -0.057334, -0.994993, 0.092224, 0.0, 0.0, 0.0, 1.0],
                [0.996166, -0.027252, 0.083131, 0.109936, -0.031883, -0.997975, 0.054917, 0.026231, 0.081469, -0.057334, -0.994993, 0.092224, 0.0, 0.0, 0.0, 1.0],
                [0.996166, -0.027252, 0.083131, 0.109936, -0.031883, -0.997975, 0.054917, 0.026231, 0.081469, -0.057334, -0.994993, 0.092224, 0.0, 0.0, 0.0, 1.0],
                [0.996166, -0.027252, 0.083131, 0.109936, -0.031883, -0.997975, 0.054917, 0.026231, 0.081469, -0.057334, -0.994993, 0.092224, 0.0, 0.0, 0.0, 1.0],
                [0.996166, -0.027252, 0.083131, 0.109936, -0.031883, -0.997975, 0.054917, 0.026231, 0.081469, -0.057334, -0.994993, 0.092224, 0.0, 0.0, 0.0, 1.0],
                [0.996166, -0.027252, 0.083131, 0.109936, -0.031883, -0.997975, 0.054917, 0.026231, 0.081469, -0.057334, -0.994993, 0.092224, 0.0, 0.0, 0.0, 1.0],
                [0.996166, -0.027252, 0.083131, 0.109936, -0.031883, -0.997975, 0.054917, 0.026231, 0.081469, -0.057334, -0.994993, 0.092224, 0.0, 0.0, 0.0, 1.0],
                [0.996166, -0.027252, 0.083131, 0.109936, -0.031883, -0.997975, 0.054917, 0.026231, 0.081469, -0.057334, -0.994993, 0.092224, 0.0, 0.0, 0.0, 1.0],
                [0.996166, -0.027252, 0.083131, 0.109936, -0.031883, -0.997975, 0.054917, 0.026231, 0.081469, -0.057334, -0.994993, 0.092224, 0.0, 0.0, 0.0, 1.0],
                [0.996166, -0.027252, 0.083131, 0.109936, -0.031883, -0.997975, 0.054917, 0.026231, 0.081469, -0.057334, -0.994993, 0.092224, 0.0, 0.0, 0.0, 1.0],
                [0.996166, -0.027252, 0.083131, 0.109936, -0.031883, -0.997975, 0.054917, 0.026231, 0.081469, -0.057334, -0.994993, 0.092224, 0.0, 0.0, 0.0, 1.0],
                [0.996166, -0.027252, 0.083131, 0.109936, -0.031883, -0.997975, 0.054917, 0.026231, 0.081469, -0.057334, -0.994993, 0.092224, 0.0, 0.0, 0.0, 1.0],
                [0.996166, -0.027252, 0.083131, 0.109936, -0.031883, -0.997975, 0.054917, 0.026231, 0.081469, -0.057334, -0.994993, 0.092224, 0.0, 0.0, 0.0, 1.0],
                [0.996166, -0.027252, 0.083131, 0.109936, -0.031883, -0.997975, 0.054917, 0.026231, 0.081469, -0.057334, -0.994993, 0.092224, 0.0, 0.0, 0.0, 1.0],
                [0.996166, -0.027252, 0.083131, 0.109936, -0.031883, -0.997975, 0.054917, 0.026231, 0.081469, -0.057334, -0.994993, 0.092224, 0.0, 0.0, 0.0, 1.0],
                [0.996203, -0.025992, 0.083094, 0.109987, -0.030843, -0.997853, 0.057659, 0.026132, 0.08142, -0.05998, -0.994841, 0.091909, 0.0, 0.0, 0.0, 1.0],
                [0.996324, -0.021509, 0.082924, 0.110171, -0.027138, -0.997352, 0.06738, 0.025778, 0.081258, -0.069359, -0.994244, 0.090786, 0.0, 0.0, 0.0, 1.0],
                [0.996505, -0.01328, 0.082469, 0.11051, -0.020314, -0.996161, 0.085074, 0.025123, 0.081026, -0.086429, -0.992925, 0.088707, 0.0, 0.0, 0.0, 1.0],
                [0.996665, -0.002116, 0.081568, 0.110977, -0.011009, -0.994003, 0.108748, 0.024222, 0.080852, -0.109261, -0.990686, 0.085847, 0.0, 0.0, 0.0, 1.0],
                [0.996725, 0.010416, 0.080194, 0.111511, -0.000492, -0.990863, 0.134835, 0.023192, 0.080869, -0.134411, -0.987586, 0.082579, 0.0, 0.0, 0.0, 1.0],
                [0.996596, 0.027237, 0.07781, 0.112245, 0.013745, -0.985525, 0.168943, 0.021775, 0.081289, -0.167278, -0.982518, 0.078082, 0.0, 0.0, 0.0, 1.0],
                [0.996181, 0.045223, 0.074692, 0.113055, 0.029121, -0.978516, 0.204083, 0.020211, 0.08232, -0.201109, -0.976068, 0.073118, 0.0, 0.0, 0.0, 1.0],
                [0.995463, 0.063145, 0.071169, 0.113892, 0.044578, -0.97037, 0.237459, 0.018595, 0.084057, -0.233191, -0.968755, 0.067991, 0.0, 0.0, 0.0, 1.0],
                [0.99446, 0.080512, 0.067571, 0.114734, 0.059648, -0.961591, 0.267915, 0.01697, 0.086549, -0.262383, -0.961038, 0.062833, 0.0, 0.0, 0.0, 1.0],
                [0.993201, 0.09709, 0.064221, 0.115569, 0.074059, -0.952654, 0.294888, 0.01536, 0.089814, -0.288111, -0.953338, 0.057721, 0.0, 0.0, 0.0, 1.0],
                [0.991723, 0.112752, 0.06141, 0.116387, 0.087627, -0.943991, 0.318116, 0.013781, 0.093842, -0.310087, -0.946027, 0.05271, 0.0, 0.0, 0.0, 1.0],
                [0.990068, 0.127426, 0.059388, 0.117181, 0.100218, -0.935967, 0.337516, 0.012249, 0.098597, -0.328198, -0.939411, 0.047847, 0.0, 0.0, 0.0, 1.0],
                [0.988281, 0.141053, 0.058344, 0.117943, 0.111728, -0.928878, 0.353127, 0.010777, 0.104008, -0.342457, -0.93372, 0.043177, 0.0, 0.0, 0.0, 1.0],
                [0.98641, 0.153566, 0.058405, 0.118667, 0.122076, -0.922961, 0.365015, 0.009381, 0.109963, -0.352913, -0.929133, 0.038745, 0.0, 0.0, 0.0, 1.0],
                [0.984511, 0.164891, 0.059572, 0.119342, 0.131198, -0.918291, 0.37353, 0.008077, 0.1163, -0.359918, -0.925667, 0.034606, 0.0, 0.0, 0.0, 1.0],
                [0.98482, 0.163338, 0.058723, 0.120022, 0.13328, -0.928343, 0.347006, 0.006765, 0.111198, -0.333901, -0.935987, 0.030443, 0.0, 0.0, 0.0, 1.0],
                [0.985584, 0.158648, 0.058781, 0.120761, 0.133135, -0.94164, 0.309172, 0.005339, 0.104403, -0.296878, -0.949152, 0.025917, 0.0, 0.0, 0.0, 1.0],
                [0.986459, 0.152887, 0.059354, 0.121493, 0.13197, -0.95484, 0.266198, 0.003925, 0.097376, -0.25475, -0.962053, 0.021431, 0.0, 0.0, 0.0, 1.0],
                [0.987328, 0.146779, 0.060324, 0.122193, 0.130261, -0.966717, 0.220199, 0.002576, 0.09064, -0.20954, -0.973551, 0.017147, 0.0, 0.0, 0.0, 1.0],
                [0.988136, 0.140675, 0.061622, 0.122843, 0.128283, -0.976629, 0.172447, 0.001321, 0.084443, -0.162485, -0.983053, 0.013164, 0.0, 0.0, 0.0, 1.0],
                [0.988857, 0.134772, 0.063223, 0.123431, 0.126225, -0.984239, 0.123854, 0.000185, 0.078921, -0.114484, -0.990248, 0.00956, 0.0, 0.0, 0.0, 1.0],
                [0.989477, 0.129211, 0.065114, 0.123946, 0.124238, -0.989384, 0.075391, -0.000808, 0.074167, -0.066498, -0.994988, 0.006407, 0.0, 0.0, 0.0, 1.0],
                [0.989983, 0.124122, 0.067274, 0.124375, 0.122456, -0.992068, 0.028365, -0.001636, 0.070264, -0.019833, -0.997293, 0.003779, 0.0, 0.0, 0.0, 1.0],
                [0.990367, 0.119734, 0.069538, 0.124704, 0.121007, -0.992547, -0.014353, -0.002272, 0.067304, 0.022639, -0.997438, 0.001762, 0.0, 0.0, 0.0, 1.0],
                [0.990614, 0.11646, 0.071553, 0.124917, 0.120024, -0.991625, -0.047683, -0.002683, 0.065403, 0.055833, -0.996258, 0.000457, 0.0, 0.0, 0.0, 1.0],
                [0.990703, 0.115138, 0.072456, 0.124994, 0.119659, -0.99091, -0.061465, -0.002831, 0.064723, 0.069573, -0.995437, -1.2e-05, 0.0, 0.0, 0.0, 1.0]
            ]
        },
        {
            "name": "Leg_R",
            "time": [0.0, 0.0167, 0.0333, 0.05, 0.0667, 0.0833, 0.1, 0.1167, 0.1333, 0.15, 0.1667, 0.1833, 0.2, 0.2167, 0.2333, 0.25, 0.2667, 0.2833, 0.3, 0.3167, 0.3333, 0.35, 0.3667, 0.3833, 0.4, 0.4167, 0.4333, 0.45, 0.4667, 0.4833, 0.5, 0.5167, 0.5333, 0.55, 0.5667, 0.5833, 0.6, 0.6167, 0.6333, 0.65, 0.6667, 0.6833, 0.7, 0.7167, 0.7333, 0.75, 0.7667, 0.7833, 0.8, 0.8167, 0.8333, 0.85, 0.8667, 0.8833, 0.9, 0.9167, 0.9333, 0.95, 0.9667, 0.9833, 1.0],
            "transform": [
                [1.0, -0.00031, -0.000159, 0.0, 0.000342, 0.960818, 0.277174, 0.375166, 6.7e-05, -0.277183, 0.96082, -0.0, 0.0, 0.0, 0.0, 1.0],
                [1.0, -0.000749, -0.000403, 0.0, 0.000826, 0.742386, 0.669953, 0.375166, -0.000203, -0.669986, 0.742397, -0.0, 0.0, 0.0, 0.0, 1.0],
                [0.999999, -0.000827, -0.000481, -0.0, 0.000912, 0.672763, 0.739838, 0.375166, -0.000289, -0.739875, 0.672776, 0.0, 0.0, 0.0, 0.0, 1.0],
                [1.0, -0.000765, -0.000417, 0.0, 0.000843, 0.729705, 0.683742, 0.375166, -0.000218, -0.683778, 0.729716, 0.0, 0.0, 0.0, 0.0, 1.0],
                [0.999999, -0.000888, -0.000554, 0.0, 0.00098, 0.607322, 0.794436, 0.375166, -0.000369, -0.794475, 0.607335, -0.0, 0.0, 0.0, 0.0, 1.0],
                [0.999999, -0.000861, -0.00052, 0.0, 0.00095, 0.638158, 0.769886, 0.375166, -0.000331, -0.769924, 0.63817, 0.0, 0.0, 0.0, 0.0, 1.0],
                [1.0, -0.000749, -0.000403, 0.0, 0.000826, 0.742906, 0.669376, 0.375166, -0.000202, -0.669411, 0.742917, -0.0, 0.0, 0.0, 0.0, 1.0],
                [1.0, -0.000679, -0.000345, 0.0, 0.000749, 0.794387, 0.607393, 0.375166, -0.000139, -0.607425, 0.794396, 0.0, 0.0, 0.0, 0.0, 1.0],
                [1.0, -0.000678, -0.000344, 0.0, 0.000747, 0.795493, 0.605943, 0.375166, -0.000137, -0.605976, 0.795502, 0.0, 0.0, 0.0, 0.0, 1.0],
                [1.0, -0.000674, -0.000341, -0.0, 0.000744, 0.797642, 0.603113, 0.375166, -0.000135, -0.603145, 0.797651, -0.0, 0.0, 0.0, 0.0, 1.0],
                [1.0, -0.000672, -0.00034, 0.0, 0.000741, 0.799097, 0.601184, 0.375166, -0.000133, -0.601216, 0.799106, -0.0, 0.0, 0.0, 0.0, 1.0],
                [1.0, -0.000679, -0.000345, 0.0, 0.000749, 0.794303, 0.607503, 0.375166, -0.000139, -0.607535, 0.794312, -0.0, 0.0, 0.0, 0.0, 1.0],
                [1.0, -0.000708, -0.000368, -0.0, 0.000781, 0.77416, 0.632971, 0.375166, -0.000163, -0.633004, 0.77417, -0.0, 0.0, 0.0, 0.0, 1.0],
                [1.0, -0.000765, -0.000417, -0.0, 0.000843, 0.729705, 0.683742, 0.375166, -0.000218, -0.683778, 0.729716, 0.0, 0.0, 0.0, 0.0, 1.0],
                [0.999999, -0.000847, -0.000503, 0.0, 0.000934, 0.652723, 0.757577, 0.375166, -0.000313, -0.757615, 0.652736, -0.0, 0.0, 0.0, 0.0, 1.0],
                [0.999999, -0.000923, -0.000602, 0.0, 0.001018, 0.564788, 0.825216, 0.375166, -0.000422, -0.825255, 0.564802, 0.0, 0.0, 0.0, 0.0, 1.0],
                [0.999999, -0.000979, -0.000693, -0.0, 0.00108, 0.483373, 0.875395, 0.375166, -0.000522, -0.875435, 0.483387, -0.0, 0.0, 0.0, 0.0, 1.0],
                [0.999999, -0.001014, -0.000763, -0.0, 0.001119, 0.420844, 0.907115, 0.375166, -0.000599, -0.907154, 0.420857, 0.0, 0.0, 0.0, 0.0, 1.0],
                [0.999999, -0.001033, -0.000805, 0.0, 0.001139, 0.382636, 0.923881, 0.375166, -0.000646, -0.92392, 0.382649, 0.0, 0.0, 0.0, 0.0, 1.0],
                [0.999999, -0.001039, -0.00082, 0.0, 0.001146, 0.369946, 0.929035, 0.375166, -0.000662, -0.929074, 0.369959, 0.0, 0.0, 0.0, 0.0, 1.0],
                [0.999999, -0.001039, -0.00082, 0.0, 0.001146, 0.369946, 0.929035, 0.375166, -0.000662, -0.929074, 0.369959, 0.0, 0.0, 0.0, 0.0, 1.0],
                [0.999999, -0.001039, -0.00082, 0.0, 0.001146, 0.369946, 0.929035, 0.375166, -0.000662, -0.929074, 0.369959, 0.0, 0.0, 0.0, 0.0, 1.0],
                [0.999999, -0.001039, -0.00082, 0.0, 0.001146, 0.369946, 0.929035, 0.375166, -0.000662, -0.929074, 0.369959, 0.0, 0.0, 0.0, 0.0, 1.0],
                [0.999999, -0.001039, -0.00082, 0.0, 0.001146, 0.369946, 0.929035, 0.375166, -0.000662, -0.929074, 0.369959, 0.0, 0.0, 0.0, 0.0, 1.0],
                [0.999999, -0.001039, -0.00082, 0.0, 0.001146, 0.369946, 0.929035, 0.375166, -0.000662, -0.929074, 0.369959, 0.0, 0.0, 0.0, 0.0, 1.0],
                [0.999999, -0.001039, -0.00082, 0.0, 0.001146, 0.369946, 0.929035, 0.375166, -0.000662, -0.929074, 0.369959, 0.0, 0.0, 0.0, 0.0, 1.0],
                [0.999999, -0.001039, -0.00082, 0.0, 0.001146, 0.369946, 0.929035, 0.375166, -0.000662, -0.929074, 0.369959, 0.0, 0.0, 0.0, 0.0, 1.0],
                [0.999999, -0.001039, -0.00082, 0.0, 0.001146, 0.369946, 0.929035, 0.375166, -0.000662, -0.929074, 0.369959, 0.0, 0.0, 0.0, 0.0, 1.0],
                [0.999999, -0.001039, -0.00082, 0.0, 0.001146, 0.369946, 0.929035, 0.375166, -0.000662, -0.929074, 0.369959, 0.0, 0.0, 0.0, 0.0, 1.0],
                [0.999999, -0.001039, -0.00082, 0.0, 0.001146, 0.369946, 0.929035, 0.375166, -0.000662, -0.929074, 0.369959, 0.0, 0.0, 0.0, 0.0, 1.0],
                [0.999999, -0.001039, -0.00082, 0.0, 0.001146, 0.369946, 0.929035, 0.375166, -0.000662, -0.929074, 0.369959, 0.0, 0.0, 0.0, 0.0, 1.0],
                [0.999999, -0.001039, -0.00082, 0.0, 0.001146, 0.369946, 0.929035, 0.375166, -0.000662, -0.929074, 0.369959, 0.0, 0.0, 0.0, 0.0, 1.0],
                [0.999999, -0.001039, -0.00082, 0.0, 0.001146, 0.369946, 0.929035, 0.375166, -0.000662, -0.929074, 0.369959, 0.0, 0.0, 0.0, 0.0, 1.0],
                [0.999999, -0.001039, -0.00082, 0.0, 0.001146, 0.369946, 0.929035, 0.375166, -0.000662, -0.929074, 0.369959, 0.0, 0.0, 0.0, 0.0, 1.0],
                [0.999999, -0.001039, -0.00082, 0.0, 0.001146, 0.369946, 0.929035, 0.375166, -0.000662, -0.929074, 0.369959, 0.0, 0.0, 0.0, 0.0, 1.0],
                [0.999999, -0.001039, -0.00082, 0.0, 0.001146, 0.369301, 0.929292, 0.375166, -0.000663, -0.92933, 0.369314, 0.0, 0.0, 0.0, 0.0, 1.0],
                [0.999999, -0.00104, -0.000823, -0.0, 0.001147, 0.367146, 0.930146, 0.375166, -0.000665, -0.930184, 0.367159, 0.0, 0.0, 0.0, 0.0, 1.0],
                [0.999999, -0.001042, -0.000826, -0.0, 0.001149, 0.363769, 0.931472, 0.375166, -0.00067, -0.93151, 0.363782, -0.0, 0.0, 0.0, 0.0, 1.0],
                [0.999999, -0.001043, -0.00083, 0.0, 0.00115, 0.360424, 0.932771, 0.375166, -0.000674, -0.932809, 0.360437, -0.0, 0.0, 0.0, 0.0, 1.0],
                [0.999999, -0.001044, -0.000832, 0.0, 0.001151, 0.358443, 0.933534, 0.375166, -0.000676, -0.933572, 0.358456, -0.0, 0.0, 0.0, 0.0, 1.0],
                [0.999999, -0.001044, -0.000832, -0.0, 0.001151, 0.358929, 0.933348, 0.375166, -0.000676, -0.933385, 0.358941, 0.0, 0.0, 0.0, 0.0, 1.0],
                [0.999999, -0.001042, -0.000826, 0.0, 0.001149, 0.363785, 0.931465, 0.375166, -0.00067, -0.931503, 0.363798, -0.0, 0.0, 0.0, 0.0, 1.0],
                [0.999999, -0.001037, -0.000816, -0.0, 0.001144, 0.37356, 0.927589, 0.375166, -0.000658, -0.927627, 0.373572, 0.0, 0.0, 0.0, 0.0, 1.0],
                [0.999999, -0.001031, -0.000799, -0.0, 0.001137, 0.388271, 0.921528, 0.375166, -0.000639, -0.921565, 0.388284, -0.0, 0.0, 0.0, 0.0, 1.0],
                [0.999999, -0.001021, -0.000777, 0.0, 0.001126, 0.407678, 0.913108, 0.375166, -0.000615, -0.913146, 0.407691, -0.0, 0.0, 0.0, 0.0, 1.0],
                [0.999999, -0.001009, -0.000751, 0.0, 0.001113, 0.431363, 0.902161, 0.375166, -0.000586, -0.902198, 0.431376, 0.0, 0.0, 0.0, 0.0, 1.0],
                [0.999999, -0.000994, -0.00072, -0.0, 0.001096, 0.458761, 0.888542, 0.375166, -0.000552, -0.88858, 0.458774, 0.0, 0.0, 0.0, 0.0, 1.0],
                [0.999999, -0.000975, -0.000686, 0.0, 0.001076, 0.489164, 0.872174, 0.375166, -0.000515, -0.872212, 0.489177, 0.0, 0.0, 0.0, 0.0, 1.0],
                [0.999999, -0.000954, -0.00065, 0.0, 0.001052, 0.521833, 0.853029, 0.375166, -0.000475, -0.853067, 0.521846, -0.0, 0.0, 0.0, 0.0, 1.0],
                [0.999999, -0.00093, -0.000612, 0.0, 0.001025, 0.555512, 0.83149, 0.375166, -0.000433, -0.831528, 0.555525, -0.0, 0.0, 0.0, 0.0, 1.0],
                [1.0, -0.000895, -0.000563, 0.0, 0.000987, 0.59938, 0.800446, 0.375166, -0.000379, -0.800483, 0.599393, -0.0, 0.0, 0.0, 0.0, 1.0],
                [0.999999, -0.00085, -0.000507, -0.0, 0.000938, 0.649738, 0.760139, 0.375166, -0.000317, -0.760176, 0.649751, -0.0, 0.0, 0.0, 0.0, 1.0],
                [0.999999, -0.000797, -0.000449, 0.0, 0.000879, 0.701344, 0.712804, 0.375166, -0.000253, -0.712839, 0.701356, -0.0, 0.0, 0.0, 0.0, 1.0],
                [1.0, -0.000737, -0.000392, 0.0, 0.000813, 0.752211, 0.658903, 0.375166, -0.000191, -0.658937, 0.752222, 0.0, 0.0, 0.0, 0.0, 1.0],
                [1.0, -0.00067, -0.000338, 0.0, 0.000739, 0.800806, 0.598906, 0.375166, -0.000131, -0.598936, 0.800815, -0.0, 0.0, 0.0, 0.0, 1.0],
                [1.0, -0.000596, -0.000287, 0.0, 0.000658, 0.845884, 0.53335, 0.375166, -7.5e-05, -0.533377, 0.845892, -0.0, 0.0, 0.0, 0.0, 1.0],
                [1.0, -0.000518, -0.000242, 0.0, 0.000571, 0.886205, 0.463278, 0.375166, -2.5e-05, -0.463301, 0.886211, 0.0, 0.0, 0.0, 0.0, 1.0],
                [1.0, -0.000437, -0.000204, 0.0, 0.000482, 0.920522, 0.390678, 0.375166, 1.7e-05, -0.390696, 0.920527, 0.0, 0.0, 0.0, 0.0, 1.0],
                [1.0, -0.000359, -0.000174, -0.0, 0.000396, 0.947143, 0.320803, 0.375166, 5e-05, -0.320815, 0.947146, 0.0, 0.0, 0.0, 0.0, 1.0],
                [1.0, -0.000295, -0.000154, 0.0, 0.000325, 0.964625, 0.263617, 0.375166, 7.1e-05, -0.263625, 0.964627, 0.0, 0.0, 0.0, 0.0, 1.0],
                [1.0, -0.000268, -0.000148, -0.0, 0.000295, 0.970946, 0.239293, 0.375166, 7.9e-05, -0.2393, 0.970948, -0.0, 0.0, 0.0, 0.0, 1.0]
            ]
        },
        {
            "name": "Knee_R",
            "time": [0.0, 0.0167, 0.0333, 0.05, 0.0667, 0.0833, 0.1, 0.1167, 0.1333, 0.15, 0.1667, 0.1833, 0.2, 0.2167, 0.2333, 0.25, 0.2667, 0.2833, 0.3, 0.3167, 0.3333, 0.35, 0.3667, 0.3833, 0.4, 0.4167, 0.4333, 0.45, 0.4667, 0.4833, 0.5, 0.5167, 0.5333, 0.55, 0.5667, 0.5833, 0.6, 0.6167, 0.6333, 0.65, 0.6667, 0.6833, 0.7, 0.7167, 0.7333, 0.75, 0.7667, 0.7833, 0.8, 0.8167, 0.8333, 0.85, 0.8667, 0.8833, 0.9, 0.9167, 0.9333, 0.95, 0.9667, 0.9833, 1.0],
            "transform": [
                [1.0, -5.7e-05, 5.4e-05, 0.0, 5.7e-05, 0.048757, -0.998811, 0.375166, 5.4e-05, 0.998811, 0.048757, -0.0, 0.0, 0.0, 0.0, 1.0],
                [1.0, -5.7e-05, 5.4e-05, 0.0, 5.7e-05, 0.048757, -0.998811, 0.375166, 5.4e-05, 0.998811, 0.048757, -0.0, 0.0, 0.0, 0.0, 1.0],
                [1.0, -5.7e-05, 5.4e-05, -0.0, 5.7e-05, 0.048757, -0.998811, 0.375166, 5.4e-05, 0.998811, 0.048757, 0.0, 0.0, 0.0, 0.0, 1.0],
                [1.0, -5.7e-05, 5.4e-05, 0.0, 5.7e-05, 0.048757, -0.998811, 0.375166, 5.4e-05, 0.998811, 0.048757, 0.0, 0.0, 0.0, 0.0, 1.0],
                [1.0, -5.7e-05, 5.4e-05, 0.0, 5.7e-05, 0.048757, -0.998811, 0.375166, 5.4e-05, 0.998811, 0.048757, -0.0, 0.0, 0.0, 0.0, 1.0],
                [1.0, -5.7e-05, 5.4e-05, 0.0, 5.7e-05, 0.048757, -0.998811, 0.375166, 5.4e-05, 0.998811, 0.048757, 0.0, 0.0, 0.0, 0.0, 1.0],
                [1.0, -5.7e-05, 5.4e-05, 0.0, 5.7e-05, 0.048757, -0.998811, 0.375166, 5.4e-05, 0.998811, 0.048757, -0.0, 0.0, 0.0, 0.0, 1.0],
                [1.0, -5.7e-05, 5.4e-05, 0.0, 5.7e-05, 0.048757, -0.998811, 0.375166, 5.4e-05, 0.998811, 0.048757, 0.0, 0.0, 0.0, 0.0, 1.0],
                [1.0, -5.7e-05, 5.4e-05, 0.0, 5.7e-05, 0.048757, -0.998811, 0.375166, 5.4e-05, 0.998811, 0.048757, 0.0, 0.0, 0.0, 0.0, 1.0],
                [1.0, -5.7e-05, 5.4e-05, -0.0, 5.7e-05, 0.048757, -0.998811, 0.375166, 5.4e-05, 0.998811, 0.048757, -0.0, 0.0, 0.0, 0.0, 1.0],
                [1.0, -5.7e-05, 5.4e-05, 0.0, 5.7e-05, 0.048757, -0.998811, 0.375166, 5.4e-05, 0.998811, 0.048757, -0.0, 0.0, 0.0, 0.0, 1.0],
                [1.0, -5.7e-05, 5.4e-05, 0.0, 5.7e-05, 0.048757, -0.998811, 0.375166, 5.4e-05, 0.998811, 0.048757, -0.0, 0.0, 0.0, 0.0, 1.0],
                [1.0, -5.7e-05, 5.4e-05, -0.0, 5.7e-05, 0.048757, -0.998811, 0.375166, 5.4e-05, 0.998811, 0.048757, -0.0, 0.0, 0.0, 0.0, 1.0],
                [1.0, -5.7e-05, 5.4e-05, -0.0, 5.7e-05, 0.048757, -0.998811, 0.375166, 5.4e-05, 0.998811, 0.048757, 0.0, 0.0, 0.0, 0.0, 1.0],
                [1.0, -5.7e-05, 5.4e-05, 0.0, 5.7e-05, 0.048757, -0.998811, 0.375166, 5.4e-05, 0.998811, 0.048757, -0.0, 0.0, 0.0, 0.0, 1.0],
                [1.0, -5.7e-05, 5.4e-05, 0.0, 5.7e-05, 0.048757, -0.998811, 0.375166, 5.4e-05, 0.998811, 0.048757, 0.0, 0.0, 0.0, 0.0, 1.0],
                [1.0, -5.7e-05, 5.4e-05, -0.0, 5.7e-05, 0.048757, -0.998811, 0.375166, 5.4e-05, 0.998811, 0.048757, -0.0, 0.0, 0.0, 0.0, 1.0],
                [1.0, -5.7e-05, 5.4e-05, -0.0, 5.7e-05, 0.048757, -0.998811, 0.375166, 5.4e-05, 0.998811, 0.048757, 0.0, 0.0, 0.0, 0.0, 1.0],
                [1.0, -5.7e-05, 5.4e-05, 0.0, 5.7e-05, 0.048757, -0.998811, 0.375166, 5.4e-05, 0.998811, 0.048757, 0.0, 0.0, 0.0, 0.0, 1.0],
                [1.0, -5.7e-05, 5.4e-05, 0.0, 5.7e-05, 0.048757, -0.998811, 0.375166, 5.4e-05, 0.998811, 0.048757, 0.0, 0.0, 0.0, 0.0, 1.0],
                [1.0, -5.7e-05, 5.4e-05, 0.0, 5.7e-05, 0.048757, -0.998811, 0.375166, 5.4e-05, 0.998811, 0.048757, 0.0, 0.0, 0.0, 0.0, 1.0],
                [1.0, -5.7e-05, 5.4e-05, 0.0, 5.7e-05, 0.048757, -0.998811, 0.375166, 5.4e-05, 0.998811, 0.048757, 0.0, 0.0, 0.0, 0.0, 1.0],
                [1.0, -5.7e-05, 5.4e-05, 0.0, 5.7e-05, 0.048757, -0.998811, 0.375166, 5.4e-05, 0.998811, 0.048757, 0.0, 0.0, 0.0, 0.0, 1.0],
                [1.0, -5.7e-05, 5.4e-05, 0.0, 5.7e-05, 0.048757, -0.998811, 0.375166, 5.4e-05, 0.998811, 0.048757, 0.0, 0.0, 0.0, 0.0, 1.0],
                [1.0, -5.7e-05, 5.4e-05, 0.0, 5.7e-05, 0.048757, -0.998811, 0.375166, 5.4e-05, 0.998811, 0.048757, 0.0, 0.0, 0.0, 0.0, 1.0],
                [1.0, -5.7e-05, 5.4e-05, 0.0, 5.7e-05, 0.048757, -0.998811, 0.375166, 5.4e-05, 0.998811, 0.048757, 0.0, 0.0, 0.0, 0.0, 1.0],
                [1.0, -5.7e-05, 5.4e-05, 0.0, 5.7e-05, 0.048757, -0.998811, 0.375166, 5.4e-05, 0.998811, 0.048757, 0.0, 0.0, 0.0, 0.0, 1.0],
                [1.0, -5.7e-05, 5.4e-05, 0.0, 5.7e-05, 0.048757, -0.998811, 0.375166, 5.4e-05, 0.998811, 0.048757, 0.0, 0.0, 0.0, 0.0, 1.0],
                [1.0, -5.7e-05, 5.4e-05, 0.0, 5.7e-05, 0.048757, -0.998811, 0.375166, 5.4e-05, 0.998811, 0.048757, 0.0, 0.0, 0.0, 0.0, 1.0],
                [1.0, -5.7e-05, 5.4e-05, 0.0, 5.7e-05, 0.048757, -0.998811, 0.375166, 5.4e-05, 0.998811, 0.048757, 0.0, 0.0, 0.0, 0.0, 1.0],
                [1.0, -5.7e-05, 5.4e-05, 0.0, 5.7e-05, 0.048757, -0.998811, 0.375166, 5.4e-05, 0.998811, 0.048757, 0.0, 0.0, 0.0, 0.0, 1.0],
                [1.0, -5.7e-05, 5.4e-05, 0.0, 5.7e-05, 0.048757, -0.998811, 0.375166, 5.4e-05, 0.998811, 0.048757, 0.0, 0.0, 0.0, 0.0, 1.0],
                [1.0, -5.7e-05, 5.4e-05, 0.0, 5.7e-05, 0.048757, -0.998811, 0.375166, 5.4e-05, 0.998811, 0.048757, 0.0, 0.0, 0.0, 0.0, 1.0],
                [1.0, -5.7e-05, 5.4e-05, 0.0, 5.7e-05, 0.048757, -0.998811, 0.375166, 5.4e-05, 0.998811, 0.048757, 0.0, 0.0, 0.0, 0.0, 1.0],
                [1.0, -5.7e-05, 5.4e-05, 0.0, 5.7e-05, 0.048757, -0.998811, 0.375166, 5.4e-05, 0.998811, 0.048757, 0.0, 0.0, 0.0, 0.0, 1.0],
                [1.0, -5.7e-05, 5.4e-05, 0.0, 5.7e-05, 0.048757, -0.998811, 0.375166, 5.4e-05, 0.998811, 0.048757, 0.0, 0.0, 0.0, 0.0, 1.0],
                [1.0, -5.7e-05, 5.4e-05, -0.0, 5.7e-05, 0.048757, -0.998811, 0.375166, 5.4e-05, 0.998811, 0.048757, 0.0, 0.0, 0.0, 0.0, 1.0],
                [1.0, -5.7e-05, 5.4e-05, -0.0, 5.7e-05, 0.048757, -0.998811, 0.375166, 5.4e-05, 0.998811, 0.048757, -0.0, 0.0, 0.0, 0.0, 1.0],
                [1.0, -5.7e-05, 5.4e-05, 0.0, 5.7e-05, 0.048757, -0.998811, 0.375166, 5.4e-05, 0.998811, 0.048757, -0.0, 0.0, 0.0, 0.0, 1.0],
                [1.0, -5.7e-05, 5.4e-05, 0.0, 5.7e-05, 0.048757, -0.998811, 0.375166, 5.4e-05, 0.998811, 0.048757, -0.0, 0.0, 0.0, 0.0, 1.0],
                [1.0, -5.7e-05, 5.4e-05, -0.0, 5.7e-05, 0.048757, -0.998811, 0.375166, 5.4e-05, 0.998811, 0.048757, 0.0, 0.0, 0.0, 0.0, 1.0],
                [1.0, -5.7e-05, 5.4e-05, 0.0, 5.7e-05, 0.048757, -0.998811, 0.375166, 5.4e-05, 0.998811, 0.048757, -0.0, 0.0, 0.0, 0.0, 1.0],
                [1.0, -5.7e-05, 5.4e-05, -0.0, 5.7e-05, 0.048757, -0.998811, 0.375166, 5.4e-05, 0.998811, 0.048757, 0.0, 0.0, 0.0, 0.0, 1.0],
                [1.0, -5.7e-05, 5.4e-05, -0.0, 5.7e-05, 0.048757, -0.998811, 0.375166, 5.4e-05, 0.998811, 0.048757, -0.0, 0.0, 0.0, 0.0, 1.0],
                [1.0, -5.7e-05, 5.4e-05, 0.0, 5.7e-05, 0.048757, -0.998811, 0.375166, 5.4e-05, 0.998811, 0.048757, -0.0, 0.0, 0.0, 0.0, 1.0],
                [1.0, -5.7e-05, 5.4e-05, 0.0, 5.7e-05, 0.048757, -0.998811, 0.375166, 5.4e-05, 0.998811, 0.048757, 0.0, 0.0, 0.0, 0.0, 1.0],
                [1.0, -5.7e-05, 5.4e-05, -0.0, 5.7e-05, 0.048757, -0.998811, 0.375166, 5.4e-05, 0.998811, 0.048757, 0.0, 0.0, 0.0, 0.0, 1.0],
                [1.0, -5.7e-05, 5.4e-05, 0.0, 5.7e-05, 0.048757, -0.998811, 0.375166, 5.4e-05, 0.998811, 0.048757, 0.0, 0.0, 0.0, 0.0, 1.0],
                [1.0, -5.7e-05, 5.4e-05, 0.0, 5.7e-05, 0.048757, -0.998811, 0.375166, 5.4e-05, 0.998811, 0.048757, -0.0, 0.0, 0.0, 0.0, 1.0],
                [1.0, -5.7e-05, 5.4e-05, 0.0, 5.7e-05, 0.048757, -0.998811, 0.375166, 5.4e-05, 0.998811, 0.048757, -0.0, 0.0, 0.0, 0.0, 1.0],
                [1.0, -5.7e-05, 5.4e-05, 0.0, 5.7e-05, 0.048757, -0.998811, 0.375166, 5.4e-05, 0.998811, 0.048757, -0.0, 0.0, 0.0, 0.0, 1.0],
                [1.0, -5.7e-05, 5.4e-05, -0.0, 5.7e-05, 0.048757, -0.998811, 0.375166, 5.4e-05, 0.998811, 0.048757, -0.0, 0.0, 0.0, 0.0, 1.0],
                [1.0, -5.7e-05, 5.4e-05, 0.0, 5.7e-05, 0.048757, -0.998811, 0.375166, 5.4e-05, 0.998811, 0.048757, -0.0, 0.0, 0.0, 0.0, 1.0],
                [1.0, -5.7e-05, 5.4e-05, 0.0, 5.7e-05, 0.048757, -0.998811, 0.375166, 5.4e-05, 0.998811, 0.048757, 0.0, 0.0, 0.0, 0.0, 1.0],
                [1.0, -5.7e-05, 5.4e-05, 0.0, 5.7e-05, 0.048757, -0.998811, 0.375166, 5.4e-05, 0.998811, 0.048757, -0.0, 0.0, 0.0, 0.0, 1.0],
                [1.0, -5.7e-05, 5.4e-05, 0.0, 5.7e-05, 0.048757, -0.998811, 0.375166, 5.4e-05, 0.998811, 0.048757, -0.0, 0.0, 0.0, 0.0, 1.0],
                [1.0, -5.7e-05, 5.4e-05, 0.0, 5.7e-05, 0.048757, -0.998811, 0.375166, 5.4e-05, 0.998811, 0.048757, 0.0, 0.0, 0.0, 0.0, 1.0],
                [1.0, -5.7e-05, 5.4e-05, 0.0, 5.7e-05, 0.048757, -0.998811, 0.375166, 5.4e-05, 0.998811, 0.048757, 0.0, 0.0, 0.0, 0.0, 1.0],
                [1.0, -5.7e-05, 5.4e-05, -0.0, 5.7e-05, 0.048757, -0.998811, 0.375166, 5.4e-05, 0.998811, 0.048757, 0.0, 0.0, 0.0, 0.0, 1.0],
                [1.0, -5.7e-05, 5.4e-05, 0.0, 5.7e-05, 0.048757, -0.998811, 0.375166, 5.4e-05, 0.998811, 0.048757, 0.0, 0.0, 0.0, 0.0, 1.0],
                [1.0, -5.7e-05, 5.4e-05, -0.0, 5.7e-05, 0.048757, -0.998811, 0.375166, 5.4e-05, 0.998811, 0.048757, -0.0, 0.0, 0.0, 0.0, 1.0]
            ]
        },
        {
            "name": "Thigh_L",
            "time": [0.0, 0.0167, 0.0333, 0.05, 0.0667, 0.0833, 0.1, 0.1167, 0.1333, 0.15, 0.1667, 0.1833, 0.2, 0.2167, 0.2333, 0.25, 0.2667, 0.2833, 0.3, 0.3167, 0.3333, 0.35, 0.3667, 0.3833, 0.4, 0.4167, 0.4333, 0.45, 0.4667, 0.4833, 0.5, 0.5167, 0.5333, 0.55, 0.5667, 0.5833, 0.6, 0.6167, 0.6333, 0.65, 0.6667, 0.6833, 0.7, 0.7167, 0.7333, 0.75, 0.7667, 0.7833, 0.8, 0.8167, 0.8333, 0.85, 0.8667, 0.8833, 0.9, 0.9167, 0.9333, 0.95, 0.9667, 0.9833, 1.0],
            "transform": [
                [0.990583, -0.118566, 0.068466, -0.125006, -0.130632, -0.96821, 0.213315, -0.002831, 0.041, -0.220246, -0.974535, -1.2e-05, 0.0, 0.0, 0.0, 1.0],
                [0.994178, -0.081749, 0.070189, -0.123501, -0.104269, -0.894122, 0.435508, -0.002065, 0.027157, -0.440287, -0.897398, -0.02457, 0.0, 0.0, 0.0, 1.0],
                [0.999553, -0.020332, 0.021924, -0.119814, -0.029896, -0.666313, 0.745059, -0.000268, -0.00054, -0.745379, -0.666585, -0.08442, 0.0, 0.0, 0.0, 1.0],
                [0.999758, -0.001578, -0.021945, -0.116867, 0.018581, -0.473596, 0.880529, 0.000984, -0.011783, -0.880722, -0.473418, -0.131478, 0.0, 0.0, 0.0, 1.0],
                [0.999705, -0.005763, -0.023593, -0.114993, 0.019498, -0.388765, 0.921113, 0.001387, -0.014481, -0.921298, -0.388507, -0.159758, 0.0, 0.0, 0.0, 1.0],
                [0.99971, -0.011723, -0.021026, -0.113574, 0.015183, -0.370832, 0.928559, 0.001351, -0.018683, -0.928603, -0.370518, -0.179742, 0.0, 0.0, 0.0, 1.0],
                [0.999702, -0.017435, -0.01706, -0.112821, 0.008615, -0.401981, 0.915592, 0.001107, -0.022822, -0.915458, -0.401684, -0.189407, 0.0, 0.0, 0.0, 1.0],
                [0.999685, -0.019765, -0.015448, -0.112627, 0.005682, -0.421447, 0.90682, 0.000984, -0.024435, -0.906613, -0.421175, -0.19164, 0.0, 0.0, 0.0, 1.0],
                [0.999696, -0.018268, -0.016563, -0.112967, 0.007376, -0.419431, 0.907742, 0.000985, -0.023531, -0.907579, -0.419142, -0.186821, 0.0, 0.0, 0.0, 1.0],
