{
    "armature": {
        "joints": ["Root", "Thigh_R", "Leg_R", "Knee_R", "Thigh_L", "Leg_L", "Knee_L", "Torso", "Chest", "Head", "Shoulder_R", "Arm_R", "Hand_R", "Tool_R", "Elbow_R", "Shoulder_L", "Arm_L", "Hand_L", "Tool_L", "Elbow_L", "IKThigh_R", "IKLeg_R", "IKThigh_L", "IKLeg_L", "IKTorso", "IKChest", "FKArm_L", "FKHand_L", "FKArm_R", "FKHand_R", "Tool_R_Visual", "KneeIK_L", "KneelIK_R", "HeelIK_L", "HeelIK_R", "CoreIK", "HipControl", "HipIK", "WeaponIK_R", "WeaponIK_L", "GodNode", "Upper Rot", "HeadIKF", "Tool_R_Control", "Tool_L_Control"],
        "hierarchy": [
            {
                "name": "Root",
                "transform": [1.0, 0.0, 0.0, -5e-06, 0.0, 0.0, -1.0, 0.000946, 0.0, 1.0, 0.0, 0.763972, 0.0, 0.0, 0.0, 1.0],
                "children": [
                    {
                        "name": "Thigh_R",
                        "transform": [1.0, 5.7e-05, 5.4e-05, 0.124994, 5.4e-05, -0.998811, 0.048757, -0.002831, 5.7e-05, -0.048757, -0.998798, -1.2e-05, 0.0, 0.0, 0.0, 1.0],
                        "children": [
                            {
                                "name": "Leg_R",
                                "transform": [1.0, -0.000109, -0.00012, 0.0, 0.00012, 0.995249, 0.097363, 0.375166, 0.000109, -0.097363, 0.995249, -0.0, 0.0, 0.0, 0.0, 1.0],
                                "children": []
                            },
                            {
                                "name": "Knee_R",
                                "transform": [1.0, -5.7e-05, 5.4e-05, 0.0, 5.7e-05, 0.048757, -0.998811, 0.375166, 5.4e-05, 0.998811, 0.048757, -0.0, 0.0, 0.0, 0.0, 1.0],
                                "children": []
                            }
                        ]
                    },
                    {
                        "name": "Thigh_L",
                        "transform": [1.0, -0.0, -0.0, -0.125006, -0.0, -0.998811, 0.048757, -0.002831, -0.0, -0.048757, -0.998795, -1.2e-05, 0.0, 0.0, 0.0, 1.0],
                        "children": [
                            {
                                "name": "Leg_L",
                                "transform": [1.0, 0.0, 1e-06, -0.0, -0.0, 0.995249, 0.097364, 0.375166, -1e-06, -0.097364, 0.995249, -0.0, 0.0, 0.0, 0.0, 1.0],
                                "children": []
                            },
                            {
                                "name": "Knee_L",
                                "transform": [1.0, 0.0, -0.0, -0.0, -0.0, 0.048757, -0.998811, 0.375166, -0.0, 0.998811, 0.048757, -0.0, 0.0, 0.0, 0.0, 1.0],
                                "children": []
                            }
                        ]
                    },
                    {
                        "name": "Torso",
                        "transform": [1.0, 0.0, 0.0, 0.0, 0.0, 0.985001, -0.17255, 0.05, -0.0, 0.17255, 0.985001, 0.0, 0.0, 0.0, 0.0, 1.0],
                        "children": [
                            {
                                "name": "Chest",
                                "transform": [1.0, 0.0, 0.0, 0.0, -0.0, 0.954131, 0.299389, 0.304568, 0.0, -0.299389, 0.954131, -0.0, 0.0, 0.0, 0.0, 1.0],
                                "children": [
                                    {
                                        "name": "Head",
                                        "transform": [1.0, -0.0, -0.0, 0.0, 0.0, 0.991479, -0.130264, 0.403437, 0.0, 0.130264, 0.991479, 0.0, 0.0, 0.0, 0.0, 1.0],
                                        "children": []
                                    },
                                    {
                                        "name": "Shoulder_R",
                                        "transform": [-0.0, 0.952114, 0.305743, 0.0, -0.130264, -0.303138, 0.944001, 0.403437, 0.991479, -0.039827, 0.124026, 0.0, 0.0, 0.0, 0.0, 1.0],
                                        "children": [
                                            {
                                                "name": "Arm_R",
                                                "transform": [0.0, 0.060811, -0.998149, 0.0, 0.952114, 0.305178, 0.018593, 0.39386, 0.305743, -0.950352, -0.057899, 0.0, 0.0, 0.0, 0.0, 1.0],
                                                "children": [
                                                    {
                                                        "name": "Hand_R",
                                                        "transform": [1.0, -0.0, 0.0, -0.0, 0.0, 0.991294, -0.131669, 0.300556, -0.0, 0.131669, 0.991294, -0.0, 0.0, 0.0, 0.0, 1.0],
                                                        "children": [
                                                            {
                                                                "name": "Tool_R",
                                                                "transform": [1.0, -2.8e-05, 2.8e-05, 9e-06, -2.6e-05, -0.997928, -0.064338, 0.271975, 3e-05, 0.064338, -0.997952, 0.001148, 0.0, 0.0, 0.0, 1.0],
                                                                "children": []
                                                            }
                                                        ]
                                                    },
                                                    {
                                                        "name": "Elbow_R",
                                                        "transform": [-1.0, 0.0, 0.0, -0.0, -0.0, 0.060811, -0.99815, 0.300556, -0.0, -0.99815, -0.060811, -0.0, 0.0, 0.0, 0.0, 1.0],
                                                        "children": []
                                                    }
                                                ]
                                            }
                                        ]
                                    },
                                    {
                                        "name": "Shoulder_L",
                                        "transform": [0.0, -0.952114, -0.305743, 0.0, 0.130264, -0.303138, 0.944001, 0.403437, -0.991479, -0.039827, 0.124026, 0.0, 0.0, 0.0, 0.0, 1.0],
                                        "children": [
                                            {
                                                "name": "Arm_L",
                                                "transform": [-3e-05, -0.060811, 0.998149, -0.0, -0.952124, 0.305149, 0.018562, 0.39386, -0.305713, -0.950361, -0.057908, -0.0, 0.0, 0.0, 0.0, 1.0],
                                                "children": [
                                                    {
                                                        "name": "Hand_L",
                                                        "transform": [1.0, -3.4e-05, -2.8e-05, -0.0, 3e-05, 0.991294, -0.131669, 0.300556, 3.2e-05, 0.131669, 0.991294, -0.0, 0.0, 0.0, 0.0, 1.0],
                                                        "children": [
                                                            {
                                                                "name": "Tool_L",
                                                                "transform": [1.0, 0.0, -0.0, -9e-06, 0.0, -0.997928, -0.064338, 0.271975, -0.0, 0.064338, -0.997949, 0.001148, 0.0, 0.0, 0.0, 1.0],
                                                                "children": []
                                                            }
                                                        ]
                                                    },
                                                    {
                                                        "name": "Elbow_L",
                                                        "transform": [-1.0, 3e-05, 3.2e-05, -0.0, -3e-05, 0.060811, -0.998149, 0.300556, -3.2e-05, -0.998149, -0.060811, -0.0, 0.0, 0.0, 0.0, 1.0],
                                                        "children": []
                                                    }
                                                ]
                                            }
                                        ]
                                    }
                                ]
                            }
                        ]
                    },
                    {
                        "name": "IKThigh_R",
                        "transform": [1.0, 5.7e-05, 5.4e-05, 0.124994, 5.4e-05, -0.998811, 0.048757, -0.002831, 5.7e-05, -0.048757, -0.998798, -1.2e-05, 0.0, 0.0, 0.0, 1.0],
                        "children": [
                            {
                                "name": "IKLeg_R",
                                "transform": [1.0, -0.000109, -0.00012, 0.0, 0.00012, 0.995249, 0.097363, 0.375166, 0.000109, -0.097363, 0.995249, -0.0, 0.0, 0.0, 0.0, 1.0],
                                "children": []
                            }
                        ]
                    },
                    {
                        "name": "IKThigh_L",
                        "transform": [1.0, -0.0, -0.0, -0.125006, -0.0, -0.998811, 0.048757, -0.002831, -0.0, -0.048757, -0.998795, -1.2e-05, 0.0, 0.0, 0.0, 1.0],
                        "children": [
                            {
                                "name": "IKLeg_L",
                                "transform": [1.0, 0.0, 1e-06, -0.0, -0.0, 0.995249, 0.097364, 0.375166, -1e-06, -0.097364, 0.995249, -0.0, 0.0, 0.0, 0.0, 1.0],
                                "children": []
                            }
                        ]
                    }
                ]
            },
            {
                "name": "IKTorso",
                "transform": [1.0, 0.0, 0.0, -5e-06, 0.0, -0.17255, -0.985001, 0.000946, 0.0, 0.985001, -0.17255, 0.813972, 0.0, 0.0, 0.0, 1.0],
                "children": [
                    {
                        "name": "IKChest",
                        "transform": [1.0, 0.0, 0.0, 0.0, -0.0, 0.954131, 0.299389, 0.304568, 0.0, -0.299389, 0.954131, -0.0, 0.0, 0.0, 0.0, 1.0],
                        "children": []
                    }
                ]
            },
            {
                "name": "FKArm_L",
                "transform": [1.0, 3e-05, 3.2e-05, -0.375005, -3e-05, -0.060811, 0.998149, 0.000946, 3.2e-05, -0.998149, -0.060811, 1.393551, 0.0, 0.0, 0.0, 1.0],
                "children": [
                    {
                        "name": "FKHand_L",
                        "transform": [1.0, -3.4e-05, -2.8e-05, 0.0, 3e-05, 0.991294, -0.131669, 0.300557, 3.2e-05, 0.131669, 0.991294, -0.0, 0.0, 0.0, 0.0, 1.0],
                        "children": []
                    }
                ]
            },
            {
                "name": "FKArm_R",
                "transform": [1.0, 0.0, 0.0, 0.374995, -0.0, -0.060811, 0.998149, 0.000946, 0.0, -0.998149, -0.060811, 1.393551, 0.0, 0.0, 0.0, 1.0],
                "children": [
                    {
                        "name": "FKHand_R",
                        "transform": [1.0, -0.0, 0.0, -0.0, 0.0, 0.991294, -0.131669, 0.300556, 0.0, 0.131669, 0.991294, -0.0, 0.0, 0.0, 0.0, 1.0],
                        "children": []
                    }
                ]
            },
            {
                "name": "Tool_R_Visual",
                "transform": [1.0, 0.0, 0.0, 0.374995, 0.0, 0.999913, 0.013191, 0.002013, 0.0, -0.013191, 0.999913, 0.822347, 0.0, 0.0, 0.0, 1.0],
                "children": []
            },
            {
                "name": "KneeIK_L",
                "transform": [1.0, -0.000173, 0.0, -0.124989, 0.000173, 1.0, 0.0, 0.963284, 0.0, 0.0, 1.0, 0.386421, 0.0, 0.0, 0.0, 1.0],
                "children": []
            },
            {
                "name": "KneelIK_R",
                "transform": [1.0, 0.000173, 0.0, 0.124989, -0.000173, 1.0, 0.0, 0.963284, 0.0, 0.0, 1.0, 0.386421, 0.0, 0.0, 0.0, 1.0],
                "children": []
            },
            {
                "name": "HeelIK_L",
                "transform": [-1.0, 0.0, 0.0, -0.125011, 0.0, -1.0, 0.0, 0.000958, 0.0, 0.0, 1.0, 0.011421, 0.0, 0.0, 0.0, 1.0],
                "children": []
            },
            {
                "name": "HeelIK_R",
                "transform": [-1.0, 0.0, 0.0, 0.124989, 0.0, -1.0, 0.0, 0.000958, 0.0, 0.0, 1.0, 0.011421, 0.0, 0.0, 0.0, 1.0],
                "children": []
            },
            {
                "name": "CoreIK",
                "transform": [1.0, 0.0, 0.0, -5e-06, 0.0, 0.0, -1.0, 0.000946, 0.0, 1.0, 0.0, 1.508152, 0.0, 0.0, 0.0, 1.0],
                "children": []
            },
            {
                "name": "HipControl",
                "transform": [-1.0, 0.0, 0.0, -5e-06, 0.0, -1.0, 0.0, 0.000946, 0.0, 0.0, 1.0, 0.813972, 0.0, 0.0, 0.0, 1.0],
                "children": [
                    {
                        "name": "HipIK",
                        "transform": [-1.0, 0.0, 0.0, 0.0, 0.0, 0.0, 1.0, 0.0, 0.0, 1.0, 0.0, -0.05, 0.0, 0.0, 0.0, 1.0],
                        "children": []
                    }
                ]
            },
            {
                "name": "WeaponIK_R",
                "transform": [-1.0, 0.0, 0.0, 0.374995, 0.0, -1.0, 0.0, 0.512282, 0.0, 0.0, 1.0, 0.87287, 0.0, 0.0, 0.0, 1.0],
                "children": []
            },
            {
                "name": "WeaponIK_L",
                "transform": [-1.0, 0.0, 0.0, -0.374995, 0.0, -1.0, 0.0, 0.512282, 0.0, 0.0, 1.0, 0.87287, 0.0, 0.0, 0.0, 1.0],
                "children": []
            },
            {
                "name": "GodNode",
                "transform": [-1.0, 0.0, 0.0, -5e-06, 0.0, -1.0, 0.0, 0.000946, 0.0, 0.0, 1.0, -0.013244, 0.0, 0.0, 0.0, 1.0],
                "children": []
            },
            {
                "name": "Upper Rot",
                "transform": [-1.0, 0.0, 0.0, -5e-06, 0.0, -1.0, 0.0, 0.000946, 0.0, 0.0, 1.0, 1.425168, 0.0, 0.0, 0.0, 1.0],
                "children": []
            },
            {
                "name": "HeadIKF",
                "transform": [1.0, 0.0, 0.0, -5e-06, 0.0, 0.0, -1.0, 1.000442, 0.0, 1.0, 0.0, 1.513452, 0.0, 0.0, 0.0, 1.0],
                "children": []
            },
            {
                "name": "Tool_R_Control",
                "transform": [1.0, -7.6e-05, 7.7e-05, 0.375005, 7.6e-05, -0.018526, -0.999828, 0.003164, 7.7e-05, 0.999828, -0.018526, 0.822347, 0.0, 0.0, 0.0, 1.0],
                "children": []
            },
            {
                "name": "Tool_L_Control",
                "transform": [1.0, 0.0, -0.0, -0.375005, -0.0, -0.018526, -0.999828, 0.003164, 0.0, 0.999828, -0.018526, 0.822347, 0.0, 0.0, 0.0, 1.0],
                "children": []
            }
        ]
    },
    "animation": [
        {
            "name": "Root",
            "time": [0.0, 0.05, 0.1, 0.15, 0.2, 0.3333, 0.5, 0.6667, 0.8333],
            "transform": [
                [0.556191, 0.0, 0.831055, -5e-06, 0.831055, 0.0, -0.556191, 0.000946, 0.0, 1.0, 0.0, 0.739346, 0.0, 0.0, 0.0, 1.0],
                [0.583294, 0.0, 0.812261, -0.005439, 0.812261, 0.0, -0.583294, 0.001899, 0.0, 1.0, 0.0, 0.732433, 0.0, 0.0, 0.0, 1.0],
                [0.714893, 0.0, 0.699234, -0.02679, 0.699234, 0.0, -0.714893, 0.010445, 0.0, 1.0, 0.0, 0.710803, 0.0, 0.0, 0.0, 1.0],
                [0.911662, 0.0, 0.410941, -0.062191, 0.410941, 0.0, -0.911662, 0.031453, 0.0, 1.0, 0.0, 0.682815, 0.0, 0.0, 0.0, 1.0],
                [0.975406, 0.0, -0.220418, -0.109397, -0.220418, 0.0, -0.975406, 0.089387, 0.0, 1.0, 0.0, 0.646523, 0.0, 0.0, 0.0, 1.0],
                [0.975406, 0.0, -0.220418, -0.109397, -0.220418, 0.0, -0.975406, 0.089387, 0.0, 1.0, 0.0, 0.646523, 0.0, 0.0, 0.0, 1.0],
                [0.975406, 0.0, -0.220418, -0.109397, -0.220418, 0.0, -0.975406, 0.089387, 0.0, 1.0, 0.0, 0.646523, 0.0, 0.0, 0.0, 1.0],
                [0.928895, 0.0, 0.370344, -0.054701, 0.370344, 0.0, -0.928895, 0.134233, 0.0, 1.0, 0.0, 0.692935, 0.0, 0.0, 0.0, 1.0],
                [0.556191, 0.0, 0.831055, -5e-06, 0.831055, 0.0, -0.556191, 0.179079, 0.0, 1.0, 0.0, 0.739346, 0.0, 0.0, 0.0, 1.0]
            ]
        },
        {
            "name": "Thigh_R",
            "time": [0.0, 0.05, 0.1, 0.15, 0.2, 0.3333, 0.5, 0.6667, 0.8333],
            "transform": [
                [0.430937, 0.580931, 0.690478, 0.124994, 0.010111, -0.768269, 0.640037, -0.002831, 0.902325, -0.268835, -0.336935, -1.2e-05, 0.0, 0.0, 0.0, 1.0],
                [0.460065, 0.746688, 0.480369, 0.124994, 0.015403, -0.547687, 0.836528, -0.002831, 0.887751, -0.377458, -0.26346, -1.2e-05, 0.0, 0.0, 0.0, 1.0],
                [0.593272, 0.669253, 0.447322, 0.124994, -0.011068, -0.548877, 0.835814, -0.002831, 0.804926, -0.50082, -0.318208, -1.2e-05, 0.0, 0.0, 0.0, 1.0],
                [0.822498, 0.419848, 0.383676, 0.124994, -0.036119, -0.634692, 0.771901, -0.002831, 0.567619, -0.648759, -0.506843, -1.2e-05, 0.0, 0.0, 0.0, 1.0],
                [0.999819, -0.002036, -0.018949, 0.124994, 0.011083, -0.746766, 0.664975, -0.002831, -0.015505, -0.665082, -0.746575, -1.2e-05, 0.0, 0.0, 0.0, 1.0],
                [0.999819, -0.002036, -0.018949, 0.124994, 0.011083, -0.746766, 0.664975, -0.002831, -0.015505, -0.665082, -0.746575, -1.2e-05, 0.0, 0.0, 0.0, 1.0],
                [0.999819, -0.002036, -0.018949, 0.124994, 0.011083, -0.746766, 0.664975, -0.002831, -0.015505, -0.665082, -0.746575, -1.2e-05, 0.0, 0.0, 0.0, 1.0],
                [0.858637, 0.296202, 0.418319, 0.124994, -0.005808, -0.81046, 0.585751, -0.002831, 0.512551, -0.505386, -0.694141, -1.2e-05, 0.0, 0.0, 0.0, 1.0],
                [0.430676, 0.322845, 0.842752, 0.124994, 0.008782, -0.935283, 0.353782, -0.002831, 0.902464, -0.144966, -0.405624, -1.2e-05, 0.0, 0.0, 0.0, 1.0]
            ]
        },
        {
            "name": "Leg_R",
            "time": [0.0, 0.05, 0.1, 0.15, 0.2, 0.3333, 0.5, 0.6667, 0.8333],
            "transform": [
                [1.0, -0.000877, -0.000539, 0.0, 0.000967, 0.620475, 0.784207, 0.375166, -0.000353, -0.784244, 0.620488, 0.0, 0.0, 0.0, 0.0, 1.0],
                [0.999999, -0.001102, -0.001043, 0.0, 0.001215, 0.170248, 0.985385, 0.375166, -0.000908, -0.98542, 0.170259, 0.0, 0.0, 0.0, 0.0, 1.0],
                [0.999999, -0.001, -0.000733, 0.0, 0.001103, 0.447306, 0.894363, 0.375166, -0.000567, -0.894401, 0.447319, 0.0, 0.0, 0.0, 0.0, 1.0],
                [1.0, -0.000657, -0.000328, -0.0, 0.000725, 0.809256, 0.587438, 0.375166, -0.00012, -0.587467, 0.809265, -0.0, 0.0, 0.0, 0.0, 1.0],
                [1.0, -0.000378, -0.000181, 0.0, 0.000417, 0.941024, 0.338329, 0.375166, 4.2e-05, -0.338342, 0.941027, 0.0, 0.0, 0.0, 0.0, 1.0],
                [1.0, -0.000378, -0.000181, 0.0, 0.000417, 0.941024, 0.338329, 0.375166, 4.2e-05, -0.338342, 0.941027, 0.0, 0.0, 0.0, 0.0, 1.0],
                [1.0, -0.000378, -0.000181, 0.0, 0.000417, 0.941024, 0.338329, 0.375166, 4.2e-05, -0.338342, 0.941027, 0.0, 0.0, 0.0, 0.0, 1.0],
                [1.0, -0.000542, -0.000255, 0.0, 0.000598, 0.874774, 0.484517, 0.375166, -3.9e-05, -0.48454, 0.87478, 0.0, 0.0, 0.0, 0.0, 1.0],
                [1.0, -0.00031, -0.000159, -0.0, 0.000342, 0.960817, 0.277175, 0.375166, 6.7e-05, -0.277184, 0.960819, 0.0, 0.0, 0.0, 0.0, 1.0]
            ]
        },
        {
            "name": "Knee_R",
            "time": [0.0, 0.05, 0.1, 0.15, 0.2, 0.3333, 0.5, 0.6667, 0.8333],
            "transform": [
                [1.0, -5.7e-05, 5.4e-05, 0.0, 5.7e-05, 0.048757, -0.998811, 0.375166, 5.4e-05, 0.998811, 0.048757, 0.0, 0.0, 0.0, 0.0, 1.0],
                [1.0, -5.7e-05, 5.4e-05, 0.0, 5.7e-05, 0.048757, -0.998811, 0.375166, 5.4e-05, 0.998811, 0.048757, 0.0, 0.0, 0.0, 0.0, 1.0],
                [1.0, -5.7e-05, 5.4e-05, 0.0, 5.7e-05, 0.048757, -0.998811, 0.375166, 5.4e-05, 0.998811, 0.048757, 0.0, 0.0, 0.0, 0.0, 1.0],
                [1.0, -5.7e-05, 5.4e-05, -0.0, 5.7e-05, 0.048757, -0.998811, 0.375166, 5.4e-05, 0.998811, 0.048757, -0.0, 0.0, 0.0, 0.0, 1.0],
                [1.0, -5.7e-05, 5.4e-05, 0.0, 5.7e-05, 0.048757, -0.998811, 0.375166, 5.4e-05, 0.998811, 0.048757, 0.0, 0.0, 0.0, 0.0, 1.0],
                [1.0, -5.7e-05, 5.4e-05, 0.0, 5.7e-05, 0.048757, -0.998811, 0.375166, 5.4e-05, 0.998811, 0.048757, 0.0, 0.0, 0.0, 0.0, 1.0],
                [1.0, -5.7e-05, 5.4e-05, 0.0, 5.7e-05, 0.048757, -0.998811, 0.375166, 5.4e-05, 0.998811, 0.048757, 0.0, 0.0, 0.0, 0.0, 1.0],
                [1.0, -5.7e-05, 5.4e-05, 0.0, 5.7e-05, 0.048757, -0.998811, 0.375166, 5.4e-05, 0.998811, 0.048757, 0.0, 0.0, 0.0, 0.0, 1.0],
                [1.0, -5.7e-05, 5.4e-05, -0.0, 5.7e-05, 0.048757, -0.998811, 0.375166, 5.4e-05, 0.998811, 0.048757, 0.0, 0.0, 0.0, 0.0, 1.0]
            ]
        },
        {
            "name": "Thigh_L",
            "time": [0.0, 0.05, 0.1, 0.15, 0.2, 0.3333, 0.5, 0.6667, 0.8333],
            "transform": [
                [0.981526, -0.179927, 0.065056, -0.125006, -0.18186, -0.983004, 0.025076, -0.002831, 0.059441, -0.036436, -0.99752, -1.2e-05, 0.0, 0.0, 0.0, 1.0],
                [0.981506, -0.183311, 0.055154, -0.125006, -0.188893, -0.974174, 0.123707, -0.002831, 0.031055, -0.131829, -0.990739, -1.2e-05, 0.0, 0.0, 0.0, 1.0],
                [0.968554, -0.240558, -0.063504, -0.125006, -0.212859, -0.933342, 0.28907, -0.002831, -0.128815, -0.266456, -0.955153, -1.2e-05, 0.0, 0.0, 0.0, 1.0],
                [0.855747, -0.39079, -0.339062, -0.125006, -0.259091, -0.890943, 0.372945, -0.002831, -0.447849, -0.231288, -0.863634, -1.2e-05, 0.0, 0.0, 0.0, 1.0],
                [0.342712, -0.407141, -0.846586, -0.125006, -0.387469, -0.882239, 0.267431, -0.002831, -0.855813, 0.236394, -0.460097, -1.2e-05, 0.0, 0.0, 0.0, 1.0],
                [0.342712, -0.407141, -0.846586, -0.125006, -0.387469, -0.882239, 0.267431, -0.002831, -0.855813, 0.236394, -0.460097, -1.2e-05, 0.0, 0.0, 0.0, 1.0],
                [0.342712, -0.407141, -0.846586, -0.125006, -0.387469, -0.882239, 0.267431, -0.002831, -0.855813, 0.236394, -0.460097, -1.2e-05, 0.0, 0.0, 0.0, 1.0],
                [0.822636, -0.492118, -0.284726, -0.125006, -0.318534, -0.813744, 0.486157, -0.002831, -0.470963, -0.309216, -0.826145, -1.2e-05, 0.0, 0.0, 0.0, 1.0],
                [0.981526, -0.179927, 0.065056, -0.125006, -0.18186, -0.983004, 0.025076, -0.002831, 0.059441, -0.036436, -0.99752, -1.2e-05, 0.0, 0.0, 0.0, 1.0]
            ]
        },
        {
            "name": "Leg_L",
            "time": [0.0, 0.05, 0.1, 0.15, 0.2, 0.3333, 0.5, 0.6667, 0.8333],
            "transform": [
                [1.0, 1e-06, 1e-06, 0.0, -1e-06, 0.958119, 0.286361, 0.375166, -1e-06, -0.286373, 0.958121, 0.0, 0.0, 0.0, 0.0, 1.0],
                [1.0, 1e-06, 1e-06, -0.0, -1e-06, 0.912354, 0.409387, 0.375166, -1e-06, -0.40941, 0.912359, -0.0, 0.0, 0.0, 0.0, 1.0],
                [1.0, 1e-06, 1e-06, -0.0, -2e-06, 0.804631, 0.593753, 0.375166, -0.0, -0.59379, 0.804643, -0.0, 0.0, 0.0, 0.0, 1.0],
                [1.0, 2e-06, 1e-06, -0.0, -2e-06, 0.70087, 0.713266, 0.375166, 0.0, -0.713308, 0.700884, -0.0, 0.0, 0.0, 0.0, 1.0],
                [1.0, 2e-06, 1e-06, 0.0, -2e-06, 0.690287, 0.723512, 0.375166, 0.0, -0.723555, 0.690301, 0.0, 0.0, 0.0, 0.0, 1.0],
                [1.0, 2e-06, 1e-06, 0.0, -2e-06, 0.690287, 0.723512, 0.375166, 0.0, -0.723555, 0.690301, 0.0, 0.0, 0.0, 0.0, 1.0],
                [1.0, 2e-06, 1e-06, 0.0, -2e-06, 0.690287, 0.723512, 0.375166, 0.0, -0.723555, 0.690301, 0.0, 0.0, 0.0, 0.0, 1.0],
                [1.0, 2e-06, 3e-06, 0.0, -3e-06, 0.143959, 0.989565, 0.375166, 2e-06, -0.989607, 0.143971, -0.0, 0.0, 0.0, 0.0, 1.0],
                [1.0, 1e-06, 1e-06, 0.0, -1e-06, 0.958119, 0.286361, 0.375166, -1e-06, -0.286373, 0.958121, 0.0, 0.0, 0.0, 0.0, 1.0]
            ]
        },
        {
            "name": "Knee_L",
            "time": [0.0, 0.05, 0.1, 0.15, 0.2, 0.3333, 0.5, 0.6667, 0.8333],
            "transform": [
                [1.0, 0.0, -0.0, 0.0, -0.0, 0.048757, -0.998811, 0.375166, -0.0, 0.998811, 0.048757, 0.0, 0.0, 0.0, 0.0, 1.0],
                [1.0, 0.0, -0.0, -0.0, -0.0, 0.048757, -0.998811, 0.375166, -0.0, 0.998811, 0.048757, -0.0, 0.0, 0.0, 0.0, 1.0],
                [1.0, 0.0, -0.0, -0.0, -0.0, 0.048757, -0.998811, 0.375166, -0.0, 0.998811, 0.048757, -0.0, 0.0, 0.0, 0.0, 1.0],
                [1.0, 0.0, -0.0, -0.0, -0.0, 0.048757, -0.998811, 0.375166, -0.0, 0.998811, 0.048757, -0.0, 0.0, 0.0, 0.0, 1.0],
                [1.0, 0.0, -0.0, 0.0, -0.0, 0.048757, -0.998811, 0.375166, -0.0, 0.998811, 0.048757, 0.0, 0.0, 0.0, 0.0, 1.0],
                [1.0, 0.0, -0.0, 0.0, -0.0, 0.048757, -0.998811, 0.375166, -0.0, 0.998811, 0.048757, 0.0, 0.0, 0.0, 0.0, 1.0],
                [1.0, 0.0, -0.0, 0.0, -0.0, 0.048757, -0.998811, 0.375166, -0.0, 0.998811, 0.048757, 0.0, 0.0, 0.0, 0.0, 1.0],
                [1.0, 0.0, -0.0, 0.0, -0.0, 0.048757, -0.998811, 0.375166, -0.0, 0.998811, 0.048757, -0.0, 0.0, 0.0, 0.0, 1.0],
                [1.0, 0.0, -0.0, 0.0, -0.0, 0.048757, -0.998811, 0.375166, -0.0, 0.998811, 0.048757, 0.0, 0.0, 0.0, 0.0, 1.0]
            ]
        },
        {
            "name": "Torso",
            "time": [0.0, 0.8333],
            "transform": [
                [0.999562, -0.008469, -0.028353, 0.0, -0.003045, 0.923655, -0.383214, 0.05, 0.029434, 0.383132, 0.923225, 0.0, 0.0, 0.0, 0.0, 1.0],
                [0.999562, -0.008469, -0.028353, 0.0, -0.003045, 0.923655, -0.383214, 0.05, 0.029434, 0.383132, 0.923225, -0.0, 0.0, 0.0, 0.0, 1.0]
            ]
        },
        {
            "name": "Chest",
            "time": [0.0, 0.8333],
            "transform": [
                [0.999584, 0.001488, -0.028784, 0.0, 0.014582, 0.835328, 0.549557, 0.304568, 0.024862, -0.549749, 0.83496, -0.0, 0.0, 0.0, 0.0, 1.0],
                [0.999584, 0.001488, -0.028784, 0.0, 0.014582, 0.835329, 0.549558, 0.304568, 0.024862, -0.549749, 0.83496, -0.0, 0.0, 0.0, 0.0, 1.0]
            ]
        },
        {
            "name": "Head",
            "time": [0.0, 0.05, 0.1, 0.15, 0.2, 0.3333, 0.5, 0.6667, 0.8333],
            "transform": [
                [0.630268, -0.012547, -0.776276, -0.0, -0.113561, 0.987625, -0.108165, 0.403437, 0.768027, 0.156328, 0.621044, 0.0, 0.0, 0.0, 0.0, 1.0],
                [0.674958, -0.153097, -0.721798, -0.0, -0.245817, 0.875698, -0.415605, 0.403437, 0.695705, 0.457946, 0.553426, -0.0, 0.0, 0.0, 0.0, 1.0],
                [0.878882, -0.090235, -0.468428, 0.0, -0.110868, 0.916423, -0.384548, 0.403437, 0.463978, 0.389906, 0.795423, -0.0, 0.0, 0.0, 0.0, 1.0],
                [0.98928, -0.046847, -0.138311, -0.0, 0.004404, 0.956285, -0.292402, 0.403437, 0.145963, 0.288659, 0.94624, -0.0, 0.0, 0.0, 0.0, 1.0],
                [0.980328, -0.045402, 0.192081, -0.0, 0.057905, 0.996519, -0.059981, 0.403437, -0.188689, 0.069924, 0.979544, -0.0, 0.0, 0.0, 0.0, 1.0],
                [0.978113, -0.079994, 0.192081, -0.0, 0.09306, 0.993852, -0.059981, 0.403437, -0.186102, 0.076543, 0.979544, -0.0, 0.0, 0.0, 0.0, 1.0],
                [0.973605, -0.123278, 0.192081, -0.0, 0.137028, 0.98875, -0.059981, 0.403437, -0.182526, 0.084719, 0.979544, -0.0, 0.0, 0.0, 0.0, 1.0],
                [0.938853, -0.083149, -0.334128, -0.0, 0.038602, 0.989704, -0.137828, 0.403437, 0.342148, 0.116502, 0.932396, 0.0, 0.0, 0.0, 0.0, 1.0],
                [0.635896, -0.011627, -0.771687, 0.0, -0.11205, 0.987901, -0.107217, 0.403437, 0.763597, 0.154647, 0.6269, -0.0, 0.0, 0.0, 0.0, 1.0]
            ]
        },
        {
            "name": "Shoulder_R",
            "time": [0.0, 0.05, 0.1, 0.15, 0.2, 0.3333, 0.5, 0.6667, 0.8333],
            "transform": [
                [0.0, 0.952114, 0.305743, -0.0, -0.130264, -0.303138, 0.944001, 0.403437, 0.991479, -0.039827, 0.124026, 0.0, 0.0, 0.0, 0.0, 1.0],
                [-0.0, 0.952114, 0.305743, -0.0, -0.130264, -0.303138, 0.944001, 0.403437, 0.991479, -0.039827, 0.124026, -0.0, 0.0, 0.0, 0.0, 1.0],
                [-0.0, 0.952114, 0.305743, 0.0, -0.130264, -0.303138, 0.944001, 0.403437, 0.991479, -0.039827, 0.124026, -0.0, 0.0, 0.0, 0.0, 1.0],
                [-0.0, 0.952114, 0.305743, -0.0, -0.130264, -0.303138, 0.944001, 0.403437, 0.991479, -0.039827, 0.124026, -0.0, 0.0, 0.0, 0.0, 1.0],
                [-0.0, 0.952114, 0.305743, -0.0, -0.130264, -0.303138, 0.944001, 0.403437, 0.991479, -0.039827, 0.124026, -0.0, 0.0, 0.0, 0.0, 1.0],
                [-0.0, 0.952114, 0.305743, -0.0, -0.130264, -0.303138, 0.944001, 0.403437, 0.991479, -0.039827, 0.124026, -0.0, 0.0, 0.0, 0.0, 1.0],
                [-0.0, 0.952114, 0.305743, -0.0, -0.130264, -0.303138, 0.944001, 0.403437, 0.991479, -0.039827, 0.124026, -0.0, 0.0, 0.0, 0.0, 1.0],
                [-0.0, 0.952114, 0.305743, -0.0, -0.130264, -0.303138, 0.944001, 0.403437, 0.991479, -0.039827, 0.124026, 0.0, 0.0, 0.0, 0.0, 1.0],
                [0.0, 0.952114, 0.305743, 0.0, -0.130264, -0.303138, 0.944001, 0.403437, 0.991479, -0.039827, 0.124026, -0.0, 0.0, 0.0, 0.0, 1.0]
            ]
        },
        {
            "name": "Arm_R",
            "time": [0.0, 0.8333],
            "transform": [
                [-0.68262, -0.372988, -0.628419, 0.0, 0.430365, 0.489811, -0.758203, 0.393861, 0.590607, -0.788014, -0.173834, 0.0, 0.0, 0.0, 0.0, 1.0],
                [0.771705, -0.281026, -0.570522, 0.0, 0.457929, 0.868045, 0.191831, 0.39386, 0.44133, -0.409295, 0.798565, 0.0, 0.0, 0.0, 0.0, 1.0]
            ]
        },
        {
            "name": "Hand_R",
            "time": [0.0, 0.8333],
            "transform": [
                [1.0, -0.0, 0.0, 0.0, 0.0, 0.606458, -0.795116, 0.300556, 0.0, 0.795116, 0.606458, -0.0, 0.0, 0.0, 0.0, 1.0],
                [1.0, -0.0, -0.0, -0.0, 0.0, 0.907833, -0.419332, 0.300557, 0.0, 0.419332, 0.907833, 0.0, 0.0, 0.0, 0.0, 1.0]
            ]
        },
        {
            "name": "Tool_R",
            "time": [0.0, 0.05, 0.1, 0.15, 0.2, 0.3333, 0.5, 0.6667, 0.8333],
            "transform": [
                [1.0, 0.0, 0.0, 0.0, 0.0, -0.997925, -0.064389, 0.266907, 0.0, 0.064389, -0.997925, 0.005004, 0.0, 0.0, 0.0, 1.0],
                [0.995774, 0.083969, -0.037199, -0.0, 0.061878, -0.912724, -0.403864, 0.266907, -0.067864, 0.399855, -0.914063, 0.005004, 0.0, 0.0, 0.0, 1.0],
                [0.958335, 0.28564, -0.002101, 0.0, 0.092459, -0.317145, -0.943859, 0.266907, -0.27027, 0.904339, -0.330341, 0.005004, 0.0, 0.0, 0.0, 1.0],
                [0.935264, 0.348709, 0.060689, -0.0, 0.052876, 0.031887, -0.998092, 0.266907, -0.349979, 0.936689, 0.011384, 0.005004, 0.0, 0.0, 0.0, 1.0],
                [0.935264, 0.348709, 0.060689, -0.0, 0.052876, 0.031887, -0.998092, 0.266907, -0.349979, 0.936689, 0.011384, 0.005004, 0.0, 0.0, 0.0, 1.0],
                [1.0, 0.0, 0.0, 0.0, -0.0, -0.997925, -0.064389, 0.266907, 0.0, 0.064389, -0.997925, 0.005004, 0.0, 0.0, 0.0, 1.0],
                [1.0, 0.0, 0.0, 0.0, 0.0, -0.997925, -0.064389, 0.266907, 0.0, 0.064389, -0.997925, 0.005004, 0.0, 0.0, 0.0, 1.0],
                [1.0, 0.0, 0.0, 0.0, 0.0, -0.997925, -0.064389, 0.266907, 0.0, 0.064389, -0.997925, 0.005004, 0.0, 0.0, 0.0, 1.0],
                [1.0, -0.0, 0.0, 0.0, 0.0, -0.997925, -0.064389, 0.266907, 0.0, 0.064389, -0.997925, 0.005004, 0.0, 0.0, 0.0, 1.0]
            ]
        },
        {
            "name": "Elbow_R",
            "time": [0.0, 0.05, 0.1, 0.15, 0.2, 0.3333, 0.5, 0.6667, 0.8333],
            "transform": [
                [-1.0, 0.0, 0.0, 0.0, -0.0, 0.060811, -0.99815, 0.300556, -0.0, -0.99815, -0.060811, -0.0, 0.0, 0.0, 0.0, 1.0],
                [-1.0, 0.0, 0.0, -0.0, -0.0, 0.060811, -0.998149, 0.300556, -0.0, -0.99815, -0.060811, -0.0, 0.0, 0.0, 0.0, 1.0],
                [-1.0, 0.0, 0.0, 0.0, -0.0, 0.060811, -0.998149, 0.300556, -0.0, -0.99815, -0.060811, -0.0, 0.0, 0.0, 0.0, 1.0],
                [-1.0, 0.0, 0.0, -0.0, -0.0, 0.060811, -0.998149, 0.300556, -0.0, -0.99815, -0.060811, 0.0, 0.0, 0.0, 0.0, 1.0],
                [-1.0, 0.0, 0.0, 0.0, -0.0, 0.060811, -0.998149, 0.300556, -0.0, -0.99815, -0.060811, 0.0, 0.0, 0.0, 0.0, 1.0],
                [-1.0, 0.0, 0.0, -0.0, -0.0, 0.060811, -0.998149, 0.300556, -0.0, -0.99815, -0.060811, 0.0, 0.0, 0.0, 0.0, 1.0],
                [-1.0, 0.0, 0.0, -0.0, -0.0, 0.060811, -0.998149, 0.300556, -0.0, -0.99815, -0.060811, -0.0, 0.0, 0.0, 0.0, 1.0],
                [-1.0, 0.0, 0.0, -0.0, -0.0, 0.060811, -0.998149, 0.300556, -0.0, -0.99815, -0.060811, -0.0, 0.0, 0.0, 0.0, 1.0],
                [-1.0, 0.0, 0.0, -0.0, -0.0, 0.060811, -0.998149, 0.300557, -0.0, -0.99815, -0.060811, 0.0, 0.0, 0.0, 0.0, 1.0]
            ]
        },
        {
            "name": "Shoulder_L",
            "time": [0.0, 0.05, 0.1, 0.15, 0.2, 0.3333, 0.5, 0.6667, 0.8333],
            "transform": [
                [0.0, -0.952114, -0.305743, -0.0, 0.130264, -0.303138, 0.944001, 0.403437, -0.991479, -0.039827, 0.124026, 0.0, 0.0, 0.0, 0.0, 1.0],
                [0.0, -0.952114, -0.305743, -0.0, 0.130264, -0.303138, 0.944001, 0.403437, -0.991479, -0.039827, 0.124026, -0.0, 0.0, 0.0, 0.0, 1.0],
                [0.0, -0.952114, -0.305743, 0.0, 0.130264, -0.303138, 0.944001, 0.403437, -0.991479, -0.039827, 0.124026, -0.0, 0.0, 0.0, 0.0, 1.0],
                [0.0, -0.952114, -0.305743, -0.0, 0.130264, -0.303138, 0.944001, 0.403437, -0.991479, -0.039827, 0.124026, -0.0, 0.0, 0.0, 0.0, 1.0],
                [0.0, -0.952114, -0.305743, -0.0, 0.130264, -0.303138, 0.944001, 0.403437, -0.991479, -0.039827, 0.124026, -0.0, 0.0, 0.0, 0.0, 1.0],
                [0.0, -0.952114, -0.305743, -0.0, 0.130264, -0.303138, 0.944001, 0.403437, -0.991479, -0.039827, 0.124026, -0.0, 0.0, 0.0, 0.0, 1.0],
                [0.0, -0.952114, -0.305743, -0.0, 0.130264, -0.303138, 0.944001, 0.403437, -0.991479, -0.039827, 0.124026, -0.0, 0.0, 0.0, 0.0, 1.0],
                [0.0, -0.952114, -0.305743, -0.0, 0.130264, -0.303138, 0.944001, 0.403437, -0.991479, -0.039827, 0.124026, 0.0, 0.0, 0.0, 0.0, 1.0],
                [0.0, -0.952114, -0.305743, 0.0, 0.130264, -0.303138, 0.944001, 0.403437, -0.991479, -0.039827, 0.124026, -0.0, 0.0, 0.0, 0.0, 1.0]
            ]
        },
        {
            "name": "Arm_L",
            "time": [0.0, 0.8333],
            "transform": [
                [-0.143259, 0.893399, 0.425812, -0.0, 0.270025, 0.44921, -0.851644, 0.39386, -0.952136, -0.007026, -0.305594, 0.0, 0.0, 0.0, 0.0, 1.0],
                [-0.143259, 0.893399, 0.425812, -0.0, 0.270025, 0.44921, -0.851644, 0.39386, -0.952136, -0.007026, -0.305594, 0.0, 0.0, 0.0, 0.0, 1.0]
            ]
        },
        {
            "name": "Hand_L",
            "time": [0.0, 0.8333],
            "transform": [
                [1.0, -3.7e-05, 2.4e-05, 0.0, 3e-05, 0.16871, -0.985666, 0.300556, 3.2e-05, 0.985666, 0.16871, 0.0, 0.0, 0.0, 0.0, 1.0],
                [1.0, -3.7e-05, 2.4e-05, 0.0, 3e-05, 0.16871, -0.985666, 0.300556, 3.2e-05, 0.985666, 0.16871, -0.0, 0.0, 0.0, 0.0, 1.0]
            ]
        },
        {
            "name": "Tool_L",
            "time": [0.0, 0.05, 0.1, 0.15, 0.2, 0.3333, 0.5, 0.6667, 0.8333],
            "transform": [
                [1.0, 0.0, -0.0, 0.0, 0.0, -0.99944, -0.033474, 0.266907, -0.0, 0.033474, -0.99944, 0.005004, 0.0, 0.0, 0.0, 1.0],
                [1.0, 0.0, -0.0, 0.0, 0.0, -0.99944, -0.033474, 0.266907, -0.0, 0.033474, -0.99944, 0.005004, 0.0, 0.0, 0.0, 1.0],
                [1.0, -0.0, -0.0, -0.0, -0.0, -0.99944, -0.033474, 0.266907, -0.0, 0.033474, -0.99944, 0.005004, 0.0, 0.0, 0.0, 1.0],
                [1.0, 0.0, -0.0, -0.0, 0.0, -0.99944, -0.033474, 0.266907, -0.0, 0.033474, -0.999439, 0.005004, 0.0, 0.0, 0.0, 1.0],
                [1.0, -0.0, -0.0, -0.0, 0.0, -0.99944, -0.033474, 0.266907, -0.0, 0.033474, -0.99944, 0.005004, 0.0, 0.0, 0.0, 1.0],
                [1.0, -0.0, -0.0, -0.0, 0.0, -0.99944, -0.033474, 0.266907, -0.0, 0.033474, -0.99944, 0.005004, 0.0, 0.0, 0.0, 1.0],
                [1.0, -0.0, -0.0, -0.0, 0.0, -0.99944, -0.033474, 0.266907, -0.0, 0.033474, -0.99944, 0.005004, 0.0, 0.0, 0.0, 1.0],
                [1.0, -0.0, -0.0, 0.0, -0.0, -0.99944, -0.033474, 0.266907, -0.0, 0.033474, -0.99944, 0.005004, 0.0, 0.0, 0.0, 1.0],
                [1.0, 0.0, -0.0, 0.0, 0.0, -0.99944, -0.033474, 0.266907, -0.0, 0.033474, -0.99944, 0.005004, 0.0, 0.0, 0.0, 1.0]
            ]
        },
        {
            "name": "Elbow_L",
            "time": [0.0, 0.05, 0.1, 0.15, 0.2, 0.3333, 0.5, 0.6667, 0.8333],
            "transform": [
                [-1.0, 3e-05, 3.2e-05, 0.0, -3e-05, 0.060811, -0.998149, 0.300556, -3.2e-05, -0.998149, -0.060811, 0.0, 0.0, 0.0, 0.0, 1.0],
                [-1.0, 3e-05, 3.2e-05, 0.0, -3e-05, 0.060811, -0.998149, 0.300556, -3.2e-05, -0.998149, -0.060811, -0.0, 0.0, 0.0, 0.0, 1.0],
                [-1.0, 3e-05, 3.2e-05, -0.0, -3e-05, 0.060811, -0.998149, 0.300556, -3.2e-05, -0.998149, -0.060811, -0.0, 0.0, 0.0, 0.0, 1.0],
                [-1.0, 3e-05, 3.2e-05, 0.0, -3e-05, 0.060811, -0.998149, 0.300556, -3.2e-05, -0.998149, -0.060811, -0.0, 0.0, 0.0, 0.0, 1.0],
                [-1.0, 3e-05, 3.2e-05, 0.0, -3e-05, 0.060811, -0.998149, 0.300556, -3.2e-05, -0.998149, -0.060811, 0.0, 0.0, 0.0, 0.0, 1.0],
                [-1.0, 3e-05, 3.2e-05, 0.0, -3e-05, 0.060811, -0.998149, 0.300556, -3.2e-05, -0.998149, -0.060811, 0.0, 0.0, 0.0, 0.0, 1.0],
                [-1.0, 3e-05, 3.2e-05, 0.0, -3e-05, 0.060811, -0.998149, 0.300556, -3.2e-05, -0.998149, -0.060811, 0.0, 0.0, 0.0, 0.0, 1.0],
                [-1.0, 3e-05, 3.2e-05, 0.0, -3e-05, 0.060811, -0.998149, 0.300556, -3.2e-05, -0.998149, -0.060811, -0.0, 0.0, 0.0, 0.0, 1.0],
                [-1.0, 3e-05, 3.2e-05, 0.0, -3e-05, 0.060811, -0.998149, 0.300556, -3.2e-05, -0.998149, -0.060811, -0.0, 0.0, 0.0, 0.0, 1.0]
            ]
        },
        {
            "name": "IKThigh_R",
            "time": [0.0, 0.8333],
            "transform": [
                [0.430937, 0.580931, 0.690478, 0.124994, 0.010111, -0.768269, 0.640037, -0.002831, 0.902325, -0.268835, -0.336935, -1.2e-05, 0.0, 0.0, 0.0, 1.0],
                [0.430676, 0.322845, 0.842752, 0.124994, 0.008782, -0.935283, 0.353782, -0.002831, 0.902464, -0.144966, -0.405624, -1.2e-05, 0.0, 0.0, 0.0, 1.0]
            ]
        },
        {
            "name": "IKLeg_R",
            "time": [0.0, 0.8333],
            "transform": [
                [1.0, -0.000877, -0.000539, 0.0, 0.000967, 0.620475, 0.784207, 0.375166, -0.000353, -0.784244, 0.620488, 0.0, 0.0, 0.0, 0.0, 1.0],
                [1.0, -0.00031, -0.000159, -0.0, 0.000342, 0.960817, 0.277175, 0.375166, 6.7e-05, -0.277184, 0.960819, 0.0, 0.0, 0.0, 0.0, 1.0]
            ]
        },
        {
            "name": "IKThigh_L",
            "time": [0.0, 0.8333],
            "transform": [
                [0.981526, -0.179927, 0.065056, -0.125006, -0.18186, -0.983004, 0.025076, -0.002831, 0.059441, -0.036436, -0.99752, -1.2e-05, 0.0, 0.0, 0.0, 1.0],
                [0.981526, -0.179927, 0.065056, -0.125006, -0.18186, -0.983004, 0.025076, -0.002831, 0.059441, -0.036436, -0.99752, -1.2e-05, 0.0, 0.0, 0.0, 1.0]
            ]
        },
        {
            "name": "IKLeg_L",
            "time": [0.0, 0.8333],
            "transform": [
                [1.0, 1e-06, 1e-06, 0.0, -1e-06, 0.958119, 0.286361, 0.375166, -1e-06, -0.286373, 0.958121, -0.0, 0.0, 0.0, 0.0, 1.0],
                [1.0, 1e-06, 1e-06, 0.0, -1e-06, 0.958119, 0.286361, 0.375166, -1e-06, -0.286373, 0.958121, 0.0, 0.0, 0.0, 0.0, 1.0]
            ]
        },
        {
            "name": "IKTorso",
            "time": [0.0, 0.8333],
            "transform": [
                [0.556305, 0.328497, 0.763292, -5e-06, 0.830979, -0.220137, -0.510896, 0.000946, 0.000201, 0.918493, -0.395438, 0.789346, 0.0, 0.0, 0.0, 1.0],
                [0.556305, 0.328497, 0.763292, -5e-06, 0.830979, -0.220137, -0.510896, 0.179079, 0.000201, 0.918493, -0.395438, 0.789346, 0.0, 0.0, 0.0, 1.0]
            ]
        },
        {
            "name": "IKChest",
            "time": [0.0, 0.8333],
