{
    "animation": [
        {
            "name": "Root",
            "time": [0.0, 0.1667, 0.2667, 0.3167, 0.3667, 0.4667, 0.5667, 0.65, 0.8167, 1.0],
            "transform": [
                [0.987076, 0.0, 0.160251, -5e-06, 0.160251, 0.0, -0.987076, 0.000946, 0.0, 1.0, 0.0, 0.739346, 0.0, 0.0, 0.0, 1.0],
                [0.997526, 0.0, 0.070304, -5e-06, 0.070304, 0.0, -0.997526, 0.000946, 0.0, 1.0, 0.0, 0.517326, 0.0, 0.0, 0.0, 1.0],
                [0.957086, 0.281848, 0.067439, -0.014097, 0.064453, 0.019864, -0.997723, 0.087172, -0.282545, 0.959254, 0.000846, 0.414674, 0.0, 0.0, 0.0, 1.0],
                [0.987416, 0.142382, 0.068826, -0.007124, 0.068091, 0.010035, -0.997629, 0.060062, -0.142735, 0.989761, 0.000214, 0.465493, 0.0, 0.0, 0.0, 1.0],
                [0.997526, 0.0, 0.070304, -5e-06, 0.070304, 0.0, -0.997526, 0.000946, 0.0, 1.0, 0.0, 0.517326, 0.0, 0.0, 0.0, 1.0],
                [0.997526, 0.0, 0.070304, -5e-06, 0.070304, 0.0, -0.997526, -0.130525, 0.0, 1.0, 0.0, 0.517326, 0.0, 0.0, 0.0, 1.0],
                [0.997526, 0.0, 0.070304, -5e-06, 0.070304, 0.0, -0.997526, -0.130525, 0.0, 1.0, 0.0, 0.517326, 0.0, 0.0, 0.0, 1.0],
                [0.996815, 0.0, 0.079747, 0.00111, 0.079747, 0.0, -0.996815, -0.116772, 0.0, 1.0, 0.0, 0.540542, 0.0, 0.0, 0.0, 1.0],
                [0.991953, 0.0, 0.126608, 0.002786, 0.126608, 0.0, -0.991953, -0.048319, 0.0, 1.0, 0.0, 0.656016, 0.0, 0.0, 0.0, 1.0],
                [0.987076, 0.0, 0.160251, -5e-06, 0.160251, 0.0, -0.987076, 0.000946, 0.0, 1.0, 0.0, 0.739346, 0.0, 0.0, 0.0, 1.0]
            ]
        },
        {
            "name": "Thigh_R",
            "time": [0.0, 0.1667, 0.2667, 0.3167, 0.3667, 0.4667, 0.5667, 0.65, 0.8167, 1.0],
            "transform": [
                [0.961653, 0.225772, 0.155718, 0.124994, 0.180479, -0.948441, 0.260546, -0.002831, 0.206521, -0.222452, -0.952781, -1.2e-05, 0.0, 0.0, 0.0, 1.0],
                [0.996234, -0.053737, 0.068042, 0.109936, -0.029149, -0.946676, -0.320831, 0.026231, 0.081658, 0.317667, -0.944652, 0.092224, 0.0, 0.0, 0.0, 1.0],
                [0.957395, 0.194557, 0.213392, 0.111993, 0.277299, -0.825669, -0.491263, 0.026231, 0.080615, 0.529539, -0.844425, 0.063046, 0.0, 0.0, 0.0, 1.0],
                [0.989309, 0.07113, 0.127306, 0.110964, 0.121423, -0.885275, -0.448901, 0.026231, 0.080773, 0.45959, -0.884426, 0.077635, 0.0, 0.0, 0.0, 1.0],
                [0.996234, -0.053737, 0.068042, 0.109936, -0.029149, -0.946676, -0.320831, 0.026231, 0.081658, 0.317667, -0.944652, 0.092224, 0.0, 0.0, 0.0, 1.0],
                [0.996166, -0.027252, 0.083131, 0.109936, -0.031883, -0.997975, 0.054917, 0.026231, 0.081469, -0.057334, -0.994993, 0.092224, 0.0, 0.0, 0.0, 1.0],
                [0.996166, -0.027252, 0.083131, 0.109936, -0.031883, -0.997975, 0.054917, 0.026231, 0.081469, -0.057334, -0.994993, 0.092224, 0.0, 0.0, 0.0, 1.0],
                [0.996724, 0.010416, 0.080194, 0.111511, -0.000492, -0.990863, 0.134835, 0.023192, 0.080869, -0.134411, -0.987586, 0.082579, 0.0, 0.0, 0.0, 1.0],
                [0.984511, 0.164891, 0.059571, 0.119342, 0.131198, -0.918291, 0.37353, 0.008077, 0.1163, -0.359918, -0.925667, 0.034606, 0.0, 0.0, 0.0, 1.0],
                [0.961653, 0.225772, 0.155718, 0.124994, 0.180479, -0.948441, 0.260546, -0.002831, 0.206521, -0.222452, -0.952781, -1.2e-05, 0.0, 0.0, 0.0, 1.0]
            ]
        },
        {
            "name": "Leg_R",
            "time": [0.0, 0.1667, 0.2667, 0.3167, 0.3667, 0.4667, 0.5667, 0.65, 0.8167, 1.0],
            "transform": [
                [1.0, -0.00031, -0.000159, 0.0, 0.000342, 0.960817, 0.277175, 0.375166, 6.7e-05, -0.277184, 0.960819, 0.0, 0.0, 0.0, 0.0, 1.0],
                [1.0, -0.000765, -0.000417, -0.0, 0.000843, 0.729705, 0.683742, 0.375166, -0.000218, -0.683778, 0.729716, 0.0, 0.0, 0.0, 0.0, 1.0],
                [1.0, -0.0008, -0.000452, -0.0, 0.000882, 0.698949, 0.715151, 0.375166, -0.000256, -0.715188, 0.698961, -0.0, 0.0, 0.0, 0.0, 1.0],
                [1.0, -0.000747, -0.000401, 0.0, 0.000823, 0.744444, 0.667665, 0.375166, -0.0002, -0.6677, 0.744455, 0.0, 0.0, 0.0, 0.0, 1.0],
                [1.0, -0.000765, -0.000417, -0.0, 0.000843, 0.729705, 0.683742, 0.375166, -0.000218, -0.683778, 0.729716, 0.0, 0.0, 0.0, 0.0, 1.0],
                [0.999999, -0.001039, -0.00082, -0.0, 0.001146, 0.369946, 0.929035, 0.375166, -0.000662, -0.929074, 0.369959, 0.0, 0.0, 0.0, 0.0, 1.0],
                [0.999999, -0.001039, -0.00082, -0.0, 0.001146, 0.369946, 0.929035, 0.375166, -0.000662, -0.929074, 0.369959, 0.0, 0.0, 0.0, 0.0, 1.0],
                [0.999999, -0.001044, -0.000832, 0.0, 0.001151, 0.358443, 0.933534, 0.375166, -0.000676, -0.933573, 0.358456, -0.0, 0.0, 0.0, 0.0, 1.0],
                [0.999999, -0.00093, -0.000612, -0.0, 0.001025, 0.555512, 0.83149, 0.375166, -0.000433, -0.831528, 0.555525, 0.0, 0.0, 0.0, 0.0, 1.0],
                [1.0, -0.00031, -0.000159, 0.0, 0.000342, 0.960817, 0.277175, 0.375166, 6.7e-05, -0.277184, 0.960819, 0.0, 0.0, 0.0, 0.0, 1.0]
            ]
        },
        {
            "name": "Knee_R",
            "time": [0.0, 0.1667, 0.2667, 0.3167, 0.3667, 0.4667, 0.5667, 0.65, 0.8167, 1.0],
            "transform": [
                [1.0, -5.7e-05, 5.4e-05, 0.0, 5.7e-05, 0.048757, -0.998811, 0.375166, 5.4e-05, 0.998811, 0.048757, 0.0, 0.0, 0.0, 0.0, 1.0],
                [1.0, -5.7e-05, 5.4e-05, -0.0, 5.7e-05, 0.048757, -0.998811, 0.375166, 5.4e-05, 0.998811, 0.048757, 0.0, 0.0, 0.0, 0.0, 1.0],
                [1.0, -5.7e-05, 5.4e-05, -0.0, 5.7e-05, 0.048757, -0.998811, 0.375166, 5.4e-05, 0.998811, 0.048757, -0.0, 0.0, 0.0, 0.0, 1.0],
                [1.0, -5.7e-05, 5.4e-05, 0.0, 5.7e-05, 0.048757, -0.998811, 0.375166, 5.4e-05, 0.998811, 0.048757, 0.0, 0.0, 0.0, 0.0, 1.0],
                [1.0, -5.7e-05, 5.4e-05, -0.0, 5.7e-05, 0.048757, -0.998811, 0.375166, 5.4e-05, 0.998811, 0.048757, 0.0, 0.0, 0.0, 0.0, 1.0],
                [1.0, -5.7e-05, 5.4e-05, -0.0, 5.7e-05, 0.048757, -0.998811, 0.375166, 5.4e-05, 0.998811, 0.048757, 0.0, 0.0, 0.0, 0.0, 1.0],
                [1.0, -5.7e-05, 5.4e-05, -0.0, 5.7e-05, 0.048757, -0.998811, 0.375166, 5.4e-05, 0.998811, 0.048757, 0.0, 0.0, 0.0, 0.0, 1.0],
                [1.0, -5.7e-05, 5.4e-05, 0.0, 5.7e-05, 0.048757, -0.998811, 0.375166, 5.4e-05, 0.998811, 0.048757, -0.0, 0.0, 0.0, 0.0, 1.0],
                [1.0, -5.7e-05, 5.4e-05, -0.0, 5.7e-05, 0.048757, -0.998811, 0.375166, 5.4e-05, 0.998811, 0.048757, 0.0, 0.0, 0.0, 0.0, 1.0],
                [1.0, -5.7e-05, 5.4e-05, 0.0, 5.7e-05, 0.048757, -0.998811, 0.375166, 5.4e-05, 0.998811, 0.048757, 0.0, 0.0, 0.0, 0.0, 1.0]
            ]
        },
        {
            "name": "Thigh_L",
            "time": [0.0, 0.1667, 0.2667, 0.3167, 0.3667, 0.4667, 0.5667, 0.65, 0.8167, 1.0],
            "transform": [
                [0.990583, -0.118566, 0.068466, -0.125006, -0.130632, -0.96821, 0.213315, -0.002831, 0.041, -0.220246, -0.974535, -1.2e-05, 0.0, 0.0, 0.0, 1.0],
                [0.999758, -0.001578, -0.021945, -0.116867, 0.018581, -0.473596, 0.880529, 0.000984, -0.011783, -0.880722, -0.473418, -0.131478, 0.0, 0.0, 0.0, 1.0],
                [0.952041, 0.1314, -0.276314, -0.112627, 0.305456, -0.460536, 0.833415, 0.000984, -0.017743, -0.877838, -0.478557, -0.19164, 0.0, 0.0, 0.0, 1.0],
                [0.985671, 0.062394, -0.156714, -0.114747, 0.167975, -0.447992, 0.8781, 0.000984, -0.015419, -0.891837, -0.452022, -0.161559, 0.0, 0.0, 0.0, 1.0],
                [0.999553, -0.000328, -0.029894, -0.116867, 0.026934, -0.424104, 0.905194, 0.000984, -0.012976, -0.905597, -0.42387, -0.131478, 0.0, 0.0, 0.0, 1.0],
                [0.999089, 0.010775, -0.0413, -0.116867, 0.042442, -0.353515, 0.934441, 0.000984, -0.004532, -0.935355, -0.353615, -0.131478, 0.0, 0.0, 0.0, 1.0],
                [0.999175, 0.010401, -0.039257, -0.116867, 0.040387, -0.356198, 0.933513, 0.000984, -0.004274, -0.93434, -0.356289, -0.131478, 0.0, 0.0, 0.0, 1.0],
                [0.999917, 0.003884, -0.012277, -0.117718, 0.012756, -0.429223, 0.903087, 0.000585, -0.001762, -0.903177, -0.429201, -0.117731, 0.0, 0.0, 0.0, 1.0],
                [0.99611, -0.054889, 0.068929, -0.121951, -0.085897, -0.779304, 0.62072, -0.001399, 0.019647, -0.624225, -0.780946, -0.049354, 0.0, 0.0, 0.0, 1.0],
                [0.990583, -0.118566, 0.068466, -0.125006, -0.130632, -0.96821, 0.213315, -0.002831, 0.041, -0.220246, -0.974535, -1.2e-05, 0.0, 0.0, 0.0, 1.0]
            ]
        },
        {
            "name": "Leg_L",
            "time": [0.0, 0.1667, 0.2667, 0.3167, 0.3667, 0.4667, 0.5667, 0.65, 0.8167, 1.0],
            "transform": [
                [1.0, 1e-06, 1e-06, 0.0, -1e-06, 0.899008, 0.437915, 0.375166, -0.0, -0.43794, 0.899015, -0.0, 0.0, 0.0, 0.0, 1.0],
                [1.0, 2e-06, 3e-06, -0.0, -3e-06, -0.007399, 0.999955, 0.375166, 2e-06, -0.999993, -0.007389, -0.0, 0.0, 0.0, 0.0, 1.0],
                [1.0, 3e-06, 4e-06, 0.0, -3e-06, -0.314644, 0.949195, 0.375166, 4e-06, -0.949223, -0.314634, -0.0, 0.0, 0.0, 0.0, 1.0],
                [1.0, 2e-06, 4e-06, -0.0, -3e-06, -0.166686, 0.985994, 0.375166, 3e-06, -0.986027, -0.166677, -0.0, 0.0, 0.0, 0.0, 1.0],
                [1.0, 2e-06, 3e-06, 0.0, -3e-06, 0.053031, 0.998575, 0.375166, 2e-06, -0.998614, 0.053042, -0.0, 0.0, 0.0, 0.0, 1.0],
                [1.0, 2e-06, 2e-06, 0.0, -3e-06, 0.291358, 0.956595, 0.375166, 1e-06, -0.956639, 0.291371, 0.0, 0.0, 0.0, 0.0, 1.0],
                [1.0, 2e-06, 2e-06, -0.0, -3e-06, 0.262097, 0.965022, 0.375166, 2e-06, -0.965066, 0.26211, 0.0, 0.0, 0.0, 0.0, 1.0],
                [1.0, 2e-06, 2e-06, 0.0, -3e-06, 0.251712, 0.967783, 0.375166, 2e-06, -0.967826, 0.251725, 0.0, 0.0, 0.0, 0.0, 1.0],
                [1.0, 2e-06, 2e-06, 0.0, -3e-06, 0.517668, 0.85556, 0.375166, 1e-06, -0.855605, 0.517683, 0.0, 0.0, 0.0, 0.0, 1.0],
                [1.0, 1e-06, 1e-06, 0.0, -1e-06, 0.899008, 0.437915, 0.375166, -0.0, -0.43794, 0.899015, -0.0, 0.0, 0.0, 0.0, 1.0]
            ]
        },
        {
            "name": "Knee_L",
            "time": [0.0, 0.1667, 0.2667, 0.3167, 0.3667, 0.4667, 0.5667, 0.65, 0.8167, 1.0],
            "transform": [
                [1.0, 0.0, -0.0, 0.0, -0.0, 0.048757, -0.998811, 0.375166, -0.0, 0.998811, 0.048757, -0.0, 0.0, 0.0, 0.0, 1.0],
                [1.0, 0.0, -0.0, -0.0, -0.0, 0.048757, -0.998811, 0.375166, -0.0, 0.998811, 0.048757, -0.0, 0.0, 0.0, 0.0, 1.0],
                [1.0, 0.0, -0.0, 0.0, -0.0, 0.048757, -0.998811, 0.375166, -0.0, 0.998811, 0.048757, -0.0, 0.0, 0.0, 0.0, 1.0],
                [1.0, 0.0, -0.0, -0.0, -0.0, 0.048757, -0.998811, 0.375166, -0.0, 0.998811, 0.048757, -0.0, 0.0, 0.0, 0.0, 1.0],
                [1.0, 0.0, -0.0, 0.0, -0.0, 0.048757, -0.998811, 0.375166, -0.0, 0.998811, 0.048757, -0.0, 0.0, 0.0, 0.0, 1.0],
                [1.0, 0.0, -0.0, 0.0, -0.0, 0.048757, -0.998811, 0.375166, -0.0, 0.998811, 0.048757, 0.0, 0.0, 0.0, 0.0, 1.0],
                [1.0, 0.0, -0.0, -0.0, -0.0, 0.048757, -0.998811, 0.375166, -0.0, 0.998811, 0.048757, 0.0, 0.0, 0.0, 0.0, 1.0],
                [1.0, 0.0, -0.0, 0.0, -0.0, 0.048757, -0.998811, 0.375166, -0.0, 0.998811, 0.048757, 0.0, 0.0, 0.0, 0.0, 1.0],
                [1.0, 0.0, -0.0, 0.0, -0.0, 0.048757, -0.998811, 0.375166, -0.0, 0.998811, 0.048757, 0.0, 0.0, 0.0, 0.0, 1.0],
                [1.0, 0.0, -0.0, 0.0, -0.0, 0.048757, -0.998811, 0.375166, -0.0, 0.998811, 0.048757, -0.0, 0.0, 0.0, 0.0, 1.0]
            ]
        },
        {
            "name": "Torso",
            "time": [0.0, 1.0],
            "transform": [
                [0.987076, -0.027651, -0.157847, 0.0, 0.0, 0.985001, -0.17255, 0.05, 0.160251, 0.17032, 0.972271, 0.0, 0.0, 0.0, 0.0, 1.0],
                [0.987076, -0.027651, -0.157847, 0.0, 0.0, 0.985001, -0.17255, 0.05, 0.160251, 0.17032, 0.972271, 0.0, 0.0, 0.0, 0.0, 1.0]
            ]
        },
        {
            "name": "Chest",
            "time": [0.0, 1.0],
            "transform": [
                [1.0, 0.0, 0.0, 0.0, -0.0, 0.954131, 0.299389, 0.304568, 0.0, -0.299389, 0.954131, -0.0, 0.0, 0.0, 0.0, 1.0],
                [1.0, 0.0, 0.0, 0.0, -0.0, 0.954131, 0.299389, 0.304568, 0.0, -0.299389, 0.954131, -0.0, 0.0, 0.0, 0.0, 1.0]
            ]
        },
        {
            "name": "Head",
            "time": [0.0, 0.1667, 0.2667, 0.3167, 0.3667, 0.4667, 0.5667, 0.65, 0.8167, 1.0],
            "transform": [
                [1.0, -0.0, -0.0, 0.0, 0.0, 0.995167, -0.0982, 0.403437, 0.0, 0.0982, 0.995167, -0.0, 0.0, 0.0, 0.0, 1.0],
                [0.771259, 0.197228, 0.605194, 0.0, 0.007272, 0.947992, -0.31821, 0.403437, -0.63648, 0.249823, 0.729714, 0.0, 0.0, 0.0, 0.0, 1.0],
                [0.933408, 0.358453, 0.016139, 0.0, -0.0452, 0.162083, -0.985741, 0.403437, -0.355958, 0.91937, 0.167492, 0.0, 0.0, 0.0, 0.0, 1.0],
                [0.607499, 0.188445, -0.771643, 0.0, -0.668175, 0.646536, -0.368148, 0.403437, 0.42952, 0.739242, 0.518685, 0.0, 0.0, 0.0, 0.0, 1.0],
                [0.52453, 0.46175, -0.715301, 0.0, -0.389284, 0.877261, 0.280839, 0.403437, 0.757183, 0.131147, 0.639902, 0.0, 0.0, 0.0, 0.0, 1.0],
                [0.507108, 0.460593, -0.728489, 0.0, -0.393719, 0.875681, 0.279585, 0.403437, 0.766699, 0.145041, 0.625409, 0.0, 0.0, 0.0, 0.0, 1.0],
                [0.473444, 0.449496, -0.757498, 0.0, -0.413862, 0.872668, 0.259169, 0.403437, 0.77754, 0.190798, 0.599189, 0.0, 0.0, 0.0, 0.0, 1.0],
                [0.541989, 0.393482, -0.742577, 0.0, -0.396842, 0.898724, 0.186578, 0.403437, 0.740787, 0.193562, 0.643248, 0.0, 0.0, 0.0, 0.0, 1.0],
                [0.911369, 0.14447, -0.385401, -0.0, -0.17155, 0.984494, -0.036626, 0.403437, 0.374134, 0.099495, 0.922022, -0.0, 0.0, 0.0, 0.0, 1.0],
                [1.0, -0.0, -0.0, 0.0, 0.0, 0.995167, -0.0982, 0.403437, 0.0, 0.0982, 0.995167, -0.0, 0.0, 0.0, 0.0, 1.0]
            ]
        },
        {
            "name": "Shoulder_R",
            "time": [0.0, 0.1667, 0.2667, 0.3667, 0.4667, 0.5667, 0.65, 0.8167, 1.0],
            "transform": [
                [-0.0, 0.952114, 0.305743, 0.0, -0.130264, -0.303138, 0.944001, 0.403437, 0.991479, -0.039827, 0.124026, -0.0, 0.0, 0.0, 0.0, 1.0],
                [-0.0, 0.952114, 0.305743, -0.037633, -0.130264, -0.303138, 0.944001, 0.410057, 0.991479, -0.039827, 0.124026, -0.142751, 0.0, 0.0, 0.0, 1.0],
                [-0.0, 0.952114, 0.305743, -0.037633, -0.130264, -0.303138, 0.944001, 0.410057, 0.991479, -0.039827, 0.124026, -0.142751, 0.0, 0.0, 0.0, 1.0],
                [-0.0, 0.952114, 0.305743, -0.174815, -0.130263, -0.303138, 0.944001, 0.326919, 0.991479, -0.039827, 0.124026, -0.236495, 0.0, 0.0, 0.0, 1.0],
                [-0.0, 0.952114, 0.305743, -0.174815, -0.130264, -0.303138, 0.944001, 0.326919, 0.991479, -0.039827, 0.124026, -0.236495, 0.0, 0.0, 0.0, 1.0],
                [-0.0, 0.952114, 0.305743, -0.174815, -0.130264, -0.303138, 0.944001, 0.326919, 0.991479, -0.039827, 0.124026, -0.236495, 0.0, 0.0, 0.0, 1.0],
                [-0.0, 0.952114, 0.305743, -0.156535, -0.130264, -0.303138, 0.944001, 0.334921, 0.991479, -0.039827, 0.124026, -0.211766, 0.0, 0.0, 0.0, 1.0],
                [-0.0, 0.952114, 0.305743, -0.065612, -0.130264, -0.303138, 0.944001, 0.374718, 0.991479, -0.039827, 0.124026, -0.088763, 0.0, 0.0, 0.0, 1.0],
                [-0.0, 0.952114, 0.305743, 0.0, -0.130264, -0.303138, 0.944001, 0.403437, 0.991479, -0.039827, 0.124026, -0.0, 0.0, 0.0, 0.0, 1.0]
            ]
        },
        {
            "name": "Arm_R",
            "time": [0.0, 1.0],
            "transform": [
                [0.53947, 0.441471, -0.716991, -0.0, 0.615223, 0.374701, 0.693613, 0.39386, 0.574867, -0.815293, -0.069463, 0.0, 0.0, 0.0, 0.0, 1.0],
                [0.53947, 0.441471, -0.716991, -0.0, 0.615223, 0.374701, 0.693613, 0.39386, 0.574867, -0.815293, -0.069463, 0.0, 0.0, 0.0, 0.0, 1.0]
            ]
        },
        {
            "name": "Hand_R",
            "time": [0.0, 1.0],
            "transform": [
                [1.0, -0.0, -0.0, 0.0, 0.0, 0.907833, -0.419332, 0.300556, 0.0, 0.419332, 0.907833, -0.0, 0.0, 0.0, 0.0, 1.0],
                [1.0, -0.0, -0.0, 0.0, 0.0, 0.907833, -0.419332, 0.300556, 0.0, 0.419332, 0.907833, -0.0, 0.0, 0.0, 0.0, 1.0]
            ]
        },
        {
            "name": "Tool_R",
            "time": [0.0, 0.1667, 0.2667, 0.3167, 0.3667, 0.4667, 0.5667, 0.65, 0.8167, 1.0],
            "transform": [
                [0.981476, -0.152467, 0.116011, 0.0, -0.0933, -0.909255, -0.405647, 0.266907, 0.167331, 0.387309, -0.906638, 0.005004, 0.0, 0.0, 0.0, 1.0],
                [0.981476, -0.152467, 0.116011, 0.0, -0.0933, -0.909255, -0.405647, 0.266907, 0.167331, 0.387309, -0.906638, 0.005004, 0.0, 0.0, 0.0, 1.0],
                [-0.07771, 0.989972, -0.117971, 0.0, -0.263294, -0.134507, -0.955293, 0.266907, -0.961581, -0.043175, 0.271106, 0.005004, 0.0, 0.0, 0.0, 1.0],
                [-0.11088, -0.549081, 0.828381, 0.0, -0.933354, -0.228801, -0.276588, 0.266907, 0.341404, -0.803841, -0.487118, 0.005004, 0.0, 0.0, 0.0, 1.0],
                [0.975001, -0.078133, 0.208012, -0.0, -0.103382, -0.988156, 0.113402, 0.266907, 0.196688, -0.132072, -0.97153, 0.005004, 0.0, 0.0, 0.0, 1.0],
                [0.975001, -0.078133, 0.208012, 0.0, -0.103382, -0.988156, 0.113402, 0.266907, 0.196688, -0.132072, -0.97153, 0.005004, 0.0, 0.0, 0.0, 1.0],
                [0.975001, -0.078133, 0.208012, 0.0, -0.103382, -0.988156, 0.113403, 0.266907, 0.196688, -0.132072, -0.97153, 0.005004, 0.0, 0.0, 0.0, 1.0],
                [0.975001, -0.078133, 0.208012, 0.0, -0.103382, -0.988156, 0.113402, 0.266907, 0.196688, -0.132072, -0.97153, 0.005004, 0.0, 0.0, 0.0, 1.0],
                [0.996891, -0.054935, 0.056487, 0.0, -0.062591, -0.987569, 0.144186, 0.266907, 0.047864, -0.147273, -0.987937, 0.005004, 0.0, 0.0, 0.0, 1.0],
                [0.981476, -0.152467, 0.116011, 0.0, -0.0933, -0.909255, -0.405647, 0.266907, 0.167331, 0.387309, -0.906638, 0.005004, 0.0, 0.0, 0.0, 1.0]
            ]
        },
        {
            "name": "Elbow_R",
            "time": [0.0, 0.1667, 0.2667, 0.3167, 0.3667, 0.4667, 0.5667, 0.65, 0.8167, 1.0],
            "transform": [
                [-1.0, 0.0, 0.0, 0.0, -0.0, 0.060811, -0.998149, 0.300556, -0.0, -0.99815, -0.060811, -0.0, 0.0, 0.0, 0.0, 1.0],
                [-1.0, 0.0, 0.0, 0.0, -0.0, 0.060811, -0.998149, 0.300556, -0.0, -0.99815, -0.060811, -0.0, 0.0, 0.0, 0.0, 1.0],
                [-1.0, 0.0, 0.0, 0.0, -0.0, 0.060811, -0.99815, 0.300556, -0.0, -0.99815, -0.060811, 0.0, 0.0, 0.0, 0.0, 1.0],
                [-1.0, 0.0, 0.0, -0.0, -0.0, 0.060811, -0.998149, 0.300556, -0.0, -0.99815, -0.060811, 0.0, 0.0, 0.0, 0.0, 1.0],
                [-1.0, 0.0, 0.0, 0.0, -0.0, 0.060811, -0.998149, 0.300556, -0.0, -0.99815, -0.060811, 0.0, 0.0, 0.0, 0.0, 1.0],
                [-1.0, 0.0, 0.0, 0.0, -0.0, 0.060811, -0.998149, 0.300556, -0.0, -0.99815, -0.060811, 0.0, 0.0, 0.0, 0.0, 1.0],
                [-1.0, 0.0, 0.0, -0.0, -0.0, 0.060811, -0.998149, 0.300556, -0.0, -0.99815, -0.060811, 0.0, 0.0, 0.0, 0.0, 1.0],
                [-1.0, 0.0, 0.0, -0.0, -0.0, 0.060811, -0.998149, 0.300556, -0.0, -0.99815, -0.060811, 0.0, 0.0, 0.0, 0.0, 1.0],
                [-1.0, 0.0, 0.0, -0.0, -0.0, 0.060811, -0.998149, 0.300556, -0.0, -0.99815, -0.060811, 0.0, 0.0, 0.0, 0.0, 1.0],
                [-1.0, 0.0, 0.0, 0.0, -0.0, 0.060811, -0.998149, 0.300556, -0.0, -0.99815, -0.060811, -0.0, 0.0, 0.0, 0.0, 1.0]
            ]
        },
        {
            "name": "Shoulder_L",
            "time": [0.0, 0.1667, 0.3667, 0.4667, 0.5667, 0.65, 0.8167, 1.0],
            "transform": [
                [0.0, -0.952114, -0.305743, 0.0, 0.130264, -0.303138, 0.944001, 0.403437, -0.991479, -0.039827, 0.124026, -0.0, 0.0, 0.0, 0.0, 1.0],
                [0.0, -0.952114, -0.305743, 0.0, 0.130264, -0.303138, 0.944001, 0.403437, -0.991479, -0.039827, 0.124026, 0.0, 0.0, 0.0, 0.0, 1.0],
                [0.0, -0.952114, -0.305743, 0.0, 0.130264, -0.303138, 0.944001, 0.403437, -0.991479, -0.039827, 0.124026, 0.0, 0.0, 0.0, 0.0, 1.0],
                [0.0, -0.952114, -0.305743, 0.0, 0.130264, -0.303138, 0.944001, 0.403437, -0.991479, -0.039827, 0.124026, 0.0, 0.0, 0.0, 0.0, 1.0],
                [0.0, -0.952114, -0.305743, 0.0, 0.130264, -0.303138, 0.944001, 0.403437, -0.991479, -0.039827, 0.124026, 0.0, 0.0, 0.0, 0.0, 1.0],
                [0.0, -0.952114, -0.305743, 0.0, 0.130264, -0.303138, 0.944001, 0.403437, -0.991479, -0.039827, 0.124026, 0.0, 0.0, 0.0, 0.0, 1.0],
                [0.0, -0.952114, -0.305743, -0.0, 0.130264, -0.303138, 0.944001, 0.403437, -0.991479, -0.039827, 0.124026, -0.0, 0.0, 0.0, 0.0, 1.0],
                [0.0, -0.952114, -0.305743, 0.0, 0.130264, -0.303138, 0.944001, 0.403437, -0.991479, -0.039827, 0.124026, -0.0, 0.0, 0.0, 0.0, 1.0]
            ]
        },
        {
            "name": "Arm_L",
            "time": [0.0, 1.0],
            "transform": [
                [-0.093196, 0.193928, 0.976579, 0.0, -0.790693, 0.581668, -0.190964, 0.39386, -0.605078, -0.789971, 0.099128, -0.0, 0.0, 0.0, 0.0, 1.0],
                [-0.093196, 0.193928, 0.976579, 0.0, -0.790693, 0.581668, -0.190964, 0.39386, -0.605078, -0.789971, 0.099128, -0.0, 0.0, 0.0, 0.0, 1.0]
            ]
        },
        {
            "name": "Hand_L",
            "time": [0.0, 1.0],
            "transform": [
                [1.0, -3.9e-05, -2e-05, -0.0, 3e-05, 0.943819, -0.330463, 0.300556, 3.2e-05, 0.330463, 0.943819, -0.0, 0.0, 0.0, 0.0, 1.0],
                [1.0, -3.9e-05, -2e-05, -0.0, 3e-05, 0.943819, -0.330463, 0.300556, 3.2e-05, 0.330463, 0.943819, -0.0, 0.0, 0.0, 0.0, 1.0]
            ]
        },
        {
            "name": "Tool_L",
            "time": [0.0, 0.1667, 0.2667, 0.3167, 0.3667, 0.4667, 0.5667, 0.65, 0.8167, 1.0],
            "transform": [
                [1.0, 0.0, -0.0, -0.0, 0.0, -0.99944, -0.033474, 0.266907, -0.0, 0.033474, -0.99944, 0.005004, 0.0, 0.0, 0.0, 1.0],
                [1.0, 0.0, -0.0, 0.0, 0.0, -0.99944, -0.033474, 0.266907, -0.0, 0.033474, -0.99944, 0.005004, 0.0, 0.0, 0.0, 1.0],
                [1.0, 0.0, -0.0, -0.0, 0.0, -0.99944, -0.033474, 0.266907, -0.0, 0.033474, -0.99944, 0.005004, 0.0, 0.0, 0.0, 1.0],
                [1.0, 0.0, -0.0, 0.0, 0.0, -0.99944, -0.033474, 0.266907, -0.0, 0.033474, -0.99944, 0.005004, 0.0, 0.0, 0.0, 1.0],
                [1.0, 0.0, -0.0, -0.0, -0.0, -0.99944, -0.033474, 0.266907, -0.0, 0.033474, -0.99944, 0.005004, 0.0, 0.0, 0.0, 1.0],
                [1.0, 0.0, -0.0, -0.0, -0.0, -0.99944, -0.033474, 0.266907, -0.0, 0.033474, -0.99944, 0.005004, 0.0, 0.0, 0.0, 1.0],
                [1.0, 0.0, -0.0, -0.0, -0.0, -0.99944, -0.033474, 0.266907, -0.0, 0.033474, -0.99944, 0.005004, 0.0, 0.0, 0.0, 1.0],
                [1.0, 0.0, -0.0, -0.0, 0.0, -0.99944, -0.033474, 0.266907, -0.0, 0.033474, -0.99944, 0.005004, 0.0, 0.0, 0.0, 1.0],
                [1.0, -0.0, -0.0, -0.0, 0.0, -0.99944, -0.033474, 0.266907, -0.0, 0.033474, -0.99944, 0.005004, 0.0, 0.0, 0.0, 1.0],
                [1.0, 0.0, -0.0, -0.0, 0.0, -0.99944, -0.033474, 0.266907, -0.0, 0.033474, -0.99944, 0.005004, 0.0, 0.0, 0.0, 1.0]
            ]
        },
        {
            "name": "Elbow_L",
            "time": [0.0, 0.1667, 0.2667, 0.3167, 0.3667, 0.4667, 0.5667, 0.65, 0.8167, 1.0],
            "transform": [
                [-1.0, 3e-05, 3.2e-05, -0.0, -3e-05, 0.060811, -0.998149, 0.300556, -3.2e-05, -0.998149, -0.060811, -0.0, 0.0, 0.0, 0.0, 1.0],
                [-1.0, 3e-05, 3.2e-05, -0.0, -3e-05, 0.060811, -0.998149, 0.300556, -3.2e-05, -0.998149, -0.060811, -0.0, 0.0, 0.0, 0.0, 1.0],
                [-1.0, 3e-05, 3.2e-05, -0.0, -3e-05, 0.060811, -0.998149, 0.300556, -3.2e-05, -0.998149, -0.060811, 0.0, 0.0, 0.0, 0.0, 1.0],
                [-1.0, 3e-05, 3.2e-05, -0.0, -3e-05, 0.060811, -0.998149, 0.300556, -3.2e-05, -0.998149, -0.060811, 0.0, 0.0, 0.0, 0.0, 1.0],
                [-1.0, 3e-05, 3.2e-05, -0.0, -3e-05, 0.060811, -0.998149, 0.300556, -3.2e-05, -0.998149, -0.060811, 0.0, 0.0, 0.0, 0.0, 1.0],
                [-1.0, 3e-05, 3.2e-05, 0.0, -3e-05, 0.060811, -0.998149, 0.300556, -3.2e-05, -0.998149, -0.060811, 0.0, 0.0, 0.0, 0.0, 1.0],
                [-1.0, 3e-05, 3.2e-05, -0.0, -3e-05, 0.060811, -0.998149, 0.300556, -3.2e-05, -0.998149, -0.060811, 0.0, 0.0, 0.0, 0.0, 1.0],
                [-1.0, 3e-05, 3.2e-05, 0.0, -3e-05, 0.060811, -0.998149, 0.300556, -3.2e-05, -0.998149, -0.06081, -0.0, 0.0, 0.0, 0.0, 1.0],
                [-1.0, 3e-05, 3.2e-05, 0.0, -3e-05, 0.060811, -0.998149, 0.300556, -3.2e-05, -0.998149, -0.060811, -0.0, 0.0, 0.0, 0.0, 1.0],
                [-1.0, 3e-05, 3.2e-05, -0.0, -3e-05, 0.060811, -0.998149, 0.300556, -3.2e-05, -0.998149, -0.060811, -0.0, 0.0, 0.0, 0.0, 1.0]
            ]
        },
        {
            "name": "IKThigh_R",
            "time": [0.0, 0.1667, 0.2667, 0.3667, 0.4667, 0.5667, 0.65, 0.8167, 1.0],
            "transform": [
                [0.961653, 0.225772, 0.155718, 0.124994, 0.180479, -0.948441, 0.260546, -0.002831, 0.206521, -0.222452, -0.952781, -1.2e-05, 0.0, 0.0, 0.0, 1.0],
                [0.996234, -0.053737, 0.068042, 0.109936, -0.029149, -0.946676, -0.320831, 0.026231, 0.081658, 0.317667, -0.944652, 0.092224, 0.0, 0.0, 0.0, 1.0],
                [0.957395, 0.194557, 0.213392, 0.111993, 0.277299, -0.825669, -0.491263, 0.026231, 0.080615, 0.529539, -0.844425, 0.063046, 0.0, 0.0, 0.0, 1.0],
                [0.996234, -0.053737, 0.068042, 0.109936, -0.029149, -0.946676, -0.320831, 0.026231, 0.081658, 0.317667, -0.944652, 0.092224, 0.0, 0.0, 0.0, 1.0],
                [0.996166, -0.027252, 0.083131, 0.109936, -0.031883, -0.997975, 0.054917, 0.026231, 0.081469, -0.057334, -0.994993, 0.092224, 0.0, 0.0, 0.0, 1.0],
                [0.996166, -0.027252, 0.083131, 0.109936, -0.031883, -0.997975, 0.054917, 0.026231, 0.081469, -0.057334, -0.994993, 0.092224, 0.0, 0.0, 0.0, 1.0],
                [0.996724, 0.010416, 0.080194, 0.111511, -0.000492, -0.990863, 0.134835, 0.023192, 0.080869, -0.134411, -0.987586, 0.082579, 0.0, 0.0, 0.0, 1.0],
                [0.984511, 0.164891, 0.059571, 0.119342, 0.131198, -0.918291, 0.37353, 0.008077, 0.1163, -0.359918, -0.925667, 0.034606, 0.0, 0.0, 0.0, 1.0],
                [0.961653, 0.225772, 0.155718, 0.124994, 0.180479, -0.948441, 0.260546, -0.002831, 0.206521, -0.222452, -0.952781, -1.2e-05, 0.0, 0.0, 0.0, 1.0]
            ]
        },
        {
            "name": "IKLeg_R",
            "time": [0.0, 0.1667, 0.3667, 0.4667, 0.5667, 0.65, 0.8167, 1.0],
            "transform": [
                [1.0, -0.00031, -0.000159, 0.0, 0.000342, 0.960817, 0.277175, 0.375166, 6.7e-05, -0.277184, 0.960819, 0.0, 0.0, 0.0, 0.0, 1.0],
                [1.0, -0.000765, -0.000417, -0.0, 0.000843, 0.729705, 0.683742, 0.375166, -0.000218, -0.683778, 0.729716, 0.0, 0.0, 0.0, 0.0, 1.0],
                [1.0, -0.000765, -0.000417, -0.0, 0.000843, 0.729705, 0.683742, 0.375166, -0.000218, -0.683778, 0.729716, 0.0, 0.0, 0.0, 0.0, 1.0],
                [0.999999, -0.001039, -0.00082, -0.0, 0.001146, 0.369946, 0.929035, 0.375166, -0.000662, -0.929074, 0.369959, 0.0, 0.0, 0.0, 0.0, 1.0],
                [0.999999, -0.001039, -0.00082, -0.0, 0.001146, 0.369946, 0.929035, 0.375166, -0.000662, -0.929074, 0.369959, 0.0, 0.0, 0.0, 0.0, 1.0],
                [0.999999, -0.001044, -0.000832, -0.0, 0.001151, 0.358443, 0.933534, 0.375166, -0.000676, -0.933573, 0.358456, 0.0, 0.0, 0.0, 0.0, 1.0],
                [0.999999, -0.00093, -0.000612, -0.0, 0.001025, 0.555512, 0.83149, 0.375166, -0.000433, -0.831528, 0.555525, -0.0, 0.0, 0.0, 0.0, 1.0],
                [1.0, -0.00031, -0.000159, 0.0, 0.000342, 0.960817, 0.277175, 0.375166, 6.7e-05, -0.277184, 0.960819, 0.0, 0.0, 0.0, 0.0, 1.0]
            ]
        },
        {
            "name": "IKThigh_L",
            "time": [0.0, 0.1667, 0.2667, 0.3667, 0.4667, 0.5667, 0.65, 0.8167, 1.0],
            "transform": [
                [0.990583, -0.118566, 0.068466, -0.125006, -0.130632, -0.96821, 0.213315, -0.002831, 0.041, -0.220246, -0.974535, -1.2e-05, 0.0, 0.0, 0.0, 1.0],
                [0.999758, -0.001578, -0.021945, -0.116867, 0.018581, -0.473596, 0.880529, 0.000984, -0.011783, -0.880722, -0.473418, -0.131478, 0.0, 0.0, 0.0, 1.0],
                [0.952041, 0.1314, -0.276314, -0.112627, 0.305456, -0.460536, 0.833415, 0.000984, -0.017743, -0.877838, -0.478557, -0.19164, 0.0, 0.0, 0.0, 1.0],
                [0.999553, -0.000328, -0.029894, -0.116867, 0.026934, -0.424104, 0.905194, 0.000984, -0.012976, -0.905597, -0.42387, -0.131478, 0.0, 0.0, 0.0, 1.0],
                [0.999089, 0.010775, -0.0413, -0.116867, 0.042442, -0.353515, 0.934441, 0.000984, -0.004532, -0.935355, -0.353615, -0.131478, 0.0, 0.0, 0.0, 1.0],
                [0.999175, 0.010401, -0.039257, -0.116867, 0.040387, -0.356198, 0.933513, 0.000984, -0.004274, -0.93434, -0.356289, -0.131478, 0.0, 0.0, 0.0, 1.0],
                [0.999917, 0.003884, -0.012277, -0.117718, 0.012756, -0.429223, 0.903087, 0.000585, -0.001762, -0.903177, -0.429201, -0.117731, 0.0, 0.0, 0.0, 1.0],
                [0.99611, -0.054889, 0.068929, -0.121951, -0.085897, -0.779304, 0.62072, -0.001399, 0.019647, -0.624225, -0.780946, -0.049354, 0.0, 0.0, 0.0, 1.0],
                [0.990583, -0.118566, 0.068466, -0.125006, -0.130632, -0.96821, 0.213315, -0.002831, 0.041, -0.220246, -0.974535, -1.2e-05, 0.0, 0.0, 0.0, 1.0]
            ]
        },
        {
            "name": "IKLeg_L",
            "time": [0.0, 0.1667, 0.3667, 0.4667, 0.5667, 0.65, 0.8167, 1.0],
            "transform": [
                [1.0, 1e-06, 1e-06, 0.0, -1e-06, 0.899008, 0.437915, 0.375166, -0.0, -0.43794, 0.899015, -0.0, 0.0, 0.0, 0.0, 1.0],
                [1.0, 2e-06, 3e-06, -0.0, -3e-06, -0.007399, 0.999955, 0.375166, 2e-06, -0.999993, -0.007389, -0.0, 0.0, 0.0, 0.0, 1.0],
                [1.0, 2e-06, 3e-06, -0.0, -3e-06, 0.053031, 0.998575, 0.375166, 2e-06, -0.998614, 0.053042, -0.0, 0.0, 0.0, 0.0, 1.0],
                [1.0, 2e-06, 2e-06, 0.0, -3e-06, 0.291358, 0.956595, 0.375166, 1e-06, -0.956639, 0.291371, -0.0, 0.0, 0.0, 0.0, 1.0],
                [1.0, 2e-06, 2e-06, -0.0, -3e-06, 0.262097, 0.965022, 0.375166, 2e-06, -0.965066, 0.26211, -0.0, 0.0, 0.0, 0.0, 1.0],
                [1.0, 2e-06, 2e-06, 0.0, -3e-06, 0.251712, 0.967783, 0.375166, 2e-06, -0.967826, 0.251725, 0.0, 0.0, 0.0, 0.0, 1.0],
                [1.0, 2e-06, 2e-06, 0.0, -3e-06, 0.517668, 0.85556, 0.375166, 1e-06, -0.855605, 0.517683, 0.0, 0.0, 0.0, 0.0, 1.0],
                [1.0, 1e-06, 1e-06, 0.0, -1e-06, 0.899008, 0.437915, 0.375166, -0.0, -0.43794, 0.899015, -0.0, 0.0, 0.0, 0.0, 1.0]
            ]
        },
        {
            "name": "FKTorso",
            "time": [0.0, 0.1667, 0.2667, 0.3667, 0.4667, 0.5667, 0.65, 0.8167, 1.0],
            "transform": [
                [1.0, 0.0, 0.0, -5e-06, 0.0, -0.17255, -0.985001, 0.000946, 0.0, 0.985001, -0.17255, 0.789346, 0.0, 0.0, 0.0, 1.0],
                [0.760857, 0.134562, -0.634815, -5e-06, -0.64892, 0.157774, -0.744319, 0.000946, -0.0, 0.978264, 0.207364, 0.567326, 0.0, 0.0, 0.0, 1.0],
                [1.0, 0.0, 0.0, -5e-06, 0.0, 0.708974, -0.705235, 0.088165, -0.0, 0.705235, 0.708974, 0.462637, 0.0, 0.0, 0.0, 1.0],
                [0.302529, -0.4462, 0.842248, -5e-06, 0.931738, -0.047761, -0.359976, 0.000946, 0.200849, 0.893658, 0.401292, 0.567326, 0.0, 0.0, 0.0, 1.0],
                [0.302529, -0.4462, 0.842248, -5e-06, 0.931738, -0.047761, -0.359976, -0.130525, 0.200849, 0.893658, 0.401292, 0.567326, 0.0, 0.0, 0.0, 1.0],
                [0.302529, -0.4462, 0.842248, -5e-06, 0.931738, -0.047761, -0.359976, -0.130525, 0.200849, 0.893658, 0.401292, 0.567326, 0.0, 0.0, 0.0, 1.0],
                [0.417516, -0.402589, 0.814618, 0.00111, 0.882519, -0.033871, -0.469056, -0.116772, 0.216429, 0.914754, 0.34115, 0.590542, 0.0, 0.0, 0.0, 1.0],
                [0.890836, -0.149835, 0.428907, 0.002786, 0.424654, -0.060968, -0.903301, -0.048319, 0.161495, 0.98683, 0.009315, 0.706016, 0.0, 0.0, 0.0, 1.0],
                [1.0, 0.0, 0.0, -5e-06, 0.0, -0.17255, -0.985001, 0.000946, 0.0, 0.985001, -0.17255, 0.789346, 0.0, 0.0, 0.0, 1.0]
            ]
        },
        {
            "name": "FKChest",
            "time": [0.0, 0.1667, 0.2667, 0.3667, 0.4667, 0.5667, 0.65, 0.8167, 1.0],
            "transform": [
                [1.0, 0.0, 0.0, 0.0, -0.0, 0.954131, 0.299389, 0.304568, 0.0, -0.299389, 0.954131, -0.0, 0.0, 0.0, 0.0, 1.0],
                [0.976034, -0.095272, -0.195653, -0.0, 0.163077, 0.915529, 0.367714, 0.304568, 0.144094, -0.390808, 0.909124, 0.0, 0.0, 0.0, 0.0, 1.0],
                [0.992146, 0.022854, 0.122976, 0.0, -0.096202, 0.767774, 0.633458, 0.304568, -0.07994, -0.640314, 0.763942, 0.0, 0.0, 0.0, 0.0, 1.0],
                [0.94221, -0.195597, -0.271996, -0.0, 0.274079, 0.916926, 0.290048, 0.304568, 0.192668, -0.347834, 0.917546, 0.0, 0.0, 0.0, 0.0, 1.0],
                [0.948758, -0.187743, -0.254185, -0.0, 0.253788, 0.931961, 0.258922, 0.304568, 0.18828, -0.310163, 0.931853, 0.0, 0.0, 0.0, 0.0, 1.0],
                [0.9634, -0.157428, -0.216973, -0.0, 0.213051, 0.940893, 0.263305, 0.304568, 0.162697, -0.299894, 0.939996, 0.0, 0.0, 0.0, 0.0, 1.0],
                [0.977543, -0.122903, -0.171184, -0.0, 0.167022, 0.947193, 0.273732, 0.304568, 0.128502, -0.296176, 0.94645, -0.0, 0.0, 0.0, 0.0, 1.0],
                [0.997039, -0.044274, -0.062866, 0.0, 0.060835, 0.954236, 0.2928, 0.304568, 0.047026, -0.295758, 0.954105, 0.0, 0.0, 0.0, 0.0, 1.0],
                [1.0, 0.0, 0.0, 0.0, -0.0, 0.954131, 0.299389, 0.304568, 0.0, -0.299389, 0.954131, -0.0, 0.0, 0.0, 0.0, 1.0]
            ]
        },
        {
            "name": "FKArm_L",
            "time": [0.0, 0.1667, 0.3667, 0.4667, 0.5667, 0.65, 0.8167, 1.0],
            "transform": [
                [0.937828, -0.312286, 0.151511, -0.375005, -0.093196, 0.193928, 0.976579, 0.000946, -0.334354, -0.929983, 0.152767, 1.368926, 0.0, 0.0, 0.0, 1.0],
                [0.399354, -0.541154, 0.740047, -0.115948, 0.115757, 0.830512, 0.54484, 0.46601, -0.90946, -0.131918, 0.39431, 1.017023, 0.0, 0.0, 0.0, 1.0],
                [-0.757754, 0.416491, -0.50234, -0.482823, 0.000881, -0.769168, -0.639047, -0.331158, -0.652541, -0.484682, 0.582473, 0.820655, 0.0, 0.0, 0.0, 1.0],
                [-0.757754, 0.416491, -0.50234, -0.478285, 0.000881, -0.769168, -0.639047, -0.468053, -0.652541, -0.484682, 0.582473, 0.836471, 0.0, 0.0, 0.0, 1.0],
                [-0.757754, 0.416491, -0.50234, -0.475006, 0.000881, -0.769168, -0.639047, -0.470995, -0.652541, -0.484682, 0.582473, 0.857807, 0.0, 0.0, 0.0, 1.0],
                [-0.6901, 0.280879, -0.666985, -0.489262, 0.179956, -0.826069, -0.534065, -0.416858, -0.700984, -0.488586, 0.519524, 0.917517, 0.0, 0.0, 0.0, 1.0],
                [0.520755, -0.51015, -0.684515, -0.472767, 0.577156, -0.380434, 0.722607, -0.140104, -0.629051, -0.771373, 0.096323, 1.183663, 0.0, 0.0, 0.0, 1.0],
                [0.937828, -0.312286, 0.151511, -0.375005, -0.093196, 0.193928, 0.976579, 0.000946, -0.334354, -0.929983, 0.152767, 1.368926, 0.0, 0.0, 0.0, 1.0]
            ]
        },
        {
            "name": "FKHand_L",
            "time": [0.0, 0.1667, 0.3667, 0.4667, 0.5667, 0.65, 0.8167, 1.0],
            "transform": [
                [1.0, -3.9e-05, -2e-05, -0.0, 3e-05, 0.943819, -0.330463, 0.300556, 3.2e-05, 0.330463, 0.943819, -0.0, 0.0, 0.0, 0.0, 1.0],
                [1.0, -3.6e-05, -2.5e-05, -0.0, 3e-05, 0.977344, -0.211658, 0.300556, 3.2e-05, 0.211658, 0.977344, -0.0, 0.0, 0.0, 0.0, 1.0],
                [1.0, -3.6e-05, -2.5e-05, -0.0, 3e-05, 0.977344, -0.211658, 0.300556, 3.2e-05, 0.211658, 0.977344, 0.0, 0.0, 0.0, 0.0, 1.0],
                [1.0, -3.6e-05, -2.5e-05, -0.0, 3e-05, 0.977344, -0.211658, 0.300556, 3.2e-05, 0.211658, 0.977344, -0.0, 0.0, 0.0, 0.0, 1.0],
                [1.0, -3.6e-05, -2.5e-05, -0.0, 3e-05, 0.977344, -0.211658, 0.300556, 3.2e-05, 0.211658, 0.977344, 0.0, 0.0, 0.0, 0.0, 1.0],
                [1.0, -3.7e-05, -2.4e-05, 0.0, 3e-05, 0.974528, -0.224264, 0.300556, 3.2e-05, 0.224264, 0.974528, -0.0, 0.0, 0.0, 0.0, 1.0],
                [1.0, -3.8e-05, -2.2e-05, 0.0, 3e-05, 0.95812, -0.286367, 0.300556, 3.2e-05, 0.286367, 0.95812, 0.0, 0.0, 0.0, 0.0, 1.0],
                [1.0, -3.9e-05, -2e-05, -0.0, 3e-05, 0.943819, -0.330463, 0.300556, 3.2e-05, 0.330463, 0.943819, -0.0, 0.0, 0.0, 0.0, 1.0]
            ]
        },
        {
            "name": "FKArm_R",
            "time": [0.0, 0.1667, 0.2667, 0.3667, 0.4667, 0.5667, 0.65, 0.8167, 1.0],
            "transform": [
                [0.761525, 0.107488, 0.639161, 0.374995, -0.53947, -0.441471, 0.716991, 0.000946, 0.359238, -0.890814, -0.278204, 1.368926, 0.0, 0.0, 0.0, 1.0],
                [-0.512186, 0.844024, -0.159026, 0.462092, -0.854699, -0.482648, 0.191159, 0.030228, 0.084589, 0.233828, 0.968591, 1.079085, 0.0, 0.0, 0.0, 1.0],
                [0.857854, -0.493531, 0.143225, 0.321871, 0.427347, 0.839905, 0.334566, 0.603782, -0.285415, -0.225802, 0.931425, 0.50426, 0.0, 0.0, 0.0, 1.0],
                [-0.134171, -0.623878, -0.769918, -0.370318, 0.578389, 0.58157, -0.572051, 0.27541, 0.804651, -0.522065, 0.282814, 0.930384, 0.0, 0.0, 0.0, 1.0],
                [-0.237583, -0.719629, -0.652449, -0.371063, 0.544142, 0.457802, -0.703084, 0.140965, 0.804651, -0.522065, 0.282815, 0.937583, 0.0, 0.0, 0.0, 1.0],
                [-0.237583, -0.719629, -0.652449, -0.372056, 0.544142, 0.457802, -0.703084, 0.142983, 0.804651, -0.522065, 0.282815, 0.928907, 0.0, 0.0, 0.0, 1.0],
                [0.352609, 0.244147, -0.90336, -0.303451, 0.36629, 0.852325, 0.373328, 0.184073, 0.861103, -0.46253, 0.211109, 0.995589, 0.0, 0.0, 0.0, 1.0],
                [-0.009961, 0.601578, 0.798752, 0.124094, -0.593292, -0.646555, 0.479553, 0.193045, 0.804926, -0.469116, 0.363352, 1.282953, 0.0, 0.0, 0.0, 1.0],
                [0.761525, 0.107488, 0.639161, 0.374995, -0.53947, -0.441471, 0.716991, 0.000946, 0.359238, -0.890814, -0.278204, 1.368926, 0.0, 0.0, 0.0, 1.0]
            ]
        },
        {
            "name": "FKHand_R",
            "time": [0.0, 0.1667, 0.3667, 0.4667, 0.5667, 0.65, 0.8167, 1.0],
            "transform": [
                [1.0, -0.0, -0.0, -0.0, 0.0, 0.907833, -0.419332, 0.300557, 0.0, 0.419332, 0.907833, 0.0, 0.0, 0.0, 0.0, 1.0],
                [1.0, 0.0, 0.0, 0.0, -0.0, 0.899764, -0.436376, 0.300556, 0.0, 0.436376, 0.899764, -0.0, 0.0, 0.0, 0.0, 1.0],
                [1.0, -0.0, 0.0, 0.0, 0.0, 0.899764, -0.436376, 0.300556, 0.0, 0.436376, 0.899764, 0.0, 0.0, 0.0, 0.0, 1.0],
                [1.0, -0.0, 0.0, -0.0, 0.0, 0.713025, -0.701138, 0.300556, 0.0, 0.701138, 0.713025, 0.0, 0.0, 0.0, 0.0, 1.0],
                [1.0, 0.0, 0.0, -0.0, 0.0, 0.660065, -0.751209, 0.300556, 0.0, 0.751209, 0.660065, -0.0, 0.0, 0.0, 0.0, 1.0],
                [1.0, -0.0, 0.0, 0.0, 0.0, 0.692197, -0.721708, 0.300557, -0.0, 0.721708, 0.692198, 0.0, 0.0, 0.0, 0.0, 1.0],
                [1.0, -0.0, 0.0, 0.0, -0.0, 0.831337, -0.555769, 0.300556, 0.0, 0.555769, 0.831337, 0.0, 0.0, 0.0, 0.0, 1.0],
                [1.0, -0.0, -0.0, -0.0, 0.0, 0.907833, -0.419332, 0.300557, 0.0, 0.419332, 0.907833, 0.0, 0.0, 0.0, 0.0, 1.0]
            ]
        },
        {
            "name": "Tool_R_Visual",
            "time": [0.0, 0.1667, 0.2667, 0.3167, 0.3667, 0.4667, 0.5667, 0.65, 0.8167, 1.0],
            "transform": [
                [0.802859, -0.241253, -0.545173, 0.507561, -0.380241, 0.497092, -0.779946, -0.154281, 0.459166, 0.833484, 0.307361, 0.854803, 0.0, 0.0, 0.0, 1.0],
                [-0.652651, -0.747388, 0.124326, 0.897383, -0.742108, 0.597517, -0.303724, -0.206566, 0.152713, -0.290489, -0.944614, 1.322181, 0.0, 0.0, 0.0, 1.0],
                [-0.297211, 0.885711, 0.356625, 0.073418, -0.207657, 0.304602, -0.929568, 1.096567, -0.931958, -0.350333, 0.093393, 0.495338, 0.0, 0.0, 0.0, 1.0],
