{
    "animation": [
        {
            "name": "Root",
            "time": [0.0, 0.0167, 0.0333, 0.05, 0.0667, 0.0833, 0.1, 0.1167, 0.1333, 0.15, 0.1667, 0.1833, 0.2, 0.2167, 0.2333, 0.25, 0.2667, 0.2833, 0.3, 0.3167, 0.3333, 0.35, 0.3667, 0.3833, 0.4, 0.4167, 0.4333, 0.45, 0.4667, 0.4833, 0.5, 0.5167, 0.5333, 0.55, 0.5667, 0.5833, 0.6, 0.6167, 0.6333, 0.65, 0.6667, 0.6833, 0.7, 0.7167, 0.7333, 0.75, 0.7667, 0.7833, 0.8, 0.8167, 0.8333, 0.85, 0.8667, 0.8833, 0.9, 0.9167, 0.9333, 0.95, 0.9667, 0.9833, 1.0],
            "transform": [
                [0.987076, 0.0, 0.160251, -5e-06, 0.160251, 0.0, -0.987076, 0.000946, 0.0, 1.0, 0.0, 0.739346, 0.0, 0.0, 0.0, 1.0],
                [0.990346, 0.0, 0.13862, -5e-06, 0.13862, 0.0, -0.990346, 0.000946, 0.0, 1.0, 0.0, 0.697966, 0.0, 0.0, 0.0, 1.0],
                [0.995749, 0.0, 0.092109, -5e-06, 0.092109, 0.0, -0.995749, 0.000946, 0.0, 1.0, 0.0, 0.596997, 0.0, 0.0, 0.0, 1.0],
                [0.997526, 0.0, 0.070304, -5e-06, 0.070304, 0.0, -0.997526, 0.000946, 0.0, 1.0, 0.0, 0.517326, 0.0, 0.0, 0.0, 1.0],
                [0.996772, 0.039503, 0.069892, -0.00198, 0.069836, 0.002784, -0.997555, 0.012868, -0.039601, 0.999216, 1.6e-05, 0.468865, 0.0, 0.0, 0.0, 1.0],
                [0.987416, 0.142382, 0.068826, -0.007124, 0.068091, 0.010035, -0.997629, 0.044054, -0.142735, 0.989761, 0.000214, 0.434501, 0.0, 0.0, 0.0, 1.0],
                [0.967469, 0.243733, 0.067808, -0.012191, 0.065599, 0.017178, -0.997698, 0.075245, -0.244337, 0.96969, 0.00063, 0.418255, 0.0, 0.0, 0.0, 1.0],
                [0.957086, 0.281848, 0.067439, -0.014097, 0.064453, 0.019864, -0.997723, 0.087172, -0.282545, 0.959254, 0.000846, 0.414674, 0.0, 0.0, 0.0, 1.0],
                [0.963285, 0.259819, 0.067651, -0.012996, 0.06513, 0.018312, -0.997709, 0.083458, -0.260462, 0.965484, 0.000717, 0.422749, 0.0, 0.0, 0.0, 1.0],
                [0.97668, 0.20358, 0.068206, -0.010184, 0.066681, 0.014348, -0.997671, 0.07303, -0.204084, 0.978953, 0.000438, 0.443263, 0.0, 0.0, 0.0, 1.0],
                [0.988894, 0.131664, 0.068936, -0.006588, 0.068309, 0.00928, -0.997621, 0.057564, -0.131991, 0.991251, 0.000183, 0.469383, 0.0, 0.0, 0.0, 1.0],
                [0.995515, 0.064041, 0.069636, -0.003207, 0.069489, 0.004514, -0.997572, 0.039161, -0.0642, 0.997937, 4.3e-05, 0.493949, 0.0, 0.0, 0.0, 1.0],
                [0.997395, 0.016888, 0.070128, -0.000849, 0.070118, 0.00119, -0.997538, 0.019791, -0.01693, 0.999857, 3e-06, 0.511145, 0.0, 0.0, 0.0, 1.0],
                [0.997526, 0.0, 0.070304, -5e-06, 0.070304, 0.0, -0.997526, 0.000946, 0.0, 1.0, 0.0, 0.517326, 0.0, 0.0, 0.0, 1.0],
                [0.997526, 0.0, 0.070304, -5e-06, 0.070304, 0.0, -0.997526, -0.023763, 0.0, 1.0, 0.0, 0.517326, 0.0, 0.0, 0.0, 1.0],
                [0.997526, 0.0, 0.070304, -5e-06, 0.070304, 0.0, -0.997526, -0.053864, 0.0, 1.0, 0.0, 0.517326, 0.0, 0.0, 0.0, 1.0],
                [0.997526, 0.0, 0.070304, -5e-06, 0.070304, 0.0, -0.997526, -0.083916, 0.0, 1.0, 0.0, 0.517326, 0.0, 0.0, 0.0, 1.0],
                [0.997526, 0.0, 0.070304, -5e-06, 0.070304, 0.0, -0.997526, -0.108826, 0.0, 1.0, 0.0, 0.517326, 0.0, 0.0, 0.0, 1.0],
                [0.997526, 0.0, 0.070304, -5e-06, 0.070304, 0.0, -0.997526, -0.12498, 0.0, 1.0, 0.0, 0.517326, 0.0, 0.0, 0.0, 1.0],
                [0.997526, 0.0, 0.070304, -5e-06, 0.070304, 0.0, -0.997526, -0.130525, 0.0, 1.0, 0.0, 0.517326, 0.0, 0.0, 0.0, 1.0],
                [0.997526, 0.0, 0.070304, -5e-06, 0.070304, 0.0, -0.997526, -0.130525, 0.0, 1.0, 0.0, 0.517326, 0.0, 0.0, 0.0, 1.0],
                [0.997526, 0.0, 0.070304, -5e-06, 0.070304, 0.0, -0.997526, -0.130525, 0.0, 1.0, 0.0, 0.517326, 0.0, 0.0, 0.0, 1.0],
                [0.997526, 0.0, 0.070304, -5e-06, 0.070304, 0.0, -0.997526, -0.130525, 0.0, 1.0, 0.0, 0.517326, 0.0, 0.0, 0.0, 1.0],
                [0.997526, 0.0, 0.070304, -5e-06, 0.070304, 0.0, -0.997526, -0.130525, 0.0, 1.0, 0.0, 0.517326, 0.0, 0.0, 0.0, 1.0],
                [0.997526, 0.0, 0.070304, -5e-06, 0.070304, 0.0, -0.997526, -0.130525, 0.0, 1.0, 0.0, 0.517326, 0.0, 0.0, 0.0, 1.0],
                [0.997526, 0.0, 0.070304, -5e-06, 0.070304, 0.0, -0.997526, -0.130525, 0.0, 1.0, 0.0, 0.517326, 0.0, 0.0, 0.0, 1.0],
                [0.997526, 0.0, 0.070304, -5e-06, 0.070304, 0.0, -0.997526, -0.130525, 0.0, 1.0, 0.0, 0.517326, 0.0, 0.0, 0.0, 1.0],
                [0.997526, 0.0, 0.070304, -5e-06, 0.070304, 0.0, -0.997526, -0.130525, 0.0, 1.0, 0.0, 0.517326, 0.0, 0.0, 0.0, 1.0],
                [0.997526, 0.0, 0.070304, -5e-06, 0.070304, 0.0, -0.997526, -0.130525, 0.0, 1.0, 0.0, 0.517326, 0.0, 0.0, 0.0, 1.0],
                [0.997526, 0.0, 0.070304, -5e-06, 0.070304, 0.0, -0.997526, -0.130525, 0.0, 1.0, 0.0, 0.517326, 0.0, 0.0, 0.0, 1.0],
                [0.997526, 0.0, 0.070304, -5e-06, 0.070304, 0.0, -0.997526, -0.130525, 0.0, 1.0, 0.0, 0.517326, 0.0, 0.0, 0.0, 1.0],
                [0.997526, 0.0, 0.070304, -5e-06, 0.070304, 0.0, -0.997526, -0.130525, 0.0, 1.0, 0.0, 0.517326, 0.0, 0.0, 0.0, 1.0],
                [0.997526, 0.0, 0.070304, -5e-06, 0.070304, 0.0, -0.997526, -0.130525, 0.0, 1.0, 0.0, 0.517326, 0.0, 0.0, 0.0, 1.0],
                [0.997526, 0.0, 0.070304, -5e-06, 0.070304, 0.0, -0.997526, -0.130525, 0.0, 1.0, 0.0, 0.517326, 0.0, 0.0, 0.0, 1.0],
                [0.997526, 0.0, 0.070304, -5e-06, 0.070304, 0.0, -0.997526, -0.130525, 0.0, 1.0, 0.0, 0.517326, 0.0, 0.0, 0.0, 1.0],
                [0.997504, 0.0, 0.070612, 3.6e-05, 0.070612, 0.0, -0.997504, -0.130076, 0.0, 1.0, 0.0, 0.518083, 0.0, 0.0, 0.0, 1.0],
                [0.997425, 0.0, 0.071712, 0.000178, 0.071712, 0.0, -0.997425, -0.128475, 0.0, 1.0, 0.0, 0.520786, 0.0, 0.0, 0.0, 1.0],
                [0.997277, 0.0, 0.073748, 0.000432, 0.073748, 0.0, -0.997277, -0.125511, 0.0, 1.0, 0.0, 0.525791, 0.0, 0.0, 0.0, 1.0],
                [0.997066, 0.0, 0.076548, 0.000762, 0.076548, 0.0, -0.997066, -0.121434, 0.0, 1.0, 0.0, 0.532674, 0.0, 0.0, 0.0, 1.0],
                [0.996815, 0.0, 0.079747, 0.00111, 0.079747, 0.0, -0.996815, -0.116772, 0.0, 1.0, 0.0, 0.540542, 0.0, 0.0, 0.0, 1.0],
                [0.996453, 0.0, 0.084148, 0.001541, 0.084148, 0.0, -0.996453, -0.110357, 0.0, 1.0, 0.0, 0.551366, 0.0, 0.0, 0.0, 1.0],
                [0.996031, 0.0, 0.089005, 0.001951, 0.089005, 0.0, -0.996031, -0.103273, 0.0, 1.0, 0.0, 0.563316, 0.0, 0.0, 0.0, 1.0],
                [0.99557, 0.0, 0.094019, 0.002302, 0.094019, 0.0, -0.99557, -0.095956, 0.0, 1.0, 0.0, 0.575657, 0.0, 0.0, 0.0, 1.0],
                [0.995081, 0.0, 0.099061, 0.00258, 0.099061, 0.0, -0.995081, -0.088594, 0.0, 1.0, 0.0, 0.588072, 0.0, 0.0, 0.0, 1.0],
                [0.994571, 0.0, 0.104056, 0.002783, 0.104056, 0.0, -0.994571, -0.081298, 0.0, 1.0, 0.0, 0.600377, 0.0, 0.0, 0.0, 1.0],
                [0.994047, 0.0, 0.10895, 0.002911, 0.10895, 0.0, -0.994047, -0.074146, 0.0, 1.0, 0.0, 0.612439, 0.0, 0.0, 0.0, 1.0],
                [0.993515, 0.0, 0.113697, 0.002967, 0.113697, 0.0, -0.993515, -0.067206, 0.0, 1.0, 0.0, 0.624144, 0.0, 0.0, 0.0, 1.0],
                [0.992983, 0.0, 0.118254, 0.00296, 0.118254, 0.0, -0.992983, -0.060542, 0.0, 1.0, 0.0, 0.635387, 0.0, 0.0, 0.0, 1.0],
                [0.992459, 0.0, 0.122575, 0.002896, 0.122575, 0.0, -0.992459, -0.054221, 0.0, 1.0, 0.0, 0.646054, 0.0, 0.0, 0.0, 1.0],
                [0.991953, 0.0, 0.126608, 0.002786, 0.126608, 0.0, -0.991953, -0.048319, 0.0, 1.0, 0.0, 0.656016, 0.0, 0.0, 0.0, 1.0],
                [0.991427, 0.0, 0.130663, 0.002628, 0.130663, 0.0, -0.991427, -0.042384, 0.0, 1.0, 0.0, 0.666037, 0.0, 0.0, 0.0, 1.0],
                [0.990836, 0.0, 0.135069, 0.0024, 0.135069, 0.0, -0.990836, -0.035934, 0.0, 1.0, 0.0, 0.676932, 0.0, 0.0, 0.0, 1.0],
                [0.990231, 0.0, 0.139434, 0.002119, 0.139434, 0.0, -0.990231, -0.029543, 0.0, 1.0, 0.0, 0.687732, 0.0, 0.0, 0.0, 1.0],
                [0.989636, 0.0, 0.143599, 0.001797, 0.143599, 0.0, -0.989636, -0.023445, 0.0, 1.0, 0.0, 0.698044, 0.0, 0.0, 0.0, 1.0],
                [0.989067, 0.0, 0.147468, 0.001452, 0.147468, 0.0, -0.989067, -0.017778, 0.0, 1.0, 0.0, 0.70763, 0.0, 0.0, 0.0, 1.0],
                [0.988539, 0.0, 0.150968, 0.001102, 0.150968, 0.0, -0.988539, -0.012652, 0.0, 1.0, 0.0, 0.716305, 0.0, 0.0, 0.0, 1.0],
                [0.988066, 0.0, 0.154028, 0.000766, 0.154028, 0.0, -0.988066, -0.00817, 0.0, 1.0, 0.0, 0.723896, 0.0, 0.0, 0.0, 1.0],
                [0.987666, 0.0, 0.156576, 0.000464, 0.156576, 0.0, -0.987666, -0.004437, 0.0, 1.0, 0.0, 0.73022, 0.0, 0.0, 0.0, 1.0],
                [0.987354, 0.0, 0.158532, 0.00022, 0.158532, 0.0, -0.987354, -0.001572, 0.0, 1.0, 0.0, 0.735076, 0.0, 0.0, 0.0, 1.0],
                [0.98715, 0.0, 0.159797, 5.6e-05, 0.159797, 0.0, -0.98715, 0.000281, 0.0, 1.0, 0.0, 0.738218, 0.0, 0.0, 0.0, 1.0],
                [0.987076, 0.0, 0.160251, -5e-06, 0.160251, 0.0, -0.987076, 0.000946, 0.0, 1.0, 0.0, 0.739346, 0.0, 0.0, 0.0, 1.0]
            ]
        },
        {
            "name": "Thigh_R",
            "time": [0.0, 0.0167, 0.0333, 0.05, 0.0667, 0.0833, 0.1, 0.1167, 0.1333, 0.15, 0.1667, 0.1833, 0.2, 0.2167, 0.2333, 0.25, 0.2667, 0.2833, 0.3, 0.3167, 0.3333, 0.35, 0.3667, 0.3833, 0.4, 0.4167, 0.4333, 0.45, 0.4667, 0.4833, 0.5, 0.5167, 0.5333, 0.55, 0.5667, 0.5833, 0.6, 0.6167, 0.6333, 0.65, 0.6667, 0.6833, 0.7, 0.7167, 0.7333, 0.75, 0.7667, 0.7833, 0.8, 0.8167, 0.8333, 0.85, 0.8667, 0.8833, 0.9, 0.9167, 0.9333, 0.95, 0.9667, 0.9833, 1.0],
            "transform": [
                [0.961653, 0.225772, 0.155718, 0.124994, 0.180479, -0.948441, 0.260546, -0.002831, 0.206521, -0.222452, -0.952781, -1.2e-05, 0.0, 0.0, 0.0, 1.0],
                [0.977825, 0.189256, 0.089662, 0.121357, 0.155355, -0.942641, 0.295448, 0.004189, 0.140439, -0.274959, -0.951105, 0.022268, 0.0, 0.0, 0.0, 1.0],
                [0.995754, 0.03264, 0.086075, 0.113573, 0.039116, -0.996438, -0.074629, 0.019211, 0.083335, 0.077701, -0.993455, 0.069944, 0.0, 0.0, 0.0, 1.0],
                [0.996234, -0.053737, 0.068042, 0.109936, -0.029149, -0.946676, -0.320831, 0.026231, 0.081658, 0.317667, -0.944652, 0.092224, 0.0, 0.0, 0.0, 1.0],
                [0.996656, -0.014792, 0.080354, 0.110221, 0.009695, -0.955113, -0.29604, 0.026231, 0.081129, 0.295858, -0.951754, 0.088189, 0.0, 0.0, 0.0, 1.0],
                [0.989577, 0.080162, 0.119622, 0.110964, 0.119369, -0.921297, -0.370043, 0.026231, 0.080546, 0.380496, -0.921244, 0.077635, 0.0, 0.0, 0.0, 1.0],
                [0.969103, 0.166002, 0.182424, 0.111708, 0.233152, -0.85788, -0.457872, 0.026231, 0.080493, 0.486291, -0.87006, 0.067081, 0.0, 0.0, 0.0, 1.0],
                [0.957395, 0.194557, 0.213392, 0.111993, 0.277299, -0.825669, -0.491263, 0.026231, 0.080615, 0.529539, -0.844425, 0.063046, 0.0, 0.0, 0.0, 1.0],
                [0.964386, 0.175313, 0.198041, 0.111828, 0.251928, -0.836918, -0.485865, 0.026231, 0.080568, 0.518486, -0.851261, 0.065383, 0.0, 0.0, 0.0, 1.0],
                [0.978758, 0.125775, 0.161895, 0.111412, 0.188516, -0.862523, -0.469555, 0.026231, 0.080582, 0.490132, -0.867892, 0.071288, 0.0, 0.0, 0.0, 1.0],
                [0.990656, 0.061507, 0.121717, 0.110886, 0.109851, -0.888808, -0.444883, 0.026231, 0.080822, 0.454127, -0.887239, 0.07874, 0.0, 0.0, 0.0, 1.0],
                [0.995976, 0.000709, 0.08961, 0.110397, 0.037882, -0.909561, -0.413806, 0.026231, 0.081215, 0.415565, -0.905904, 0.08568, 0.0, 0.0, 0.0, 1.0],
                [0.996604, -0.041048, 0.071386, 0.110058, -0.011427, -0.927452, -0.373733, 0.026231, 0.081552, 0.371676, -0.924746, 0.090499, 0.0, 0.0, 0.0, 1.0],
                [0.996234, -0.053737, 0.068042, 0.109936, -0.029149, -0.946676, -0.320831, 0.026231, 0.081658, 0.317667, -0.944652, 0.092224, 0.0, 0.0, 0.0, 1.0],
                [0.996223, -0.048537, 0.071995, 0.109936, -0.029661, -0.96952, -0.243169, 0.026231, 0.081607, 0.240142, -0.967273, 0.092224, 0.0, 0.0, 0.0, 1.0],
                [0.996209, -0.042409, 0.07596, 0.109936, -0.030286, -0.987575, -0.154141, 0.026231, 0.081556, 0.151282, -0.985091, 0.092224, 0.0, 0.0, 0.0, 1.0],
                [0.996193, -0.036414, 0.07921, 0.109936, -0.030912, -0.997089, -0.069585, 0.026231, 0.081516, 0.066896, -0.994394, 0.092224, 0.0, 0.0, 0.0, 1.0],
                [0.996179, -0.031504, 0.081459, 0.109936, -0.031431, -0.999496, -0.002154, 0.026231, 0.081489, -0.00039, -0.996643, 0.092224, 0.0, 0.0, 0.0, 1.0],
                [0.996169, -0.028337, 0.082728, 0.109936, -0.031768, -0.998669, 0.040474, 0.026231, 0.081474, -0.042924, -0.995719, 0.092224, 0.0, 0.0, 0.0, 1.0],
                [0.996166, -0.027252, 0.083131, 0.109936, -0.031883, -0.997975, 0.054917, 0.026231, 0.081469, -0.057334, -0.994993, 0.092224, 0.0, 0.0, 0.0, 1.0],
                [0.996166, -0.027252, 0.083131, 0.109936, -0.031883, -0.997975, 0.054917, 0.026231, 0.081469, -0.057334, -0.994993, 0.092224, 0.0, 0.0, 0.0, 1.0],
                [0.996166, -0.027252, 0.083131, 0.109936, -0.031883, -0.997975, 0.054917, 0.026231, 0.081469, -0.057334, -0.994993, 0.092224, 0.0, 0.0, 0.0, 1.0],
                [0.996166, -0.027252, 0.083131, 0.109936, -0.031883, -0.997975, 0.054917, 0.026231, 0.081469, -0.057334, -0.994993, 0.092224, 0.0, 0.0, 0.0, 1.0],
                [0.996166, -0.027252, 0.083131, 0.109936, -0.031883, -0.997975, 0.054917, 0.026231, 0.081469, -0.057334, -0.994993, 0.092224, 0.0, 0.0, 0.0, 1.0],
                [0.996166, -0.027252, 0.083131, 0.109936, -0.031883, -0.997975, 0.054917, 0.026231, 0.081469, -0.057334, -0.994993, 0.092224, 0.0, 0.0, 0.0, 1.0],
                [0.996166, -0.027252, 0.083131, 0.109936, -0.031883, -0.997975, 0.054917, 0.026231, 0.081469, -0.057334, -0.994993, 0.092224, 0.0, 0.0, 0.0, 1.0],
                [0.996166, -0.027252, 0.083131, 0.109936, -0.031883, -0.997975, 0.054917, 0.026231, 0.081469, -0.057334, -0.994993, 0.092224, 0.0, 0.0, 0.0, 1.0],
                [0.996166, -0.027252, 0.083131, 0.109936, -0.031883, -0.997975, 0.054917, 0.026231, 0.081469, -0.057334, -0.994993, 0.092224, 0.0, 0.0, 0.0, 1.0],
                [0.996166, -0.027252, 0.083131, 0.109936, -0.031883, -0.997975, 0.054917, 0.026231, 0.081469, -0.057334, -0.994993, 0.092224, 0.0, 0.0, 0.0, 1.0],
                [0.996166, -0.027252, 0.083131, 0.109936, -0.031883, -0.997975, 0.054917, 0.026231, 0.081469, -0.057334, -0.994993, 0.092224, 0.0, 0.0, 0.0, 1.0],
                [0.996166, -0.027252, 0.083131, 0.109936, -0.031883, -0.997975, 0.054917, 0.026231, 0.081469, -0.057334, -0.994993, 0.092224, 0.0, 0.0, 0.0, 1.0],
                [0.996166, -0.027252, 0.083131, 0.109936, -0.031883, -0.997975, 0.054917, 0.026231, 0.081469, -0.057334, -0.994993, 0.092224, 0.0, 0.0, 0.0, 1.0],
                [0.996166, -0.027252, 0.083131, 0.109936, -0.031883, -0.997975, 0.054917, 0.026231, 0.081469, -0.057334, -0.994993, 0.092224, 0.0, 0.0, 0.0, 1.0],
                [0.996166, -0.027252, 0.083131, 0.109936, -0.031883, -0.997975, 0.054917, 0.026231, 0.081469, -0.057334, -0.994993, 0.092224, 0.0, 0.0, 0.0, 1.0],
                [0.996166, -0.027252, 0.083131, 0.109936, -0.031883, -0.997975, 0.054917, 0.026231, 0.081469, -0.057334, -0.994993, 0.092224, 0.0, 0.0, 0.0, 1.0],
                [0.996202, -0.025992, 0.083094, 0.109988, -0.030843, -0.997853, 0.057659, 0.026132, 0.08142, -0.05998, -0.994841, 0.091909, 0.0, 0.0, 0.0, 1.0],
                [0.996323, -0.021509, 0.082924, 0.110171, -0.027138, -0.997352, 0.06738, 0.025778, 0.081258, -0.06936, -0.994244, 0.090786, 0.0, 0.0, 0.0, 1.0],
                [0.996505, -0.01328, 0.082469, 0.11051, -0.020314, -0.996161, 0.085074, 0.025122, 0.081026, -0.08643, -0.992925, 0.088707, 0.0, 0.0, 0.0, 1.0],
                [0.996665, -0.002116, 0.081568, 0.110977, -0.011009, -0.994003, 0.108748, 0.024221, 0.080852, -0.109261, -0.990686, 0.085847, 0.0, 0.0, 0.0, 1.0],
                [0.996724, 0.010416, 0.080194, 0.111511, -0.000492, -0.990863, 0.134835, 0.023192, 0.080869, -0.134411, -0.987586, 0.082579, 0.0, 0.0, 0.0, 1.0],
                [0.996596, 0.027237, 0.07781, 0.112245, 0.013745, -0.985525, 0.168943, 0.021775, 0.081289, -0.167278, -0.982519, 0.078082, 0.0, 0.0, 0.0, 1.0],
                [0.99618, 0.045223, 0.074692, 0.113055, 0.029121, -0.978516, 0.204083, 0.020211, 0.08232, -0.201109, -0.976069, 0.073118, 0.0, 0.0, 0.0, 1.0],
                [0.995463, 0.063145, 0.071169, 0.113892, 0.044578, -0.97037, 0.237459, 0.018595, 0.084057, -0.233191, -0.968755, 0.067991, 0.0, 0.0, 0.0, 1.0],
                [0.99446, 0.080512, 0.067571, 0.114734, 0.059648, -0.961591, 0.267915, 0.01697, 0.086549, -0.262383, -0.961038, 0.062833, 0.0, 0.0, 0.0, 1.0],
                [0.993201, 0.097089, 0.064221, 0.115569, 0.074059, -0.952654, 0.294889, 0.01536, 0.089814, -0.288111, -0.953338, 0.057721, 0.0, 0.0, 0.0, 1.0],
                [0.991723, 0.112752, 0.06141, 0.116387, 0.087627, -0.943991, 0.318117, 0.013781, 0.093842, -0.310087, -0.946027, 0.05271, 0.0, 0.0, 0.0, 1.0],
                [0.990068, 0.127426, 0.059388, 0.117181, 0.100218, -0.935967, 0.337516, 0.012249, 0.098597, -0.328198, -0.939411, 0.047847, 0.0, 0.0, 0.0, 1.0],
                [0.988281, 0.141053, 0.058344, 0.117943, 0.111728, -0.928878, 0.353127, 0.010777, 0.104008, -0.342457, -0.93372, 0.043177, 0.0, 0.0, 0.0, 1.0],
                [0.98641, 0.153566, 0.058405, 0.118667, 0.122076, -0.922961, 0.365015, 0.009381, 0.109963, -0.352913, -0.929133, 0.038745, 0.0, 0.0, 0.0, 1.0],
                [0.984511, 0.164891, 0.059571, 0.119342, 0.131198, -0.918291, 0.37353, 0.008077, 0.1163, -0.359918, -0.925667, 0.034606, 0.0, 0.0, 0.0, 1.0],
                [0.98245, 0.175903, 0.062042, 0.120022, 0.139804, -0.914627, 0.379352, 0.006765, 0.123479, -0.364011, -0.923134, 0.030444, 0.0, 0.0, 0.0, 1.0],
                [0.980033, 0.187387, 0.066487, 0.120761, 0.148461, -0.912067, 0.382218, 0.005339, 0.132268, -0.364707, -0.921641, 0.025917, 0.0, 0.0, 0.0, 1.0],
                [0.977445, 0.198162, 0.073016, 0.121493, 0.156264, -0.911218, 0.381129, 0.003925, 0.142064, -0.361116, -0.921596, 0.021431, 0.0, 0.0, 0.0, 1.0],
                [0.974781, 0.207698, 0.081624, 0.122193, 0.16293, -0.912314, 0.375678, 0.002576, 0.1525, -0.352899, -0.92311, 0.017147, 0.0, 0.0, 0.0, 1.0],
                [0.972115, 0.215645, 0.09213, 0.122843, 0.168381, -0.915335, 0.365794, 0.001321, 0.163218, -0.340077, -0.926086, 0.013164, 0.0, 0.0, 0.0, 1.0],
                [0.969526, 0.221728, 0.104182, 0.123431, 0.172645, -0.920103, 0.351568, 0.000185, 0.173817, -0.322865, -0.930308, 0.00956, 0.0, 0.0, 0.0, 1.0],
                [0.967106, 0.225751, 0.117221, 0.123946, 0.175815, -0.926271, 0.333328, -0.000808, 0.183834, -0.301752, -0.935456, 0.006407, 0.0, 0.0, 0.0, 1.0],
                [0.964965, 0.227651, 0.130441, 0.124375, 0.178029, -0.933308, 0.31183, -0.001636, 0.192738, -0.277683, -0.941102, 0.003779, 0.0, 0.0, 0.0, 1.0],
                [0.963238, 0.227647, 0.142645, 0.124704, 0.179446, -0.940368, 0.28897, -0.002272, 0.19993, -0.25275, -0.946611, 0.001762, 0.0, 0.0, 0.0, 1.0],
                [0.962078, 0.226515, 0.151971, 0.124917, 0.180226, -0.946078, 0.269171, -0.002683, 0.204755, -0.231575, -0.950987, 0.000457, 0.0, 0.0, 0.0, 1.0],
                [0.961653, 0.225772, 0.155718, 0.124994, 0.180479, -0.948441, 0.260546, -0.002831, 0.206521, -0.222452, -0.952781, -1.2e-05, 0.0, 0.0, 0.0, 1.0]
            ]
        },
        {
            "name": "Leg_R",
            "time": [0.0, 0.0167, 0.0333, 0.05, 0.0667, 0.0833, 0.1, 0.1167, 0.1333, 0.15, 0.1667, 0.1833, 0.2, 0.2167, 0.2333, 0.25, 0.2667, 0.2833, 0.3, 0.3167, 0.3333, 0.35, 0.3667, 0.3833, 0.4, 0.4167, 0.4333, 0.45, 0.4667, 0.4833, 0.5, 0.5167, 0.5333, 0.55, 0.5667, 0.5833, 0.6, 0.6167, 0.6333, 0.65, 0.6667, 0.6833, 0.7, 0.7167, 0.7333, 0.75, 0.7667, 0.7833, 0.8, 0.8167, 0.8333, 0.85, 0.8667, 0.8833, 0.9, 0.9167, 0.9333, 0.95, 0.9667, 0.9833, 1.0],
            "transform": [
                [1.0, -0.00031, -0.000159, 0.0, 0.000342, 0.960817, 0.277175, 0.375166, 6.7e-05, -0.277184, 0.960819, 0.0, 0.0, 0.0, 0.0, 1.0],
                [1.0, -0.000749, -0.000403, -0.0, 0.000826, 0.742387, 0.669953, 0.375166, -0.000203, -0.669986, 0.742397, 0.0, 0.0, 0.0, 0.0, 1.0],
                [0.999999, -0.000827, -0.000481, 0.0, 0.000912, 0.672763, 0.739839, 0.375166, -0.000289, -0.739876, 0.672776, 0.0, 0.0, 0.0, 0.0, 1.0],
                [1.0, -0.000765, -0.000417, -0.0, 0.000843, 0.729705, 0.683742, 0.375166, -0.000218, -0.683778, 0.729716, 0.0, 0.0, 0.0, 0.0, 1.0],
                [0.999999, -0.000901, -0.000571, 0.0, 0.000994, 0.591937, 0.805964, 0.375166, -0.000388, -0.806004, 0.59195, -0.0, 0.0, 0.0, 0.0, 1.0],
                [0.999999, -0.000905, -0.000577, 0.0, 0.000998, 0.586963, 0.809594, 0.375166, -0.000394, -0.809634, 0.586976, 0.0, 0.0, 0.0, 0.0, 1.0],
                [0.999999, -0.000841, -0.000496, 0.0, 0.000927, 0.659359, 0.751808, 0.375166, -0.000305, -0.751846, 0.659371, -0.0, 0.0, 0.0, 0.0, 1.0],
                [1.0, -0.0008, -0.000452, -0.0, 0.000882, 0.698949, 0.715151, 0.375166, -0.000256, -0.715188, 0.698961, -0.0, 0.0, 0.0, 0.0, 1.0],
                [1.0, -0.000792, -0.000444, 0.0, 0.000874, 0.705765, 0.708426, 0.375166, -0.000248, -0.708463, 0.705777, -0.0, 0.0, 0.0, 0.0, 1.0],
                [1.0, -0.000772, -0.000424, 0.0, 0.000851, 0.723547, 0.690255, 0.375166, -0.000226, -0.690291, 0.723559, -0.0, 0.0, 0.0, 0.0, 1.0],
                [1.0, -0.000742, -0.000397, -0.0, 0.000818, 0.74811, 0.663555, 0.375166, -0.000196, -0.66359, 0.748121, -0.0, 0.0, 0.0, 0.0, 1.0],
                [1.0, -0.000716, -0.000374, -0.0, 0.00079, 0.768089, 0.640323, 0.375166, -0.000171, -0.640357, 0.7681, 0.0, 0.0, 0.0, 0.0, 1.0],
                [1.0, -0.000718, -0.000376, 0.0, 0.000792, 0.766882, 0.641769, 0.375166, -0.000172, -0.641802, 0.766893, 0.0, 0.0, 0.0, 0.0, 1.0],
                [1.0, -0.000765, -0.000417, -0.0, 0.000843, 0.729705, 0.683742, 0.375166, -0.000218, -0.683778, 0.729716, 0.0, 0.0, 0.0, 0.0, 1.0],
                [0.999999, -0.000847, -0.000503, 0.0, 0.000934, 0.652723, 0.757577, 0.375166, -0.000313, -0.757614, 0.652736, -0.0, 0.0, 0.0, 0.0, 1.0],
                [0.999999, -0.000923, -0.000602, 0.0, 0.001018, 0.564788, 0.825216, 0.375166, -0.000422, -0.825255, 0.564801, 0.0, 0.0, 0.0, 0.0, 1.0],
                [0.999999, -0.000979, -0.000693, 0.0, 0.00108, 0.483373, 0.875395, 0.375166, -0.000522, -0.875435, 0.483387, 0.0, 0.0, 0.0, 0.0, 1.0],
                [0.999999, -0.001014, -0.000763, 0.0, 0.001119, 0.420844, 0.907115, 0.375166, -0.000599, -0.907154, 0.420857, -0.0, 0.0, 0.0, 0.0, 1.0],
                [0.999999, -0.001033, -0.000805, -0.0, 0.001139, 0.382636, 0.923881, 0.375166, -0.000646, -0.92392, 0.382649, -0.0, 0.0, 0.0, 0.0, 1.0],
                [0.999999, -0.001039, -0.00082, -0.0, 0.001146, 0.369946, 0.929035, 0.375166, -0.000662, -0.929074, 0.369959, 0.0, 0.0, 0.0, 0.0, 1.0],
                [0.999999, -0.001039, -0.00082, -0.0, 0.001146, 0.369946, 0.929035, 0.375166, -0.000662, -0.929074, 0.369959, 0.0, 0.0, 0.0, 0.0, 1.0],
                [0.999999, -0.001039, -0.00082, -0.0, 0.001146, 0.369946, 0.929035, 0.375166, -0.000662, -0.929074, 0.369959, 0.0, 0.0, 0.0, 0.0, 1.0],
                [0.999999, -0.001039, -0.00082, -0.0, 0.001146, 0.369946, 0.929035, 0.375166, -0.000662, -0.929074, 0.369959, 0.0, 0.0, 0.0, 0.0, 1.0],
                [0.999999, -0.001039, -0.00082, -0.0, 0.001146, 0.369946, 0.929035, 0.375166, -0.000662, -0.929074, 0.369959, 0.0, 0.0, 0.0, 0.0, 1.0],
                [0.999999, -0.001039, -0.00082, -0.0, 0.001146, 0.369946, 0.929035, 0.375166, -0.000662, -0.929074, 0.369959, 0.0, 0.0, 0.0, 0.0, 1.0],
                [0.999999, -0.001039, -0.00082, -0.0, 0.001146, 0.369946, 0.929035, 0.375166, -0.000662, -0.929074, 0.369959, 0.0, 0.0, 0.0, 0.0, 1.0],
                [0.999999, -0.001039, -0.00082, -0.0, 0.001146, 0.369946, 0.929035, 0.375166, -0.000662, -0.929074, 0.369959, 0.0, 0.0, 0.0, 0.0, 1.0],
                [0.999999, -0.001039, -0.00082, -0.0, 0.001146, 0.369946, 0.929035, 0.375166, -0.000662, -0.929074, 0.369959, 0.0, 0.0, 0.0, 0.0, 1.0],
                [0.999999, -0.001039, -0.00082, -0.0, 0.001146, 0.369946, 0.929035, 0.375166, -0.000662, -0.929074, 0.369959, 0.0, 0.0, 0.0, 0.0, 1.0],
                [0.999999, -0.001039, -0.00082, -0.0, 0.001146, 0.369946, 0.929035, 0.375166, -0.000662, -0.929074, 0.369959, 0.0, 0.0, 0.0, 0.0, 1.0],
                [0.999999, -0.001039, -0.00082, -0.0, 0.001146, 0.369946, 0.929035, 0.375166, -0.000662, -0.929074, 0.369959, 0.0, 0.0, 0.0, 0.0, 1.0],
                [0.999999, -0.001039, -0.00082, -0.0, 0.001146, 0.369946, 0.929035, 0.375166, -0.000662, -0.929074, 0.369959, 0.0, 0.0, 0.0, 0.0, 1.0],
                [0.999999, -0.001039, -0.00082, -0.0, 0.001146, 0.369946, 0.929035, 0.375166, -0.000662, -0.929074, 0.369959, 0.0, 0.0, 0.0, 0.0, 1.0],
                [0.999999, -0.001039, -0.00082, -0.0, 0.001146, 0.369946, 0.929035, 0.375166, -0.000662, -0.929074, 0.369959, 0.0, 0.0, 0.0, 0.0, 1.0],
                [0.999999, -0.001039, -0.00082, -0.0, 0.001146, 0.369946, 0.929035, 0.375166, -0.000662, -0.929074, 0.369959, 0.0, 0.0, 0.0, 0.0, 1.0],
                [0.999999, -0.001039, -0.00082, -0.0, 0.001146, 0.369301, 0.929292, 0.375166, -0.000663, -0.929331, 0.369314, -0.0, 0.0, 0.0, 0.0, 1.0],
                [0.999999, -0.00104, -0.000823, -0.0, 0.001147, 0.367146, 0.930146, 0.375166, -0.000665, -0.930184, 0.367159, -0.0, 0.0, 0.0, 0.0, 1.0],
                [0.999999, -0.001042, -0.000826, -0.0, 0.001149, 0.363769, 0.931471, 0.375166, -0.00067, -0.93151, 0.363782, -0.0, 0.0, 0.0, 0.0, 1.0],
                [0.999999, -0.001043, -0.00083, -0.0, 0.00115, 0.360424, 0.932771, 0.375166, -0.000674, -0.932809, 0.360437, 0.0, 0.0, 0.0, 0.0, 1.0],
                [0.999999, -0.001044, -0.000832, 0.0, 0.001151, 0.358443, 0.933534, 0.375166, -0.000676, -0.933573, 0.358456, -0.0, 0.0, 0.0, 0.0, 1.0],
                [1.0, -0.001044, -0.000832, 0.0, 0.001151, 0.358929, 0.933348, 0.375166, -0.000676, -0.933385, 0.358941, -0.0, 0.0, 0.0, 0.0, 1.0],
                [0.999999, -0.001042, -0.000826, 0.0, 0.001149, 0.363785, 0.931465, 0.375166, -0.00067, -0.931503, 0.363798, 0.0, 0.0, 0.0, 0.0, 1.0],
                [0.999999, -0.001037, -0.000816, 0.0, 0.001144, 0.37356, 0.927589, 0.375166, -0.000658, -0.927626, 0.373572, 0.0, 0.0, 0.0, 0.0, 1.0],
                [0.999999, -0.001031, -0.000799, 0.0, 0.001137, 0.388271, 0.921527, 0.375166, -0.000639, -0.921566, 0.388284, -0.0, 0.0, 0.0, 0.0, 1.0],
                [0.999999, -0.001021, -0.000777, 0.0, 0.001126, 0.407678, 0.913108, 0.375166, -0.000615, -0.913146, 0.407691, 0.0, 0.0, 0.0, 0.0, 1.0],
                [1.0, -0.001009, -0.000751, -0.0, 0.001113, 0.431363, 0.902161, 0.375166, -0.000586, -0.902199, 0.431376, -0.0, 0.0, 0.0, 0.0, 1.0],
                [0.999999, -0.000994, -0.00072, -0.0, 0.001096, 0.458761, 0.888542, 0.375166, -0.000552, -0.88858, 0.458774, 0.0, 0.0, 0.0, 0.0, 1.0],
                [0.999999, -0.000975, -0.000686, -0.0, 0.001076, 0.489163, 0.872174, 0.375166, -0.000515, -0.872212, 0.489177, 0.0, 0.0, 0.0, 0.0, 1.0],
                [0.999999, -0.000954, -0.00065, -0.0, 0.001052, 0.521833, 0.853029, 0.375166, -0.000475, -0.853067, 0.521846, 0.0, 0.0, 0.0, 0.0, 1.0],
                [0.999999, -0.00093, -0.000612, -0.0, 0.001025, 0.555512, 0.83149, 0.375166, -0.000433, -0.831528, 0.555525, 0.0, 0.0, 0.0, 0.0, 1.0],
                [0.999999, -0.000901, -0.000571, -0.0, 0.000993, 0.592556, 0.80551, 0.375166, -0.000387, -0.805547, 0.59257, -0.0, 0.0, 0.0, 0.0, 1.0],
                [0.999999, -0.000862, -0.000521, 0.0, 0.000951, 0.636531, 0.771232, 0.375166, -0.000333, -0.771269, 0.636544, -0.0, 0.0, 0.0, 0.0, 1.0],
                [0.999999, -0.000816, -0.000469, -0.0, 0.0009, 0.683764, 0.729684, 0.375166, -0.000275, -0.72972, 0.683777, -0.0, 0.0, 0.0, 0.0, 1.0],
                [1.0, -0.000761, -0.000414, 0.0, 0.00084, 0.732375, 0.680882, 0.375166, -0.000215, -0.680916, 0.732386, 0.0, 0.0, 0.0, 0.0, 1.0],
                [1.0, -0.000699, -0.00036, 0.0, 0.000771, 0.780624, 0.624983, 0.375166, -0.000156, -0.625014, 0.780634, -0.0, 0.0, 0.0, 0.0, 1.0],
                [1.0, -0.000629, -0.000309, 0.0, 0.000694, 0.826793, 0.562489, 0.375166, -9.9e-05, -0.562517, 0.826802, -0.0, 0.0, 0.0, 0.0, 1.0],
                [1.0, -0.000553, -0.000261, 0.0, 0.00061, 0.869099, 0.494622, 0.375166, -4.6e-05, -0.494647, 0.869106, -0.0, 0.0, 0.0, 0.0, 1.0],
                [1.0, -0.000474, -0.00022, 0.0, 0.000523, 0.905721, 0.42386, 0.375166, -1e-06, -0.42388, 0.905726, 0.0, 0.0, 0.0, 0.0, 1.0],
                [1.0, -0.000397, -0.000188, -0.0, 0.000438, 0.934697, 0.355434, 0.375166, 3.4e-05, -0.355449, 0.9347, 0.0, 0.0, 0.0, 0.0, 1.0],
                [1.0, -0.000336, -0.000167, -0.0, 0.00037, 0.953859, 0.300247, 0.375166, 5.8e-05, -0.300258, 0.953861, 0.0, 0.0, 0.0, 0.0, 1.0],
                [1.0, -0.00031, -0.000159, 0.0, 0.000342, 0.960817, 0.277175, 0.375166, 6.7e-05, -0.277184, 0.960819, 0.0, 0.0, 0.0, 0.0, 1.0]
            ]
        },
        {
            "name": "Knee_R",
            "time": [0.0, 0.0167, 0.0333, 0.05, 0.0667, 0.0833, 0.1, 0.1167, 0.1333, 0.15, 0.1667, 0.1833, 0.2, 0.2167, 0.2333, 0.25, 0.2667, 0.2833, 0.3, 0.3167, 0.3333, 0.35, 0.3667, 0.3833, 0.4, 0.4167, 0.4333, 0.45, 0.4667, 0.4833, 0.5, 0.5167, 0.5333, 0.55, 0.5667, 0.5833, 0.6, 0.6167, 0.6333, 0.65, 0.6667, 0.6833, 0.7, 0.7167, 0.7333, 0.75, 0.7667, 0.7833, 0.8, 0.8167, 0.8333, 0.85, 0.8667, 0.8833, 0.9, 0.9167, 0.9333, 0.95, 0.9667, 0.9833, 1.0],
            "transform": [
                [1.0, -5.7e-05, 5.4e-05, 0.0, 5.7e-05, 0.048757, -0.998811, 0.375166, 5.4e-05, 0.998811, 0.048757, 0.0, 0.0, 0.0, 0.0, 1.0],
                [1.0, -5.7e-05, 5.4e-05, -0.0, 5.7e-05, 0.048757, -0.998811, 0.375166, 5.4e-05, 0.998811, 0.048757, 0.0, 0.0, 0.0, 0.0, 1.0],
                [1.0, -5.7e-05, 5.4e-05, 0.0, 5.7e-05, 0.048757, -0.998811, 0.375166, 5.4e-05, 0.998811, 0.048757, 0.0, 0.0, 0.0, 0.0, 1.0],
                [1.0, -5.7e-05, 5.4e-05, -0.0, 5.7e-05, 0.048757, -0.998811, 0.375166, 5.4e-05, 0.998811, 0.048757, 0.0, 0.0, 0.0, 0.0, 1.0],
                [1.0, -5.7e-05, 5.4e-05, 0.0, 5.7e-05, 0.048757, -0.998811, 0.375166, 5.4e-05, 0.998811, 0.048757, -0.0, 0.0, 0.0, 0.0, 1.0],
                [1.0, -5.7e-05, 5.4e-05, 0.0, 5.7e-05, 0.048757, -0.998811, 0.375166, 5.4e-05, 0.998811, 0.048757, 0.0, 0.0, 0.0, 0.0, 1.0],
                [1.0, -5.7e-05, 5.4e-05, 0.0, 5.7e-05, 0.048757, -0.998811, 0.375166, 5.4e-05, 0.998811, 0.048757, -0.0, 0.0, 0.0, 0.0, 1.0],
                [1.0, -5.7e-05, 5.4e-05, -0.0, 5.7e-05, 0.048757, -0.998811, 0.375166, 5.4e-05, 0.998811, 0.048757, -0.0, 0.0, 0.0, 0.0, 1.0],
                [1.0, -5.7e-05, 5.4e-05, 0.0, 5.7e-05, 0.048757, -0.998811, 0.375166, 5.4e-05, 0.998811, 0.048757, -0.0, 0.0, 0.0, 0.0, 1.0],
                [1.0, -5.7e-05, 5.4e-05, 0.0, 5.7e-05, 0.048757, -0.998811, 0.375166, 5.4e-05, 0.998811, 0.048757, -0.0, 0.0, 0.0, 0.0, 1.0],
                [1.0, -5.7e-05, 5.4e-05, -0.0, 5.7e-05, 0.048757, -0.998811, 0.375166, 5.4e-05, 0.998811, 0.048757, -0.0, 0.0, 0.0, 0.0, 1.0],
                [1.0, -5.7e-05, 5.4e-05, -0.0, 5.7e-05, 0.048757, -0.998811, 0.375166, 5.4e-05, 0.998811, 0.048757, 0.0, 0.0, 0.0, 0.0, 1.0],
                [1.0, -5.7e-05, 5.4e-05, 0.0, 5.7e-05, 0.048757, -0.998811, 0.375166, 5.4e-05, 0.998811, 0.048757, 0.0, 0.0, 0.0, 0.0, 1.0],
                [1.0, -5.7e-05, 5.4e-05, -0.0, 5.7e-05, 0.048757, -0.998811, 0.375166, 5.4e-05, 0.998811, 0.048757, 0.0, 0.0, 0.0, 0.0, 1.0],
                [1.0, -5.7e-05, 5.4e-05, 0.0, 5.7e-05, 0.048757, -0.998811, 0.375166, 5.4e-05, 0.998811, 0.048757, -0.0, 0.0, 0.0, 0.0, 1.0],
                [1.0, -5.7e-05, 5.4e-05, 0.0, 5.7e-05, 0.048757, -0.998811, 0.375166, 5.4e-05, 0.998811, 0.048757, 0.0, 0.0, 0.0, 0.0, 1.0],
                [1.0, -5.7e-05, 5.4e-05, 0.0, 5.7e-05, 0.048757, -0.998811, 0.375166, 5.4e-05, 0.998811, 0.048757, 0.0, 0.0, 0.0, 0.0, 1.0],
                [1.0, -5.7e-05, 5.4e-05, 0.0, 5.7e-05, 0.048757, -0.998811, 0.375166, 5.4e-05, 0.998811, 0.048757, -0.0, 0.0, 0.0, 0.0, 1.0],
                [1.0, -5.7e-05, 5.4e-05, -0.0, 5.7e-05, 0.048757, -0.998811, 0.375166, 5.4e-05, 0.998811, 0.048757, -0.0, 0.0, 0.0, 0.0, 1.0],
                [1.0, -5.7e-05, 5.4e-05, -0.0, 5.7e-05, 0.048757, -0.998811, 0.375166, 5.4e-05, 0.998811, 0.048757, 0.0, 0.0, 0.0, 0.0, 1.0],
                [1.0, -5.7e-05, 5.4e-05, -0.0, 5.7e-05, 0.048757, -0.998811, 0.375166, 5.4e-05, 0.998811, 0.048757, 0.0, 0.0, 0.0, 0.0, 1.0],
                [1.0, -5.7e-05, 5.4e-05, -0.0, 5.7e-05, 0.048757, -0.998811, 0.375166, 5.4e-05, 0.998811, 0.048757, 0.0, 0.0, 0.0, 0.0, 1.0],
                [1.0, -5.7e-05, 5.4e-05, -0.0, 5.7e-05, 0.048757, -0.998811, 0.375166, 5.4e-05, 0.998811, 0.048757, 0.0, 0.0, 0.0, 0.0, 1.0],
                [1.0, -5.7e-05, 5.4e-05, -0.0, 5.7e-05, 0.048757, -0.998811, 0.375166, 5.4e-05, 0.998811, 0.048757, 0.0, 0.0, 0.0, 0.0, 1.0],
                [1.0, -5.7e-05, 5.4e-05, -0.0, 5.7e-05, 0.048757, -0.998811, 0.375166, 5.4e-05, 0.998811, 0.048757, 0.0, 0.0, 0.0, 0.0, 1.0],
                [1.0, -5.7e-05, 5.4e-05, -0.0, 5.7e-05, 0.048757, -0.998811, 0.375166, 5.4e-05, 0.998811, 0.048757, 0.0, 0.0, 0.0, 0.0, 1.0],
                [1.0, -5.7e-05, 5.4e-05, -0.0, 5.7e-05, 0.048757, -0.998811, 0.375166, 5.4e-05, 0.998811, 0.048757, 0.0, 0.0, 0.0, 0.0, 1.0],
                [1.0, -5.7e-05, 5.4e-05, -0.0, 5.7e-05, 0.048757, -0.998811, 0.375166, 5.4e-05, 0.998811, 0.048757, 0.0, 0.0, 0.0, 0.0, 1.0],
                [1.0, -5.7e-05, 5.4e-05, -0.0, 5.7e-05, 0.048757, -0.998811, 0.375166, 5.4e-05, 0.998811, 0.048757, 0.0, 0.0, 0.0, 0.0, 1.0],
                [1.0, -5.7e-05, 5.4e-05, -0.0, 5.7e-05, 0.048757, -0.998811, 0.375166, 5.4e-05, 0.998811, 0.048757, 0.0, 0.0, 0.0, 0.0, 1.0],
                [1.0, -5.7e-05, 5.4e-05, -0.0, 5.7e-05, 0.048757, -0.998811, 0.375166, 5.4e-05, 0.998811, 0.048757, 0.0, 0.0, 0.0, 0.0, 1.0],
                [1.0, -5.7e-05, 5.4e-05, -0.0, 5.7e-05, 0.048757, -0.998811, 0.375166, 5.4e-05, 0.998811, 0.048757, 0.0, 0.0, 0.0, 0.0, 1.0],
                [1.0, -5.7e-05, 5.4e-05, -0.0, 5.7e-05, 0.048757, -0.998811, 0.375166, 5.4e-05, 0.998811, 0.048757, 0.0, 0.0, 0.0, 0.0, 1.0],
                [1.0, -5.7e-05, 5.4e-05, -0.0, 5.7e-05, 0.048757, -0.998811, 0.375166, 5.4e-05, 0.998811, 0.048757, 0.0, 0.0, 0.0, 0.0, 1.0],
                [1.0, -5.7e-05, 5.4e-05, -0.0, 5.7e-05, 0.048757, -0.998811, 0.375166, 5.4e-05, 0.998811, 0.048757, 0.0, 0.0, 0.0, 0.0, 1.0],
                [1.0, -5.7e-05, 5.4e-05, -0.0, 5.7e-05, 0.048757, -0.998811, 0.375166, 5.4e-05, 0.998811, 0.048757, -0.0, 0.0, 0.0, 0.0, 1.0],
                [1.0, -5.7e-05, 5.4e-05, -0.0, 5.7e-05, 0.048757, -0.998811, 0.375166, 5.4e-05, 0.998811, 0.048757, -0.0, 0.0, 0.0, 0.0, 1.0],
                [1.0, -5.7e-05, 5.4e-05, -0.0, 5.7e-05, 0.048757, -0.998811, 0.375166, 5.4e-05, 0.998811, 0.048757, -0.0, 0.0, 0.0, 0.0, 1.0],
                [1.0, -5.7e-05, 5.4e-05, -0.0, 5.7e-05, 0.048757, -0.998811, 0.375166, 5.4e-05, 0.998811, 0.048757, 0.0, 0.0, 0.0, 0.0, 1.0],
                [1.0, -5.7e-05, 5.4e-05, 0.0, 5.7e-05, 0.048757, -0.998811, 0.375166, 5.4e-05, 0.998811, 0.048757, -0.0, 0.0, 0.0, 0.0, 1.0],
                [1.0, -5.7e-05, 5.4e-05, 0.0, 5.7e-05, 0.048757, -0.998811, 0.375166, 5.4e-05, 0.998811, 0.048757, -0.0, 0.0, 0.0, 0.0, 1.0],
                [1.0, -5.7e-05, 5.4e-05, 0.0, 5.7e-05, 0.048757, -0.998811, 0.375166, 5.4e-05, 0.998811, 0.048757, 0.0, 0.0, 0.0, 0.0, 1.0],
                [1.0, -5.7e-05, 5.4e-05, 0.0, 5.7e-05, 0.048757, -0.998811, 0.375166, 5.4e-05, 0.998811, 0.048757, 0.0, 0.0, 0.0, 0.0, 1.0],
                [1.0, -5.7e-05, 5.4e-05, 0.0, 5.7e-05, 0.048757, -0.998811, 0.375166, 5.4e-05, 0.998811, 0.048757, -0.0, 0.0, 0.0, 0.0, 1.0],
                [1.0, -5.7e-05, 5.4e-05, 0.0, 5.7e-05, 0.048757, -0.998811, 0.375166, 5.4e-05, 0.998811, 0.048757, 0.0, 0.0, 0.0, 0.0, 1.0],
                [1.0, -5.7e-05, 5.4e-05, -0.0, 5.7e-05, 0.048757, -0.998811, 0.375166, 5.4e-05, 0.998811, 0.048757, -0.0, 0.0, 0.0, 0.0, 1.0],
                [1.0, -5.7e-05, 5.4e-05, -0.0, 5.7e-05, 0.048757, -0.998811, 0.375166, 5.4e-05, 0.998811, 0.048757, 0.0, 0.0, 0.0, 0.0, 1.0],
                [1.0, -5.7e-05, 5.4e-05, -0.0, 5.7e-05, 0.048757, -0.998811, 0.375166, 5.4e-05, 0.998811, 0.048757, 0.0, 0.0, 0.0, 0.0, 1.0],
                [1.0, -5.7e-05, 5.4e-05, -0.0, 5.7e-05, 0.048757, -0.998811, 0.375166, 5.4e-05, 0.998811, 0.048757, 0.0, 0.0, 0.0, 0.0, 1.0],
                [1.0, -5.7e-05, 5.4e-05, -0.0, 5.7e-05, 0.048757, -0.998811, 0.375166, 5.4e-05, 0.998811, 0.048757, 0.0, 0.0, 0.0, 0.0, 1.0],
                [1.0, -5.7e-05, 5.4e-05, -0.0, 5.7e-05, 0.048757, -0.998811, 0.375166, 5.4e-05, 0.998811, 0.048757, -0.0, 0.0, 0.0, 0.0, 1.0],
                [1.0, -5.7e-05, 5.4e-05, 0.0, 5.7e-05, 0.048757, -0.998811, 0.375166, 5.4e-05, 0.998811, 0.048757, -0.0, 0.0, 0.0, 0.0, 1.0],
                [1.0, -5.7e-05, 5.4e-05, -0.0, 5.7e-05, 0.048757, -0.998811, 0.375166, 5.4e-05, 0.998811, 0.048757, -0.0, 0.0, 0.0, 0.0, 1.0],
                [1.0, -5.7e-05, 5.4e-05, 0.0, 5.7e-05, 0.048757, -0.998811, 0.375166, 5.4e-05, 0.998811, 0.048757, 0.0, 0.0, 0.0, 0.0, 1.0],
                [1.0, -5.7e-05, 5.4e-05, 0.0, 5.7e-05, 0.048757, -0.998811, 0.375166, 5.4e-05, 0.998811, 0.048757, -0.0, 0.0, 0.0, 0.0, 1.0],
                [1.0, -5.7e-05, 5.4e-05, 0.0, 5.7e-05, 0.048757, -0.998811, 0.375166, 5.4e-05, 0.998811, 0.048757, -0.0, 0.0, 0.0, 0.0, 1.0],
                [1.0, -5.7e-05, 5.4e-05, 0.0, 5.7e-05, 0.048757, -0.998811, 0.375166, 5.4e-05, 0.998811, 0.048757, -0.0, 0.0, 0.0, 0.0, 1.0],
                [1.0, -5.7e-05, 5.4e-05, 0.0, 5.7e-05, 0.048757, -0.998811, 0.375166, 5.4e-05, 0.998811, 0.048757, 0.0, 0.0, 0.0, 0.0, 1.0],
                [1.0, -5.7e-05, 5.4e-05, -0.0, 5.7e-05, 0.048757, -0.998811, 0.375166, 5.4e-05, 0.998811, 0.048757, 0.0, 0.0, 0.0, 0.0, 1.0],
                [1.0, -5.7e-05, 5.4e-05, -0.0, 5.7e-05, 0.048757, -0.998811, 0.375166, 5.4e-05, 0.998811, 0.048757, 0.0, 0.0, 0.0, 0.0, 1.0],
                [1.0, -5.7e-05, 5.4e-05, 0.0, 5.7e-05, 0.048757, -0.998811, 0.375166, 5.4e-05, 0.998811, 0.048757, 0.0, 0.0, 0.0, 0.0, 1.0]
            ]
        },
        {
            "name": "Thigh_L",
            "time": [0.0, 0.0167, 0.0333, 0.05, 0.0667, 0.0833, 0.1, 0.1167, 0.1333, 0.15, 0.1667, 0.1833, 0.2, 0.2167, 0.2333, 0.25, 0.2667, 0.2833, 0.3, 0.3167, 0.3333, 0.35, 0.3667, 0.3833, 0.4, 0.4167, 0.4333, 0.45, 0.4667, 0.4833, 0.5, 0.5167, 0.5333, 0.55, 0.5667, 0.5833, 0.6, 0.6167, 0.6333, 0.65, 0.6667, 0.6833, 0.7, 0.7167, 0.7333, 0.75, 0.7667, 0.7833, 0.8, 0.8167, 0.8333, 0.85, 0.8667, 0.8833, 0.9, 0.9167, 0.9333, 0.95, 0.9667, 0.9833, 1.0],
            "transform": [
                [0.990583, -0.118566, 0.068466, -0.125006, -0.130632, -0.96821, 0.213315, -0.002831, 0.041, -0.220246, -0.974535, -1.2e-05, 0.0, 0.0, 0.0, 1.0],
                [0.994178, -0.081749, 0.070189, -0.123501, -0.104269, -0.894122, 0.435508, -0.002065, 0.027157, -0.440286, -0.897397, -0.02457, 0.0, 0.0, 0.0, 1.0],
                [0.999553, -0.020332, 0.021924, -0.119814, -0.029896, -0.666313, 0.745059, -0.000268, -0.00054, -0.745379, -0.666585, -0.08442, 0.0, 0.0, 0.0, 1.0],
                [0.999758, -0.001578, -0.021945, -0.116867, 0.018581, -0.473596, 0.880529, 0.000984, -0.011783, -0.880722, -0.473418, -0.131478, 0.0, 0.0, 0.0, 1.0],
                [0.997974, 0.012596, -0.06236, -0.114993, 0.062214, -0.398208, 0.915165, 0.001387, -0.013306, -0.917188, -0.398154, -0.159758, 0.0, 0.0, 0.0, 1.0],
                [0.985639, 0.054713, -0.159753, -0.113574, 0.168227, -0.400308, 0.900791, 0.001351, -0.014667, -0.914724, -0.403734, -0.179742, 0.0, 0.0, 0.0, 1.0],
                [0.963097, 0.107546, -0.24673, -0.112821, 0.268636, -0.440933, 0.856381, 0.001107, -0.016693, -0.89105, -0.453524, -0.189407, 0.0, 0.0, 0.0, 1.0],
