{
    "animation": [
        {
            "name": "Root",
            "time": [0.0, 0.0167, 0.0333, 0.05, 0.0667, 0.0833, 0.1, 0.1167, 0.1333, 0.15, 0.1667, 0.1833, 0.2, 0.2167, 0.2333, 0.25, 0.2667, 0.2833, 0.3, 0.3167, 0.3333, 0.35, 0.3667, 0.3833, 0.4, 0.4167, 0.4333, 0.45, 0.4667, 0.4833, 0.5, 0.5167, 0.5333, 0.55, 0.5667, 0.5833, 0.6, 0.6167, 0.6333, 0.65, 0.6667],
            "transform": [
                [0.997526, 0.0, 0.070304, -5e-06, 0.070304, 0.0, -0.997526, -0.130525, 0.0, 1.0, 0.0, 0.517326, 0.0, 0.0, 0.0, 1.0],
                [0.997512, 0.0, 0.070493, 8e-06, 0.070493, 0.0, -0.997512, -0.067535, 0.0, 1.0, 0.0, 0.494724, 0.0, 0.0, 0.0, 1.0],
                [0.997474, 0.0, 0.071028, -5.3e-05, 0.071028, 0.0, -0.997474, 0.067254, 0.0, 1.0, 0.0, 0.446358, 0.0, 0.0, 0.0, 1.0],
                [0.997414, 0.0, 0.071871, -0.000208, 0.071871, 0.0, -0.997414, 0.130243, 0.0, 1.0, 0.0, 0.423756, 0.0, 0.0, 0.0, 1.0],
                [0.997333, 0.0, 0.07299, -0.000322, 0.07299, 0.0, -0.997333, 0.118839, 0.0, 1.0, 0.0, 0.423756, 0.0, 0.0, 0.0, 1.0],
                [0.997232, 0.0, 0.074358, -0.000403, 0.074358, 0.0, -0.997232, 0.099038, 0.0, 1.0, 0.0, 0.423756, 0.0, 0.0, 0.0, 1.0],
                [0.997111, 0.0, 0.075953, -0.000434, 0.075953, 0.0, -0.997111, 0.076758, 0.0, 1.0, 0.0, 0.423756, 0.0, 0.0, 0.0, 1.0],
                [0.996973, 0.0, 0.077755, -0.000398, 0.077755, 0.0, -0.996973, 0.053663, 0.0, 1.0, 0.0, 0.423756, 0.0, 0.0, 0.0, 1.0],
                [0.996815, 0.0, 0.079749, -0.000285, 0.079749, 0.0, -0.996815, 0.030538, 0.0, 1.0, 0.0, 0.423756, 0.0, 0.0, 0.0, 1.0],
                [0.996639, 0.0, 0.081919, -8.5e-05, 0.081919, 0.0, -0.996639, 0.007854, 0.0, 1.0, 0.0, 0.423756, 0.0, 0.0, 0.0, 1.0],
                [0.996444, 0.0, 0.084253, 0.000205, 0.084253, 0.0, -0.996444, -0.014054, 0.0, 1.0, 0.0, 0.423756, 0.0, 0.0, 0.0, 1.0],
                [0.996231, 0.0, 0.08674, 0.000587, 0.08674, 0.0, -0.996231, -0.034912, 0.0, 1.0, 0.0, 0.423756, 0.0, 0.0, 0.0, 1.0],
                [0.995999, 0.0, 0.08937, 0.001056, 0.08937, 0.0, -0.995999, -0.054475, 0.0, 1.0, 0.0, 0.423756, 0.0, 0.0, 0.0, 1.0],
                [0.995747, 0.0, 0.092134, 0.001604, 0.092134, 0.0, -0.995747, -0.072501, 0.0, 1.0, 0.0, 0.423756, 0.0, 0.0, 0.0, 1.0],
                [0.995475, 0.0, 0.095024, 0.002221, 0.095024, 0.0, -0.995475, -0.08874, 0.0, 1.0, 0.0, 0.423756, 0.0, 0.0, 0.0, 1.0],
                [0.995183, 0.0, 0.098033, 0.002886, 0.098033, 0.0, -0.995183, -0.102916, 0.0, 1.0, 0.0, 0.423756, 0.0, 0.0, 0.0, 1.0],
                [0.994871, 0.0, 0.101153, 0.003578, 0.101153, 0.0, -0.994871, -0.114715, 0.0, 1.0, 0.0, 0.423756, 0.0, 0.0, 0.0, 1.0],
                [0.994538, 0.0, 0.104379, 0.004263, 0.104379, 0.0, -0.994538, -0.123767, 0.0, 1.0, 0.0, 0.423756, 0.0, 0.0, 0.0, 1.0],
                [0.994183, 0.0, 0.107705, 0.004901, 0.107705, 0.0, -0.994183, -0.12962, 0.0, 1.0, 0.0, 0.423756, 0.0, 0.0, 0.0, 1.0],
                [0.993807, 0.0, 0.111123, 0.005436, 0.111123, 0.0, -0.993807, -0.131709, 0.0, 1.0, 0.0, 0.423756, 0.0, 0.0, 0.0, 1.0],
                [0.993408, 0.0, 0.114629, 0.005781, 0.114629, 0.0, -0.993408, -0.128932, 0.0, 1.0, 0.0, 0.430316, 0.0, 0.0, 0.0, 1.0],
                [0.992988, 0.0, 0.118215, 0.005944, 0.118215, 0.0, -0.992988, -0.122549, 0.0, 1.0, 0.0, 0.445455, 0.0, 0.0, 0.0, 1.0],
                [0.992546, 0.0, 0.121872, 0.005964, 0.121872, 0.0, -0.992546, -0.114138, 0.0, 1.0, 0.0, 0.465422, 0.0, 0.0, 0.0, 1.0],
                [0.992083, 0.0, 0.125587, 0.005863, 0.125587, 0.0, -0.992083, -0.104552, 0.0, 1.0, 0.0, 0.488187, 0.0, 0.0, 0.0, 1.0],
                [0.991601, 0.0, 0.129338, 0.00566, 0.129338, 0.0, -0.991601, -0.094406, 0.0, 1.0, 0.0, 0.512291, 0.0, 0.0, 0.0, 1.0],
                [0.991106, 0.0, 0.133071, 0.005382, 0.133071, 0.0, -0.991106, -0.084299, 0.0, 1.0, 0.0, 0.536312, 0.0, 0.0, 0.0, 1.0],
                [0.990637, 0.0, 0.136524, 0.005066, 0.136524, 0.0, -0.990637, -0.07509, 0.0, 1.0, 0.0, 0.558206, 0.0, 0.0, 0.0, 1.0],
                [0.990202, 0.0, 0.13964, 0.004713, 0.13964, 0.0, -0.990202, -0.066589, 0.0, 1.0, 0.0, 0.578421, 0.0, 0.0, 0.0, 1.0],
                [0.989783, 0.0, 0.142582, 0.004315, 0.142582, 0.0, -0.989783, -0.058358, 0.0, 1.0, 0.0, 0.598005, 0.0, 0.0, 0.0, 1.0],
                [0.989383, 0.0, 0.145333, 0.003882, 0.145333, 0.0, -0.989383, -0.050442, 0.0, 1.0, 0.0, 0.616846, 0.0, 0.0, 0.0, 1.0],
                [0.989006, 0.0, 0.147877, 0.003424, 0.147877, 0.0, -0.989006, -0.042885, 0.0, 1.0, 0.0, 0.634839, 0.0, 0.0, 0.0, 1.0],
                [0.988655, 0.0, 0.150203, 0.002951, 0.150203, 0.0, -0.988655, -0.035731, 0.0, 1.0, 0.0, 0.65188, 0.0, 0.0, 0.0, 1.0],
                [0.988334, 0.0, 0.1523, 0.002475, 0.1523, 0.0, -0.988334, -0.029026, 0.0, 1.0, 0.0, 0.667858, 0.0, 0.0, 0.0, 1.0],
                [0.988046, 0.0, 0.154161, 0.002006, 0.154161, 0.0, -0.988046, -0.022818, 0.0, 1.0, 0.0, 0.682655, 0.0, 0.0, 0.0, 1.0],
                [0.987792, 0.0, 0.155778, 0.001558, 0.155778, 0.0, -0.987792, -0.017162, 0.0, 1.0, 0.0, 0.696142, 0.0, 0.0, 0.0, 1.0],
                [0.987575, 0.0, 0.157149, 0.001141, 0.157149, 0.0, -0.987575, -0.012119, 0.0, 1.0, 0.0, 0.708171, 0.0, 0.0, 0.0, 1.0],
                [0.987396, 0.0, 0.158269, 0.000768, 0.158269, 0.0, -0.987396, -0.007758, 0.0, 1.0, 0.0, 0.718574, 0.0, 0.0, 0.0, 1.0],
                [0.987256, 0.0, 0.159139, 0.000454, 0.159139, 0.0, -0.987256, -0.004162, 0.0, 1.0, 0.0, 0.727155, 0.0, 0.0, 0.0, 1.0],
                [0.987156, 0.0, 0.159759, 0.00021, 0.159759, 0.0, -0.987156, -0.001428, 0.0, 1.0, 0.0, 0.733678, 0.0, 0.0, 0.0, 1.0],
                [0.987096, 0.0, 0.160129, 5.2e-05, 0.160129, 0.0, -0.987096, 0.000324, 0.0, 1.0, 0.0, 0.737859, 0.0, 0.0, 0.0, 1.0],
                [0.987096, 0.0, 0.160129, 5.2e-05, 0.160129, 0.0, -0.987096, 0.000324, 0.0, 1.0, 0.0, 0.737859, 0.0, 0.0, 0.0, 1.0],
                [0.987096, 0.0, 0.160129, 5.2e-05, 0.160129, 0.0, -0.987096, 0.000324, 0.0, 1.0, 0.0, 0.737859, 0.0, 0.0, 0.0, 1.0]
            ]
        },
        {
            "name": "Thigh_R",
            "time": [0.0, 0.0167, 0.0333, 0.05, 0.0667, 0.0833, 0.1, 0.1167, 0.1333, 0.15, 0.1667, 0.1833, 0.2, 0.2167, 0.2333, 0.25, 0.2667, 0.2833, 0.3, 0.3167, 0.3333, 0.35, 0.3667, 0.3833, 0.4, 0.4167, 0.4333, 0.45, 0.4667, 0.4833, 0.5, 0.5167, 0.5333, 0.55, 0.5667, 0.5833, 0.6, 0.6167, 0.6333, 0.65, 0.6667],
            "transform": [
                [0.996166, -0.027252, 0.083131, 0.109936, -0.031883, -0.997975, 0.054917, 0.026231, 0.081469, -0.057334, -0.994993, 0.092224, 0.0, 0.0, 0.0, 1.0],
                [0.99619, -0.038074, 0.078454, 0.109968, -0.031358, -0.99587, -0.085102, 0.02617, 0.081373, 0.082343, -0.993247, 0.092031, 0.0, 0.0, 0.0, 1.0],
                [0.996253, -0.061061, 0.061253, 0.110057, -0.029653, -0.906434, -0.421268, 0.025998, 0.081248, 0.417903, -0.904827, 0.091485, 0.0, 0.0, 0.0, 1.0],
                [0.996346, -0.069225, 0.050026, 0.110197, -0.026444, -0.806971, -0.589964, 0.025727, 0.081213, 0.586518, -0.805832, 0.090624, 0.0, 0.0, 0.0, 1.0],
                [0.996458, -0.061611, 0.057222, 0.110384, -0.022322, -0.849938, -0.526373, 0.025367, 0.081068, 0.523264, -0.848283, 0.089482, 0.0, 0.0, 0.0, 1.0],
                [0.996568, -0.050935, 0.065246, 0.110612, -0.017353, -0.899293, -0.436962, 0.024926, 0.080934, 0.434362, -0.897071, 0.088084, 0.0, 0.0, 0.0, 1.0],
                [0.996659, -0.038393, 0.072087, 0.110878, -0.011435, -0.939522, -0.342253, 0.024413, 0.080871, 0.340316, -0.936803, 0.086455, 0.0, 0.0, 0.0, 1.0],
                [0.996711, -0.024318, 0.07731, 0.111178, -0.004569, -0.969257, -0.245952, 0.023833, 0.080918, 0.244819, -0.966161, 0.084614, 0.0, 0.0, 0.0, 1.0],
                [0.996699, -0.008936, 0.080685, 0.111511, 0.003222, -0.988777, -0.149283, 0.023191, 0.081117, 0.149079, -0.985466, 0.082578, 0.0, 0.0, 0.0, 1.0],
                [0.996601, 0.007517, 0.08203, 0.111873, 0.011903, -0.998507, -0.053092, 0.022493, 0.081511, 0.053915, -0.995186, 0.08036, 0.0, 0.0, 0.0, 1.0],
                [0.99639, 0.024801, 0.081193, 0.112262, 0.021431, -0.998872, 0.042133, 0.021741, 0.082149, -0.040215, -0.99578, 0.077975, 0.0, 0.0, 0.0, 1.0],
                [0.996037, 0.042608, 0.07807, 0.112677, 0.031752, -0.990276, 0.135383, 0.02094, 0.083082, -0.132343, -0.987686, 0.075433, 0.0, 0.0, 0.0, 1.0],
                [0.995515, 0.060642, 0.072603, 0.113116, 0.042802, -0.973181, 0.225989, 0.020093, 0.084363, -0.221844, -0.971395, 0.072745, 0.0, 0.0, 0.0, 1.0],
                [0.994798, 0.078556, 0.064839, 0.113577, 0.054509, -0.9483, 0.312636, 0.019203, 0.08605, -0.307454, -0.947632, 0.069919, 0.0, 0.0, 0.0, 1.0],
                [0.993861, 0.096047, 0.054914, 0.11406, 0.066794, -0.916559, 0.394264, 0.018272, 0.088203, -0.388155, -0.917329, 0.066963, 0.0, 0.0, 0.0, 1.0],
                [0.992677, 0.112854, 0.043078, 0.114562, 0.079573, -0.879216, 0.469717, 0.017302, 0.090888, -0.46283, -0.881739, 0.063886, 0.0, 0.0, 0.0, 1.0],
                [0.991224, 0.128808, 0.029703, 0.115084, 0.092767, -0.837895, 0.537878, 0.016296, 0.094175, -0.530384, -0.842473, 0.060693, 0.0, 0.0, 0.0, 1.0],
                [0.989479, 0.143872, 0.015249, 0.115623, 0.106302, -0.794458, 0.597932, 0.015255, 0.098144, -0.590003, -0.801374, 0.057391, 0.0, 0.0, 0.0, 1.0],
                [0.987412, 0.158165, 0.000335, 0.116179, 0.12013, -0.751324, 0.648897, 0.014183, 0.102888, -0.640673, -0.760847, 0.053986, 0.0, 0.0, 0.0, 1.0],
                [0.984989, 0.172015, -0.014404, 0.11675, 0.134237, -0.710843, 0.690412, 0.013079, 0.108526, -0.681967, -0.723243, 0.050484, 0.0, 0.0, 0.0, 1.0],
                [0.982583, 0.184078, -0.02539, 0.117337, 0.146395, -0.682685, 0.715888, 0.011948, 0.11445, -0.707122, -0.697723, 0.046892, 0.0, 0.0, 0.0, 1.0],
                [0.980516, 0.193989, -0.030902, 0.117937, 0.155392, -0.669749, 0.726138, 0.01079, 0.12017, -0.716779, -0.686822, 0.043217, 0.0, 0.0, 0.0, 1.0],
                [0.978685, 0.202826, -0.032204, 0.118549, 0.162247, -0.667492, 0.726716, 0.009608, 0.125906, -0.716439, -0.686149, 0.039467, 0.0, 0.0, 0.0, 1.0],
                [0.977, 0.211093, -0.030177, 0.119171, 0.167615, -0.67275, 0.720624, 0.008407, 0.131822, -0.709096, -0.692634, 0.035655, 0.0, 0.0, 0.0, 1.0],
                [0.975384, 0.219039, -0.025444, 0.1198, 0.171952, -0.683271, 0.70962, 0.007194, 0.138054, -0.696516, -0.70409, 0.031805, 0.0, 0.0, 0.0, 1.0],
                [0.973774, 0.226747, -0.01866, 0.120426, 0.175583, -0.69682, 0.695413, 0.005986, 0.144686, -0.680442, -0.718332, 0.02797, 0.0, 0.0, 0.0, 1.0],
                [0.972246, 0.23371, -0.010754, 0.121005, 0.178465, -0.711132, 0.680022, 0.004868, 0.151286, -0.66306, -0.733076, 0.024423, 0.0, 0.0, 0.0, 1.0],
                [0.97087, 0.239599, -0.001616, 0.121528, 0.180519, -0.727009, 0.662465, 0.003859, 0.157557, -0.643451, -0.749054, 0.021219, 0.0, 0.0, 0.0, 1.0],
                [0.969567, 0.244659, 0.008922, 0.122022, 0.181992, -0.744641, 0.642166, 0.002905, 0.163761, -0.620994, -0.766475, 0.018193, 0.0, 0.0, 0.0, 1.0],
                [0.968342, 0.248764, 0.020722, 0.122484, 0.182962, -0.763769, 0.619008, 0.002013, 0.16982, -0.595614, -0.785072, 0.015362, 0.0, 0.0, 0.0, 1.0],
                [0.967197, 0.251798, 0.033553, 0.122912, 0.18351, -0.783929, 0.593102, 0.001188, 0.175651, -0.567485, -0.804388, 0.012743, 0.0, 0.0, 0.0, 1.0],
                [0.96614, 0.253654, 0.047233, 0.123303, 0.183709, -0.804823, 0.56436, 0.000433, 0.181173, -0.53657, -0.824137, 0.010347, 0.0, 0.0, 0.0, 1.0],
                [0.965178, 0.254257, 0.061504, 0.123655, 0.183633, -0.826001, 0.53291, -0.000248, 0.186305, -0.503055, -0.843894, 0.008187, 0.0, 0.0, 0.0, 1.0],
                [0.96432, 0.253547, 0.076152, 0.123968, 0.18335, -0.847137, 0.498733, -0.000852, 0.19097, -0.466973, -0.863364, 0.00627, 0.0, 0.0, 0.0, 1.0],
                [0.963574, 0.251518, 0.090898, 0.124241, 0.182923, -0.867778, 0.462054, -0.001377, 0.195102, -0.428594, -0.882141, 0.004602, 0.0, 0.0, 0.0, 1.0],
                [0.962947, 0.248212, 0.105457, 0.124471, 0.182413, -0.887485, 0.423191, -0.001822, 0.19864, -0.388273, -0.899842, 0.003189, 0.0, 0.0, 0.0, 1.0],
                [0.962447, 0.243755, 0.119491, 0.12466, 0.181873, -0.905762, 0.382771, -0.002187, 0.20154, -0.346663, -0.916043, 0.002033, 0.0, 0.0, 0.0, 1.0],
                [0.962074, 0.238402, 0.132577, 0.124807, 0.181357, -0.922046, 0.341961, -0.002469, 0.203774, -0.304948, -0.930275, 0.001135, 0.0, 0.0, 0.0, 1.0],
                [0.961825, 0.232741, 0.14395, 0.124911, 0.180914, -0.935454, 0.303633, -0.002671, 0.205334, -0.266, -0.941812, 0.000496, 0.0, 0.0, 0.0, 1.0],
                [0.961691, 0.227876, 0.152379, 0.124973, 0.1806, -0.944857, 0.273178, -0.002791, 0.206235, -0.235194, -0.949778, 0.000115, 0.0, 0.0, 0.0, 1.0],
                [0.961691, 0.227876, 0.152379, 0.124973, 0.1806, -0.944857, 0.273178, -0.002791, 0.206235, -0.235194, -0.949778, 0.000115, 0.0, 0.0, 0.0, 1.0],
                [0.961691, 0.227876, 0.152379, 0.124973, 0.1806, -0.944857, 0.273178, -0.002791, 0.206235, -0.235194, -0.949778, 0.000115, 0.0, 0.0, 0.0, 1.0]
            ]
        },
        {
            "name": "Leg_R",
            "time": [0.0, 0.0167, 0.0333, 0.05, 0.0667, 0.0833, 0.1, 0.1167, 0.1333, 0.15, 0.1667, 0.1833, 0.2, 0.2167, 0.2333, 0.25, 0.2667, 0.2833, 0.3, 0.3167, 0.3333, 0.35, 0.3667, 0.3833, 0.4, 0.4167, 0.4333, 0.45, 0.4667, 0.4833, 0.5, 0.5167, 0.5333, 0.55, 0.5667, 0.5833, 0.6, 0.6167, 0.6333, 0.65, 0.6667],
            "transform": [
                [0.999999, -0.001039, -0.00082, -0.0, 0.001146, 0.369946, 0.929035, 0.375166, -0.000662, -0.929074, 0.369959, 0.0, 0.0, 0.0, 0.0, 1.0],
                [0.999999, -0.001004, -0.000741, -0.0, 0.001107, 0.440161, 0.897901, 0.375166, -0.000575, -0.89794, 0.440175, -0.0, 0.0, 0.0, 0.0, 1.0],
                [1.0, -0.000808, -0.00046, 0.0, 0.000891, 0.691117, 0.722723, 0.375166, -0.000266, -0.72276, 0.691129, 0.0, 0.0, 0.0, 0.0, 1.0],
                [1.0, -0.000604, -0.000292, 0.0, 0.000666, 0.84156, 0.540145, 0.375166, -8e-05, -0.540174, 0.841568, 0.0, 0.0, 0.0, 0.0, 1.0],
                [1.0, -0.000715, -0.000374, 0.0, 0.000789, 0.768611, 0.639697, 0.375166, -0.00017, -0.639731, 0.768621, -0.0, 0.0, 0.0, 0.0, 1.0],
                [0.999999, -0.000839, -0.000495, -0.0, 0.000926, 0.660627, 0.750694, 0.375166, -0.000304, -0.750732, 0.660639, -0.0, 0.0, 0.0, 0.0, 1.0],
                [0.999999, -0.000938, -0.000624, 0.0, 0.001034, 0.544504, 0.838739, 0.375166, -0.000447, -0.838778, 0.544518, -0.0, 0.0, 0.0, 0.0, 1.0],
                [0.999999, -0.00101, -0.000754, 0.0, 0.001114, 0.428636, 0.903459, 0.375166, -0.00059, -0.903498, 0.428649, -0.0, 0.0, 0.0, 0.0, 1.0],
                [0.999999, -0.001061, -0.000879, 0.0, 0.00117, 0.317148, 0.948358, 0.375166, -0.000727, -0.948397, 0.317161, -0.0, 0.0, 0.0, 0.0, 1.0],
                [0.999999, -0.001093, -0.000995, 0.0, 0.001205, 0.212654, 0.977111, 0.375166, -0.000856, -0.977148, 0.212666, 0.0, 0.0, 0.0, 0.0, 1.0],
                [0.999999, -0.001111, -0.001103, -0.0, 0.001225, 0.116334, 0.993194, 0.375166, -0.000975, -0.993229, 0.116344, 0.0, 0.0, 0.0, 0.0, 1.0],
                [0.999999, -0.001118, -0.0012, 0.0, 0.001233, 0.029501, 0.999549, 0.375166, -0.001082, -0.999582, 0.029511, 0.0, 0.0, 0.0, 0.0, 1.0],
                [0.999999, -0.001117, -0.001287, 0.0, 0.001232, -0.047723, 0.998845, 0.375166, -0.001177, -0.998877, -0.047713, -0.0, 0.0, 0.0, 0.0, 1.0],
                [0.999999, -0.001111, -0.001362, -0.0, 0.001225, -0.114714, 0.993383, 0.375166, -0.00126, -0.993414, -0.114704, -0.0, 0.0, 0.0, 0.0, 1.0],
                [0.999998, -0.001102, -0.001425, 0.0, 0.001215, -0.171683, 0.985137, 0.375166, -0.00133, -0.985166, -0.171673, 0.0, 0.0, 0.0, 0.0, 1.0],
                [0.999998, -0.001091, -0.001478, -0.0, 0.001203, -0.21896, 0.975719, 0.375166, -0.001388, -0.975747, -0.21895, -0.0, 0.0, 0.0, 0.0, 1.0],
                [0.999998, -0.001081, -0.001521, 0.0, 0.001192, -0.257042, 0.966386, 0.375166, -0.001435, -0.966411, -0.257032, 0.0, 0.0, 0.0, 0.0, 1.0],
                [0.999998, -0.001071, -0.001554, 0.0, 0.001181, -0.28683, 0.957968, 0.375166, -0.001472, -0.957992, -0.28682, 0.0, 0.0, 0.0, 0.0, 1.0],
                [0.999998, -0.001064, -0.001579, 0.0, 0.001173, -0.308807, 0.951111, 0.375166, -0.001499, -0.951135, -0.308797, -0.0, 0.0, 0.0, 0.0, 1.0],
                [0.999998, -0.001058, -0.001596, -0.0, 0.001167, -0.324198, 0.945976, 0.375166, -0.001518, -0.945999, -0.324188, 0.0, 0.0, 0.0, 0.0, 1.0],
                [0.999998, -0.001062, -0.001584, -0.0, 0.001171, -0.314074, 0.949385, 0.375166, -0.001506, -0.949409, -0.314064, -0.0, 0.0, 0.0, 0.0, 1.0],
                [0.999999, -0.001076, -0.001539, 0.0, 0.001186, -0.273361, 0.961898, 0.375166, -0.001455, -0.961923, -0.273351, -0.0, 0.0, 0.0, 0.0, 1.0],
                [0.999998, -0.001093, -0.001472, 0.0, 0.001205, -0.213091, 0.977018, 0.375166, -0.001381, -0.977045, -0.213082, -0.0, 0.0, 0.0, 0.0, 1.0],
                [0.999998, -0.001107, -0.001389, -0.0, 0.001221, -0.139279, 0.990238, 0.375166, -0.00129, -0.990267, -0.139269, -0.0, 0.0, 0.0, 0.0, 1.0],
                [0.999998, -0.001116, -0.001296, -0.0, 0.001231, -0.055919, 0.99842, 0.375166, -0.001187, -0.99845, -0.05591, 0.0, 0.0, 0.0, 0.0, 1.0],
                [0.999999, -0.001118, -0.001197, -0.0, 0.001233, 0.032378, 0.99946, 0.375166, -0.001078, -0.999493, 0.032388, 0.0, 0.0, 0.0, 0.0, 1.0],
                [0.999999, -0.001111, -0.001102, -0.0, 0.001225, 0.117044, 0.993111, 0.375166, -0.000974, -0.993145, 0.117054, 0.0, 0.0, 0.0, 0.0, 1.0],
                [0.999999, -0.001096, -0.001011, 0.0, 0.001209, 0.199077, 0.979968, 0.375166, -0.000873, -0.980003, 0.199088, -0.0, 0.0, 0.0, 0.0, 1.0],
                [0.999999, -0.001073, -0.000918, 0.0, 0.001183, 0.281638, 0.959504, 0.375166, -0.000771, -0.95954, 0.28165, 0.0, 0.0, 0.0, 0.0, 1.0],
                [0.999999, -0.001042, -0.000826, -0.0, 0.001149, 0.364118, 0.931336, 0.375166, -0.000669, -0.931373, 0.364131, 0.0, 0.0, 0.0, 0.0, 1.0],
                [0.999999, -0.001001, -0.000735, -0.0, 0.001104, 0.445359, 0.895334, 0.375166, -0.000569, -0.895372, 0.445372, -0.0, 0.0, 0.0, 0.0, 1.0],
                [0.999999, -0.000952, -0.000647, -0.0, 0.00105, 0.524617, 0.85132, 0.375166, -0.000471, -0.851358, 0.52463, 0.0, 0.0, 0.0, 0.0, 1.0],
                [0.999999, -0.000894, -0.000561, 0.0, 0.000986, 0.600721, 0.79944, 0.375166, -0.000377, -0.799477, 0.600734, 0.0, 0.0, 0.0, 0.0, 1.0],
                [0.999999, -0.000827, -0.000481, 0.0, 0.000912, 0.672828, 0.739779, 0.375166, -0.000289, -0.739815, 0.67284, -0.0, 0.0, 0.0, 0.0, 1.0],
                [0.999999, -0.000752, -0.000406, -0.0, 0.00083, 0.739753, 0.672859, 0.375166, -0.000206, -0.672893, 0.739764, -0.0, 0.0, 0.0, 0.0, 1.0],
                [1.0, -0.00067, -0.000338, 0.0, 0.000739, 0.800359, 0.599503, 0.375166, -0.000131, -0.599533, 0.800369, 0.0, 0.0, 0.0, 0.0, 1.0],
                [1.0, -0.000583, -0.000279, -0.0, 0.000643, 0.853418, 0.521211, 0.375166, -6.6e-05, -0.521237, 0.853425, 0.0, 0.0, 0.0, 0.0, 1.0],
                [1.0, -0.000493, -0.000229, 0.0, 0.000543, 0.897668, 0.440658, 0.375166, -1.1e-05, -0.440679, 0.897674, 0.0, 0.0, 0.0, 0.0, 1.0],
                [1.0, -0.000407, -0.000192, -0.0, 0.000449, 0.93139, 0.364011, 0.375166, 3e-05, -0.364027, 0.931394, 0.0, 0.0, 0.0, 0.0, 1.0],
                [1.0, -0.000338, -0.000168, 0.0, 0.000373, 0.953094, 0.302666, 0.375166, 5.7e-05, -0.302677, 0.953096, 0.0, 0.0, 0.0, 0.0, 1.0],
                [1.0, -0.000338, -0.000168, 0.0, 0.000373, 0.953094, 0.302666, 0.375166, 5.7e-05, -0.302677, 0.953096, 0.0, 0.0, 0.0, 0.0, 1.0],
                [1.0, -0.000338, -0.000168, 0.0, 0.000373, 0.953094, 0.302666, 0.375166, 5.7e-05, -0.302677, 0.953096, 0.0, 0.0, 0.0, 0.0, 1.0]
            ]
        },
        {
            "name": "Knee_R",
            "time": [0.0, 0.0167, 0.0333, 0.05, 0.0667, 0.0833, 0.1, 0.1167, 0.1333, 0.15, 0.1667, 0.1833, 0.2, 0.2167, 0.2333, 0.25, 0.2667, 0.2833, 0.3, 0.3167, 0.3333, 0.35, 0.3667, 0.3833, 0.4, 0.4167, 0.4333, 0.45, 0.4667, 0.4833, 0.5, 0.5167, 0.5333, 0.55, 0.5667, 0.5833, 0.6, 0.6167, 0.6333, 0.65, 0.6667],
            "transform": [
                [1.0, -5.7e-05, 5.4e-05, -0.0, 5.7e-05, 0.048757, -0.998811, 0.375166, 5.4e-05, 0.998811, 0.048757, 0.0, 0.0, 0.0, 0.0, 1.0],
                [1.0, -5.7e-05, 5.4e-05, -0.0, 5.7e-05, 0.048757, -0.998811, 0.375166, 5.4e-05, 0.998811, 0.048757, -0.0, 0.0, 0.0, 0.0, 1.0],
                [1.0, -5.7e-05, 5.4e-05, 0.0, 5.7e-05, 0.048757, -0.998811, 0.375166, 5.4e-05, 0.998811, 0.048757, 0.0, 0.0, 0.0, 0.0, 1.0],
                [1.0, -5.7e-05, 5.4e-05, 0.0, 5.7e-05, 0.048757, -0.998811, 0.375166, 5.4e-05, 0.998811, 0.048757, 0.0, 0.0, 0.0, 0.0, 1.0],
                [1.0, -5.7e-05, 5.4e-05, 0.0, 5.7e-05, 0.048757, -0.998811, 0.375166, 5.4e-05, 0.998811, 0.048757, -0.0, 0.0, 0.0, 0.0, 1.0],
                [1.0, -5.7e-05, 5.4e-05, -0.0, 5.7e-05, 0.048757, -0.998811, 0.375166, 5.4e-05, 0.998811, 0.048757, -0.0, 0.0, 0.0, 0.0, 1.0],
                [1.0, -5.7e-05, 5.4e-05, 0.0, 5.7e-05, 0.048757, -0.998811, 0.375166, 5.4e-05, 0.998811, 0.048757, -0.0, 0.0, 0.0, 0.0, 1.0],
                [1.0, -5.7e-05, 5.4e-05, 0.0, 5.7e-05, 0.048757, -0.998811, 0.375166, 5.4e-05, 0.998811, 0.048757, -0.0, 0.0, 0.0, 0.0, 1.0],
                [1.0, -5.7e-05, 5.4e-05, 0.0, 5.7e-05, 0.048757, -0.998811, 0.375166, 5.4e-05, 0.998811, 0.048757, -0.0, 0.0, 0.0, 0.0, 1.0],
                [1.0, -5.7e-05, 5.4e-05, 0.0, 5.7e-05, 0.048757, -0.998811, 0.375166, 5.4e-05, 0.998811, 0.048757, 0.0, 0.0, 0.0, 0.0, 1.0],
                [1.0, -5.7e-05, 5.4e-05, -0.0, 5.7e-05, 0.048757, -0.998811, 0.375166, 5.4e-05, 0.998811, 0.048757, 0.0, 0.0, 0.0, 0.0, 1.0],
                [1.0, -5.7e-05, 5.4e-05, 0.0, 5.7e-05, 0.048757, -0.998811, 0.375166, 5.4e-05, 0.998811, 0.048757, 0.0, 0.0, 0.0, 0.0, 1.0],
                [1.0, -5.7e-05, 5.4e-05, 0.0, 5.7e-05, 0.048757, -0.998811, 0.375166, 5.4e-05, 0.998811, 0.048757, -0.0, 0.0, 0.0, 0.0, 1.0],
                [1.0, -5.7e-05, 5.4e-05, -0.0, 5.7e-05, 0.048757, -0.998811, 0.375166, 5.4e-05, 0.998811, 0.048757, -0.0, 0.0, 0.0, 0.0, 1.0],
                [1.0, -5.7e-05, 5.4e-05, 0.0, 5.7e-05, 0.048757, -0.998811, 0.375166, 5.4e-05, 0.998811, 0.048757, 0.0, 0.0, 0.0, 0.0, 1.0],
                [1.0, -5.7e-05, 5.4e-05, -0.0, 5.7e-05, 0.048757, -0.998811, 0.375166, 5.4e-05, 0.998811, 0.048757, -0.0, 0.0, 0.0, 0.0, 1.0],
                [1.0, -5.7e-05, 5.4e-05, 0.0, 5.7e-05, 0.048757, -0.998811, 0.375166, 5.4e-05, 0.998811, 0.048757, 0.0, 0.0, 0.0, 0.0, 1.0],
                [1.0, -5.7e-05, 5.4e-05, 0.0, 5.7e-05, 0.048757, -0.998811, 0.375166, 5.4e-05, 0.998811, 0.048757, 0.0, 0.0, 0.0, 0.0, 1.0],
                [1.0, -5.7e-05, 5.4e-05, 0.0, 5.7e-05, 0.048757, -0.998811, 0.375166, 5.4e-05, 0.998811, 0.048757, -0.0, 0.0, 0.0, 0.0, 1.0],
                [1.0, -5.7e-05, 5.4e-05, -0.0, 5.7e-05, 0.048757, -0.998811, 0.375166, 5.4e-05, 0.998811, 0.048757, 0.0, 0.0, 0.0, 0.0, 1.0],
                [1.0, -5.7e-05, 5.4e-05, -0.0, 5.7e-05, 0.048757, -0.998811, 0.375166, 5.4e-05, 0.998811, 0.048757, -0.0, 0.0, 0.0, 0.0, 1.0],
                [1.0, -5.7e-05, 5.4e-05, 0.0, 5.7e-05, 0.048757, -0.998811, 0.375166, 5.4e-05, 0.998811, 0.048757, -0.0, 0.0, 0.0, 0.0, 1.0],
                [1.0, -5.7e-05, 5.4e-05, 0.0, 5.7e-05, 0.048757, -0.998811, 0.375166, 5.4e-05, 0.998811, 0.048757, -0.0, 0.0, 0.0, 0.0, 1.0],
                [1.0, -5.7e-05, 5.4e-05, -0.0, 5.7e-05, 0.048757, -0.998811, 0.375166, 5.4e-05, 0.998811, 0.048757, -0.0, 0.0, 0.0, 0.0, 1.0],
                [1.0, -5.7e-05, 5.4e-05, -0.0, 5.7e-05, 0.048757, -0.998811, 0.375166, 5.4e-05, 0.998811, 0.048757, 0.0, 0.0, 0.0, 0.0, 1.0],
                [1.0, -5.7e-05, 5.4e-05, -0.0, 5.7e-05, 0.048757, -0.998811, 0.375166, 5.4e-05, 0.998811, 0.048757, 0.0, 0.0, 0.0, 0.0, 1.0],
                [1.0, -5.7e-05, 5.4e-05, -0.0, 5.7e-05, 0.048757, -0.998811, 0.375166, 5.4e-05, 0.998811, 0.048757, 0.0, 0.0, 0.0, 0.0, 1.0],
                [1.0, -5.7e-05, 5.4e-05, 0.0, 5.7e-05, 0.048757, -0.998811, 0.375166, 5.4e-05, 0.998811, 0.048757, -0.0, 0.0, 0.0, 0.0, 1.0],
                [1.0, -5.7e-05, 5.4e-05, 0.0, 5.7e-05, 0.048757, -0.998811, 0.375166, 5.4e-05, 0.998811, 0.048757, 0.0, 0.0, 0.0, 0.0, 1.0],
                [1.0, -5.7e-05, 5.4e-05, -0.0, 5.7e-05, 0.048757, -0.998811, 0.375166, 5.4e-05, 0.998811, 0.048757, 0.0, 0.0, 0.0, 0.0, 1.0],
                [1.0, -5.7e-05, 5.4e-05, -0.0, 5.7e-05, 0.048757, -0.998811, 0.375166, 5.4e-05, 0.998811, 0.048757, -0.0, 0.0, 0.0, 0.0, 1.0],
                [1.0, -5.7e-05, 5.4e-05, -0.0, 5.7e-05, 0.048757, -0.998811, 0.375166, 5.4e-05, 0.998811, 0.048757, 0.0, 0.0, 0.0, 0.0, 1.0],
                [1.0, -5.7e-05, 5.4e-05, 0.0, 5.7e-05, 0.048757, -0.998811, 0.375166, 5.4e-05, 0.998811, 0.048757, 0.0, 0.0, 0.0, 0.0, 1.0],
                [1.0, -5.7e-05, 5.4e-05, 0.0, 5.7e-05, 0.048757, -0.998811, 0.375166, 5.4e-05, 0.998811, 0.048757, -0.0, 0.0, 0.0, 0.0, 1.0],
                [1.0, -5.7e-05, 5.4e-05, -0.0, 5.7e-05, 0.048757, -0.998811, 0.375166, 5.4e-05, 0.998811, 0.048757, -0.0, 0.0, 0.0, 0.0, 1.0],
                [1.0, -5.7e-05, 5.4e-05, 0.0, 5.7e-05, 0.048757, -0.998811, 0.375166, 5.4e-05, 0.998811, 0.048757, 0.0, 0.0, 0.0, 0.0, 1.0],
                [1.0, -5.7e-05, 5.4e-05, -0.0, 5.7e-05, 0.048757, -0.998811, 0.375166, 5.4e-05, 0.998811, 0.048757, 0.0, 0.0, 0.0, 0.0, 1.0],
                [1.0, -5.7e-05, 5.4e-05, 0.0, 5.7e-05, 0.048757, -0.998811, 0.375166, 5.4e-05, 0.998811, 0.048757, 0.0, 0.0, 0.0, 0.0, 1.0],
                [1.0, -5.7e-05, 5.4e-05, -0.0, 5.7e-05, 0.048757, -0.998811, 0.375166, 5.4e-05, 0.998811, 0.048757, 0.0, 0.0, 0.0, 0.0, 1.0],
                [1.0, -5.7e-05, 5.4e-05, 0.0, 5.7e-05, 0.048757, -0.998811, 0.375166, 5.4e-05, 0.998811, 0.048757, 0.0, 0.0, 0.0, 0.0, 1.0],
                [1.0, -5.7e-05, 5.4e-05, 0.0, 5.7e-05, 0.048757, -0.998811, 0.375166, 5.4e-05, 0.998811, 0.048757, 0.0, 0.0, 0.0, 0.0, 1.0],
                [1.0, -5.7e-05, 5.4e-05, 0.0, 5.7e-05, 0.048757, -0.998811, 0.375166, 5.4e-05, 0.998811, 0.048757, 0.0, 0.0, 0.0, 0.0, 1.0]
            ]
        },
        {
            "name": "Thigh_L",
            "time": [0.0, 0.0167, 0.0333, 0.05, 0.0667, 0.0833, 0.1, 0.1167, 0.1333, 0.15, 0.1667, 0.1833, 0.2, 0.2167, 0.2333, 0.25, 0.2667, 0.2833, 0.3, 0.3167, 0.3333, 0.35, 0.3667, 0.3833, 0.4, 0.4167, 0.4333, 0.45, 0.4667, 0.4833, 0.5, 0.5167, 0.5333, 0.55, 0.5667, 0.5833, 0.6, 0.6167, 0.6333, 0.65, 0.6667],
            "transform": [
                [0.999175, 0.010401, -0.039257, -0.116867, 0.040387, -0.356198, 0.933513, 0.000984, -0.004274, -0.93434, -0.356289, -0.131478, 0.0, 0.0, 0.0, 1.0],
                [0.999404, 0.004191, -0.034254, -0.116884, 0.033718, -0.329984, 0.943362, 0.000977, -0.00735, -0.943962, -0.329895, -0.131203, 0.0, 0.0, 0.0, 1.0],
                [0.999765, -0.009647, -0.019433, -0.116932, 0.014361, -0.377164, 0.926018, 0.000954, -0.016264, -0.926075, -0.376907, -0.130425, 0.0, 0.0, 0.0, 1.0],
                [0.999758, -0.019548, -0.010078, -0.117008, 0.000201, -0.450078, 0.892974, 0.000918, -0.021993, -0.892751, -0.449938, -0.129198, 0.0, 0.0, 0.0, 1.0],
                [0.999788, -0.018884, -0.008228, -0.117109, -0.000744, -0.432316, 0.901707, 0.000871, -0.020586, -0.9015, -0.432211, -0.127569, 0.0, 0.0, 0.0, 1.0],
                [0.999831, -0.017137, -0.006584, -0.117232, -0.000818, -0.399903, 0.916541, 0.000813, -0.01834, -0.916374, -0.399822, -0.125578, 0.0, 0.0, 0.0, 1.0],
                [0.999872, -0.015285, -0.004638, -0.117376, -0.001258, -0.364865, 0.931043, 0.000746, -0.015924, -0.930912, -0.36481, -0.123256, 0.0, 0.0, 0.0, 1.0],
                [0.999906, -0.013539, -0.002249, -0.117539, -0.002354, -0.330691, 0.943719, 0.00067, -0.013521, -0.94362, -0.330663, -0.120632, 0.0, 0.0, 0.0, 1.0],
                [0.999928, -0.011946, 0.000652, -0.117718, -0.004194, -0.298933, 0.954247, 0.000585, -0.011205, -0.954177, -0.298933, -0.117729, 0.0, 0.0, 0.0, 1.0],
                [0.999936, -0.010512, 0.004107, -0.117914, -0.006796, -0.270349, 0.962719, 0.000494, -0.009011, -0.962683, -0.270374, -0.114569, 0.0, 0.0, 0.0, 1.0],
                [0.999924, -0.009233, 0.008136, -0.118124, -0.010153, -0.245271, 0.969381, 0.000395, -0.006955, -0.96939, -0.245317, -0.111169, 0.0, 0.0, 0.0, 1.0],
                [0.999886, -0.008107, 0.012753, -0.118349, -0.014244, -0.22378, 0.974515, 0.00029, -0.005047, -0.974586, -0.22384, -0.107546, 0.0, 0.0, 0.0, 1.0],
                [0.999813, -0.007144, 0.017962, -0.118586, -0.019049, -0.205948, 0.978356, 0.000179, -0.00329, -0.978517, -0.206016, -0.103714, 0.0, 0.0, 0.0, 1.0],
                [0.999697, -0.006355, 0.02377, -0.118835, -0.024547, -0.19134, 0.981194, 6.2e-05, -0.001687, -0.981483, -0.191408, -0.099686, 0.0, 0.0, 0.0, 1.0],
                [0.999528, -0.005768, 0.030176, -0.119096, -0.030722, -0.179939, 0.983175, -6e-05, -0.000242, -0.983641, -0.180001, -0.095473, 0.0, 0.0, 0.0, 1.0],
                [0.999294, -0.005422, 0.037183, -0.119368, -0.037562, -0.1716, 0.984427, -0.000188, 0.001043, -0.985133, -0.171652, -0.091086, 0.0, 0.0, 0.0, 1.0],
                [0.998982, -0.005369, 0.044796, -0.119649, -0.045066, -0.166257, 0.985029, -0.00032, 0.002159, -0.986049, -0.166299, -0.086535, 0.0, 0.0, 0.0, 1.0],
                [0.998577, -0.005682, 0.053026, -0.119941, -0.05324, -0.163975, 0.985003, -0.000456, 0.003098, -0.986429, -0.164013, -0.081829, 0.0, 0.0, 0.0, 1.0],
                [0.998062, -0.006471, 0.061886, -0.120241, -0.062106, -0.165042, 0.984306, -0.000597, 0.003845, -0.986247, -0.165094, -0.076976, 0.0, 0.0, 0.0, 1.0],
                [0.997416, -0.007905, 0.071397, -0.12055, -0.071701, -0.170088, 0.982794, -0.000742, 0.004375, -0.985378, -0.170185, -0.071985, 0.0, 0.0, 0.0, 1.0],
                [0.996693, -0.011001, 0.080511, -0.120867, -0.081101, -0.196754, 0.97707, -0.000891, 0.005093, -0.980372, -0.196965, -0.066865, 0.0, 0.0, 0.0, 1.0],
                [0.995975, -0.016093, 0.088173, -0.121192, -0.089405, -0.248319, 0.964522, -0.001043, 0.006373, -0.968526, -0.248727, -0.061626, 0.0, 0.0, 0.0, 1.0],
                [0.99528, -0.022624, 0.094368, -0.121522, -0.096701, -0.312869, 0.944841, -0.001198, 0.008149, -0.949508, -0.313548, -0.056281, 0.0, 0.0, 0.0, 1.0],
                [0.994618, -0.030156, 0.099125, -0.121859, -0.103095, -0.383527, 0.917738, -0.001355, 0.010343, -0.923019, -0.384539, -0.050849, 0.0, 0.0, 0.0, 1.0],
                [0.993991, -0.038311, 0.102539, -0.122199, -0.108707, -0.455509, 0.883552, -0.001515, 0.012859, -0.889388, -0.456902, -0.045361, 0.0, 0.0, 0.0, 1.0],
                [0.993398, -0.046653, 0.104802, -0.122537, -0.113657, -0.524237, 0.843938, -0.001673, 0.01557, -0.850276, -0.526043, -0.039896, 0.0, 0.0, 0.0, 1.0],
                [0.992873, -0.054465, 0.105998, -0.12285, -0.117775, -0.584349, 0.802896, -0.00182, 0.018211, -0.809655, -0.586563, -0.034839, 0.0, 0.0, 0.0, 1.0],
                [0.992432, -0.061695, 0.106171, -0.123133, -0.121033, -0.637457, 0.760907, -0.001952, 0.020737, -0.767995, -0.640063, -0.030273, 0.0, 0.0, 0.0, 1.0],
                [0.992046, -0.068654, 0.105507, -0.1234, -0.123715, -0.68649, 0.716525, -0.002078, 0.023239, -0.723874, -0.689485, -0.025959, 0.0, 0.0, 0.0, 1.0],
                [0.991713, -0.075297, 0.10409, -0.123649, -0.125879, -0.731464, 0.670149, -0.002195, 0.025679, -0.677694, -0.734842, -0.021925, 0.0, 0.0, 0.0, 1.0],
                [0.991432, -0.081599, 0.101995, -0.123881, -0.12758, -0.772449, 0.62212, -0.002303, 0.028023, -0.629798, -0.776201, -0.018192, 0.0, 0.0, 0.0, 1.0],
                [0.9912, -0.087512, 0.099318, -0.124092, -0.128873, -0.809357, 0.572994, -0.002402, 0.030242, -0.580747, -0.813472, -0.014777, 0.0, 0.0, 0.0, 1.0],
                [0.991012, -0.093032, 0.096121, -0.124283, -0.129811, -0.842348, 0.523059, -0.002492, 0.032308, -0.530831, -0.846812, -0.011698, 0.0, 0.0, 0.0, 1.0],
                [0.990866, -0.098137, 0.09249, -0.124452, -0.130446, -0.87144, 0.472832, -0.002571, 0.034199, -0.480572, -0.876239, -0.008965, 0.0, 0.0, 0.0, 1.0],
                [0.990755, -0.102798, 0.088525, -0.124599, -0.130828, -0.896642, 0.42298, -0.00264, 0.035895, -0.430645, -0.901758, -0.006588, 0.0, 0.0, 0.0, 1.0],
                [0.990676, -0.107006, 0.084316, -0.124724, -0.131007, -0.91808, 0.374114, -0.002698, 0.037378, -0.381667, -0.923495, -0.004574, 0.0, 0.0, 0.0, 1.0],
                [0.990625, -0.110715, 0.08002, -0.124826, -0.131031, -0.935747, 0.327422, -0.002746, 0.03863, -0.334832, -0.941437, -0.002926, 0.0, 0.0, 0.0, 1.0],
                [0.990596, -0.113861, 0.075858, -0.124905, -0.130951, -0.949658, 0.284603, -0.002783, 0.039636, -0.291855, -0.955593, -0.001647, 0.0, 0.0, 0.0, 1.0],
                [0.990584, -0.116337, 0.072176, -0.124961, -0.130819, -0.959787, 0.248384, -0.00281, 0.040379, -0.255482, -0.965923, -0.000736, 0.0, 0.0, 0.0, 1.0],
                [0.990582, -0.117969, 0.069506, -0.124995, -0.130691, -0.96602, 0.222987, -0.002825, 0.040841, -0.229966, -0.972294, -0.000192, 0.0, 0.0, 0.0, 1.0],
                [0.990582, -0.117969, 0.069506, -0.124995, -0.130691, -0.96602, 0.222987, -0.002825, 0.040841, -0.229966, -0.972294, -0.000192, 0.0, 0.0, 0.0, 1.0],
                [0.990582, -0.117969, 0.069506, -0.124995, -0.130691, -0.96602, 0.222987, -0.002825, 0.040841, -0.229966, -0.972294, -0.000192, 0.0, 0.0, 0.0, 1.0]
            ]
        },
        {
            "name": "Leg_L",
            "time": [0.0, 0.0167, 0.0333, 0.05, 0.0667, 0.0833, 0.1, 0.1167, 0.1333, 0.15, 0.1667, 0.1833, 0.2, 0.2167, 0.2333, 0.25, 0.2667, 0.2833, 0.3, 0.3167, 0.3333, 0.35, 0.3667, 0.3833, 0.4, 0.4167, 0.4333, 0.45, 0.4667, 0.4833, 0.5, 0.5167, 0.5333, 0.55, 0.5667, 0.5833, 0.6, 0.6167, 0.6333, 0.65, 0.6667],
            "transform": [
                [1.0, 2e-06, 2e-06, -0.0, -3e-06, 0.262097, 0.965022, 0.375166, 2e-06, -0.965066, 0.26211, 0.0, 0.0, 0.0, 0.0, 1.0],
                [1.0, 2e-06, 3e-06, 0.0, -3e-06, 0.055545, 0.998438, 0.375166, 2e-06, -0.998478, 0.055555, 0.0, 0.0, 0.0, 0.0, 1.0],
                [1.0, 2e-06, 4e-06, 0.0, -3e-06, -0.27881, 0.96033, 0.375166, 3e-06, -0.96036, -0.2788, -0.0, 0.0, 0.0, 0.0, 1.0],
                [1.0, 2e-06, 4e-06, -0.0, -3e-06, -0.38483, 0.922973, 0.375166, 4e-06, -0.922999, -0.384819, 0.0, 0.0, 0.0, 0.0, 1.0],
                [1.0, 2e-06, 4e-06, 0.0, -3e-06, -0.381447, 0.924376, 0.375166, 4e-06, -0.924402, -0.381436, -0.0, 0.0, 0.0, 0.0, 1.0],
                [1.0, 2e-06, 4e-06, -0.0, -3e-06, -0.373486, 0.927621, 0.375166, 4e-06, -0.927647, -0.373475, 0.0, 0.0, 0.0, 0.0, 1.0],
                [1.0, 2e-06, 4e-06, 0.0, -3e-06, -0.362175, 0.932095, 0.375166, 4e-06, -0.932122, -0.362165, -0.0, 0.0, 0.0, 0.0, 1.0],
                [1.0, 2e-06, 4e-06, 0.0, -3e-06, -0.348025, 0.93747, 0.375166, 3e-06, -0.937497, -0.348015, 0.0, 0.0, 0.0, 0.0, 1.0],
                [1.0, 2e-06, 4e-06, -0.0, -3e-06, -0.331582, 0.943411, 0.375166, 3e-06, -0.943439, -0.331572, 0.0, 0.0, 0.0, 0.0, 1.0],
                [1.0, 2e-06, 4e-06, -0.0, -3e-06, -0.313459, 0.949586, 0.375166, 3e-06, -0.949614, -0.313449, 0.0, 0.0, 0.0, 0.0, 1.0],
                [1.0, 2e-06, 4e-06, -0.0, -3e-06, -0.294332, 0.955687, 0.375166, 3e-06, -0.955717, -0.294323, 0.0, 0.0, 0.0, 0.0, 1.0],
                [1.0, 2e-06, 4e-06, -0.0, -3e-06, -0.274923, 0.96145, 0.375166, 3e-06, -0.961481, -0.274913, -0.0, 0.0, 0.0, 0.0, 1.0],
                [1.0, 2e-06, 4e-06, -0.0, -3e-06, -0.255811, 0.966711, 0.375166, 3e-06, -0.966741, -0.255802, 0.0, 0.0, 0.0, 0.0, 1.0],
                [1.0, 2e-06, 4e-06, -0.0, -3e-06, -0.238169, 0.971207, 0.375166, 3e-06, -0.971239, -0.238159, -0.0, 0.0, 0.0, 0.0, 1.0],
                [1.0, 2e-06, 4e-06, -0.0, -3e-06, -0.22263, 0.974886, 0.375166, 3e-06, -0.974919, -0.222621, 0.0, 0.0, 0.0, 0.0, 1.0],
                [1.0, 2e-06, 4e-06, -0.0, -3e-06, -0.210047, 0.977674, 0.375166, 3e-06, -0.977708, -0.210038, 0.0, 0.0, 0.0, 0.0, 1.0],
                [1.0, 2e-06, 4e-06, -0.0, -3e-06, -0.201289, 0.979515, 0.375166, 3e-06, -0.979548, -0.20128, -0.0, 0.0, 0.0, 0.0, 1.0],
                [1.0, 2e-06, 4e-06, -0.0, -3e-06, -0.197232, 0.98034, 0.375166, 3e-06, -0.980373, -0.197222, -0.0, 0.0, 0.0, 0.0, 1.0],
                [1.0, 2e-06, 4e-06, 0.0, -3e-06, -0.198732, 0.980037, 0.375166, 3e-06, -0.98007, -0.198722, 0.0, 0.0, 0.0, 0.0, 1.0],
                [1.0, 2e-06, 4e-06, 0.0, -3e-06, -0.206592, 0.97841, 0.375166, 3e-06, -0.978443, -0.206583, -0.0, 0.0, 0.0, 0.0, 1.0],
                [1.0, 2e-06, 4e-06, 0.0, -3e-06, -0.202765, 0.979211, 0.375166, 3e-06, -0.979244, -0.202755, 0.0, 0.0, 0.0, 0.0, 1.0],
                [1.0, 2e-06, 4e-06, 0.0, -3e-06, -0.177224, 0.984154, 0.375166, 3e-06, -0.984187, -0.177214, 0.0, 0.0, 0.0, 0.0, 1.0],
                [1.0, 2e-06, 3e-06, 0.0, -3e-06, -0.136083, 0.990681, 0.375166, 3e-06, -0.990715, -0.136073, 0.0, 0.0, 0.0, 0.0, 1.0],
                [1.0, 2e-06, 3e-06, 0.0, -3e-06, -0.082347, 0.996586, 0.375166, 3e-06, -0.996622, -0.082338, -0.0, 0.0, 0.0, 0.0, 1.0],
                [1.0, 2e-06, 3e-06, -0.0, -3e-06, -0.018412, 0.999813, 0.375166, 2e-06, -0.999851, -0.018402, -0.0, 0.0, 0.0, 0.0, 1.0],
                [1.0, 2e-06, 3e-06, 0.0, -3e-06, 0.051559, 0.998652, 0.375166, 2e-06, -0.998691, 0.051569, -0.0, 0.0, 0.0, 0.0, 1.0],
                [1.0, 2e-06, 3e-06, 0.0, -3e-06, 0.120881, 0.992649, 0.375166, 2e-06, -0.99269, 0.120893, -0.0, 0.0, 0.0, 0.0, 1.0],
                [1.0, 2e-06, 3e-06, 0.0, -3e-06, 0.189959, 0.981774, 0.375166, 2e-06, -0.981816, 0.189971, 0.0, 0.0, 0.0, 0.0, 1.0],
                [1.0, 2e-06, 2e-06, 0.0, -3e-06, 0.261139, 0.965282, 0.375166, 2e-06, -0.965325, 0.261152, 0.0, 0.0, 0.0, 0.0, 1.0],
                [1.0, 2e-06, 2e-06, 0.0, -3e-06, 0.33367, 0.942671, 0.375166, 1e-06, -0.942715, 0.333683, -0.0, 0.0, 0.0, 0.0, 1.0],
                [1.0, 2e-06, 2e-06, -0.0, -3e-06, 0.406782, 0.913505, 0.375166, 1e-06, -0.913549, 0.406797, -0.0, 0.0, 0.0, 0.0, 1.0],
                [1.0, 2e-06, 2e-06, -0.0, -3e-06, 0.479148, 0.877713, 0.375166, 1e-06, -0.877759, 0.479163, 0.0, 0.0, 0.0, 0.0, 1.0],
                [1.0, 2e-06, 2e-06, -0.0, -3e-06, 0.549969, 0.835164, 0.375166, 1e-06, -0.835209, 0.549984, -0.0, 0.0, 0.0, 0.0, 1.0],
                [1.0, 2e-06, 2e-06, -0.0, -2e-06, 0.617992, 0.786162, 0.375166, 0.0, -0.786206, 0.618007, 0.0, 0.0, 0.0, 0.0, 1.0],
                [1.0, 2e-06, 1e-06, -0.0, -2e-06, 0.681837, 0.731481, 0.375166, 0.0, -0.731525, 0.681852, -0.0, 0.0, 0.0, 0.0, 1.0],
                [1.0, 2e-06, 1e-06, 0.0, -2e-06, 0.740452, 0.672088, 0.375166, 0.0, -0.672128, 0.740464, -0.0, 0.0, 0.0, 0.0, 1.0],
                [1.0, 1e-06, 1e-06, 0.0, -2e-06, 0.792305, 0.610103, 0.375166, -0.0, -0.610141, 0.792317, 0.0, 0.0, 0.0, 0.0, 1.0],
                [1.0, 1e-06, 1e-06, -0.0, -2e-06, 0.835892, 0.548873, 0.375166, -0.0, -0.548907, 0.835902, 0.0, 0.0, 0.0, 0.0, 1.0],
                [1.0, 1e-06, 1e-06, -0.0, -2e-06, 0.869516, 0.493887, 0.375166, -0.0, -0.493916, 0.869524, 0.0, 0.0, 0.0, 0.0, 1.0],
                [1.0, 1e-06, 1e-06, -0.0, -1e-06, 0.891176, 0.453641, 0.375166, -0.0, -0.453667, 0.891183, 0.0, 0.0, 0.0, 0.0, 1.0],
                [1.0, 1e-06, 1e-06, -0.0, -1e-06, 0.891176, 0.453641, 0.375166, -0.0, -0.453667, 0.891183, 0.0, 0.0, 0.0, 0.0, 1.0],
                [1.0, 1e-06, 1e-06, -0.0, -1e-06, 0.891176, 0.453641, 0.375166, -0.0, -0.453667, 0.891183, 0.0, 0.0, 0.0, 0.0, 1.0]
            ]
        },
        {
            "name": "Knee_L",
