{
    "animation": [
        {
            "name": "Root",
            "time": [0.0, 0.0167, 0.0333, 0.05, 0.0667, 0.0833, 0.1, 0.1167, 0.1333, 0.15, 0.1667, 0.1833, 0.2, 0.2167, 0.2333, 0.25, 0.2667, 0.2833, 0.3, 0.3167, 0.3333, 0.35, 0.3667, 0.3833, 0.4, 0.4167, 0.4333, 0.45, 0.4667, 0.4833, 0.5, 0.5167, 0.5333, 0.55, 0.5667, 0.5833, 0.6, 0.6167, 0.6333, 0.65, 0.6667],
            "transform": [
                [0.987076, 0.0, 0.160251, 0.011888, 0.160251, 0.0, -0.987076, -0.129986, 0.0, 1.0, 0.0, 0.517326, 0.0, 0.0, 0.0, 1.0],
                [0.997512, 0.0, 0.070493, 8e-06, 0.070493, 0.0, -0.997512, -0.067535, 0.0, 1.0, 0.0, 0.494724, 0.0, 0.0, 0.0, 1.0],
                [0.997474, 0.0, 0.071028, -5.3e-05, 0.071028, 0.0, -0.997474, 0.067254, 0.0, 1.0, 0.0, 0.446358, 0.0, 0.0, 0.0, 1.0],
                [0.997414, 0.0, 0.071871, -0.000208, 0.071871, 0.0, -0.997414, 0.130243, 0.0, 1.0, 0.0, 0.423756, 0.0, 0.0, 0.0, 1.0],
                [0.997333, 0.0, 0.07299, -0.000322, 0.07299, 0.0, -0.997333, 0.118839, 0.0, 1.0, 0.0, 0.423756, 0.0, 0.0, 0.0, 1.0],
                [0.997232, 0.0, 0.074358, -0.000403, 0.074358, 0.0, -0.997232, 0.099038, 0.0, 1.0, 0.0, 0.423756, 0.0, 0.0, 0.0, 1.0],
                [0.997111, 0.0, 0.075953, -0.000434, 0.075953, 0.0, -0.997111, 0.076758, 0.0, 1.0, 0.0, 0.423756, 0.0, 0.0, 0.0, 1.0],
                [0.996973, 0.0, 0.077755, -0.000398, 0.077755, 0.0, -0.996973, 0.053663, 0.0, 1.0, 0.0, 0.423756, 0.0, 0.0, 0.0, 1.0],
                [0.996815, 0.0, 0.079749, -0.000285, 0.079749, 0.0, -0.996815, 0.030538, 0.0, 1.0, 0.0, 0.423756, 0.0, 0.0, 0.0, 1.0],
                [0.996639, 0.0, 0.081919, -8.5e-05, 0.081919, 0.0, -0.996639, 0.007854, 0.0, 1.0, 0.0, 0.423756, 0.0, 0.0, 0.0, 1.0],
                [0.996444, 0.0, 0.084253, 0.000205, 0.084253, 0.0, -0.996444, -0.014054, 0.0, 1.0, 0.0, 0.423756, 0.0, 0.0, 0.0, 1.0],
                [0.996231, 0.0, 0.08674, 0.000587, 0.08674, 0.0, -0.996231, -0.034912, 0.0, 1.0, 0.0, 0.423756, 0.0, 0.0, 0.0, 1.0],
                [0.995999, 0.0, 0.08937, 0.001056, 0.08937, 0.0, -0.995999, -0.054475, 0.0, 1.0, 0.0, 0.423756, 0.0, 0.0, 0.0, 1.0],
                [0.995747, 0.0, 0.092134, 0.001604, 0.092134, 0.0, -0.995747, -0.072501, 0.0, 1.0, 0.0, 0.423756, 0.0, 0.0, 0.0, 1.0],
                [0.995475, 0.0, 0.095024, 0.002221, 0.095024, 0.0, -0.995475, -0.08874, 0.0, 1.0, 0.0, 0.423756, 0.0, 0.0, 0.0, 1.0],
                [0.995183, 0.0, 0.098033, 0.002886, 0.098033, 0.0, -0.995183, -0.102916, 0.0, 1.0, 0.0, 0.423756, 0.0, 0.0, 0.0, 1.0],
                [0.994871, 0.0, 0.101153, 0.003578, 0.101153, 0.0, -0.994871, -0.114715, 0.0, 1.0, 0.0, 0.423756, 0.0, 0.0, 0.0, 1.0],
                [0.994538, 0.0, 0.104379, 0.004263, 0.104379, 0.0, -0.994538, -0.123767, 0.0, 1.0, 0.0, 0.423756, 0.0, 0.0, 0.0, 1.0],
                [0.994183, 0.0, 0.107705, 0.004901, 0.107705, 0.0, -0.994183, -0.12962, 0.0, 1.0, 0.0, 0.423756, 0.0, 0.0, 0.0, 1.0],
                [0.993807, 0.0, 0.111123, 0.005436, 0.111123, 0.0, -0.993807, -0.131709, 0.0, 1.0, 0.0, 0.423756, 0.0, 0.0, 0.0, 1.0],
                [0.993408, 0.0, 0.114629, 0.005781, 0.114629, 0.0, -0.993408, -0.128932, 0.0, 1.0, 0.0, 0.430316, 0.0, 0.0, 0.0, 1.0],
                [0.992988, 0.0, 0.118215, 0.005944, 0.118215, 0.0, -0.992988, -0.122549, 0.0, 1.0, 0.0, 0.445455, 0.0, 0.0, 0.0, 1.0],
                [0.992546, 0.0, 0.121872, 0.005964, 0.121872, 0.0, -0.992546, -0.114138, 0.0, 1.0, 0.0, 0.465422, 0.0, 0.0, 0.0, 1.0],
                [0.992083, 0.0, 0.125587, 0.005863, 0.125587, 0.0, -0.992083, -0.104552, 0.0, 1.0, 0.0, 0.488187, 0.0, 0.0, 0.0, 1.0],
                [0.991601, 0.0, 0.129338, 0.00566, 0.129338, 0.0, -0.991601, -0.094406, 0.0, 1.0, 0.0, 0.512291, 0.0, 0.0, 0.0, 1.0],
                [0.991211, 0.0, 0.132287, 0.005314, 0.132287, 0.0, -0.991211, -0.084304, 0.0, 1.0, 0.0, 0.536312, 0.0, 0.0, 0.0, 1.0],
                [0.990814, 0.0, 0.135232, 0.004967, 0.135232, 0.0, -0.990814, -0.075096, 0.0, 1.0, 0.0, 0.558206, 0.0, 0.0, 0.0, 1.0],
                [0.994152, 0.0, 0.10799, 0.00258, 0.10799, 0.0, -0.994152, -0.067324, 0.0, 1.0, 0.0, 0.576949, 0.0, 0.0, 0.0, 1.0],
                [0.998294, 0.0, 0.058396, -0.000723, 0.058396, 0.0, -0.998294, -0.059259, 0.0, 1.0, 0.0, 0.596227, 0.0, 0.0, 0.0, 1.0],
                [0.999999, 0.0, 0.001461, -0.003604, 0.001461, 0.0, -0.999999, -0.051209, 0.0, 1.0, 0.0, 0.615076, 0.0, 0.0, 0.0, 1.0],
                [0.998324, 0.0, -0.057868, -0.005717, -0.057868, 0.0, -0.998324, -0.043347, 0.0, 1.0, 0.0, 0.633187, 0.0, 0.0, 0.0, 1.0],
                [0.99314, 0.0, -0.116927, -0.006983, -0.116927, 0.0, -0.99314, -0.035823, 0.0, 1.0, 0.0, 0.650384, 0.0, 0.0, 0.0, 1.0],
                [0.984757, 0.0, -0.173935, -0.00744, -0.173935, 0.0, -0.984757, -0.028769, 0.0, 1.0, 0.0, 0.666533, 0.0, 0.0, 0.0, 1.0],
                [0.973763, 0.0, -0.227566, -0.007194, -0.227566, 0.0, -0.973763, -0.022299, 0.0, 1.0, 0.0, 0.681509, 0.0, 0.0, 0.0, 1.0],
                [0.960933, 0.0, -0.27678, -0.00639, -0.27678, 0.0, -0.960933, -0.016503, 0.0, 1.0, 0.0, 0.695179, 0.0, 0.0, 0.0, 1.0],
                [0.947174, 0.0, -0.320719, -0.0052, -0.320719, 0.0, -0.947174, -0.01145, 0.0, 1.0, 0.0, 0.707397, 0.0, 0.0, 0.0, 1.0],
                [0.933477, 0.0, -0.358638, -0.003808, -0.358638, 0.0, -0.933477, -0.007191, 0.0, 1.0, 0.0, 0.717995, 0.0, 0.0, 0.0, 1.0],
                [0.920891, 0.0, -0.389819, -0.002405, -0.389819, 0.0, -0.920891, -0.003769, 0.0, 1.0, 0.0, 0.726769, 0.0, 0.0, 0.0, 1.0],
                [0.910508, 0.0, -0.413491, -0.001182, -0.413491, 0.0, -0.910508, -0.001226, 0.0, 1.0, 0.0, 0.733472, 0.0, 0.0, 0.0, 1.0],
                [0.903447, 0.0, -0.4287, -0.000325, -0.4287, 0.0, -0.903447, 0.000379, 0.0, 1.0, 0.0, 0.737797, 0.0, 0.0, 0.0, 1.0],
                [0.900842, 0.0, -0.434148, -5e-06, -0.434148, 0.0, -0.900842, 0.000946, 0.0, 1.0, 0.0, 0.739346, 0.0, 0.0, 0.0, 1.0]
            ]
        },
        {
            "name": "Thigh_R",
            "time": [0.0, 0.0167, 0.0333, 0.05, 0.0667, 0.0833, 0.1, 0.1167, 0.1333, 0.15, 0.1667, 0.1833, 0.2, 0.2167, 0.2333, 0.25, 0.2667, 0.2833, 0.3, 0.3167, 0.3333, 0.35, 0.3667, 0.3833, 0.4, 0.4167, 0.4333, 0.45, 0.4667, 0.4833, 0.5, 0.5167, 0.5333, 0.55, 0.5667, 0.5833, 0.6, 0.6167, 0.6333, 0.65, 0.6667],
            "transform": [
                [0.996166, -0.027252, 0.083131, 0.109936, -0.031883, -0.997975, 0.054917, 0.02623, 0.081469, -0.057334, -0.994993, 0.092224, 0.0, 0.0, 0.0, 1.0],
                [0.99619, -0.038074, 0.078454, 0.109968, -0.031358, -0.99587, -0.085102, 0.02617, 0.081373, 0.082343, -0.993247, 0.092031, 0.0, 0.0, 0.0, 1.0],
                [0.996253, -0.061061, 0.061253, 0.110057, -0.029653, -0.906434, -0.421268, 0.025998, 0.081248, 0.417903, -0.904827, 0.091485, 0.0, 0.0, 0.0, 1.0],
                [0.996346, -0.069225, 0.050026, 0.110197, -0.026444, -0.806971, -0.589964, 0.025727, 0.081213, 0.586517, -0.805832, 0.090624, 0.0, 0.0, 0.0, 1.0],
                [0.996458, -0.061611, 0.057222, 0.110384, -0.022322, -0.849938, -0.526374, 0.025366, 0.081068, 0.523264, -0.848283, 0.089482, 0.0, 0.0, 0.0, 1.0],
                [0.996568, -0.050935, 0.065246, 0.110612, -0.017353, -0.899293, -0.436962, 0.024926, 0.080934, 0.434362, -0.897072, 0.088084, 0.0, 0.0, 0.0, 1.0],
                [0.996659, -0.038393, 0.072087, 0.110878, -0.011435, -0.939522, -0.342253, 0.024413, 0.080871, 0.340316, -0.936803, 0.086455, 0.0, 0.0, 0.0, 1.0],
                [0.99671, -0.024318, 0.07731, 0.111178, -0.004569, -0.969257, -0.245952, 0.023833, 0.080918, 0.244819, -0.966161, 0.084614, 0.0, 0.0, 0.0, 1.0],
                [0.996699, -0.008936, 0.080685, 0.111511, 0.003222, -0.988777, -0.149283, 0.023191, 0.081117, 0.149079, -0.985466, 0.082578, 0.0, 0.0, 0.0, 1.0],
                [0.996601, 0.007517, 0.08203, 0.111873, 0.011903, -0.998507, -0.053092, 0.022493, 0.081511, 0.053915, -0.995186, 0.08036, 0.0, 0.0, 0.0, 1.0],
                [0.99639, 0.024801, 0.081193, 0.112262, 0.021431, -0.998872, 0.042133, 0.021741, 0.082149, -0.040215, -0.99578, 0.077975, 0.0, 0.0, 0.0, 1.0],
                [0.996037, 0.042608, 0.07807, 0.112677, 0.031752, -0.990276, 0.135383, 0.02094, 0.083082, -0.132343, -0.987686, 0.075433, 0.0, 0.0, 0.0, 1.0],
                [0.995515, 0.060642, 0.072603, 0.113116, 0.042802, -0.973181, 0.225989, 0.020093, 0.084363, -0.221844, -0.971395, 0.072745, 0.0, 0.0, 0.0, 1.0],
                [0.994798, 0.078556, 0.064839, 0.113577, 0.054509, -0.9483, 0.312636, 0.019203, 0.08605, -0.307454, -0.947632, 0.069919, 0.0, 0.0, 0.0, 1.0],
                [0.993861, 0.096047, 0.054914, 0.11406, 0.066794, -0.916559, 0.394264, 0.018272, 0.088203, -0.388155, -0.917329, 0.066963, 0.0, 0.0, 0.0, 1.0],
                [0.992677, 0.112854, 0.043078, 0.114562, 0.079573, -0.879216, 0.469717, 0.017302, 0.090888, -0.46283, -0.881739, 0.063886, 0.0, 0.0, 0.0, 1.0],
                [0.991225, 0.128808, 0.029703, 0.115084, 0.092767, -0.837895, 0.537878, 0.016296, 0.094175, -0.530384, -0.842473, 0.060693, 0.0, 0.0, 0.0, 1.0],
                [0.989479, 0.143872, 0.015249, 0.115623, 0.106302, -0.794458, 0.597932, 0.015255, 0.098144, -0.590003, -0.801374, 0.057391, 0.0, 0.0, 0.0, 1.0],
                [0.987412, 0.158165, 0.000335, 0.116179, 0.12013, -0.751324, 0.648897, 0.014183, 0.102888, -0.640673, -0.760847, 0.053986, 0.0, 0.0, 0.0, 1.0],
                [0.984989, 0.172015, -0.014404, 0.11675, 0.134237, -0.710843, 0.690412, 0.013079, 0.108526, -0.681967, -0.723243, 0.050484, 0.0, 0.0, 0.0, 1.0],
                [0.982583, 0.184078, -0.02539, 0.117337, 0.146395, -0.682685, 0.715888, 0.011948, 0.11445, -0.707122, -0.697723, 0.046892, 0.0, 0.0, 0.0, 1.0],
                [0.980516, 0.193989, -0.030902, 0.117937, 0.155392, -0.669749, 0.726138, 0.01079, 0.12017, -0.716779, -0.686822, 0.043217, 0.0, 0.0, 0.0, 1.0],
                [0.978685, 0.202826, -0.032204, 0.118549, 0.162247, -0.667492, 0.726716, 0.009608, 0.125906, -0.716439, -0.686149, 0.039467, 0.0, 0.0, 0.0, 1.0],
                [0.977, 0.211093, -0.030177, 0.119171, 0.167615, -0.67275, 0.720624, 0.008407, 0.131822, -0.709096, -0.692634, 0.035655, 0.0, 0.0, 0.0, 1.0],
                [0.975384, 0.219039, -0.025444, 0.1198, 0.171952, -0.683271, 0.70962, 0.007194, 0.138054, -0.696516, -0.70409, 0.031805, 0.0, 0.0, 0.0, 1.0],
                [0.973774, 0.226747, -0.01866, 0.120426, 0.175583, -0.696821, 0.695413, 0.005986, 0.144686, -0.680442, -0.718332, 0.02797, 0.0, 0.0, 0.0, 1.0],
                [0.972247, 0.23371, -0.010754, 0.121005, 0.178465, -0.711132, 0.680022, 0.004868, 0.151286, -0.66306, -0.733076, 0.024423, 0.0, 0.0, 0.0, 1.0],
                [0.973708, 0.227774, -0.003133, 0.121446, 0.175672, -0.742079, 0.646875, 0.004017, 0.145022, -0.630409, -0.762553, 0.021721, 0.0, 0.0, 0.0, 1.0],
                [0.975553, 0.219746, -0.002766, 0.121881, 0.174196, -0.765538, 0.619352, 0.003177, 0.133988, -0.604683, -0.785073, 0.019057, 0.0, 0.0, 0.0, 1.0],
                [0.977386, 0.211406, -0.004883, 0.122299, 0.172799, -0.785159, 0.59469, 0.00237, 0.121891, -0.582075, -0.803905, 0.016494, 0.0, 0.0, 0.0, 1.0],
                [0.979124, 0.203129, -0.007286, 0.122697, 0.170902, -0.803317, 0.570497, 0.001601, 0.110036, -0.559821, -0.821233, 0.014055, 0.0, 0.0, 0.0, 1.0],
                [0.980757, 0.19503, -0.008831, 0.123073, 0.168234, -0.821321, 0.545088, 0.000876, 0.099059, -0.536072, -0.838299, 0.011753, 0.0, 0.0, 0.0, 1.0],
                [0.982293, 0.18714, -0.008911, 0.123425, 0.164697, -0.839855, 0.517215, 0.000198, 0.089311, -0.509511, -0.855776, 0.009602, 0.0, 0.0, 0.0, 1.0],
                [0.983741, 0.179449, -0.007202, 0.123749, 0.1603, -0.859268, 0.485752, -0.000428, 0.080982, -0.478996, -0.874034, 0.007614, 0.0, 0.0, 0.0, 1.0],
                [0.985107, 0.171907, -0.003496, 0.124045, 0.155123, -0.879786, 0.44934, -0.000998, 0.074172, -0.443177, -0.893321, 0.005804, 0.0, 0.0, 0.0, 1.0],
                [0.986467, 0.163906, 0.004183, 0.124308, 0.148555, -0.904288, 0.400236, -0.001507, 0.069387, -0.394185, -0.916369, 0.00419, 0.0, 0.0, 0.0, 1.0],
                [0.987826, 0.15462, 0.017085, 0.124536, 0.140478, -0.933828, 0.328978, -0.001947, 0.066823, -0.32256, -0.944149, 0.002794, 0.0, 0.0, 0.0, 1.0],
                [0.989035, 0.143854, 0.033408, 0.124724, 0.132244, -0.963378, 0.233263, -0.00231, 0.065742, -0.226274, -0.971804, 0.001639, 0.0, 0.0, 0.0, 1.0],
                [0.989952, 0.132126, 0.05037, 0.124868, 0.125438, -0.985002, 0.118467, -0.002588, 0.065269, -0.110947, -0.991643, 0.000759, 0.0, 0.0, 0.0, 1.0],
                [0.990513, 0.12102, 0.0651, 0.124961, 0.121123, -0.992634, 0.002391, -0.002767, 0.064912, 0.005527, -0.997838, 0.000191, 0.0, 0.0, 0.0, 1.0],
                [0.990703, 0.115138, 0.072456, 0.124994, 0.119659, -0.99091, -0.061465, -0.002831, 0.064723, 0.069573, -0.995437, -1.2e-05, 0.0, 0.0, 0.0, 1.0]
            ]
        },
        {
            "name": "Leg_R",
            "time": [0.0, 0.0167, 0.0333, 0.05, 0.0667, 0.0833, 0.1, 0.1167, 0.1333, 0.15, 0.1667, 0.1833, 0.2, 0.2167, 0.2333, 0.25, 0.2667, 0.2833, 0.3, 0.3167, 0.3333, 0.35, 0.3667, 0.3833, 0.4, 0.4167, 0.4333, 0.45, 0.4667, 0.4833, 0.5, 0.5167, 0.5333, 0.55, 0.5667, 0.5833, 0.6, 0.6167, 0.6333, 0.65, 0.6667],
            "transform": [
                [0.999999, -0.001039, -0.00082, -0.0, 0.001146, 0.369946, 0.929035, 0.375166, -0.000662, -0.929074, 0.369959, 0.0, 0.0, 0.0, 0.0, 1.0],
                [0.999999, -0.001004, -0.000741, 0.0, 0.001107, 0.440161, 0.8979, 0.375166, -0.000575, -0.89794, 0.440174, 0.0, 0.0, 0.0, 0.0, 1.0],
                [1.0, -0.000808, -0.00046, 0.0, 0.000891, 0.691117, 0.722723, 0.375166, -0.000266, -0.72276, 0.691129, -0.0, 0.0, 0.0, 0.0, 1.0],
                [1.0, -0.000604, -0.000292, -0.0, 0.000666, 0.84156, 0.540146, 0.375166, -8e-05, -0.540174, 0.841568, -0.0, 0.0, 0.0, 0.0, 1.0],
                [1.0, -0.000715, -0.000374, 0.0, 0.000789, 0.768611, 0.639697, 0.375166, -0.00017, -0.639731, 0.768621, -0.0, 0.0, 0.0, 0.0, 1.0],
                [0.999999, -0.000839, -0.000495, 0.0, 0.000926, 0.660627, 0.750694, 0.375166, -0.000304, -0.750732, 0.660639, -0.0, 0.0, 0.0, 0.0, 1.0],
                [0.999999, -0.000938, -0.000624, 0.0, 0.001034, 0.544504, 0.838739, 0.375166, -0.000447, -0.838778, 0.544518, 0.0, 0.0, 0.0, 0.0, 1.0],
                [0.999999, -0.00101, -0.000754, 0.0, 0.001114, 0.428636, 0.903459, 0.375166, -0.00059, -0.903498, 0.428649, -0.0, 0.0, 0.0, 0.0, 1.0],
                [0.999999, -0.001061, -0.000879, 0.0, 0.00117, 0.317149, 0.948358, 0.375166, -0.000727, -0.948397, 0.317161, 0.0, 0.0, 0.0, 0.0, 1.0],
                [0.999999, -0.001093, -0.000995, 0.0, 0.001205, 0.212654, 0.977111, 0.375166, -0.000856, -0.977148, 0.212666, 0.0, 0.0, 0.0, 0.0, 1.0],
                [0.999999, -0.001111, -0.001103, -0.0, 0.001225, 0.116334, 0.993194, 0.375166, -0.000975, -0.993229, 0.116344, 0.0, 0.0, 0.0, 0.0, 1.0],
                [0.999999, -0.001118, -0.0012, 0.0, 0.001233, 0.029502, 0.999549, 0.375166, -0.001082, -0.999582, 0.029511, 0.0, 0.0, 0.0, 0.0, 1.0],
                [0.999999, -0.001117, -0.001287, -0.0, 0.001232, -0.047722, 0.998845, 0.375166, -0.001177, -0.998877, -0.047713, -0.0, 0.0, 0.0, 0.0, 1.0],
                [0.999999, -0.001111, -0.001362, 0.0, 0.001225, -0.114714, 0.993383, 0.375166, -0.00126, -0.993414, -0.114704, 0.0, 0.0, 0.0, 0.0, 1.0],
                [0.999999, -0.001102, -0.001425, 0.0, 0.001215, -0.171683, 0.985137, 0.375166, -0.00133, -0.985166, -0.171673, 0.0, 0.0, 0.0, 0.0, 1.0],
                [0.999998, -0.001091, -0.001478, -0.0, 0.001203, -0.21896, 0.97572, 0.375166, -0.001388, -0.975747, -0.21895, 0.0, 0.0, 0.0, 0.0, 1.0],
                [0.999998, -0.001081, -0.001521, 0.0, 0.001192, -0.257042, 0.966386, 0.375166, -0.001435, -0.966411, -0.257032, 0.0, 0.0, 0.0, 0.0, 1.0],
                [0.999998, -0.001071, -0.001554, -0.0, 0.001181, -0.28683, 0.957968, 0.375166, -0.001472, -0.957993, -0.28682, -0.0, 0.0, 0.0, 0.0, 1.0],
                [0.999998, -0.001064, -0.001579, 0.0, 0.001173, -0.308807, 0.951111, 0.375166, -0.001499, -0.951135, -0.308797, -0.0, 0.0, 0.0, 0.0, 1.0],
                [0.999998, -0.001058, -0.001596, 0.0, 0.001167, -0.324198, 0.945976, 0.375166, -0.001518, -0.945999, -0.324188, -0.0, 0.0, 0.0, 0.0, 1.0],
                [0.999998, -0.001062, -0.001584, 0.0, 0.001171, -0.314074, 0.949385, 0.375166, -0.001506, -0.949409, -0.314063, -0.0, 0.0, 0.0, 0.0, 1.0],
                [0.999999, -0.001076, -0.001539, 0.0, 0.001186, -0.273361, 0.961898, 0.375166, -0.001455, -0.961923, -0.273351, -0.0, 0.0, 0.0, 0.0, 1.0],
                [0.999998, -0.001093, -0.001472, -0.0, 0.001205, -0.213091, 0.977018, 0.375166, -0.001381, -0.977045, -0.213082, -0.0, 0.0, 0.0, 0.0, 1.0],
                [0.999998, -0.001107, -0.001389, 0.0, 0.001221, -0.139279, 0.990238, 0.375166, -0.00129, -0.990267, -0.139269, 0.0, 0.0, 0.0, 0.0, 1.0],
                [0.999998, -0.001116, -0.001296, -0.0, 0.001231, -0.05592, 0.99842, 0.375166, -0.001187, -0.99845, -0.05591, -0.0, 0.0, 0.0, 0.0, 1.0],
                [0.999999, -0.001118, -0.001197, 0.0, 0.001233, 0.032378, 0.99946, 0.375166, -0.001078, -0.999492, 0.032388, -0.0, 0.0, 0.0, 0.0, 1.0],
                [0.999999, -0.001111, -0.001102, -0.0, 0.001225, 0.117044, 0.993111, 0.375166, -0.000974, -0.993145, 0.117054, -0.0, 0.0, 0.0, 0.0, 1.0],
                [0.999999, -0.001103, -0.001052, 0.0, 0.001217, 0.162347, 0.986718, 0.375166, -0.000918, -0.986752, 0.162358, 0.0, 0.0, 0.0, 0.0, 1.0],
                [0.999999, -0.0011, -0.001031, -0.0, 0.001213, 0.181261, 0.983419, 0.375166, -0.000895, -0.983454, 0.181272, -0.0, 0.0, 0.0, 0.0, 1.0],
                [0.999999, -0.001098, -0.001023, 0.0, 0.001211, 0.188412, 0.982074, 0.375166, -0.000886, -0.982109, 0.188424, -0.0, 0.0, 0.0, 0.0, 1.0],
                [0.999999, -0.001097, -0.001017, 0.0, 0.00121, 0.193326, 0.981119, 0.375166, -0.00088, -0.981154, 0.193337, -0.0, 0.0, 0.0, 0.0, 1.0],
                [0.999999, -0.001095, -0.001007, -0.0, 0.001208, 0.202497, 0.979267, 0.375166, -0.000869, -0.979302, 0.202508, -0.0, 0.0, 0.0, 0.0, 1.0],
                [0.999999, -0.001091, -0.000986, 0.0, 0.001203, 0.220781, 0.975307, 0.375166, -0.000846, -0.975343, 0.220792, 0.0, 0.0, 0.0, 0.0, 1.0],
                [0.999999, -0.001082, -0.000951, 0.0, 0.001193, 0.252267, 0.967642, 0.375166, -0.000807, -0.967677, 0.252278, 0.0, 0.0, 0.0, 0.0, 1.0],
                [0.999999, -0.001066, -0.000897, -0.0, 0.001176, 0.300902, 0.953639, 0.375166, -0.000747, -0.953675, 0.300914, -0.0, 0.0, 0.0, 0.0, 1.0],
                [0.999999, -0.001033, -0.000806, 0.0, 0.00114, 0.382354, 0.923999, 0.375166, -0.000647, -0.924036, 0.382367, -0.0, 0.0, 0.0, 0.0, 1.0],
                [0.999999, -0.000963, -0.000664, -0.0, 0.001062, 0.509003, 0.860747, 0.375166, -0.000491, -0.860785, 0.509016, 0.0, 0.0, 0.0, 0.0, 1.0],
                [1.0, -0.000833, -0.000487, -0.0, 0.000919, 0.667285, 0.744783, 0.375166, -0.000295, -0.74482, 0.667297, 0.0, 0.0, 0.0, 0.0, 1.0],
                [1.0, -0.000637, -0.000314, 0.0, 0.000702, 0.822228, 0.56914, 0.375166, -0.000104, -0.569169, 0.822238, -0.0, 0.0, 0.0, 0.0, 1.0],
                [1.0, -0.000405, -0.000191, 0.0, 0.000447, 0.932138, 0.362092, 0.375166, 3.1e-05, -0.362108, 0.932142, 0.0, 0.0, 0.0, 0.0, 1.0],
                [1.0, -0.000268, -0.000148, 0.0, 0.000295, 0.970946, 0.239293, 0.375166, 7.9e-05, -0.2393, 0.970948, 0.0, 0.0, 0.0, 0.0, 1.0]
            ]
        },
        {
            "name": "Knee_R",
            "time": [0.0, 0.0167, 0.0333, 0.05, 0.0667, 0.0833, 0.1, 0.1167, 0.1333, 0.15, 0.1667, 0.1833, 0.2, 0.2167, 0.2333, 0.25, 0.2667, 0.2833, 0.3, 0.3167, 0.3333, 0.35, 0.3667, 0.3833, 0.4, 0.4167, 0.4333, 0.45, 0.4667, 0.4833, 0.5, 0.5167, 0.5333, 0.55, 0.5667, 0.5833, 0.6, 0.6167, 0.6333, 0.65, 0.6667],
            "transform": [
                [1.0, -5.7e-05, 5.4e-05, -0.0, 5.7e-05, 0.048757, -0.998811, 0.375166, 5.4e-05, 0.998811, 0.048757, 0.0, 0.0, 0.0, 0.0, 1.0],
                [1.0, -5.7e-05, 5.4e-05, 0.0, 5.7e-05, 0.048757, -0.998811, 0.375166, 5.4e-05, 0.998811, 0.048757, 0.0, 0.0, 0.0, 0.0, 1.0],
                [1.0, -5.7e-05, 5.4e-05, 0.0, 5.7e-05, 0.048757, -0.998811, 0.375166, 5.4e-05, 0.998811, 0.048757, -0.0, 0.0, 0.0, 0.0, 1.0],
                [1.0, -5.7e-05, 5.4e-05, -0.0, 5.7e-05, 0.048757, -0.998811, 0.375166, 5.4e-05, 0.998811, 0.048757, -0.0, 0.0, 0.0, 0.0, 1.0],
                [1.0, -5.7e-05, 5.4e-05, 0.0, 5.7e-05, 0.048757, -0.998811, 0.375166, 5.4e-05, 0.998811, 0.048757, -0.0, 0.0, 0.0, 0.0, 1.0],
                [1.0, -5.7e-05, 5.4e-05, 0.0, 5.7e-05, 0.048757, -0.998811, 0.375166, 5.4e-05, 0.998811, 0.048757, -0.0, 0.0, 0.0, 0.0, 1.0],
                [1.0, -5.7e-05, 5.4e-05, 0.0, 5.7e-05, 0.048757, -0.998811, 0.375166, 5.4e-05, 0.998811, 0.048757, 0.0, 0.0, 0.0, 0.0, 1.0],
                [1.0, -5.7e-05, 5.4e-05, 0.0, 5.7e-05, 0.048757, -0.998811, 0.375166, 5.4e-05, 0.998811, 0.048757, -0.0, 0.0, 0.0, 0.0, 1.0],
                [1.0, -5.7e-05, 5.4e-05, 0.0, 5.7e-05, 0.048757, -0.998811, 0.375166, 5.4e-05, 0.998811, 0.048757, 0.0, 0.0, 0.0, 0.0, 1.0],
                [1.0, -5.7e-05, 5.4e-05, 0.0, 5.7e-05, 0.048757, -0.998811, 0.375166, 5.4e-05, 0.998811, 0.048757, 0.0, 0.0, 0.0, 0.0, 1.0],
                [1.0, -5.7e-05, 5.4e-05, -0.0, 5.7e-05, 0.048757, -0.998811, 0.375166, 5.4e-05, 0.998811, 0.048757, 0.0, 0.0, 0.0, 0.0, 1.0],
                [1.0, -5.7e-05, 5.4e-05, 0.0, 5.7e-05, 0.048757, -0.998811, 0.375166, 5.4e-05, 0.998811, 0.048757, 0.0, 0.0, 0.0, 0.0, 1.0],
                [1.0, -5.7e-05, 5.4e-05, -0.0, 5.7e-05, 0.048757, -0.998811, 0.375166, 5.4e-05, 0.998811, 0.048757, -0.0, 0.0, 0.0, 0.0, 1.0],
                [1.0, -5.7e-05, 5.4e-05, 0.0, 5.7e-05, 0.048757, -0.998811, 0.375166, 5.4e-05, 0.998811, 0.048757, 0.0, 0.0, 0.0, 0.0, 1.0],
                [1.0, -5.7e-05, 5.4e-05, 0.0, 5.7e-05, 0.048757, -0.998811, 0.375166, 5.4e-05, 0.998811, 0.048757, 0.0, 0.0, 0.0, 0.0, 1.0],
                [1.0, -5.7e-05, 5.4e-05, -0.0, 5.7e-05, 0.048757, -0.998811, 0.375166, 5.4e-05, 0.998811, 0.048757, 0.0, 0.0, 0.0, 0.0, 1.0],
                [1.0, -5.7e-05, 5.4e-05, 0.0, 5.7e-05, 0.048757, -0.998811, 0.375166, 5.4e-05, 0.998811, 0.048757, 0.0, 0.0, 0.0, 0.0, 1.0],
                [1.0, -5.7e-05, 5.4e-05, -0.0, 5.7e-05, 0.048757, -0.998811, 0.375166, 5.4e-05, 0.998811, 0.048757, -0.0, 0.0, 0.0, 0.0, 1.0],
                [1.0, -5.7e-05, 5.4e-05, 0.0, 5.7e-05, 0.048757, -0.998811, 0.375166, 5.4e-05, 0.998811, 0.048757, -0.0, 0.0, 0.0, 0.0, 1.0],
                [1.0, -5.7e-05, 5.4e-05, 0.0, 5.7e-05, 0.048757, -0.998811, 0.375166, 5.4e-05, 0.998811, 0.048757, -0.0, 0.0, 0.0, 0.0, 1.0],
                [1.0, -5.7e-05, 5.4e-05, 0.0, 5.7e-05, 0.048757, -0.998811, 0.375166, 5.4e-05, 0.998811, 0.048757, -0.0, 0.0, 0.0, 0.0, 1.0],
                [1.0, -5.7e-05, 5.4e-05, 0.0, 5.7e-05, 0.048757, -0.998811, 0.375166, 5.4e-05, 0.998811, 0.048757, -0.0, 0.0, 0.0, 0.0, 1.0],
                [1.0, -5.7e-05, 5.4e-05, -0.0, 5.7e-05, 0.048757, -0.998811, 0.375166, 5.4e-05, 0.998811, 0.048757, -0.0, 0.0, 0.0, 0.0, 1.0],
                [1.0, -5.7e-05, 5.4e-05, 0.0, 5.7e-05, 0.048757, -0.998811, 0.375166, 5.4e-05, 0.998811, 0.048757, 0.0, 0.0, 0.0, 0.0, 1.0],
                [1.0, -5.7e-05, 5.4e-05, -0.0, 5.7e-05, 0.048757, -0.998811, 0.375166, 5.4e-05, 0.998811, 0.048757, -0.0, 0.0, 0.0, 0.0, 1.0],
                [1.0, -5.7e-05, 5.4e-05, 0.0, 5.7e-05, 0.048757, -0.998811, 0.375166, 5.4e-05, 0.998811, 0.048757, -0.0, 0.0, 0.0, 0.0, 1.0],
                [1.0, -5.7e-05, 5.4e-05, -0.0, 5.7e-05, 0.048757, -0.998811, 0.375166, 5.4e-05, 0.998811, 0.048757, -0.0, 0.0, 0.0, 0.0, 1.0],
                [1.0, -5.7e-05, 5.4e-05, 0.0, 5.7e-05, 0.048757, -0.998811, 0.375166, 5.4e-05, 0.998811, 0.048757, 0.0, 0.0, 0.0, 0.0, 1.0],
                [1.0, -5.7e-05, 5.4e-05, -0.0, 5.7e-05, 0.048757, -0.998811, 0.375166, 5.4e-05, 0.998811, 0.048757, -0.0, 0.0, 0.0, 0.0, 1.0],
                [1.0, -5.7e-05, 5.4e-05, 0.0, 5.7e-05, 0.048757, -0.998811, 0.375166, 5.4e-05, 0.998811, 0.048757, -0.0, 0.0, 0.0, 0.0, 1.0],
                [1.0, -5.7e-05, 5.4e-05, 0.0, 5.7e-05, 0.048757, -0.998811, 0.375166, 5.4e-05, 0.998811, 0.048757, -0.0, 0.0, 0.0, 0.0, 1.0],
                [1.0, -5.7e-05, 5.4e-05, -0.0, 5.7e-05, 0.048757, -0.998811, 0.375166, 5.4e-05, 0.998811, 0.048757, -0.0, 0.0, 0.0, 0.0, 1.0],
                [1.0, -5.7e-05, 5.4e-05, 0.0, 5.7e-05, 0.048757, -0.998811, 0.375166, 5.4e-05, 0.998811, 0.048757, 0.0, 0.0, 0.0, 0.0, 1.0],
                [1.0, -5.7e-05, 5.4e-05, 0.0, 5.7e-05, 0.048757, -0.998811, 0.375166, 5.4e-05, 0.998811, 0.048757, 0.0, 0.0, 0.0, 0.0, 1.0],
                [1.0, -5.7e-05, 5.4e-05, -0.0, 5.7e-05, 0.048757, -0.998811, 0.375166, 5.4e-05, 0.998811, 0.048757, -0.0, 0.0, 0.0, 0.0, 1.0],
                [1.0, -5.7e-05, 5.4e-05, 0.0, 5.7e-05, 0.048757, -0.998811, 0.375166, 5.4e-05, 0.998811, 0.048757, -0.0, 0.0, 0.0, 0.0, 1.0],
                [1.0, -5.7e-05, 5.4e-05, -0.0, 5.7e-05, 0.048757, -0.998811, 0.375166, 5.4e-05, 0.998811, 0.048757, 0.0, 0.0, 0.0, 0.0, 1.0],
                [1.0, -5.7e-05, 5.4e-05, -0.0, 5.7e-05, 0.048757, -0.998811, 0.375166, 5.4e-05, 0.998811, 0.048757, 0.0, 0.0, 0.0, 0.0, 1.0],
                [1.0, -5.7e-05, 5.4e-05, 0.0, 5.7e-05, 0.048757, -0.998811, 0.375166, 5.4e-05, 0.998811, 0.048757, -0.0, 0.0, 0.0, 0.0, 1.0],
                [1.0, -5.7e-05, 5.4e-05, 0.0, 5.7e-05, 0.048757, -0.998811, 0.375166, 5.4e-05, 0.998811, 0.048757, 0.0, 0.0, 0.0, 0.0, 1.0],
                [1.0, -5.7e-05, 5.4e-05, 0.0, 5.7e-05, 0.048757, -0.998811, 0.375166, 5.4e-05, 0.998811, 0.048757, 0.0, 0.0, 0.0, 0.0, 1.0]
            ]
        },
        {
            "name": "Thigh_L",
            "time": [0.0, 0.0167, 0.0333, 0.05, 0.0667, 0.0833, 0.1, 0.1167, 0.1333, 0.15, 0.1667, 0.1833, 0.2, 0.2167, 0.2333, 0.25, 0.2667, 0.2833, 0.3, 0.3167, 0.3333, 0.35, 0.3667, 0.3833, 0.4, 0.4167, 0.4333, 0.45, 0.4667, 0.4833, 0.5, 0.5167, 0.5333, 0.55, 0.5667, 0.5833, 0.6, 0.6167, 0.6333, 0.65, 0.6667],
            "transform": [
                [0.999175, 0.010401, -0.039257, -0.116867, 0.040387, -0.356198, 0.933513, 0.000984, -0.004274, -0.93434, -0.356289, -0.131478, 0.0, 0.0, 0.0, 1.0],
                [0.999404, 0.004191, -0.034254, -0.116884, 0.033718, -0.329984, 0.943362, 0.000977, -0.00735, -0.943962, -0.329895, -0.131203, 0.0, 0.0, 0.0, 1.0],
                [0.999765, -0.009647, -0.019433, -0.116932, 0.014361, -0.377164, 0.926018, 0.000954, -0.016264, -0.926074, -0.376907, -0.130425, 0.0, 0.0, 0.0, 1.0],
                [0.999758, -0.019548, -0.010078, -0.117008, 0.000201, -0.450078, 0.892974, 0.000918, -0.021993, -0.892751, -0.449938, -0.129198, 0.0, 0.0, 0.0, 1.0],
                [0.999788, -0.018884, -0.008228, -0.117109, -0.000744, -0.432316, 0.901707, 0.000871, -0.020586, -0.9015, -0.432211, -0.127569, 0.0, 0.0, 0.0, 1.0],
                [0.999832, -0.017137, -0.006584, -0.117232, -0.000818, -0.399903, 0.916541, 0.000813, -0.01834, -0.916374, -0.399822, -0.125578, 0.0, 0.0, 0.0, 1.0],
                [0.999872, -0.015285, -0.004638, -0.117376, -0.001258, -0.364865, 0.931043, 0.000746, -0.015924, -0.930912, -0.36481, -0.123256, 0.0, 0.0, 0.0, 1.0],
                [0.999906, -0.013539, -0.002249, -0.117539, -0.002354, -0.330691, 0.943719, 0.00067, -0.013521, -0.94362, -0.330663, -0.120632, 0.0, 0.0, 0.0, 1.0],
                [0.999928, -0.011946, 0.000652, -0.117718, -0.004194, -0.298933, 0.954247, 0.000585, -0.011205, -0.954177, -0.298933, -0.117729, 0.0, 0.0, 0.0, 1.0],
                [0.999936, -0.010512, 0.004107, -0.117914, -0.006796, -0.270349, 0.962719, 0.000494, -0.009011, -0.962683, -0.270374, -0.114569, 0.0, 0.0, 0.0, 1.0],
                [0.999924, -0.009233, 0.008136, -0.118124, -0.010153, -0.245271, 0.969381, 0.000395, -0.006955, -0.96939, -0.245317, -0.111169, 0.0, 0.0, 0.0, 1.0],
                [0.999886, -0.008107, 0.012753, -0.118349, -0.014244, -0.22378, 0.974515, 0.00029, -0.005047, -0.974586, -0.22384, -0.107546, 0.0, 0.0, 0.0, 1.0],
                [0.999813, -0.007144, 0.017962, -0.118586, -0.019049, -0.205948, 0.978356, 0.000179, -0.00329, -0.978517, -0.206016, -0.103714, 0.0, 0.0, 0.0, 1.0],
                [0.999697, -0.006355, 0.02377, -0.118835, -0.024547, -0.19134, 0.981194, 6.2e-05, -0.001687, -0.981484, -0.191408, -0.099686, 0.0, 0.0, 0.0, 1.0],
                [0.999528, -0.005768, 0.030175, -0.119096, -0.030722, -0.179939, 0.983175, -6e-05, -0.000242, -0.983641, -0.180001, -0.095473, 0.0, 0.0, 0.0, 1.0],
                [0.999294, -0.005422, 0.037183, -0.119368, -0.037562, -0.1716, 0.984427, -0.000188, 0.001043, -0.985133, -0.171652, -0.091086, 0.0, 0.0, 0.0, 1.0],
                [0.998982, -0.005369, 0.044796, -0.119649, -0.045066, -0.166257, 0.985029, -0.00032, 0.002159, -0.986049, -0.166299, -0.086535, 0.0, 0.0, 0.0, 1.0],
                [0.998577, -0.005682, 0.053026, -0.119941, -0.05324, -0.163975, 0.985003, -0.000456, 0.003098, -0.986429, -0.164013, -0.081829, 0.0, 0.0, 0.0, 1.0],
                [0.998062, -0.006471, 0.061886, -0.120241, -0.062106, -0.165042, 0.984306, -0.000597, 0.003845, -0.986246, -0.165094, -0.076976, 0.0, 0.0, 0.0, 1.0],
                [0.997416, -0.007905, 0.071396, -0.12055, -0.071701, -0.170088, 0.982794, -0.000742, 0.004375, -0.985378, -0.170185, -0.071985, 0.0, 0.0, 0.0, 1.0],
                [0.996693, -0.011001, 0.080511, -0.120867, -0.081101, -0.196754, 0.97707, -0.000891, 0.005093, -0.980372, -0.196965, -0.066865, 0.0, 0.0, 0.0, 1.0],
                [0.995975, -0.016093, 0.088173, -0.121192, -0.089405, -0.248319, 0.964522, -0.001043, 0.006373, -0.968526, -0.248727, -0.061626, 0.0, 0.0, 0.0, 1.0],
                [0.99528, -0.022624, 0.094368, -0.121522, -0.096701, -0.312869, 0.944841, -0.001198, 0.008149, -0.949508, -0.313548, -0.056281, 0.0, 0.0, 0.0, 1.0],
                [0.994618, -0.030156, 0.099125, -0.121859, -0.103095, -0.383527, 0.917739, -0.001355, 0.010342, -0.923019, -0.384539, -0.050849, 0.0, 0.0, 0.0, 1.0],
                [0.993991, -0.038311, 0.102539, -0.122199, -0.108707, -0.455509, 0.883552, -0.001515, 0.012859, -0.889388, -0.456902, -0.045361, 0.0, 0.0, 0.0, 1.0],
                [0.993398, -0.046653, 0.104802, -0.122537, -0.113657, -0.524237, 0.843938, -0.001673, 0.01557, -0.850276, -0.526043, -0.039896, 0.0, 0.0, 0.0, 1.0],
                [0.992873, -0.054465, 0.105998, -0.12285, -0.117775, -0.584349, 0.802896, -0.00182, 0.018211, -0.809655, -0.586563, -0.034839, 0.0, 0.0, 0.0, 1.0],
                [0.994119, -0.061467, 0.089153, -0.123088, -0.108041, -0.618833, 0.778042, -0.001932, 0.007348, -0.783097, -0.621798, -0.030989, 0.0, 0.0, 0.0, 1.0],
                [0.995529, -0.071642, 0.061549, -0.123323, -0.093426, -0.651185, 0.753132, -0.002042, -0.013876, -0.755514, -0.654929, -0.027191, 0.0, 0.0, 0.0, 1.0],
                [0.996203, -0.081948, 0.029397, -0.12355, -0.077595, -0.682627, 0.726622, -0.002148, -0.03948, -0.726143, -0.686355, -0.023538, 0.0, 0.0, 0.0, 1.0],
                [0.995818, -0.091199, -0.005341, -0.123765, -0.061586, -0.713359, 0.698074, -0.002249, -0.067477, -0.694826, -0.715952, -0.020062, 0.0, 0.0, 0.0, 1.0],
                [0.994254, -0.098648, -0.041556, -0.123968, -0.045883, -0.743506, 0.667141, -0.002344, -0.096714, -0.661401, -0.743719, -0.016781, 0.0, 0.0, 0.0, 1.0],
                [0.991514, -0.103741, -0.078336, -0.124158, -0.030791, -0.772891, 0.633779, -0.002433, -0.1263, -0.62599, -0.769485, -0.013714, 0.0, 0.0, 0.0, 1.0],
                [0.987706, -0.106071, -0.114822, -0.124333, -0.01655, -0.801386, 0.597906, -0.002515, -0.155444, -0.588658, -0.793248, -0.010881, 0.0, 0.0, 0.0, 1.0],
                [0.983035, -0.105394, -0.150104, -0.124493, -0.003377, -0.828681, 0.559699, -0.00259, -0.183386, -0.5497, -0.814936, -0.008301, 0.0, 0.0, 0.0, 1.0],
                [0.977799, -0.101656, -0.183226, -0.124635, 0.008517, -0.854437, 0.519474, -0.002657, -0.209372, -0.509506, -0.834559, -0.006001, 0.0, 0.0, 0.0, 1.0],
                [0.97238, -0.095057, -0.213159, -0.124758, 0.018913, -0.878216, 0.477879, -0.002715, -0.232636, -0.468716, -0.852118, -0.004011, 0.0, 0.0, 0.0, 1.0],
                [0.967234, -0.086175, -0.238801, -0.12486, 0.027572, -0.899415, 0.436215, -0.002762, -0.252384, -0.428512, -0.867525, -0.002365, 0.0, 0.0, 0.0, 1.0],
                [0.962876, -0.076198, -0.258952, -0.124938, 0.034221, -0.917137, 0.39709, -0.002799, -0.267765, -0.391217, -0.880438, -0.00111, 0.0, 0.0, 0.0, 1.0],
                [0.959857, -0.067495, -0.272234, -0.124988, 0.038532, -0.929683, 0.36633, -0.002822, -0.27783, -0.362121, -0.889719, -0.000301, 0.0, 0.0, 0.0, 1.0],
                [0.958733, -0.063711, -0.277066, -0.125006, 0.040085, -0.934543, 0.353577, -0.002831, -0.281469, -0.350099, -0.893379, -1.2e-05, 0.0, 0.0, 0.0, 1.0]
            ]
        },
        {
            "name": "Leg_L",
            "time": [0.0, 0.0167, 0.0333, 0.05, 0.0667, 0.0833, 0.1, 0.1167, 0.1333, 0.15, 0.1667, 0.1833, 0.2, 0.2167, 0.2333, 0.25, 0.2667, 0.2833, 0.3, 0.3167, 0.3333, 0.35, 0.3667, 0.3833, 0.4, 0.4167, 0.4333, 0.45, 0.4667, 0.4833, 0.5, 0.5167, 0.5333, 0.55, 0.5667, 0.5833, 0.6, 0.6167, 0.6333, 0.65, 0.6667],
            "transform": [
                [1.0, 2e-06, 3e-06, -0.0, -3e-06, 0.262097, 0.965023, 0.375166, 2e-06, -0.965066, 0.26211, 0.0, 0.0, 0.0, 0.0, 1.0],
                [1.0, 2e-06, 3e-06, 0.0, -3e-06, 0.055545, 0.998438, 0.375166, 2e-06, -0.998478, 0.055555, 0.0, 0.0, 0.0, 0.0, 1.0],
                [1.0, 2e-06, 4e-06, -0.0, -3e-06, -0.278811, 0.96033, 0.375166, 3e-06, -0.96036, -0.278801, -0.0, 0.0, 0.0, 0.0, 1.0],
                [1.0, 2e-06, 4e-06, 0.0, -3e-06, -0.38483, 0.922973, 0.375166, 4e-06, -0.922998, -0.384819, -0.0, 0.0, 0.0, 0.0, 1.0],
                [1.0, 2e-06, 4e-06, -0.0, -3e-06, -0.381447, 0.924376, 0.375166, 4e-06, -0.924402, -0.381436, 0.0, 0.0, 0.0, 0.0, 1.0],
                [1.0, 2e-06, 4e-06, 0.0, -3e-06, -0.373486, 0.927621, 0.375166, 4e-06, -0.927647, -0.373476, 0.0, 0.0, 0.0, 0.0, 1.0],
                [1.0, 2e-06, 4e-06, -0.0, -3e-06, -0.362175, 0.932095, 0.375166, 4e-06, -0.932122, -0.362165, -0.0, 0.0, 0.0, 0.0, 1.0],
                [1.0, 2e-06, 4e-06, 0.0, -3e-06, -0.348025, 0.93747, 0.375166, 3e-06, -0.937497, -0.348015, 0.0, 0.0, 0.0, 0.0, 1.0],
                [1.0, 2e-06, 4e-06, -0.0, -3e-06, -0.331582, 0.943411, 0.375166, 3e-06, -0.943439, -0.331572, -0.0, 0.0, 0.0, 0.0, 1.0],
                [1.0, 2e-06, 4e-06, -0.0, -3e-06, -0.313459, 0.949586, 0.375166, 3e-06, -0.949614, -0.313449, 0.0, 0.0, 0.0, 0.0, 1.0],
                [1.0, 2e-06, 4e-06, -0.0, -3e-06, -0.294332, 0.955687, 0.375166, 3e-06, -0.955717, -0.294323, 0.0, 0.0, 0.0, 0.0, 1.0],
                [1.0, 2e-06, 4e-06, -0.0, -3e-06, -0.274923, 0.96145, 0.375166, 3e-06, -0.961481, -0.274913, -0.0, 0.0, 0.0, 0.0, 1.0],
                [1.0, 2e-06, 4e-06, 0.0, -3e-06, -0.255811, 0.966711, 0.375166, 3e-06, -0.966742, -0.255802, -0.0, 0.0, 0.0, 0.0, 1.0],
                [1.0, 2e-06, 4e-06, 0.0, -3e-06, -0.238169, 0.971207, 0.375166, 3e-06, -0.971239, -0.238159, -0.0, 0.0, 0.0, 0.0, 1.0],
                [1.0, 2e-06, 4e-06, -0.0, -3e-06, -0.22263, 0.974886, 0.375166, 3e-06, -0.974919, -0.222621, 0.0, 0.0, 0.0, 0.0, 1.0],
                [1.0, 2e-06, 4e-06, -0.0, -3e-06, -0.210047, 0.977675, 0.375166, 3e-06, -0.977708, -0.210038, 0.0, 0.0, 0.0, 0.0, 1.0],
                [1.0, 2e-06, 4e-06, 0.0, -3e-06, -0.201289, 0.979515, 0.375166, 3e-06, -0.979548, -0.20128, 0.0, 0.0, 0.0, 0.0, 1.0],
                [1.0, 2e-06, 4e-06, -0.0, -3e-06, -0.197232, 0.98034, 0.375166, 3e-06, -0.980373, -0.197222, -0.0, 0.0, 0.0, 0.0, 1.0],
                [1.0, 2e-06, 4e-06, 0.0, -3e-06, -0.198732, 0.980037, 0.375166, 3e-06, -0.98007, -0.198722, -0.0, 0.0, 0.0, 0.0, 1.0],
                [1.0, 2e-06, 4e-06, 0.0, -3e-06, -0.206592, 0.97841, 0.375166, 3e-06, -0.978443, -0.206583, -0.0, 0.0, 0.0, 0.0, 1.0],
                [1.0, 2e-06, 4e-06, -0.0, -3e-06, -0.202765, 0.979211, 0.375166, 3e-06, -0.979244, -0.202755, 0.0, 0.0, 0.0, 0.0, 1.0],
                [1.0, 2e-06, 4e-06, 0.0, -3e-06, -0.177224, 0.984154, 0.375166, 3e-06, -0.984187, -0.177214, 0.0, 0.0, 0.0, 0.0, 1.0],
                [1.0, 2e-06, 3e-06, -0.0, -3e-06, -0.136083, 0.990681, 0.375166, 3e-06, -0.990715, -0.136073, 0.0, 0.0, 0.0, 0.0, 1.0],
                [1.0, 2e-06, 3e-06, 0.0, -3e-06, -0.082347, 0.996586, 0.375166, 3e-06, -0.996622, -0.082338, 0.0, 0.0, 0.0, 0.0, 1.0],
                [1.0, 2e-06, 3e-06, 0.0, -3e-06, -0.018412, 0.999813, 0.375166, 2e-06, -0.999851, -0.018402, 0.0, 0.0, 0.0, 0.0, 1.0],
                [1.0, 2e-06, 3e-06, -0.0, -3e-06, 0.051559, 0.998652, 0.375166, 2e-06, -0.998691, 0.051569, -0.0, 0.0, 0.0, 0.0, 1.0],
                [1.0, 2e-06, 3e-06, 0.0, -3e-06, 0.120882, 0.992649, 0.375166, 2e-06, -0.992689, 0.120893, -0.0, 0.0, 0.0, 0.0, 1.0],
                [1.0, 2e-06, 3e-06, 0.0, -3e-06, 0.193078, 0.981165, 0.375166, 2e-06, -0.981207, 0.19309, -0.0, 0.0, 0.0, 0.0, 1.0],
                [1.0, 2e-06, 2e-06, -0.0, -3e-06, 0.271328, 0.962468, 0.375166, 2e-06, -0.962511, 0.271341, -0.0, 0.0, 0.0, 0.0, 1.0],
                [1.0, 2e-06, 2e-06, 0.0, -3e-06, 0.351254, 0.93626, 0.375166, 1e-06, -0.936305, 0.351268, -0.0, 0.0, 0.0, 0.0, 1.0],
                [1.0, 2e-06, 2e-06, 0.0, -3e-06, 0.430865, 0.902396, 0.375166, 1e-06, -0.902441, 0.43088, -0.0, 0.0, 0.0, 0.0, 1.0],
                [1.0, 2e-06, 2e-06, -0.0, -3e-06, 0.50916, 0.860651, 0.375166, 1e-06, -0.860696, 0.509175, 0.0, 0.0, 0.0, 0.0, 1.0],
                [1.0, 2e-06, 2e-06, -0.0, -2e-06, 0.584911, 0.811076, 0.375166, 1e-06, -0.81112, 0.584926, -0.0, 0.0, 0.0, 0.0, 1.0],
                [1.0, 2e-06, 2e-06, 0.0, -2e-06, 0.657225, 0.753673, 0.375166, 0.0, -0.753716, 0.657239, 0.0, 0.0, 0.0, 0.0, 1.0],
                [1.0, 2e-06, 1e-06, 0.0, -2e-06, 0.724899, 0.688833, 0.375166, 0.0, -0.688874, 0.724913, -0.0, 0.0, 0.0, 0.0, 1.0],
                [1.000001, 1e-06, 1e-06, -0.0, -2e-06, 0.786744, 0.617258, 0.375166, 0.0, -0.617296, 0.786756, 0.0, 0.0, 0.0, 0.0, 1.0],
                [1.0, 1e-06, 1e-06, 0.0, -2e-06, 0.841428, 0.540349, 0.375166, -0.0, -0.540381, 0.841437, -0.0, 0.0, 0.0, 0.0, 1.0],
                [1.0, 1e-06, 1e-06, -0.0, -1e-06, 0.887445, 0.460897, 0.375166, -0.0, -0.460924, 0.887452, 0.0, 0.0, 0.0, 0.0, 1.0],
                [1.0, 1e-06, 1e-06, -0.0, -1e-06, 0.923122, 0.384492, 0.375166, -1e-06, -0.384512, 0.923127, 0.0, 0.0, 0.0, 0.0, 1.0],
                [1.0, 1e-06, 1e-06, 0.0, -1e-06, 0.94625, 0.323425, 0.375166, -1e-06, -0.32344, 0.946254, 0.0, 0.0, 0.0, 0.0, 1.0],
                [1.0, 1e-06, 1e-06, 0.0, -1e-06, 0.954598, 0.297887, 0.375166, -1e-06, -0.2979, 0.954601, -0.0, 0.0, 0.0, 0.0, 1.0]
            ]
        },
        {
            "name": "Knee_L",
            "time": [0.0, 0.0167, 0.0333, 0.05, 0.0667, 0.0833, 0.1, 0.1167, 0.1333, 0.15, 0.1667, 0.1833, 0.2, 0.2167, 0.2333, 0.25, 0.2667, 0.2833, 0.3, 0.3167, 0.3333, 0.35, 0.3667, 0.3833, 0.4, 0.4167, 0.4333, 0.45, 0.4667, 0.4833, 0.5, 0.5167, 0.5333, 0.55, 0.5667, 0.5833, 0.6, 0.6167, 0.6333, 0.65, 0.6667],
            "transform": [
                [1.0, 0.0, -0.0, -0.0, -0.0, 0.048757, -0.998811, 0.375166, -0.0, 0.998811, 0.048757, 0.0, 0.0, 0.0, 0.0, 1.0],
                [1.0, 0.0, -0.0, 0.0, -0.0, 0.048757, -0.998811, 0.375166, -0.0, 0.998811, 0.048757, 0.0, 0.0, 0.0, 0.0, 1.0],
                [1.0, 0.0, -0.0, -0.0, -0.0, 0.048757, -0.998811, 0.375166, -0.0, 0.998811, 0.048757, -0.0, 0.0, 0.0, 0.0, 1.0],
                [1.0, 0.0, -0.0, 0.0, -0.0, 0.048757, -0.998811, 0.375166, -0.0, 0.998811, 0.048757, -0.0, 0.0, 0.0, 0.0, 1.0],
                [1.0, 0.0, -0.0, -0.0, -0.0, 0.048757, -0.998811, 0.375166, -0.0, 0.998811, 0.048757, 0.0, 0.0, 0.0, 0.0, 1.0],
