{
    "animation": [
        {
            "name": "Root",
            "time": [0.0, 0.0167, 0.0333, 0.05, 0.0667, 0.0833, 0.1, 0.1167, 0.1333, 0.15, 0.1667, 0.1833, 0.2, 0.2167, 0.2333, 0.25, 0.2667, 0.2833, 0.3, 0.3167, 0.3333, 0.35, 0.3667, 0.3833, 0.4, 0.4167, 0.4333, 0.45, 0.4667, 0.4833, 0.5, 0.5167, 0.5333, 0.55, 0.5667, 0.5833, 0.6, 0.6167, 0.6333, 0.65, 0.6667],
            "transform": [
                [0.997526, 0.0, 0.070304, -5e-06, 0.070304, 0.0, -0.997526, -0.130525, 0.0, 1.0, 0.0, 0.517326, 0.0, 0.0, 0.0, 1.0],
                [0.997517, 0.0, 0.070428, 1e-05, 0.070428, 0.0, -0.997517, -0.114417, 0.0, 1.0, 0.0, 0.511546, 0.0, 0.0, 0.0, 1.0],
                [0.99749, 0.0, 0.070802, 3e-05, 0.070802, 0.0, -0.99749, -0.067535, 0.0, 1.0, 0.0, 0.494724, 0.0, 0.0, 0.0, 1.0],
                [0.997446, 0.0, 0.071428, -3e-06, 0.071428, 0.0, -0.997446, -0.000141, 0.0, 1.0, 0.0, 0.470541, 0.0, 0.0, 0.0, 1.0],
                [0.997382, 0.0, 0.072307, -0.000138, 0.072307, 0.0, -0.997382, 0.067254, 0.0, 1.0, 0.0, 0.446358, 0.0, 0.0, 0.0, 1.0],
                [0.9973, 0.0, 0.073439, -0.00036, 0.073439, 0.0, -0.9973, 0.114135, 0.0, 1.0, 0.0, 0.429536, 0.0, 0.0, 0.0, 1.0],
                [0.997197, 0.0, 0.074822, -0.00059, 0.074822, 0.0, -0.997197, 0.130242, 0.0, 1.0, 0.0, 0.423756, 0.0, 0.0, 0.0, 1.0],
                [0.997073, 0.0, 0.076455, -0.000721, 0.076455, 0.0, -0.997073, 0.117167, 0.0, 1.0, 0.0, 0.423756, 0.0, 0.0, 0.0, 1.0],
                [0.996927, 0.0, 0.078332, -0.000746, 0.078332, 0.0, -0.996927, 0.093056, 0.0, 1.0, 0.0, 0.423756, 0.0, 0.0, 0.0, 1.0],
                [0.996759, 0.0, 0.080447, -0.000661, 0.080447, 0.0, -0.996759, 0.065431, 0.0, 1.0, 0.0, 0.423756, 0.0, 0.0, 0.0, 1.0],
                [0.996567, 0.0, 0.082791, -0.000453, 0.082791, 0.0, -0.996567, 0.036777, 0.0, 1.0, 0.0, 0.423756, 0.0, 0.0, 0.0, 1.0],
                [0.996351, 0.0, 0.085354, -0.000116, 0.085354, 0.0, -0.996351, 0.008358, 0.0, 1.0, 0.0, 0.423756, 0.0, 0.0, 0.0, 1.0],
                [0.99611, 0.0, 0.088123, 0.000352, 0.088123, 0.0, -0.99611, -0.01901, 0.0, 1.0, 0.0, 0.423756, 0.0, 0.0, 0.0, 1.0],
                [0.995843, 0.0, 0.091083, 0.000947, 0.091083, 0.0, -0.995843, -0.044704, 0.0, 1.0, 0.0, 0.423756, 0.0, 0.0, 0.0, 1.0],
                [0.995552, 0.0, 0.094216, 0.001654, 0.094216, 0.0, -0.995552, -0.068177, 0.0, 1.0, 0.0, 0.423756, 0.0, 0.0, 0.0, 1.0],
                [0.995235, 0.0, 0.097502, 0.002448, 0.097502, 0.0, -0.995235, -0.088899, 0.0, 1.0, 0.0, 0.423756, 0.0, 0.0, 0.0, 1.0],
                [0.994895, 0.0, 0.100919, 0.003292, 0.100919, 0.0, -0.994895, -0.106308, 0.0, 1.0, 0.0, 0.423756, 0.0, 0.0, 0.0, 1.0],
                [0.994531, 0.0, 0.104443, 0.004134, 0.104443, 0.0, -0.994531, -0.119774, 0.0, 1.0, 0.0, 0.423756, 0.0, 0.0, 0.0, 1.0],
                [0.994146, 0.0, 0.108049, 0.004905, 0.108049, 0.0, -0.994146, -0.128548, 0.0, 1.0, 0.0, 0.423756, 0.0, 0.0, 0.0, 1.0],
                [0.993741, 0.0, 0.111709, 0.005514, 0.111709, 0.0, -0.993741, -0.131706, 0.0, 1.0, 0.0, 0.423756, 0.0, 0.0, 0.0, 1.0],
                [0.99332, 0.0, 0.115396, 0.005789, 0.115396, 0.0, -0.99332, -0.126888, 0.0, 1.0, 0.0, 0.435169, 0.0, 0.0, 0.0, 1.0],
                [0.992885, 0.0, 0.119081, 0.005882, 0.119081, 0.0, -0.992885, -0.119095, 0.0, 1.0, 0.0, 0.453664, 0.0, 0.0, 0.0, 1.0],
                [0.992439, 0.0, 0.122737, 0.005872, 0.122737, 0.0, -0.992439, -0.110499, 0.0, 1.0, 0.0, 0.474072, 0.0, 0.0, 0.0, 1.0],
                [0.991988, 0.0, 0.126335, 0.005777, 0.126335, 0.0, -0.991988, -0.101617, 0.0, 1.0, 0.0, 0.495163, 0.0, 0.0, 0.0, 1.0],
                [0.991534, 0.0, 0.129848, 0.005606, 0.129848, 0.0, -0.991534, -0.092678, 0.0, 1.0, 0.0, 0.516401, 0.0, 0.0, 0.0, 1.0],
                [0.991082, 0.0, 0.133253, 0.005366, 0.133253, 0.0, -0.991082, -0.083807, 0.0, 1.0, 0.0, 0.537482, 0.0, 0.0, 0.0, 1.0],
                [0.990637, 0.0, 0.136524, 0.005066, 0.136524, 0.0, -0.990637, -0.07509, 0.0, 1.0, 0.0, 0.558206, 0.0, 0.0, 0.0, 1.0],
                [0.990202, 0.0, 0.13964, 0.004713, 0.13964, 0.0, -0.990202, -0.066589, 0.0, 1.0, 0.0, 0.578421, 0.0, 0.0, 0.0, 1.0],
                [0.989783, 0.0, 0.142582, 0.004315, 0.142582, 0.0, -0.989783, -0.058358, 0.0, 1.0, 0.0, 0.598005, 0.0, 0.0, 0.0, 1.0],
                [0.989383, 0.0, 0.145333, 0.003882, 0.145333, 0.0, -0.989383, -0.050442, 0.0, 1.0, 0.0, 0.616846, 0.0, 0.0, 0.0, 1.0],
                [0.989006, 0.0, 0.147877, 0.003424, 0.147877, 0.0, -0.989006, -0.042885, 0.0, 1.0, 0.0, 0.634839, 0.0, 0.0, 0.0, 1.0],
                [0.988655, 0.0, 0.150203, 0.002951, 0.150203, 0.0, -0.988655, -0.035731, 0.0, 1.0, 0.0, 0.65188, 0.0, 0.0, 0.0, 1.0],
                [0.988334, 0.0, 0.1523, 0.002475, 0.1523, 0.0, -0.988334, -0.029026, 0.0, 1.0, 0.0, 0.667858, 0.0, 0.0, 0.0, 1.0],
                [0.988046, 0.0, 0.154161, 0.002006, 0.154161, 0.0, -0.988046, -0.022818, 0.0, 1.0, 0.0, 0.682655, 0.0, 0.0, 0.0, 1.0],
                [0.987792, 0.0, 0.155778, 0.001558, 0.155778, 0.0, -0.987792, -0.017162, 0.0, 1.0, 0.0, 0.696142, 0.0, 0.0, 0.0, 1.0],
                [0.987575, 0.0, 0.157149, 0.001141, 0.157149, 0.0, -0.987575, -0.012119, 0.0, 1.0, 0.0, 0.708171, 0.0, 0.0, 0.0, 1.0],
                [0.987396, 0.0, 0.158269, 0.000768, 0.158269, 0.0, -0.987396, -0.007758, 0.0, 1.0, 0.0, 0.718574, 0.0, 0.0, 0.0, 1.0],
                [0.987256, 0.0, 0.159139, 0.000454, 0.159139, 0.0, -0.987256, -0.004162, 0.0, 1.0, 0.0, 0.727155, 0.0, 0.0, 0.0, 1.0],
                [0.987156, 0.0, 0.159759, 0.00021, 0.159759, 0.0, -0.987156, -0.001428, 0.0, 1.0, 0.0, 0.733678, 0.0, 0.0, 0.0, 1.0],
                [0.987096, 0.0, 0.160129, 5.2e-05, 0.160129, 0.0, -0.987096, 0.000324, 0.0, 1.0, 0.0, 0.737859, 0.0, 0.0, 0.0, 1.0],
                [0.987076, 0.0, 0.160251, -5e-06, 0.160251, 0.0, -0.987076, 0.000946, 0.0, 1.0, 0.0, 0.739346, 0.0, 0.0, 0.0, 1.0],
                [0.987076, 0.0, 0.160251, -5e-06, 0.160251, 0.0, -0.987076, 0.000946, 0.0, 1.0, 0.0, 0.739346, 0.0, 0.0, 0.0, 1.0]
            ]
        },
        {
            "name": "Thigh_R",
            "time": [0.0, 0.0167, 0.0333, 0.05, 0.0667, 0.0833, 0.1, 0.1167, 0.1333, 0.15, 0.1667, 0.1833, 0.2, 0.2167, 0.2333, 0.25, 0.2667, 0.2833, 0.3, 0.3167, 0.3333, 0.35, 0.3667, 0.3833, 0.4, 0.4167, 0.4333, 0.45, 0.4667, 0.4833, 0.5, 0.5167, 0.5333, 0.55, 0.5667, 0.5833, 0.6, 0.6167, 0.6333, 0.65, 0.6667],
            "transform": [
                [0.996166, -0.027252, 0.083131, 0.109936, -0.031883, -0.997975, 0.054917, 0.026231, 0.081469, -0.057334, -0.994993, 0.092224, 0.0, 0.0, 0.0, 1.0],
                [0.996181, -0.029639, 0.082126, 0.109957, -0.031506, -0.999264, 0.021546, 0.026191, 0.08143, -0.024027, -0.996358, 0.092097, 0.0, 0.0, 0.0, 1.0],
                [0.996226, -0.036643, 0.078677, 0.110019, -0.030327, -0.996324, -0.080003, 0.02607, 0.081322, 0.077341, -0.993653, 0.091715, 0.0, 0.0, 0.0, 1.0],
                [0.996299, -0.046433, 0.072327, 0.110123, -0.028202, -0.971524, -0.235206, 0.025869, 0.081192, 0.232324, -0.969217, 0.091076, 0.0, 0.0, 0.0, 1.0],
                [0.996395, -0.05504, 0.064561, 0.11027, -0.024917, -0.917282, -0.397418, 0.025586, 0.081098, 0.394407, -0.915326, 0.090179, 0.0, 0.0, 0.0, 1.0],
                [0.996501, -0.05869, 0.059504, 0.110459, -0.020359, -0.860973, -0.508207, 0.025222, 0.081061, 0.505249, -0.859135, 0.089023, 0.0, 0.0, 0.0, 1.0],
                [0.996602, -0.05523, 0.061108, 0.110689, -0.014675, -0.849076, -0.528031, 0.024777, 0.081051, 0.525372, -0.846981, 0.08761, 0.0, 0.0, 0.0, 1.0],
                [0.996676, -0.044224, 0.068412, 0.110962, -0.008317, -0.890665, -0.454546, 0.024251, 0.081037, 0.452498, -0.888053, 0.085942, 0.0, 0.0, 0.0, 1.0],
                [0.996704, -0.029319, 0.075635, 0.111275, -0.001105, -0.937219, -0.348695, 0.023647, 0.081113, 0.347492, -0.934144, 0.084025, 0.0, 0.0, 0.0, 1.0],
                [0.996659, -0.012134, 0.080766, 0.111627, 0.00716, -0.972108, -0.234366, 0.022967, 0.081361, 0.23419, -0.968755, 0.081864, 0.0, 0.0, 0.0, 1.0],
                [0.996508, 0.00675, 0.083225, 0.112018, 0.016527, -0.992944, -0.117321, 0.022212, 0.081848, 0.118315, -0.989571, 0.079469, 0.0, 0.0, 0.0, 1.0],
                [0.996214, 0.026868, 0.08268, 0.112446, 0.026981, -0.999626, -0.000218, 0.021387, 0.082647, 0.002474, -0.996548, 0.07685, 0.0, 0.0, 0.0, 1.0],
                [0.995737, 0.04774, 0.078913, 0.112908, 0.038463, -0.99259, 0.115187, 0.020495, 0.08383, -0.111636, -0.990177, 0.074019, 0.0, 0.0, 0.0, 1.0],
                [0.99504, 0.068801, 0.071837, 0.113402, 0.050876, -0.972596, 0.226831, 0.019541, 0.085478, -0.222028, -0.971255, 0.070993, 0.0, 0.0, 0.0, 1.0],
                [0.994086, 0.089448, 0.061572, 0.113925, 0.064084, -0.940965, 0.332362, 0.018532, 0.087669, -0.326429, -0.941114, 0.067789, 0.0, 0.0, 0.0, 1.0],
                [0.992844, 0.109137, 0.048464, 0.114474, 0.077929, -0.899671, 0.429542, 0.017473, 0.090484, -0.422671, -0.90172, 0.064428, 0.0, 0.0, 0.0, 1.0],
                [0.99129, 0.127461, 0.033128, 0.115045, 0.092242, -0.851517, 0.516136, 0.016371, 0.094, -0.508566, -0.855839, 0.060932, 0.0, 0.0, 0.0, 1.0],
                [0.989403, 0.144264, 0.016399, 0.115634, 0.106865, -0.800008, 0.590384, 0.015235, 0.098294, -0.582358, -0.806928, 0.057325, 0.0, 0.0, 0.0, 1.0],
                [0.987164, 0.159707, -0.000638, 0.116236, 0.121678, -0.749491, 0.650725, 0.014071, 0.103451, -0.642434, -0.759284, 0.053633, 0.0, 0.0, 0.0, 1.0],
                [0.984542, 0.174336, -0.01685, 0.116848, 0.136642, -0.704338, 0.69658, 0.01289, 0.109575, -0.688099, -0.717251, 0.049884, 0.0, 0.0, 0.0, 1.0],
                [0.982237, 0.18587, -0.025736, 0.117465, 0.147911, -0.682536, 0.715719, 0.0117, 0.115468, -0.706798, -0.697883, 0.046106, 0.0, 0.0, 0.0, 1.0],
                [0.980298, 0.195353, -0.029198, 0.118082, 0.15605, -0.675331, 0.720807, 0.01051, 0.121097, -0.711149, -0.692488, 0.042328, 0.0, 0.0, 0.0, 1.0],
                [0.978508, 0.204049, -0.029759, 0.118694, 0.162585, -0.674659, 0.719991, 0.009328, 0.12684, -0.709343, -0.693311, 0.038579, 0.0, 0.0, 0.0, 1.0],
                [0.976821, 0.212221, -0.027966, 0.119297, 0.167922, -0.678699, 0.714952, 0.008165, 0.132752, -0.703065, -0.698579, 0.034887, 0.0, 0.0, 0.0, 1.0],
                [0.975219, 0.219926, -0.024056, 0.119885, 0.172263, -0.686611, 0.706312, 0.007029, 0.138824, -0.692943, -0.707456, 0.03128, 0.0, 0.0, 0.0, 1.0],
                [0.973696, 0.227115, -0.018276, 0.120456, 0.175743, -0.697552, 0.694639, 0.005927, 0.14502, -0.67957, -0.71909, 0.027784, 0.0, 0.0, 0.0, 1.0],
                [0.972246, 0.23371, -0.010754, 0.121005, 0.178465, -0.711132, 0.680022, 0.004868, 0.151286, -0.66306, -0.733076, 0.024423, 0.0, 0.0, 0.0, 1.0],
                [0.97087, 0.239599, -0.001616, 0.121528, 0.180519, -0.727009, 0.662465, 0.003859, 0.157557, -0.643451, -0.749054, 0.021219, 0.0, 0.0, 0.0, 1.0],
                [0.969567, 0.244659, 0.008922, 0.122022, 0.181992, -0.744641, 0.642166, 0.002905, 0.163761, -0.620994, -0.766475, 0.018193, 0.0, 0.0, 0.0, 1.0],
                [0.968342, 0.248764, 0.020722, 0.122484, 0.182962, -0.763769, 0.619008, 0.002013, 0.16982, -0.595614, -0.785072, 0.015362, 0.0, 0.0, 0.0, 1.0],
                [0.967197, 0.251798, 0.033553, 0.122912, 0.18351, -0.783929, 0.593102, 0.001188, 0.175651, -0.567485, -0.804388, 0.012743, 0.0, 0.0, 0.0, 1.0],
                [0.96614, 0.253654, 0.047233, 0.123303, 0.183709, -0.804823, 0.56436, 0.000433, 0.181173, -0.53657, -0.824137, 0.010347, 0.0, 0.0, 0.0, 1.0],
                [0.965178, 0.254257, 0.061504, 0.123655, 0.183633, -0.826001, 0.53291, -0.000248, 0.186305, -0.503055, -0.843894, 0.008187, 0.0, 0.0, 0.0, 1.0],
                [0.96432, 0.253547, 0.076152, 0.123968, 0.18335, -0.847137, 0.498733, -0.000852, 0.19097, -0.466973, -0.863364, 0.00627, 0.0, 0.0, 0.0, 1.0],
                [0.963574, 0.251518, 0.090898, 0.124241, 0.182923, -0.867778, 0.462054, -0.001377, 0.195102, -0.428594, -0.882141, 0.004602, 0.0, 0.0, 0.0, 1.0],
                [0.962947, 0.248212, 0.105457, 0.124471, 0.182413, -0.887485, 0.423191, -0.001822, 0.19864, -0.388273, -0.899842, 0.003189, 0.0, 0.0, 0.0, 1.0],
                [0.962447, 0.243755, 0.119491, 0.12466, 0.181873, -0.905762, 0.382771, -0.002187, 0.20154, -0.346663, -0.916043, 0.002033, 0.0, 0.0, 0.0, 1.0],
                [0.962074, 0.238402, 0.132577, 0.124807, 0.181357, -0.922046, 0.341961, -0.002469, 0.203774, -0.304948, -0.930275, 0.001135, 0.0, 0.0, 0.0, 1.0],
                [0.961825, 0.232741, 0.14395, 0.124911, 0.180914, -0.935454, 0.303633, -0.002671, 0.205334, -0.266, -0.941812, 0.000496, 0.0, 0.0, 0.0, 1.0],
                [0.961691, 0.227876, 0.152379, 0.124973, 0.1806, -0.944857, 0.273178, -0.002791, 0.206235, -0.235194, -0.949778, 0.000115, 0.0, 0.0, 0.0, 1.0],
                [0.961653, 0.225772, 0.155718, 0.124994, 0.180479, -0.948441, 0.260546, -0.002831, 0.206521, -0.222452, -0.952781, -1.2e-05, 0.0, 0.0, 0.0, 1.0],
                [0.961653, 0.225772, 0.155718, 0.124994, 0.180479, -0.948441, 0.260546, -0.002831, 0.206521, -0.222452, -0.952781, -1.2e-05, 0.0, 0.0, 0.0, 1.0]
            ]
        },
        {
            "name": "Leg_R",
            "time": [0.0, 0.0167, 0.0333, 0.05, 0.0667, 0.0833, 0.1, 0.1167, 0.1333, 0.15, 0.1667, 0.1833, 0.2, 0.2167, 0.2333, 0.25, 0.2667, 0.2833, 0.3, 0.3167, 0.3333, 0.35, 0.3667, 0.3833, 0.4, 0.4167, 0.4333, 0.45, 0.4667, 0.4833, 0.5, 0.5167, 0.5333, 0.55, 0.5667, 0.5833, 0.6, 0.6167, 0.6333, 0.65, 0.6667],
            "transform": [
                [0.999999, -0.001039, -0.00082, -0.0, 0.001146, 0.369946, 0.929035, 0.375166, -0.000662, -0.929074, 0.369959, 0.0, 0.0, 0.0, 0.0, 1.0],
                [0.999999, -0.001033, -0.000804, -0.0, 0.001139, 0.383809, 0.923395, 0.375166, -0.000645, -0.923433, 0.383822, 0.0, 0.0, 0.0, 0.0, 1.0],
                [1.0, -0.001007, -0.000747, 0.0, 0.001111, 0.434852, 0.900483, 0.375166, -0.000582, -0.900523, 0.434866, 0.0, 0.0, 0.0, 0.0, 1.0],
                [0.999999, -0.000945, -0.000635, -0.0, 0.001042, 0.534989, 0.84484, 0.375166, -0.000458, -0.844879, 0.535003, -0.0, 0.0, 0.0, 0.0, 1.0],
                [0.999999, -0.000838, -0.000492, 0.0, 0.000924, 0.662535, 0.749011, 0.375166, -0.000301, -0.749048, 0.662548, 0.0, 0.0, 0.0, 0.0, 1.0],
                [1.0, -0.00073, -0.000386, -0.0, 0.000805, 0.757581, 0.652722, 0.375166, -0.000184, -0.652756, 0.757592, -0.0, 0.0, 0.0, 0.0, 1.0],
                [1.0, -0.000714, -0.000373, 0.0, 0.000788, 0.76929, 0.63888, 0.375166, -0.000169, -0.638914, 0.769301, -0.0, 0.0, 0.0, 0.0, 1.0],
                [1.0, -0.00082, -0.000472, -0.0, 0.000904, 0.680382, 0.732837, 0.375166, -0.000279, -0.732875, 0.680395, -0.0, 0.0, 0.0, 0.0, 1.0],
                [0.999999, -0.000934, -0.000618, -0.0, 0.00103, 0.550431, 0.834861, 0.375166, -0.000439, -0.834901, 0.550444, -0.0, 0.0, 0.0, 0.0, 1.0],
                [0.999999, -0.001018, -0.000771, 0.0, 0.001123, 0.413043, 0.910693, 0.375166, -0.000609, -0.910733, 0.413056, -0.0, 0.0, 0.0, 0.0, 1.0],
                [0.999999, -0.001074, -0.00092, -0.0, 0.001184, 0.279849, 0.960027, 0.375166, -0.000773, -0.960065, 0.279861, 0.0, 0.0, 0.0, 0.0, 1.0],
                [0.999999, -0.001104, -0.001058, -0.0, 0.001218, 0.156673, 0.987634, 0.375166, -0.000925, -0.987671, 0.156684, -0.0, 0.0, 0.0, 0.0, 1.0],
                [0.999999, -0.001117, -0.001181, -0.0, 0.001232, 0.046303, 0.998911, 0.375166, -0.001061, -0.998946, 0.046313, 0.0, 0.0, 0.0, 0.0, 1.0],
                [0.999999, -0.001117, -0.001289, 0.0, 0.001232, -0.049516, 0.998758, 0.375166, -0.001179, -0.99879, -0.049506, 0.0, 0.0, 0.0, 0.0, 1.0],
                [0.999999, -0.001109, -0.001378, 0.0, 0.001223, -0.129882, 0.991515, 0.375166, -0.001278, -0.991544, -0.129873, 0.0, 0.0, 0.0, 0.0, 1.0],
                [0.999999, -0.001097, -0.001451, 0.0, 0.00121, -0.195055, 0.980778, 0.375166, -0.001359, -0.980805, -0.195046, -0.0, 0.0, 0.0, 0.0, 1.0],
                [0.999998, -0.001084, -0.001508, 0.0, 0.001195, -0.245787, 0.96931, 0.375166, -0.001421, -0.969336, -0.245777, -0.0, 0.0, 0.0, 0.0, 1.0],
                [0.999998, -0.001072, -0.00155, -0.0, 0.001183, -0.283529, 0.95895, 0.375166, -0.001468, -0.958974, -0.283519, -0.0, 0.0, 0.0, 0.0, 1.0],
                [0.999998, -0.001063, -0.00158, 0.0, 0.001173, -0.309609, 0.95085, 0.375166, -0.0015, -0.950874, -0.309599, -0.0, 0.0, 0.0, 0.0, 1.0],
                [0.999999, -0.001057, -0.001598, 0.0, 0.001166, -0.326263, 0.945266, 0.375166, -0.001521, -0.94529, -0.326252, -0.0, 0.0, 0.0, 0.0, 1.0],
                [0.999998, -0.001067, -0.001569, 0.0, 0.001176, -0.300364, 0.953811, 0.375166, -0.001489, -0.953835, -0.300354, 0.0, 0.0, 0.0, 0.0, 1.0],
                [0.999998, -0.001083, -0.00151, -0.0, 0.001195, -0.247692, 0.968825, 0.375166, -0.001424, -0.968851, -0.247682, 0.0, 0.0, 0.0, 0.0, 1.0],
                [0.999998, -0.001099, -0.00144, 0.0, 0.001212, -0.184821, 0.982758, 0.375166, -0.001346, -0.982785, -0.184812, 0.0, 0.0, 0.0, 0.0, 1.0],
                [0.999999, -0.001111, -0.001362, -0.0, 0.001225, -0.115377, 0.993307, 0.375166, -0.001261, -0.993336, -0.115368, -0.0, 0.0, 0.0, 0.0, 1.0],
                [0.999999, -0.001117, -0.001279, 0.0, 0.001232, -0.040946, 0.999146, 0.375166, -0.001169, -0.999177, -0.040936, 0.0, 0.0, 0.0, 0.0, 1.0],
                [0.999999, -0.001117, -0.001192, 0.0, 0.001232, 0.036798, 0.999307, 0.375166, -0.001073, -0.99934, 0.036808, 0.0, 0.0, 0.0, 0.0, 1.0],
                [0.999999, -0.001111, -0.001102, -0.0, 0.001225, 0.117044, 0.993111, 0.375166, -0.000974, -0.993145, 0.117054, 0.0, 0.0, 0.0, 0.0, 1.0],
                [0.999999, -0.001096, -0.001011, 0.0, 0.001209, 0.199077, 0.979968, 0.375166, -0.000873, -0.980003, 0.199088, -0.0, 0.0, 0.0, 0.0, 1.0],
                [0.999999, -0.001073, -0.000918, 0.0, 0.001183, 0.281638, 0.959504, 0.375166, -0.000771, -0.95954, 0.28165, 0.0, 0.0, 0.0, 0.0, 1.0],
                [0.999999, -0.001042, -0.000826, -0.0, 0.001149, 0.364118, 0.931336, 0.375166, -0.000669, -0.931373, 0.364131, 0.0, 0.0, 0.0, 0.0, 1.0],
                [0.999999, -0.001001, -0.000735, -0.0, 0.001104, 0.445359, 0.895334, 0.375166, -0.000569, -0.895372, 0.445372, -0.0, 0.0, 0.0, 0.0, 1.0],
                [0.999999, -0.000952, -0.000647, -0.0, 0.00105, 0.524617, 0.85132, 0.375166, -0.000471, -0.851358, 0.52463, 0.0, 0.0, 0.0, 0.0, 1.0],
                [0.999999, -0.000894, -0.000561, 0.0, 0.000986, 0.600721, 0.79944, 0.375166, -0.000377, -0.799477, 0.600734, 0.0, 0.0, 0.0, 0.0, 1.0],
                [0.999999, -0.000827, -0.000481, 0.0, 0.000912, 0.672828, 0.739779, 0.375166, -0.000289, -0.739815, 0.67284, -0.0, 0.0, 0.0, 0.0, 1.0],
                [0.999999, -0.000752, -0.000406, -0.0, 0.00083, 0.739753, 0.672859, 0.375166, -0.000206, -0.672893, 0.739764, -0.0, 0.0, 0.0, 0.0, 1.0],
                [1.0, -0.00067, -0.000338, 0.0, 0.000739, 0.800359, 0.599503, 0.375166, -0.000131, -0.599533, 0.800369, 0.0, 0.0, 0.0, 0.0, 1.0],
                [1.0, -0.000583, -0.000279, -0.0, 0.000643, 0.853418, 0.521211, 0.375166, -6.6e-05, -0.521237, 0.853425, 0.0, 0.0, 0.0, 0.0, 1.0],
                [1.0, -0.000493, -0.000229, 0.0, 0.000543, 0.897668, 0.440658, 0.375166, -1.1e-05, -0.440679, 0.897674, 0.0, 0.0, 0.0, 0.0, 1.0],
                [1.0, -0.000407, -0.000192, -0.0, 0.000449, 0.93139, 0.364011, 0.375166, 3e-05, -0.364027, 0.931394, 0.0, 0.0, 0.0, 0.0, 1.0],
                [1.0, -0.000338, -0.000168, 0.0, 0.000373, 0.953094, 0.302666, 0.375166, 5.7e-05, -0.302677, 0.953096, 0.0, 0.0, 0.0, 0.0, 1.0],
                [1.0, -0.00031, -0.000159, 0.0, 0.000342, 0.960817, 0.277175, 0.375166, 6.7e-05, -0.277184, 0.960819, 0.0, 0.0, 0.0, 0.0, 1.0],
                [1.0, -0.00031, -0.000159, 0.0, 0.000342, 0.960817, 0.277175, 0.375166, 6.7e-05, -0.277184, 0.960819, 0.0, 0.0, 0.0, 0.0, 1.0]
            ]
        },
        {
            "name": "Knee_R",
            "time": [0.0, 0.0167, 0.0333, 0.05, 0.0667, 0.0833, 0.1, 0.1167, 0.1333, 0.15, 0.1667, 0.1833, 0.2, 0.2167, 0.2333, 0.25, 0.2667, 0.2833, 0.3, 0.3167, 0.3333, 0.35, 0.3667, 0.3833, 0.4, 0.4167, 0.4333, 0.45, 0.4667, 0.4833, 0.5, 0.5167, 0.5333, 0.55, 0.5667, 0.5833, 0.6, 0.6167, 0.6333, 0.65, 0.6667],
            "transform": [
                [1.0, -5.7e-05, 5.4e-05, -0.0, 5.7e-05, 0.048757, -0.998811, 0.375166, 5.4e-05, 0.998811, 0.048757, 0.0, 0.0, 0.0, 0.0, 1.0],
                [1.0, -5.7e-05, 5.4e-05, -0.0, 5.7e-05, 0.048757, -0.998811, 0.375166, 5.4e-05, 0.998811, 0.048757, 0.0, 0.0, 0.0, 0.0, 1.0],
                [1.0, -5.7e-05, 5.4e-05, 0.0, 5.7e-05, 0.048757, -0.998811, 0.375166, 5.4e-05, 0.998811, 0.048757, 0.0, 0.0, 0.0, 0.0, 1.0],
                [1.0, -5.7e-05, 5.4e-05, -0.0, 5.7e-05, 0.048757, -0.998811, 0.375166, 5.4e-05, 0.998811, 0.048757, -0.0, 0.0, 0.0, 0.0, 1.0],
                [1.0, -5.7e-05, 5.4e-05, 0.0, 5.7e-05, 0.048757, -0.998811, 0.375166, 5.4e-05, 0.998811, 0.048757, 0.0, 0.0, 0.0, 0.0, 1.0],
                [1.0, -5.7e-05, 5.4e-05, -0.0, 5.7e-05, 0.048757, -0.998811, 0.375166, 5.4e-05, 0.998811, 0.048757, -0.0, 0.0, 0.0, 0.0, 1.0],
                [1.0, -5.7e-05, 5.4e-05, 0.0, 5.7e-05, 0.048757, -0.998811, 0.375166, 5.4e-05, 0.998811, 0.048757, -0.0, 0.0, 0.0, 0.0, 1.0],
                [1.0, -5.7e-05, 5.4e-05, -0.0, 5.7e-05, 0.048757, -0.998811, 0.375166, 5.4e-05, 0.998811, 0.048757, -0.0, 0.0, 0.0, 0.0, 1.0],
                [1.0, -5.7e-05, 5.4e-05, -0.0, 5.7e-05, 0.048757, -0.998811, 0.375166, 5.4e-05, 0.998811, 0.048757, -0.0, 0.0, 0.0, 0.0, 1.0],
                [1.0, -5.7e-05, 5.4e-05, 0.0, 5.7e-05, 0.048757, -0.998811, 0.375166, 5.4e-05, 0.998811, 0.048757, -0.0, 0.0, 0.0, 0.0, 1.0],
                [1.0, -5.7e-05, 5.4e-05, -0.0, 5.7e-05, 0.048757, -0.998811, 0.375166, 5.4e-05, 0.998811, 0.048757, 0.0, 0.0, 0.0, 0.0, 1.0],
                [1.0, -5.7e-05, 5.4e-05, -0.0, 5.7e-05, 0.048757, -0.998811, 0.375166, 5.4e-05, 0.998811, 0.048757, -0.0, 0.0, 0.0, 0.0, 1.0],
                [1.0, -5.7e-05, 5.4e-05, -0.0, 5.7e-05, 0.048757, -0.998811, 0.375166, 5.4e-05, 0.998811, 0.048757, 0.0, 0.0, 0.0, 0.0, 1.0],
                [1.0, -5.7e-05, 5.4e-05, 0.0, 5.7e-05, 0.048757, -0.998811, 0.375166, 5.4e-05, 0.998811, 0.048757, 0.0, 0.0, 0.0, 0.0, 1.0],
                [1.0, -5.7e-05, 5.4e-05, 0.0, 5.7e-05, 0.048757, -0.998811, 0.375166, 5.4e-05, 0.998811, 0.048757, 0.0, 0.0, 0.0, 0.0, 1.0],
                [1.0, -5.7e-05, 5.4e-05, 0.0, 5.7e-05, 0.048757, -0.998811, 0.375166, 5.4e-05, 0.998811, 0.048757, -0.0, 0.0, 0.0, 0.0, 1.0],
                [1.0, -5.7e-05, 5.4e-05, 0.0, 5.7e-05, 0.048757, -0.998811, 0.375166, 5.4e-05, 0.998811, 0.048757, -0.0, 0.0, 0.0, 0.0, 1.0],
                [1.0, -5.7e-05, 5.4e-05, -0.0, 5.7e-05, 0.048757, -0.998811, 0.375166, 5.4e-05, 0.998811, 0.048757, -0.0, 0.0, 0.0, 0.0, 1.0],
                [1.0, -5.7e-05, 5.4e-05, 0.0, 5.7e-05, 0.048757, -0.998811, 0.375166, 5.4e-05, 0.998811, 0.048757, -0.0, 0.0, 0.0, 0.0, 1.0],
                [1.0, -5.7e-05, 5.4e-05, 0.0, 5.7e-05, 0.048757, -0.998811, 0.375166, 5.4e-05, 0.998811, 0.048757, -0.0, 0.0, 0.0, 0.0, 1.0],
                [1.0, -5.7e-05, 5.4e-05, 0.0, 5.7e-05, 0.048757, -0.998811, 0.375166, 5.4e-05, 0.998811, 0.048757, 0.0, 0.0, 0.0, 0.0, 1.0],
                [1.0, -5.7e-05, 5.4e-05, -0.0, 5.7e-05, 0.048757, -0.998811, 0.375166, 5.4e-05, 0.998811, 0.048757, 0.0, 0.0, 0.0, 0.0, 1.0],
                [1.0, -5.7e-05, 5.4e-05, 0.0, 5.7e-05, 0.048757, -0.998811, 0.375166, 5.4e-05, 0.998811, 0.048757, 0.0, 0.0, 0.0, 0.0, 1.0],
                [1.0, -5.7e-05, 5.4e-05, -0.0, 5.7e-05, 0.048757, -0.998811, 0.375166, 5.4e-05, 0.998811, 0.048757, -0.0, 0.0, 0.0, 0.0, 1.0],
                [1.0, -5.7e-05, 5.4e-05, 0.0, 5.7e-05, 0.048757, -0.998811, 0.375166, 5.4e-05, 0.998811, 0.048757, 0.0, 0.0, 0.0, 0.0, 1.0],
                [1.0, -5.7e-05, 5.4e-05, 0.0, 5.7e-05, 0.048757, -0.998811, 0.375166, 5.4e-05, 0.998811, 0.048757, 0.0, 0.0, 0.0, 0.0, 1.0],
                [1.0, -5.7e-05, 5.4e-05, -0.0, 5.7e-05, 0.048757, -0.998811, 0.375166, 5.4e-05, 0.998811, 0.048757, 0.0, 0.0, 0.0, 0.0, 1.0],
                [1.0, -5.7e-05, 5.4e-05, 0.0, 5.7e-05, 0.048757, -0.998811, 0.375166, 5.4e-05, 0.998811, 0.048757, -0.0, 0.0, 0.0, 0.0, 1.0],
                [1.0, -5.7e-05, 5.4e-05, 0.0, 5.7e-05, 0.048757, -0.998811, 0.375166, 5.4e-05, 0.998811, 0.048757, 0.0, 0.0, 0.0, 0.0, 1.0],
                [1.0, -5.7e-05, 5.4e-05, -0.0, 5.7e-05, 0.048757, -0.998811, 0.375166, 5.4e-05, 0.998811, 0.048757, 0.0, 0.0, 0.0, 0.0, 1.0],
                [1.0, -5.7e-05, 5.4e-05, -0.0, 5.7e-05, 0.048757, -0.998811, 0.375166, 5.4e-05, 0.998811, 0.048757, -0.0, 0.0, 0.0, 0.0, 1.0],
                [1.0, -5.7e-05, 5.4e-05, -0.0, 5.7e-05, 0.048757, -0.998811, 0.375166, 5.4e-05, 0.998811, 0.048757, 0.0, 0.0, 0.0, 0.0, 1.0],
                [1.0, -5.7e-05, 5.4e-05, 0.0, 5.7e-05, 0.048757, -0.998811, 0.375166, 5.4e-05, 0.998811, 0.048757, 0.0, 0.0, 0.0, 0.0, 1.0],
                [1.0, -5.7e-05, 5.4e-05, 0.0, 5.7e-05, 0.048757, -0.998811, 0.375166, 5.4e-05, 0.998811, 0.048757, -0.0, 0.0, 0.0, 0.0, 1.0],
                [1.0, -5.7e-05, 5.4e-05, -0.0, 5.7e-05, 0.048757, -0.998811, 0.375166, 5.4e-05, 0.998811, 0.048757, -0.0, 0.0, 0.0, 0.0, 1.0],
                [1.0, -5.7e-05, 5.4e-05, 0.0, 5.7e-05, 0.048757, -0.998811, 0.375166, 5.4e-05, 0.998811, 0.048757, 0.0, 0.0, 0.0, 0.0, 1.0],
                [1.0, -5.7e-05, 5.4e-05, -0.0, 5.7e-05, 0.048757, -0.998811, 0.375166, 5.4e-05, 0.998811, 0.048757, 0.0, 0.0, 0.0, 0.0, 1.0],
                [1.0, -5.7e-05, 5.4e-05, 0.0, 5.7e-05, 0.048757, -0.998811, 0.375166, 5.4e-05, 0.998811, 0.048757, 0.0, 0.0, 0.0, 0.0, 1.0],
                [1.0, -5.7e-05, 5.4e-05, -0.0, 5.7e-05, 0.048757, -0.998811, 0.375166, 5.4e-05, 0.998811, 0.048757, 0.0, 0.0, 0.0, 0.0, 1.0],
                [1.0, -5.7e-05, 5.4e-05, 0.0, 5.7e-05, 0.048757, -0.998811, 0.375166, 5.4e-05, 0.998811, 0.048757, 0.0, 0.0, 0.0, 0.0, 1.0],
                [1.0, -5.7e-05, 5.4e-05, 0.0, 5.7e-05, 0.048757, -0.998811, 0.375166, 5.4e-05, 0.998811, 0.048757, 0.0, 0.0, 0.0, 0.0, 1.0],
                [1.0, -5.7e-05, 5.4e-05, 0.0, 5.7e-05, 0.048757, -0.998811, 0.375166, 5.4e-05, 0.998811, 0.048757, 0.0, 0.0, 0.0, 0.0, 1.0]
            ]
        },
        {
            "name": "Thigh_L",
            "time": [0.0, 0.0167, 0.0333, 0.05, 0.0667, 0.0833, 0.1, 0.1167, 0.1333, 0.15, 0.1667, 0.1833, 0.2, 0.2167, 0.2333, 0.25, 0.2667, 0.2833, 0.3, 0.3167, 0.3333, 0.35, 0.3667, 0.3833, 0.4, 0.4167, 0.4333, 0.45, 0.4667, 0.4833, 0.5, 0.5167, 0.5333, 0.55, 0.5667, 0.5833, 0.6, 0.6167, 0.6333, 0.65, 0.6667],
            "transform": [
                [0.999175, 0.010401, -0.039257, -0.116867, 0.040387, -0.356198, 0.933513, 0.000984, -0.004274, -0.93434, -0.356289, -0.131478, 0.0, 0.0, 0.0, 1.0],
                [0.999243, 0.008706, -0.037923, -0.116878, 0.03859, -0.346568, 0.937207, 0.000979, -0.004984, -0.937971, -0.346606, -0.131297, 0.0, 0.0, 0.0, 1.0],
                [0.999432, 0.004033, -0.033458, -0.116912, 0.032912, -0.330373, 0.943255, 0.000964, -0.00725, -0.943826, -0.330284, -0.130753, 0.0, 0.0, 0.0, 1.0],
                [0.999669, -0.002643, -0.025603, -0.116968, 0.023211, -0.337409, 0.941052, 0.000937, -0.011127, -0.941335, -0.337204, -0.129842, 0.0, 0.0, 0.0, 1.0],
                [0.999815, -0.010648, -0.01602, -0.117048, 0.010753, -0.381195, 0.924415, 0.0009, -0.01595, -0.924412, -0.380981, -0.128563, 0.0, 0.0, 0.0, 1.0],
                [0.999799, -0.018496, -0.007719, -0.11715, -0.001099, -0.435169, 0.900333, 0.000852, -0.020012, -0.900135, -0.435075, -0.126916, 0.0, 0.0, 0.0, 1.0],
                [0.999734, -0.02294, -0.002315, -0.117274, -0.008539, -0.461643, 0.88701, 0.000794, -0.021418, -0.886744, -0.46169, -0.124901, 0.0, 0.0, 0.0, 1.0],
                [0.999748, -0.02243, 0.000808, -0.117421, -0.010652, -0.442511, 0.896685, 0.000725, -0.019756, -0.896458, -0.442612, -0.122525, 0.0, 0.0, 0.0, 1.0],
                [0.99979, -0.020183, 0.003542, -0.117591, -0.011389, -0.403622, 0.914839, 0.000645, -0.017035, -0.91468, -0.40374, -0.119792, 0.0, 0.0, 0.0, 1.0],
                [0.999823, -0.017634, 0.006489, -0.117781, -0.012414, -0.360702, 0.932582, 0.000556, -0.014105, -0.932492, -0.360829, -0.116712, 0.0, 0.0, 0.0, 1.0],
                [0.999836, -0.015179, 0.009885, -0.117993, -0.014214, -0.31919, 0.947566, 0.000457, -0.011228, -0.947547, -0.319325, -0.113298, 0.0, 0.0, 0.0, 1.0],
                [0.99982, -0.012947, 0.013881, -0.118224, -0.016966, -0.281638, 0.959352, 0.000349, -0.008511, -0.959412, -0.281778, -0.109564, 0.0, 0.0, 0.0, 1.0],
                [0.999767, -0.01098, 0.018573, -0.118473, -0.020725, -0.249238, 0.9682, 0.000231, -0.006002, -0.968359, -0.249378, -0.10553, 0.0, 0.0, 0.0, 1.0],
                [0.999668, -0.009306, 0.02402, -0.118741, -0.02549, -0.222556, 0.974566, 0.000106, -0.003724, -0.974855, -0.22269, -0.101217, 0.0, 0.0, 0.0, 1.0],
                [0.999511, -0.007942, 0.030252, -0.119023, -0.031232, -0.201242, 0.979022, -2.6e-05, -0.001688, -0.979489, -0.201362, -0.096651, 0.0, 0.0, 0.0, 1.0],
                [0.999281, -0.006932, 0.037275, -0.11932, -0.037915, -0.185213, 0.981944, -0.000165, 9.7e-05, -0.982655, -0.185312, -0.09186, 0.0, 0.0, 0.0, 1.0],
                [0.998963, -0.006334, 0.045082, -0.119628, -0.045497, -0.174178, 0.983639, -0.00031, 0.001622, -0.984675, -0.174256, -0.086876, 0.0, 0.0, 0.0, 1.0],
                [0.99854, -0.00624, 0.053657, -0.119947, -0.053944, -0.167981, 0.98429, -0.000459, 0.002872, -0.985751, -0.168042, -0.081735, 0.0, 0.0, 0.0, 1.0],
                [0.997991, -0.00679, 0.062987, -0.120272, -0.063238, -0.166785, 0.98394, -0.000612, 0.003825, -0.985951, -0.166849, -0.076473, 0.0, 0.0, 0.0, 1.0],
                [0.997293, -0.008218, 0.073061, -0.120603, -0.073389, -0.17134, 0.982451, -0.000767, 0.004445, -0.985158, -0.171449, -0.07113, 0.0, 0.0, 0.0, 1.0],
                [0.996555, -0.012324, 0.082008, -0.120937, -0.082753, -0.212455, 0.973638, -0.000923, 0.005424, -0.977074, -0.212712, -0.065745, 0.0, 0.0, 0.0, 1.0],
                [0.995847, -0.018214, 0.089197, -0.12127, -0.090774, -0.273503, 0.957557, -0.001079, 0.006955, -0.96168, -0.273989, -0.06036, 0.0, 0.0, 0.0, 1.0],
                [0.995166, -0.024938, 0.094985, -0.121601, -0.097809, -0.338642, 0.935798, -0.001234, 0.00883, -0.940566, -0.339412, -0.055017, 0.0, 0.0, 0.0, 1.0],
                [0.994521, -0.032136, 0.099471, -0.121927, -0.10396, -0.403791, 0.908907, -0.001387, 0.010958, -0.914268, -0.404886, -0.049755, 0.0, 0.0, 0.0, 1.0],
                [0.993921, -0.03958, 0.102737, -0.122245, -0.109297, -0.467169, 0.877369, -0.001536, 0.01327, -0.883264, -0.468621, -0.044613, 0.0, 0.0, 0.0, 1.0],
                [0.99337, -0.047064, 0.104883, -0.122553, -0.113882, -0.527508, 0.841866, -0.001681, 0.015706, -0.848228, -0.529336, -0.03963, 0.0, 0.0, 0.0, 1.0],
                [0.992873, -0.054465, 0.105998, -0.12285, -0.117775, -0.584349, 0.802896, -0.00182, 0.018211, -0.809655, -0.586563, -0.034839, 0.0, 0.0, 0.0, 1.0],
                [0.992432, -0.061695, 0.106171, -0.123133, -0.121033, -0.637457, 0.760907, -0.001952, 0.020737, -0.767995, -0.640063, -0.030273, 0.0, 0.0, 0.0, 1.0],
                [0.992046, -0.068654, 0.105507, -0.1234, -0.123715, -0.68649, 0.716525, -0.002078, 0.023239, -0.723874, -0.689485, -0.025959, 0.0, 0.0, 0.0, 1.0],
                [0.991713, -0.075297, 0.10409, -0.123649, -0.125879, -0.731464, 0.670149, -0.002195, 0.025679, -0.677694, -0.734842, -0.021925, 0.0, 0.0, 0.0, 1.0],
                [0.991432, -0.081599, 0.101995, -0.123881, -0.12758, -0.772449, 0.62212, -0.002303, 0.028023, -0.629798, -0.776201, -0.018192, 0.0, 0.0, 0.0, 1.0],
                [0.9912, -0.087512, 0.099318, -0.124092, -0.128873, -0.809357, 0.572994, -0.002402, 0.030242, -0.580747, -0.813472, -0.014777, 0.0, 0.0, 0.0, 1.0],
                [0.991012, -0.093032, 0.096121, -0.124283, -0.129811, -0.842348, 0.523059, -0.002492, 0.032308, -0.530831, -0.846812, -0.011698, 0.0, 0.0, 0.0, 1.0],
                [0.990866, -0.098137, 0.09249, -0.124452, -0.130446, -0.87144, 0.472832, -0.002571, 0.034199, -0.480572, -0.876239, -0.008965, 0.0, 0.0, 0.0, 1.0],
                [0.990755, -0.102798, 0.088525, -0.124599, -0.130828, -0.896642, 0.42298, -0.00264, 0.035895, -0.430645, -0.901758, -0.006588, 0.0, 0.0, 0.0, 1.0],
                [0.990676, -0.107006, 0.084316, -0.124724, -0.131007, -0.91808, 0.374114, -0.002698, 0.037378, -0.381667, -0.923495, -0.004574, 0.0, 0.0, 0.0, 1.0],
                [0.990625, -0.110715, 0.08002, -0.124826, -0.131031, -0.935747, 0.327422, -0.002746, 0.03863, -0.334832, -0.941437, -0.002926, 0.0, 0.0, 0.0, 1.0],
                [0.990596, -0.113861, 0.075858, -0.124905, -0.130951, -0.949658, 0.284603, -0.002783, 0.039636, -0.291855, -0.955593, -0.001647, 0.0, 0.0, 0.0, 1.0],
                [0.990584, -0.116337, 0.072176, -0.124961, -0.130819, -0.959787, 0.248384, -0.00281, 0.040379, -0.255482, -0.965923, -0.000736, 0.0, 0.0, 0.0, 1.0],
                [0.990582, -0.117969, 0.069506, -0.124995, -0.130691, -0.96602, 0.222987, -0.002825, 0.040841, -0.229966, -0.972294, -0.000192, 0.0, 0.0, 0.0, 1.0],
                [0.990583, -0.118566, 0.068466, -0.125006, -0.130632, -0.96821, 0.213315, -0.002831, 0.041, -0.220246, -0.974535, -1.2e-05, 0.0, 0.0, 0.0, 1.0],
                [0.990583, -0.118566, 0.068466, -0.125006, -0.130632, -0.96821, 0.213315, -0.002831, 0.041, -0.220246, -0.974535, -1.2e-05, 0.0, 0.0, 0.0, 1.0]
            ]
        },
        {
            "name": "Leg_L",
            "time": [0.0, 0.0167, 0.0333, 0.05, 0.0667, 0.0833, 0.1, 0.1167, 0.1333, 0.15, 0.1667, 0.1833, 0.2, 0.2167, 0.2333, 0.25, 0.2667, 0.2833, 0.3, 0.3167, 0.3333, 0.35, 0.3667, 0.3833, 0.4, 0.4167, 0.4333, 0.45, 0.4667, 0.4833, 0.5, 0.5167, 0.5333, 0.55, 0.5667, 0.5833, 0.6, 0.6167, 0.6333, 0.65, 0.6667],
            "transform": [
                [1.0, 2e-06, 2e-06, -0.0, -3e-06, 0.262097, 0.965022, 0.375166, 2e-06, -0.965066, 0.26211, 0.0, 0.0, 0.0, 0.0, 1.0],
                [1.0, 2e-06, 3e-06, -0.0, -3e-06, 0.205909, 0.978552, 0.375166, 2e-06, -0.978595, 0.205921, 0.0, 0.0, 0.0, 0.0, 1.0],
                [1.0, 2e-06, 3e-06, 0.0, -3e-06, 0.054338, 0.998505, 0.375166, 2e-06, -0.998544, 0.054348, -0.0, 0.0, 0.0, 0.0, 1.0],
                [1.0, 2e-06, 3e-06, 0.0, -3e-06, -0.132019, 0.99123, 0.375166, 3e-06, -0.991265, -0.13201, -0.0, 0.0, 0.0, 0.0, 1.0],
                [1.0, 2e-06, 4e-06, -0.0, -3e-06, -0.281128, 0.959654, 0.375166, 3e-06, -0.959684, -0.281119, 0.0, 0.0, 0.0, 0.0, 1.0],
                [1.0, 2e-06, 4e-06, -0.0, -3e-06, -0.362796, 0.931854, 0.375166, 4e-06, -0.93188, -0.362785, -0.0, 0.0, 0.0, 0.0, 1.0],
                [1.0, 2e-06, 4e-06, 0.0, -3e-06, -0.387151, 0.922002, 0.375166, 4e-06, -0.922027, -0.38714, -0.0, 0.0, 0.0, 0.0, 1.0],
                [1.0, 2e-06, 4e-06, 0.0, -3e-06, -0.383961, 0.923335, 0.375166, 4e-06, -0.92336, -0.38395, 0.0, 0.0, 0.0, 0.0, 1.0],
                [1.0, 2e-06, 4e-06, 0.0, -3e-06, -0.375033, 0.926997, 0.375166, 4e-06, -0.927022, -0.375022, -0.0, 0.0, 0.0, 0.0, 1.0],
                [1.0, 2e-06, 4e-06, 0.0, -3e-06, -0.36119, 0.932478, 0.375166, 3e-06, -0.932504, -0.36118, 0.0, 0.0, 0.0, 0.0, 1.0],
                [1.0, 2e-06, 4e-06, -0.0, -3e-06, -0.343064, 0.939297, 0.375166, 3e-06, -0.939325, -0.343054, 0.0, 0.0, 0.0, 0.0, 1.0],
                [1.0, 2e-06, 4e-06, 0.0, -3e-06, -0.321636, 0.946848, 0.375166, 3e-06, -0.946876, -0.321626, -0.0, 0.0, 0.0, 0.0, 1.0],
                [1.0, 2e-06, 4e-06, -0.0, -3e-06, -0.29816, 0.9545, 0.375166, 3e-06, -0.95453, -0.29815, -0.0, 0.0, 0.0, 0.0, 1.0],
                [1.0, 2e-06, 4e-06, -0.0, -3e-06, -0.273882, 0.961747, 0.375166, 3e-06, -0.961777, -0.273873, 0.0, 0.0, 0.0, 0.0, 1.0],
                [1.0, 2e-06, 4e-06, 0.0, -3e-06, -0.250775, 0.968029, 0.375166, 3e-06, -0.96806, -0.250766, -0.0, 0.0, 0.0, 0.0, 1.0],
                [1.0, 2e-06, 4e-06, 0.0, -3e-06, -0.230291, 0.973105, 0.375166, 3e-06, -0.973137, -0.230281, 0.0, 0.0, 0.0, 0.0, 1.0],
                [1.0, 2e-06, 4e-06, -0.0, -3e-06, -0.214139, 0.976787, 0.375166, 3e-06, -0.976819, -0.214129, 0.0, 0.0, 0.0, 0.0, 1.0],
                [1.0, 2e-06, 4e-06, -0.0, -3e-06, -0.204036, 0.978947, 0.375166, 3e-06, -0.978979, -0.204027, 0.0, 0.0, 0.0, 0.0, 1.0],
                [1.0, 2e-06, 4e-06, 0.0, -3e-06, -0.20165, 0.979441, 0.375166, 3e-06, -0.979474, -0.20164, -0.0, 0.0, 0.0, 0.0, 1.0],
                [1.0, 2e-06, 4e-06, 0.0, -3e-06, -0.208494, 0.978007, 0.375166, 3e-06, -0.97804, -0.208485, 0.0, 0.0, 0.0, 0.0, 1.0],
                [1.0, 2e-06, 4e-06, 0.0, -3e-06, -0.193761, 0.981032, 0.375166, 3e-06, -0.981065, -0.193751, -0.0, 0.0, 0.0, 0.0, 1.0],
                [1.0, 2e-06, 3e-06, -0.0, -3e-06, -0.159133, 0.98724, 0.375166, 3e-06, -0.987274, -0.159123, -0.0, 0.0, 0.0, 0.0, 1.0],
                [1.0, 2e-06, 3e-06, 0.0, -3e-06, -0.115009, 0.993348, 0.375166, 3e-06, -0.993383, -0.114999, 0.0, 0.0, 0.0, 0.0, 1.0],
                [1.0, 2e-06, 3e-06, -0.0, -3e-06, -0.063817, 0.997944, 0.375166, 3e-06, -0.997981, -0.063807, 0.0, 0.0, 0.0, 0.0, 1.0],
                [1.0, 2e-06, 3e-06, 0.0, -3e-06, -0.006648, 0.99996, 0.375166, 2e-06, -0.999998, -0.006638, 0.0, 0.0, 0.0, 0.0, 1.0],
                [1.0, 2e-06, 3e-06, 0.0, -3e-06, 0.055134, 0.998461, 0.375166, 2e-06, -0.998501, 0.055145, 0.0, 0.0, 0.0, 0.0, 1.0],
                [1.0, 2e-06, 3e-06, 0.0, -3e-06, 0.120881, 0.992649, 0.375166, 2e-06, -0.99269, 0.120893, -0.0, 0.0, 0.0, 0.0, 1.0],
                [1.0, 2e-06, 3e-06, 0.0, -3e-06, 0.189959, 0.981774, 0.375166, 2e-06, -0.981816, 0.189971, 0.0, 0.0, 0.0, 0.0, 1.0],
                [1.0, 2e-06, 2e-06, 0.0, -3e-06, 0.261139, 0.965282, 0.375166, 2e-06, -0.965325, 0.261152, 0.0, 0.0, 0.0, 0.0, 1.0],
                [1.0, 2e-06, 2e-06, 0.0, -3e-06, 0.33367, 0.942671, 0.375166, 1e-06, -0.942715, 0.333683, -0.0, 0.0, 0.0, 0.0, 1.0],
                [1.0, 2e-06, 2e-06, -0.0, -3e-06, 0.406782, 0.913505, 0.375166, 1e-06, -0.913549, 0.406797, -0.0, 0.0, 0.0, 0.0, 1.0],
                [1.0, 2e-06, 2e-06, -0.0, -3e-06, 0.479148, 0.877713, 0.375166, 1e-06, -0.877759, 0.479163, 0.0, 0.0, 0.0, 0.0, 1.0],
                [1.0, 2e-06, 2e-06, -0.0, -3e-06, 0.549969, 0.835164, 0.375166, 1e-06, -0.835209, 0.549984, -0.0, 0.0, 0.0, 0.0, 1.0],
                [1.0, 2e-06, 2e-06, -0.0, -2e-06, 0.617992, 0.786162, 0.375166, 0.0, -0.786206, 0.618007, 0.0, 0.0, 0.0, 0.0, 1.0],
                [1.0, 2e-06, 1e-06, -0.0, -2e-06, 0.681837, 0.731481, 0.375166, 0.0, -0.731525, 0.681852, -0.0, 0.0, 0.0, 0.0, 1.0],
                [1.0, 2e-06, 1e-06, 0.0, -2e-06, 0.740452, 0.672088, 0.375166, 0.0, -0.672128, 0.740464, -0.0, 0.0, 0.0, 0.0, 1.0],
                [1.0, 1e-06, 1e-06, 0.0, -2e-06, 0.792305, 0.610103, 0.375166, -0.0, -0.610141, 0.792317, 0.0, 0.0, 0.0, 0.0, 1.0],
                [1.0, 1e-06, 1e-06, -0.0, -2e-06, 0.835892, 0.548873, 0.375166, -0.0, -0.548907, 0.835902, 0.0, 0.0, 0.0, 0.0, 1.0],
                [1.0, 1e-06, 1e-06, -0.0, -2e-06, 0.869516, 0.493887, 0.375166, -0.0, -0.493916, 0.869524, 0.0, 0.0, 0.0, 0.0, 1.0],
                [1.0, 1e-06, 1e-06, -0.0, -1e-06, 0.891176, 0.453641, 0.375166, -0.0, -0.453667, 0.891183, 0.0, 0.0, 0.0, 0.0, 1.0],
                [1.0, 1e-06, 1e-06, 0.0, -1e-06, 0.899008, 0.437915, 0.375166, -0.0, -0.43794, 0.899015, -0.0, 0.0, 0.0, 0.0, 1.0],
                [1.0, 1e-06, 1e-06, 0.0, -1e-06, 0.899008, 0.437915, 0.375166, -0.0, -0.43794, 0.899015, -0.0, 0.0, 0.0, 0.0, 1.0]
            ]
        },
        {
            "name": "Knee_L",
