{
    "animation": [
        {
            "name": "Root",
            "time": [0.0, 0.0167, 0.0333, 0.05, 0.0667, 0.0833, 0.1, 0.1167, 0.1333, 0.15, 0.1667, 0.1833, 0.2, 0.2167, 0.2333, 0.25, 0.2667, 0.2833, 0.3, 0.3167, 0.3333, 0.35, 0.3667, 0.3833, 0.4, 0.4167, 0.4333, 0.45, 0.4667, 0.4833, 0.5, 0.5167, 0.5333, 0.55, 0.8333],
            "transform": [
                [0.997526, 0.0, 0.070304, -5e-06, 0.070304, 0.0, -0.997526, 0.000946, 0.0, 1.0, 0.0, 0.517326, 0.0, 0.0, 0.0, 1.0],
                [0.995749, 0.0, 0.092109, -5e-06, 0.092109, 0.0, -0.995749, 0.000946, 0.0, 1.0, 0.0, 0.517326, 0.0, 0.0, 0.0, 1.0],
                [0.990346, 0.0, 0.13862, -5e-06, 0.13862, 0.0, -0.990346, 0.000946, 0.0, 1.0, 0.0, 0.517326, 0.0, 0.0, 0.0, 1.0],
                [0.987076, 0.0, 0.160251, -5e-06, 0.160251, 0.0, -0.987076, 0.000946, 0.0, 1.0, 0.0, 0.517326, 0.0, 0.0, 0.0, 1.0],
                [0.987316, 0.0, 0.158766, -0.000696, 0.158766, 0.0, -0.987316, 0.008692, 0.0, 1.0, 0.0, 0.507991, 0.0, 0.0, 0.0, 1.0],
                [0.987965, 0.0, 0.154676, -0.002382, 0.154676, 0.0, -0.987965, 0.028868, 0.0, 1.0, 0.0, 0.48369, 0.0, 0.0, 0.0, 1.0],
                [0.988627, 0.0, 0.150386, -0.003781, 0.150386, 0.0, -0.988627, 0.047706, 0.0, 1.0, 0.0, 0.461017, 0.0, 0.0, 0.0, 1.0],
                [0.989222, 0.0, 0.146421, -0.004982, 0.146421, 0.0, -0.989222, 0.065807, 0.0, 1.0, 0.0, 0.439245, 0.0, 0.0, 0.0, 1.0],
                [0.989785, 0.0, 0.14257, -0.005919, 0.14257, 0.0, -0.989785, 0.082166, 0.0, 1.0, 0.0, 0.419579, 0.0, 0.0, 0.0, 1.0],
                [0.990399, 0.0, 0.138238, -0.005959, 0.138238, 0.0, -0.990399, 0.087961, 0.0, 1.0, 0.0, 0.412637, 0.0, 0.0, 0.0, 1.0],
                [0.991154, 0.0, 0.132714, -0.004908, 0.132714, 0.0, -0.991154, 0.079, 0.0, 1.0, 0.0, 0.429802, 0.0, 0.0, 0.0, 1.0],
                [0.991934, 0.0, 0.126758, -0.003187, 0.126758, 0.0, -0.991934, 0.056971, 0.0, 1.0, 0.0, 0.469019, 0.0, 0.0, 0.0, 1.0],
                [0.992471, 0.0, 0.122482, -0.002019, 0.122482, 0.0, -0.992471, 0.039333, 0.0, 1.0, 0.0, 0.493846, 0.0, 0.0, 0.0, 1.0],
                [0.992706, 0.0, 0.120564, -0.00152, 0.120564, 0.0, -0.992706, 0.030937, 0.0, 1.0, 0.0, 0.503847, 0.0, 0.0, 0.0, 1.0],
                [0.992796, 0.0, 0.119814, -0.001325, 0.119814, 0.0, -0.992796, 0.027461, 0.0, 1.0, 0.0, 0.510424, 0.0, 0.0, 0.0, 1.0],
                [0.992829, 0.0, 0.119541, -0.001232, 0.119541, 0.0, -0.992829, 0.025737, 0.0, 1.0, 0.0, 0.514391, 0.0, 0.0, 0.0, 1.0],
                [0.992882, 0.0, 0.119103, -0.001077, 0.119103, 0.0, -0.992882, 0.022796, 0.0, 1.0, 0.0, 0.516442, 0.0, 0.0, 0.0, 1.0],
                [0.993031, 0.0, 0.117853, -0.000707, 0.117853, 0.0, -0.993031, 0.01563, 0.0, 1.0, 0.0, 0.517212, 0.0, 0.0, 0.0, 1.0],
                [0.993356, 0.0, 0.115085, -5e-06, 0.115085, 0.0, -0.993356, 0.000946, 0.0, 1.0, 0.0, 0.517326, 0.0, 0.0, 0.0, 1.0],
                [0.994138, 0.0, 0.108118, 0.002076, 0.108118, 0.0, -0.994138, -0.053824, 0.0, 1.0, 0.0, 0.517326, 0.0, 0.0, 0.0, 1.0],
                [0.994491, 0.0, 0.10482, 0.002935, 0.10482, 0.0, -0.994491, -0.083865, 0.0, 1.0, 0.0, 0.517326, 0.0, 0.0, 0.0, 1.0],
                [0.994819, 0.0, 0.101659, 0.00345, 0.101659, 0.0, -0.994819, -0.108772, 0.0, 1.0, 0.0, 0.517326, 0.0, 0.0, 0.0, 1.0],
                [0.995123, 0.0, 0.098646, 0.003577, 0.098646, 0.0, -0.995123, -0.124929, 0.0, 1.0, 0.0, 0.517326, 0.0, 0.0, 0.0, 1.0],
                [0.995401, 0.0, 0.095792, 0.003358, 0.095792, 0.0, -0.995401, -0.130482, 0.0, 1.0, 0.0, 0.517326, 0.0, 0.0, 0.0, 1.0],
                [0.995656, 0.0, 0.093111, 0.003004, 0.093111, 0.0, -0.995656, -0.13049, 0.0, 1.0, 0.0, 0.517326, 0.0, 0.0, 0.0, 1.0],
                [0.995886, 0.0, 0.090616, 0.002674, 0.090616, 0.0, -0.995886, -0.130498, 0.0, 1.0, 0.0, 0.517326, 0.0, 0.0, 0.0, 1.0],
                [0.996092, 0.0, 0.088322, 0.002372, 0.088322, 0.0, -0.996092, -0.130503, 0.0, 1.0, 0.0, 0.517326, 0.0, 0.0, 0.0, 1.0],
                [0.996274, 0.0, 0.086247, 0.002098, 0.086247, 0.0, -0.996274, -0.130508, 0.0, 1.0, 0.0, 0.517326, 0.0, 0.0, 0.0, 1.0],
                [0.996431, 0.0, 0.08441, 0.001855, 0.08441, 0.0, -0.996431, -0.130512, 0.0, 1.0, 0.0, 0.517326, 0.0, 0.0, 0.0, 1.0],
                [0.996563, 0.0, 0.082835, 0.001648, 0.082835, 0.0, -0.996563, -0.130514, 0.0, 1.0, 0.0, 0.517326, 0.0, 0.0, 0.0, 1.0],
                [0.996669, 0.0, 0.081548, 0.001469, 0.081548, 0.0, -0.996669, -0.129722, 0.0, 1.0, 0.0, 0.518668, 0.0, 0.0, 0.0, 1.0],
                [0.996748, 0.0, 0.080578, 0.001313, 0.080578, 0.0, -0.996748, -0.126949, 0.0, 1.0, 0.0, 0.523353, 0.0, 0.0, 0.0, 1.0],
                [0.996798, 0.0, 0.079963, 0.001189, 0.079963, 0.0, -0.996798, -0.1223, 0.0, 1.0, 0.0, 0.531205, 0.0, 0.0, 0.0, 1.0],
                [0.996815, 0.0, 0.079747, 0.00111, 0.079747, 0.0, -0.996815, -0.116772, 0.0, 1.0, 0.0, 0.540542, 0.0, 0.0, 0.0, 1.0],
                [0.900842, 0.0, -0.434148, -5e-06, -0.434148, 0.0, -0.900842, 0.000946, 0.0, 1.0, 0.0, 0.739346, 0.0, 0.0, 0.0, 1.0]
            ]
        },
        {
            "name": "Thigh_R",
            "time": [0.0, 0.0167, 0.0333, 0.05, 0.0667, 0.0833, 0.1, 0.1167, 0.1333, 0.15, 0.1667, 0.1833, 0.2, 0.2167, 0.2333, 0.25, 0.2667, 0.2833, 0.3, 0.3167, 0.3333, 0.35, 0.3667, 0.3833, 0.4, 0.4167, 0.4333, 0.45, 0.4667, 0.4833, 0.5, 0.5167, 0.5333, 0.55, 0.6667, 0.8333],
            "transform": [
                [0.996234, -0.053737, 0.068042, 0.109936, -0.029149, -0.946675, -0.320831, 0.026231, 0.081658, 0.317667, -0.944651, 0.092224, 0.0, 0.0, 0.0, 1.0],
                [0.992677, -0.034913, 0.115644, 0.109936, 0.004148, -0.946906, -0.321449, 0.026231, 0.120732, 0.319602, -0.939801, 0.092224, 0.0, 0.0, 0.0, 1.0],
                [0.971094, 0.013584, 0.2383, 0.109936, 0.090664, -0.944546, -0.31558, 0.026231, 0.220806, 0.32809, -0.918451, 0.092224, 0.0, 0.0, 0.0, 1.0],
                [0.951099, 0.040435, 0.306216, 0.109936, 0.139032, -0.941327, -0.307493, 0.02623, 0.275826, 0.335058, -0.900893, 0.092224, 0.0, 0.0, 0.0, 1.0],
                [0.950438, 0.040466, 0.308258, 0.11012, 0.14502, -0.934728, -0.324389, 0.026231, 0.275021, 0.353043, -0.894247, 0.089622, 0.0, 0.0, 0.0, 1.0],
                [0.948674, 0.039358, 0.313786, 0.110597, 0.16089, -0.914291, -0.371699, 0.026231, 0.272273, 0.403135, -0.873674, 0.082849, 0.0, 0.0, 0.0, 1.0],
                [0.947297, 0.036431, 0.318267, 0.111042, 0.175238, -0.890621, -0.419591, 0.02623, 0.26818, 0.45328, -0.850046, 0.07653, 0.0, 0.0, 0.0, 1.0],
                [0.945404, 0.032582, 0.324255, 0.11147, 0.190361, -0.862816, -0.468272, 0.026231, 0.264525, 0.504463, -0.821893, 0.070462, 0.0, 0.0, 0.0, 1.0],
                [0.943851, 0.027379, 0.329224, 0.111856, 0.203625, -0.832973, -0.514448, 0.026231, 0.260159, 0.552632, -0.791759, 0.06498, 0.0, 0.0, 0.0, 1.0],
                [0.948922, 0.020588, 0.314828, 0.111993, 0.19447, -0.823946, -0.532219, 0.026231, 0.248453, 0.566291, -0.785846, 0.063046, 0.0, 0.0, 0.0, 1.0],
                [0.962263, 0.009315, 0.271951, 0.111655, 0.151951, -0.847479, -0.50858, 0.026231, 0.225743, 0.530743, -0.816894, 0.06783, 0.0, 0.0, 0.0, 1.0],
                [0.974282, -0.002493, 0.225311, 0.110885, 0.101761, -0.887294, -0.449803, 0.026231, 0.201046, 0.461193, -0.864199, 0.07876, 0.0, 0.0, 0.0, 1.0],
                [0.979456, -0.006989, 0.201531, 0.110397, 0.076438, -0.911953, -0.403078, 0.026231, 0.186611, 0.41023, -0.89266, 0.08568, 0.0, 0.0, 0.0, 1.0],
                [0.981236, -0.008147, 0.192635, 0.110201, 0.067101, -0.922222, -0.38076, 0.026231, 0.180761, 0.386569, -0.904346, 0.088467, 0.0, 0.0, 0.0, 1.0],
                [0.981938, -0.009463, 0.18896, 0.110072, 0.063032, -0.925331, -0.37385, 0.026231, 0.178395, 0.379036, -0.907997, 0.0903, 0.0, 0.0, 0.0, 1.0],
                [0.982231, -0.010274, 0.187387, 0.109994, 0.061145, -0.926499, -0.371262, 0.026231, 0.177435, 0.376151, -0.909383, 0.091406, 0.0, 0.0, 0.0, 1.0],
                [0.982593, -0.009834, 0.185508, 0.109954, 0.059103, -0.930162, -0.362326, 0.02623, 0.176122, 0.36701, -0.913365, 0.091978, 0.0, 0.0, 0.0, 1.0],
                [0.983437, -0.007645, 0.181085, 0.109938, 0.054806, -0.939796, -0.337278, 0.026231, 0.172767, 0.341643, -0.923786, 0.092192, 0.0, 0.0, 0.0, 1.0],
                [0.985085, -0.00376, 0.172021, 0.109936, 0.046395, -0.956926, -0.286562, 0.026231, 0.165695, 0.290296, -0.942455, 0.092224, 0.0, 0.0, 0.0, 1.0],
                [0.988641, 0.007714, 0.150094, 0.109952, 0.025094, -0.99313, -0.114217, 0.0262, 0.148187, 0.116711, -0.982019, 0.092128, 0.0, 0.0, 0.0, 1.0],
                [0.989974, 0.012406, 0.140699, 0.109975, 0.016249, -0.999518, -0.026167, 0.026156, 0.140312, 0.028215, -0.989675, 0.091987, 0.0, 0.0, 0.0, 1.0],
                [0.991051, 0.015413, 0.132584, 0.110008, 0.009466, -0.998918, 0.045385, 0.026091, 0.133145, -0.043701, -0.990101, 0.091783, 0.0, 0.0, 0.0, 1.0],
                [0.991937, 0.016498, 0.125646, 0.110053, 0.004791, -0.995655, 0.092934, 0.026006, 0.126638, -0.09156, -0.987682, 0.091511, 0.0, 0.0, 0.0, 1.0],
                [0.992688, 0.015581, 0.119695, 0.110108, 0.001958, -0.993574, 0.113118, 0.025899, 0.120693, -0.112034, -0.986315, 0.09117, 0.0, 0.0, 0.0, 1.0],
                [0.99335, 0.013831, 0.114293, 0.110176, 6.8e-05, -0.99282, 0.119572, 0.025768, 0.115131, -0.118747, -0.986195, 0.090757, 0.0, 0.0, 0.0, 1.0],
                [0.993947, 0.012385, 0.109159, 0.110256, -0.001519, -0.991972, 0.126402, 0.025614, 0.109852, -0.12578, -0.985925, 0.090266, 0.0, 0.0, 0.0, 1.0],
                [0.994482, 0.011264, 0.1043, 0.110349, -0.002788, -0.991022, 0.133627, 0.025433, 0.104873, -0.133158, -0.985498, 0.089692, 0.0, 0.0, 0.0, 1.0],
                [0.994959, 0.010491, 0.099728, 0.110458, -0.003721, -0.989958, 0.141272, 0.025224, 0.100212, -0.140909, -0.984905, 0.089029, 0.0, 0.0, 0.0, 1.0],
                [0.995382, 0.010092, 0.095455, 0.110582, -0.004297, -0.988767, 0.149362, 0.024984, 0.095894, -0.14906, -0.984134, 0.088269, 0.0, 0.0, 0.0, 1.0],
                [0.995753, 0.010102, 0.0915, 0.110723, -0.004493, -0.987435, 0.157927, 0.024711, 0.091949, -0.157645, -0.983172, 0.087402, 0.0, 0.0, 0.0, 1.0],
                [0.996074, 0.010286, 0.087919, 0.110884, -0.00424, -0.986534, 0.16347, 0.024401, 0.08842, -0.163179, -0.982593, 0.086416, 0.0, 0.0, 0.0, 1.0],
                [0.996345, 0.010298, 0.084803, 0.111067, -0.003475, -0.986993, 0.160695, 0.024048, 0.085358, -0.16038, -0.983324, 0.085297, 0.0, 0.0, 0.0, 1.0],
                [0.996562, 0.010218, 0.082211, 0.111275, -0.002217, -0.988711, 0.149786, 0.023647, 0.082817, -0.149432, -0.985264, 0.084026, 0.0, 0.0, 0.0, 1.0],
                [0.996725, 0.010416, 0.080194, 0.111511, -0.000492, -0.990863, 0.134835, 0.023192, 0.080869, -0.134411, -0.987586, 0.082579, 0.0, 0.0, 0.0, 1.0],
                [0.995708, 0.076548, 0.052008, 0.11889, 0.069291, -0.989174, 0.129338, 0.00895, 0.061348, -0.125163, -0.990201, 0.037378, 0.0, 0.0, 0.0, 1.0],
                [0.990703, 0.115138, 0.072456, 0.124994, 0.119659, -0.99091, -0.061465, -0.002831, 0.064723, 0.069573, -0.995437, -1.2e-05, 0.0, 0.0, 0.0, 1.0]
            ]
        },
        {
            "name": "Leg_R",
            "time": [0.0, 0.0167, 0.0333, 0.05, 0.0667, 0.0833, 0.1, 0.1167, 0.1333, 0.15, 0.1667, 0.1833, 0.2, 0.2167, 0.2333, 0.25, 0.2667, 0.2833, 0.3, 0.3167, 0.3333, 0.35, 0.3667, 0.3833, 0.4, 0.4167, 0.4333, 0.45, 0.4667, 0.4833, 0.5, 0.5167, 0.5333, 0.55, 0.6667, 0.8333],
            "transform": [
                [1.0, -0.000765, -0.000417, 0.0, 0.000843, 0.729705, 0.683742, 0.375166, -0.000218, -0.683778, 0.729716, 0.0, 0.0, 0.0, 0.0, 1.0],
                [1.0, -0.000765, -0.000417, -0.0, 0.000843, 0.729705, 0.683743, 0.375166, -0.000218, -0.683779, 0.729716, -0.0, 0.0, 0.0, 0.0, 1.0],
                [1.0, -0.000765, -0.000417, 0.0, 0.000843, 0.729705, 0.683742, 0.375166, -0.000218, -0.683778, 0.729716, 0.0, 0.0, 0.0, 0.0, 1.0],
                [1.0, -0.000765, -0.000417, 0.0, 0.000843, 0.729705, 0.683743, 0.375166, -0.000218, -0.683778, 0.729716, 0.0, 0.0, 0.0, 0.0, 1.0],
                [1.0, -0.000766, -0.000419, -0.0, 0.000845, 0.728216, 0.685328, 0.375166, -0.00022, -0.685363, 0.728227, -0.0, 0.0, 0.0, 0.0, 1.0],
                [1.0, -0.000764, -0.000416, -0.0, 0.000842, 0.730496, 0.682897, 0.375166, -0.000217, -0.682932, 0.730508, 0.0, 0.0, 0.0, 0.0, 1.0],
                [1.0, -0.000752, -0.000405, -0.0, 0.000829, 0.740339, 0.672214, 0.375166, -0.000205, -0.672249, 0.74035, -0.0, 0.0, 0.0, 0.0, 1.0],
                [1.0, -0.000731, -0.000387, 0.0, 0.000806, 0.75693, 0.653475, 0.375166, -0.000185, -0.65351, 0.756941, -0.0, 0.0, 0.0, 0.0, 1.0],
                [1.0, -0.000703, -0.000364, -0.0, 0.000775, 0.777791, 0.628503, 0.375166, -0.000159, -0.628537, 0.777801, 0.0, 0.0, 0.0, 0.0, 1.0],
                [1.0, -0.000695, -0.000357, -0.0, 0.000766, 0.783647, 0.621188, 0.375166, -0.000152, -0.62122, 0.783657, 0.0, 0.0, 0.0, 0.0, 1.0],
                [1.0, -0.000705, -0.000365, 0.0, 0.000777, 0.776302, 0.630341, 0.375166, -0.000161, -0.630375, 0.776312, 0.0, 0.0, 0.0, 0.0, 1.0],
                [1.0, -0.000708, -0.000368, -0.0, 0.000781, 0.774047, 0.633109, 0.375166, -0.000164, -0.633143, 0.774057, 0.0, 0.0, 0.0, 0.0, 1.0],
                [1.0, -0.000715, -0.000373, 0.0, 0.000789, 0.768903, 0.639345, 0.375166, -0.00017, -0.639379, 0.768914, 0.0, 0.0, 0.0, 0.0, 1.0],
                [1.0, -0.000721, -0.000378, 0.0, 0.000795, 0.764705, 0.644361, 0.375166, -0.000175, -0.644395, 0.764715, -0.0, 0.0, 0.0, 0.0, 1.0],
                [1.0, -0.000713, -0.000372, 0.0, 0.000787, 0.770227, 0.63775, 0.375166, -0.000168, -0.637784, 0.770238, 0.0, 0.0, 0.0, 0.0, 1.0],
                [1.0, -0.000706, -0.000366, 0.0, 0.000779, 0.775227, 0.631664, 0.375166, -0.000162, -0.631697, 0.775237, 0.0, 0.0, 0.0, 0.0, 1.0],
                [1.0, -0.000713, -0.000372, 0.0, 0.000786, 0.770325, 0.637632, 0.375166, -0.000168, -0.637666, 0.770335, 0.0, 0.0, 0.0, 0.0, 1.0],
                [1.0, -0.000743, -0.000398, -0.0, 0.00082, 0.747098, 0.664694, 0.375166, -0.000197, -0.664729, 0.747109, -0.0, 0.0, 0.0, 0.0, 1.0],
                [1.0, -0.000802, -0.000454, -0.0, 0.000885, 0.696689, 0.717353, 0.375166, -0.000259, -0.717389, 0.696702, -0.0, 0.0, 0.0, 0.0, 1.0],
                [0.999999, -0.000951, -0.000645, -0.0, 0.001049, 0.525673, 0.850668, 0.375166, -0.00047, -0.850707, 0.525686, 0.0, 0.0, 0.0, 0.0, 1.0],
                [0.999999, -0.001003, -0.000739, 0.0, 0.001106, 0.442084, 0.896955, 0.375166, -0.000573, -0.896994, 0.442097, 0.0, 0.0, 0.0, 0.0, 1.0],
                [0.999999, -0.001036, -0.000811, -0.0, 0.001142, 0.377237, 0.926099, 0.375166, -0.000653, -0.926137, 0.37725, -0.0, 0.0, 0.0, 0.0, 1.0],
                [0.999999, -0.001053, -0.000858, -0.0, 0.001162, 0.335772, 0.941926, 0.375166, -0.000704, -0.941964, 0.335785, -0.0, 0.0, 0.0, 0.0, 1.0],
                [0.999999, -0.00106, -0.000877, 0.0, 0.001169, 0.318478, 0.947913, 0.375166, -0.000725, -0.947951, 0.318491, -0.0, 0.0, 0.0, 0.0, 1.0],
                [0.999999, -0.001062, -0.000884, -0.0, 0.001171, 0.312743, 0.949821, 0.375166, -0.000733, -0.949859, 0.312755, -0.0, 0.0, 0.0, 0.0, 1.0],
                [0.999999, -0.001064, -0.00089, 0.0, 0.001174, 0.306662, 0.951801, 0.375166, -0.00074, -0.951839, 0.306674, 0.0, 0.0, 0.0, 0.0, 1.0],
                [0.999999, -0.001067, -0.000898, 0.0, 0.001176, 0.300217, 0.953854, 0.375166, -0.000748, -0.953891, 0.300229, -0.0, 0.0, 0.0, 0.0, 1.0],
                [0.999999, -0.001069, -0.000905, 0.0, 0.001179, 0.293387, 0.955977, 0.375166, -0.000756, -0.956014, 0.293399, -0.0, 0.0, 0.0, 0.0, 1.0],
                [0.999999, -0.001071, -0.000913, -0.0, 0.001182, 0.28615, 0.958168, 0.375166, -0.000765, -0.958205, 0.286162, 0.0, 0.0, 0.0, 0.0, 1.0],
                [0.999999, -0.001074, -0.000922, -0.0, 0.001185, 0.27848, 0.960425, 0.375166, -0.000775, -0.960462, 0.278492, -0.0, 0.0, 0.0, 0.0, 1.0],
                [0.999999, -0.001075, -0.000924, -0.0, 0.001185, 0.276965, 0.960863, 0.375166, -0.000777, -0.9609, 0.276977, 0.0, 0.0, 0.0, 0.0, 1.0],
                [0.999999, -0.00107, -0.000907, -0.0, 0.00118, 0.291457, 0.956567, 0.375166, -0.000759, -0.956604, 0.291469, 0.0, 0.0, 0.0, 0.0, 1.0],
                [0.999999, -0.001059, -0.000874, 0.0, 0.001168, 0.321277, 0.946968, 0.375166, -0.000722, -0.947006, 0.321289, -0.0, 0.0, 0.0, 0.0, 1.0],
                [0.999999, -0.001044, -0.000832, -0.0, 0.001151, 0.358443, 0.933534, 0.375166, -0.000676, -0.933573, 0.358456, 0.0, 0.0, 0.0, 0.0, 1.0],
                [1.0, -0.000847, -0.000504, 0.0, 0.000935, 0.652371, 0.75788, 0.375166, -0.000314, -0.757917, 0.652384, -0.0, 0.0, 0.0, 0.0, 1.0],
                [1.0, -0.000268, -0.000148, 0.0, 0.000295, 0.970946, 0.239293, 0.375166, 7.9e-05, -0.2393, 0.970948, 0.0, 0.0, 0.0, 0.0, 1.0]
            ]
        },
        {
            "name": "Knee_R",
            "time": [0.0, 0.0167, 0.0333, 0.05, 0.0667, 0.0833, 0.1, 0.1167, 0.1333, 0.15, 0.1667, 0.1833, 0.2, 0.2167, 0.2333, 0.25, 0.2667, 0.2833, 0.3, 0.3167, 0.3333, 0.35, 0.3667, 0.3833, 0.4, 0.4167, 0.4333, 0.45, 0.4667, 0.4833, 0.5, 0.5167, 0.5333, 0.55, 0.6667, 0.8333],
            "transform": [
                [1.0, -5.7e-05, 5.4e-05, 0.0, 5.7e-05, 0.048757, -0.998811, 0.375166, 5.4e-05, 0.998811, 0.048757, 0.0, 0.0, 0.0, 0.0, 1.0],
                [1.0, -5.7e-05, 5.4e-05, -0.0, 5.7e-05, 0.048757, -0.998811, 0.375166, 5.4e-05, 0.998811, 0.048757, -0.0, 0.0, 0.0, 0.0, 1.0],
                [1.0, -5.7e-05, 5.4e-05, 0.0, 5.7e-05, 0.048757, -0.998811, 0.375166, 5.4e-05, 0.998811, 0.048757, 0.0, 0.0, 0.0, 0.0, 1.0],
                [1.0, -5.7e-05, 5.4e-05, 0.0, 5.7e-05, 0.048757, -0.998811, 0.375166, 5.4e-05, 0.998811, 0.048757, 0.0, 0.0, 0.0, 0.0, 1.0],
                [1.0, -5.7e-05, 5.4e-05, -0.0, 5.7e-05, 0.048757, -0.998811, 0.375166, 5.4e-05, 0.998811, 0.048757, -0.0, 0.0, 0.0, 0.0, 1.0],
                [1.0, -5.7e-05, 5.4e-05, -0.0, 5.7e-05, 0.048757, -0.998811, 0.375166, 5.4e-05, 0.998811, 0.048757, 0.0, 0.0, 0.0, 0.0, 1.0],
                [1.0, -5.7e-05, 5.4e-05, -0.0, 5.7e-05, 0.048757, -0.998811, 0.375166, 5.4e-05, 0.998811, 0.048757, -0.0, 0.0, 0.0, 0.0, 1.0],
                [1.0, -5.7e-05, 5.4e-05, 0.0, 5.7e-05, 0.048757, -0.998811, 0.375166, 5.4e-05, 0.998811, 0.048757, -0.0, 0.0, 0.0, 0.0, 1.0],
                [1.0, -5.7e-05, 5.4e-05, -0.0, 5.7e-05, 0.048757, -0.998811, 0.375166, 5.4e-05, 0.998811, 0.048757, 0.0, 0.0, 0.0, 0.0, 1.0],
                [1.0, -5.7e-05, 5.4e-05, -0.0, 5.7e-05, 0.048757, -0.998811, 0.375166, 5.4e-05, 0.998811, 0.048757, 0.0, 0.0, 0.0, 0.0, 1.0],
                [1.0, -5.7e-05, 5.4e-05, 0.0, 5.7e-05, 0.048757, -0.998811, 0.375166, 5.4e-05, 0.998811, 0.048757, 0.0, 0.0, 0.0, 0.0, 1.0],
                [1.0, -5.7e-05, 5.4e-05, -0.0, 5.7e-05, 0.048757, -0.998811, 0.375166, 5.4e-05, 0.998811, 0.048757, 0.0, 0.0, 0.0, 0.0, 1.0],
                [1.0, -5.7e-05, 5.4e-05, 0.0, 5.7e-05, 0.048757, -0.998811, 0.375166, 5.4e-05, 0.998811, 0.048757, 0.0, 0.0, 0.0, 0.0, 1.0],
                [1.0, -5.7e-05, 5.4e-05, 0.0, 5.7e-05, 0.048757, -0.998811, 0.375166, 5.4e-05, 0.998811, 0.048757, -0.0, 0.0, 0.0, 0.0, 1.0],
                [1.0, -5.7e-05, 5.4e-05, 0.0, 5.7e-05, 0.048757, -0.998811, 0.375166, 5.4e-05, 0.998811, 0.048757, 0.0, 0.0, 0.0, 0.0, 1.0],
                [1.0, -5.7e-05, 5.4e-05, 0.0, 5.7e-05, 0.048757, -0.998811, 0.375166, 5.4e-05, 0.998811, 0.048757, 0.0, 0.0, 0.0, 0.0, 1.0],
                [1.0, -5.7e-05, 5.4e-05, 0.0, 5.7e-05, 0.048757, -0.998811, 0.375166, 5.4e-05, 0.998811, 0.048757, 0.0, 0.0, 0.0, 0.0, 1.0],
                [1.0, -5.7e-05, 5.4e-05, -0.0, 5.7e-05, 0.048757, -0.998811, 0.375166, 5.4e-05, 0.998811, 0.048757, -0.0, 0.0, 0.0, 0.0, 1.0],
                [1.0, -5.7e-05, 5.4e-05, -0.0, 5.7e-05, 0.048757, -0.998811, 0.375166, 5.4e-05, 0.998811, 0.048757, -0.0, 0.0, 0.0, 0.0, 1.0],
                [1.0, -5.7e-05, 5.4e-05, -0.0, 5.7e-05, 0.048757, -0.998811, 0.375166, 5.4e-05, 0.998811, 0.048757, 0.0, 0.0, 0.0, 0.0, 1.0],
                [1.0, -5.7e-05, 5.4e-05, 0.0, 5.7e-05, 0.048757, -0.998811, 0.375166, 5.4e-05, 0.998811, 0.048757, 0.0, 0.0, 0.0, 0.0, 1.0],
                [1.0, -5.7e-05, 5.4e-05, -0.0, 5.7e-05, 0.048757, -0.998811, 0.375166, 5.4e-05, 0.998811, 0.048757, -0.0, 0.0, 0.0, 0.0, 1.0],
                [1.0, -5.7e-05, 5.4e-05, -0.0, 5.7e-05, 0.048757, -0.998811, 0.375166, 5.4e-05, 0.998811, 0.048757, -0.0, 0.0, 0.0, 0.0, 1.0],
                [1.0, -5.7e-05, 5.4e-05, 0.0, 5.7e-05, 0.048757, -0.998811, 0.375166, 5.4e-05, 0.998811, 0.048757, -0.0, 0.0, 0.0, 0.0, 1.0],
                [1.0, -5.7e-05, 5.4e-05, -0.0, 5.7e-05, 0.048757, -0.998811, 0.375166, 5.4e-05, 0.998811, 0.048757, -0.0, 0.0, 0.0, 0.0, 1.0],
                [1.0, -5.7e-05, 5.4e-05, 0.0, 5.7e-05, 0.048757, -0.998811, 0.375166, 5.4e-05, 0.998811, 0.048757, 0.0, 0.0, 0.0, 0.0, 1.0],
                [1.0, -5.7e-05, 5.4e-05, 0.0, 5.7e-05, 0.048757, -0.998811, 0.375166, 5.4e-05, 0.998811, 0.048757, -0.0, 0.0, 0.0, 0.0, 1.0],
                [1.0, -5.7e-05, 5.4e-05, 0.0, 5.7e-05, 0.048757, -0.998811, 0.375166, 5.4e-05, 0.998811, 0.048757, -0.0, 0.0, 0.0, 0.0, 1.0],
                [1.0, -5.7e-05, 5.4e-05, -0.0, 5.7e-05, 0.048757, -0.998811, 0.375166, 5.4e-05, 0.998811, 0.048757, 0.0, 0.0, 0.0, 0.0, 1.0],
                [1.0, -5.7e-05, 5.4e-05, -0.0, 5.7e-05, 0.048757, -0.998811, 0.375166, 5.4e-05, 0.998811, 0.048757, -0.0, 0.0, 0.0, 0.0, 1.0],
                [1.0, -5.7e-05, 5.4e-05, -0.0, 5.7e-05, 0.048757, -0.998811, 0.375166, 5.4e-05, 0.998811, 0.048757, 0.0, 0.0, 0.0, 0.0, 1.0],
                [1.0, -5.7e-05, 5.4e-05, -0.0, 5.7e-05, 0.048757, -0.998811, 0.375166, 5.4e-05, 0.998811, 0.048757, 0.0, 0.0, 0.0, 0.0, 1.0],
                [1.0, -5.7e-05, 5.4e-05, 0.0, 5.7e-05, 0.048757, -0.998811, 0.375166, 5.4e-05, 0.998811, 0.048757, -0.0, 0.0, 0.0, 0.0, 1.0],
                [1.0, -5.7e-05, 5.4e-05, -0.0, 5.7e-05, 0.048757, -0.998811, 0.375166, 5.4e-05, 0.998811, 0.048757, 0.0, 0.0, 0.0, 0.0, 1.0],
                [1.0, -5.7e-05, 5.4e-05, 0.0, 5.7e-05, 0.048757, -0.998811, 0.375166, 5.4e-05, 0.998811, 0.048757, -0.0, 0.0, 0.0, 0.0, 1.0],
                [1.0, -5.7e-05, 5.4e-05, 0.0, 5.7e-05, 0.048757, -0.998811, 0.375166, 5.4e-05, 0.998811, 0.048757, 0.0, 0.0, 0.0, 0.0, 1.0]
            ]
        },
        {
            "name": "Thigh_L",
            "time": [0.0, 0.0167, 0.0333, 0.05, 0.0667, 0.0833, 0.1, 0.1167, 0.1333, 0.15, 0.1667, 0.1833, 0.2, 0.2167, 0.2333, 0.25, 0.2667, 0.2833, 0.3, 0.3167, 0.3333, 0.35, 0.3667, 0.3833, 0.4, 0.4167, 0.4333, 0.45, 0.4667, 0.4833, 0.5, 0.5167, 0.5333, 0.55, 0.8333],
            "transform": [
                [0.999758, -0.001578, -0.021945, -0.116867, 0.018581, -0.473596, 0.880529, 0.000984, -0.011783, -0.880722, -0.473418, -0.131478, 0.0, 0.0, 0.0, 1.0],
                [0.999725, -0.00291, -0.023266, -0.116867, 0.019114, -0.473621, 0.880504, 0.000984, -0.013583, -0.880706, -0.473401, -0.131478, 0.0, 0.0, 0.0, 1.0],
                [0.999636, -0.005966, -0.026298, -0.116867, 0.020336, -0.473682, 0.880444, 0.000984, -0.017711, -0.880658, -0.473354, -0.131478, 0.0, 0.0, 0.0, 1.0],
                [0.999585, -0.0075, -0.027818, -0.116867, 0.020949, -0.473713, 0.880413, 0.000984, -0.019782, -0.880629, -0.473325, -0.131478, 0.0, 0.0, 0.0, 1.0],
                [0.999601, -0.008527, -0.026918, -0.116489, 0.01988, -0.464478, 0.885345, 0.000984, -0.020053, -0.885525, -0.46409, -0.136842, 0.0, 0.0, 0.0, 1.0],
                [0.99964, -0.011198, -0.024393, -0.115505, 0.016881, -0.444261, 0.895722, 0.000985, -0.020868, -0.895807, -0.443881, -0.150808, 0.0, 0.0, 0.0, 1.0],
                [0.999668, -0.013737, -0.021799, -0.114586, 0.013755, -0.430902, 0.902278, 0.000984, -0.021789, -0.902272, -0.43054, -0.163837, 0.0, 0.0, 0.0, 1.0],
                [0.999685, -0.016308, -0.019081, -0.113705, 0.01039, -0.423134, 0.905992, 0.000984, -0.02285, -0.905897, -0.422803, -0.176349, 0.0, 0.0, 0.0, 1.0],
                [0.999688, -0.018818, -0.01643, -0.112908, 0.006982, -0.421016, 0.907011, 0.000984, -0.023987, -0.906834, -0.420726, -0.187651, 0.0, 0.0, 0.0, 1.0],
                [0.999685, -0.019765, -0.015448, -0.112627, 0.005682, -0.421447, 0.90682, 0.000984, -0.024435, -0.906613, -0.421176, -0.19164, 0.0, 0.0, 0.0, 1.0],
                [0.999704, -0.01674, -0.017653, -0.113273, 0.009052, -0.417584, 0.908578, 0.001007, -0.022582, -0.908461, -0.417281, -0.182565, 0.0, 0.0, 0.0, 1.0],
                [0.999698, -0.010481, -0.022206, -0.114772, 0.015713, -0.421888, 0.906495, 0.001049, -0.01887, -0.906566, -0.421565, -0.161474, 0.0, 0.0, 0.0, 1.0],
                [0.999668, -0.006456, -0.024956, -0.115775, 0.01976, -0.429816, 0.902683, 0.001051, -0.016555, -0.902874, -0.429513, -0.147251, 0.0, 0.0, 0.0, 1.0],
                [0.999649, -0.00472, -0.026075, -0.116216, 0.021448, -0.433789, 0.900742, 0.001025, -0.015563, -0.900984, -0.433502, -0.140888, 0.0, 0.0, 0.0, 1.0],
                [0.99964, -0.003842, -0.026563, -0.11647, 0.022164, -0.440044, 0.897685, 0.001013, -0.015139, -0.89795, -0.439766, -0.137234, 0.0, 0.0, 0.0, 1.0],
                [0.999636, -0.003382, -0.026775, -0.116603, 0.022478, -0.444787, 0.895336, 0.001009, -0.014938, -0.895612, -0.444515, -0.135325, 0.0, 0.0, 0.0, 1.0],
                [0.999631, -0.002957, -0.026999, -0.116675, 0.022859, -0.44531, 0.895067, 0.001006, -0.014671, -0.895354, -0.445044, -0.134294, 0.0, 0.0, 0.0, 1.0],
                [0.999619, -0.002199, -0.027515, -0.116743, 0.023754, -0.439259, 0.898028, 0.001, -0.014062, -0.89834, -0.439005, -0.133304, 0.0, 0.0, 0.0, 1.0],
                [0.99959, -0.000743, -0.02863, -0.116867, 0.025605, -0.424683, 0.904961, 0.000985, -0.012832, -0.905325, -0.424455, -0.131478, 0.0, 0.0, 0.0, 1.0],
                [0.999464, 0.003946, -0.032507, -0.117033, 0.03154, -0.383007, 0.923185, 0.000952, -0.008808, -0.923722, -0.382891, -0.128982, 0.0, 0.0, 0.0, 1.0],
                [0.999388, 0.006294, -0.034407, -0.117062, 0.034311, -0.367664, 0.929303, 0.000943, -0.006801, -0.929924, -0.367619, -0.12854, 0.0, 0.0, 0.0, 1.0],
                [0.999331, 0.008152, -0.035647, -0.117082, 0.036199, -0.358731, 0.932715, 0.000935, -0.005185, -0.933393, -0.35875, -0.128224, 0.0, 0.0, 0.0, 1.0],
                [0.999311, 0.009251, -0.035944, -0.117098, 0.036887, -0.354895, 0.934154, 0.000925, -0.004115, -0.934848, -0.354956, -0.127948, 0.0, 0.0, 0.0, 1.0],
                [0.999336, 0.009429, -0.035186, -0.117115, 0.036245, -0.354163, 0.934457, 0.000913, -0.003651, -0.935124, -0.354234, -0.127659, 0.0, 0.0, 0.0, 1.0],
                [0.999386, 0.009111, -0.033825, -0.117135, 0.034858, -0.354672, 0.934316, 0.000899, -0.003484, -0.934934, -0.354736, -0.127323, 0.0, 0.0, 0.0, 1.0],
                [0.999439, 0.008764, -0.032327, -0.117159, 0.033332, -0.355279, 0.934141, 0.000882, -0.003298, -0.934707, -0.355336, -0.12691, 0.0, 0.0, 0.0, 1.0],
                [0.999494, 0.008386, -0.030684, -0.117189, 0.031659, -0.355995, 0.933927, 0.000862, -0.003091, -0.934438, -0.356045, -0.126395, 0.0, 0.0, 0.0, 1.0],
                [0.999551, 0.007977, -0.028886, -0.117227, 0.029831, -0.356836, 0.933666, 0.000838, -0.00286, -0.93412, -0.356879, -0.125756, 0.0, 0.0, 0.0, 1.0],
                [0.999609, 0.007534, -0.026922, -0.117275, 0.027836, -0.35782, 0.933352, 0.00081, -0.002602, -0.933747, -0.357854, -0.124967, 0.0, 0.0, 0.0, 1.0],
                [0.999668, 0.007053, -0.024779, -0.117333, 0.02566, -0.358965, 0.932975, 0.000778, -0.002315, -0.933312, -0.358991, -0.124004, 0.0, 0.0, 0.0, 1.0],
                [0.99973, 0.006508, -0.022312, -0.117404, 0.02315, -0.363969, 0.9311, 0.00074, -0.002062, -0.931376, -0.363985, -0.122836, 0.0, 0.0, 0.0, 1.0],
                [0.999796, 0.00583, -0.019344, -0.11749, 0.020112, -0.378347, 0.925422, 0.000696, -0.001924, -0.925632, -0.378351, -0.12143, 0.0, 0.0, 0.0, 1.0],
                [0.999861, 0.00496, -0.015939, -0.117594, 0.016589, -0.401638, 0.915626, 0.000645, -0.00186, -0.915772, -0.401629, -0.119746, 0.0, 0.0, 0.0, 1.0],
                [0.999917, 0.003884, -0.012277, -0.117718, 0.012756, -0.429223, 0.903087, 0.000585, -0.001762, -0.903177, -0.429201, -0.117731, 0.0, 0.0, 0.0, 1.0],
                [0.958733, -0.063711, -0.277066, -0.125006, 0.040085, -0.934543, 0.353577, -0.002831, -0.281469, -0.350099, -0.893379, -1.2e-05, 0.0, 0.0, 0.0, 1.0]
            ]
        },
        {
            "name": "Leg_L",
            "time": [0.0, 0.0167, 0.0333, 0.05, 0.0667, 0.0833, 0.1, 0.1167, 0.1333, 0.15, 0.1667, 0.1833, 0.2, 0.2167, 0.2333, 0.25, 0.2667, 0.2833, 0.3, 0.3167, 0.3333, 0.35, 0.3667, 0.3833, 0.4, 0.4167, 0.4333, 0.45, 0.4667, 0.4833, 0.5, 0.5167, 0.5333, 0.55, 0.8333],
            "transform": [
                [1.0, 2e-06, 3e-06, 0.0, -3e-06, -0.007399, 0.999955, 0.375166, 2e-06, -0.999993, -0.007389, 0.0, 0.0, 0.0, 0.0, 1.0],
                [1.0, 2e-06, 3e-06, 0.0, -3e-06, -0.0074, 0.999955, 0.375166, 2e-06, -0.999994, -0.007389, -0.0, 0.0, 0.0, 0.0, 1.0],
                [1.0, 2e-06, 3e-06, 0.0, -3e-06, -0.007399, 0.999955, 0.375166, 2e-06, -0.999993, -0.007389, -0.0, 0.0, 0.0, 0.0, 1.0],
                [1.0, 2e-06, 3e-06, 0.0, -3e-06, -0.007399, 0.999956, 0.375166, 2e-06, -0.999993, -0.007389, 0.0, 0.0, 0.0, 0.0, 1.0],
                [1.0, 2e-06, 3e-06, 0.0, -3e-06, -0.049479, 0.998758, 0.375166, 3e-06, -0.998795, -0.049469, -0.0, 0.0, 0.0, 0.0, 1.0],
                [1.0, 2e-06, 3e-06, 0.0, -3e-06, -0.153917, 0.988067, 0.375166, 3e-06, -0.988101, -0.153908, -0.0, 0.0, 0.0, 0.0, 1.0],
                [1.0, 2e-06, 4e-06, -0.0, -3e-06, -0.244237, 0.9697, 0.375166, 3e-06, -0.96973, -0.244227, -0.0, 0.0, 0.0, 0.0, 1.0],
                [1.0, 2e-06, 4e-06, -0.0, -3e-06, -0.324924, 0.945725, 0.375166, 3e-06, -0.945753, -0.324914, 0.0, 0.0, 0.0, 0.0, 1.0],
                [1.0, 2e-06, 4e-06, -0.0, -3e-06, -0.39235, 0.919802, 0.375166, 4e-06, -0.919826, -0.392339, -0.0, 0.0, 0.0, 0.0, 1.0],
                [1.0, 2e-06, 4e-06, 0.0, -3e-06, -0.414929, 0.90984, 0.375166, 4e-06, -0.909864, -0.414918, 0.0, 0.0, 0.0, 0.0, 1.0],
                [1.0, 2e-06, 4e-06, 0.0, -3e-06, -0.356766, 0.934179, 0.375166, 3e-06, -0.934205, -0.356756, 0.0, 0.0, 0.0, 0.0, 1.0],
                [1.0, 2e-06, 4e-06, 0.0, -3e-06, -0.205958, 0.978544, 0.375166, 3e-06, -0.978577, -0.205948, 0.0, 0.0, 0.0, 0.0, 1.0],
                [1.0, 2e-06, 3e-06, -0.0, -3e-06, -0.094022, 0.995553, 0.375166, 3e-06, -0.995588, -0.094012, -0.0, 0.0, 0.0, 0.0, 1.0],
                [1.0, 2e-06, 3e-06, -0.0, -3e-06, -0.043517, 0.999035, 0.375166, 3e-06, -0.999072, -0.043507, 0.0, 0.0, 0.0, 0.0, 1.0],
                [1.0, 2e-06, 3e-06, -0.0, -3e-06, -0.012254, 0.999907, 0.375166, 2e-06, -0.999945, -0.012244, -0.0, 0.0, 0.0, 0.0, 1.0],
                [1.0, 2e-06, 3e-06, -0.0, -3e-06, 0.006084, 0.999964, 0.375166, 2e-06, -1.000002, 0.006094, -0.0, 0.0, 0.0, 0.0, 1.0],
                [1.0, 2e-06, 3e-06, -0.0, -3e-06, 0.018032, 0.99982, 0.375166, 2e-06, -0.999858, 0.018042, 0.0, 0.0, 0.0, 0.0, 1.0],
                [1.0, 2e-06, 3e-06, -0.0, -3e-06, 0.030538, 0.999516, 0.375166, 2e-06, -0.999555, 0.030548, 0.0, 0.0, 0.0, 0.0, 1.0],
                [1.0, 2e-06, 3e-06, 0.0, -3e-06, 0.052033, 0.998627, 0.375166, 2e-06, -0.998667, 0.052043, 0.0, 0.0, 0.0, 0.0, 1.0],
                [1.0, 2e-06, 3e-06, 0.0, -3e-06, 0.138441, 0.990353, 0.375166, 2e-06, -0.990394, 0.138453, 0.0, 0.0, 0.0, 0.0, 1.0],
                [1.0, 2e-06, 3e-06, -0.0, -3e-06, 0.192585, 0.981261, 0.375166, 2e-06, -0.981304, 0.192597, 0.0, 0.0, 0.0, 0.0, 1.0],
                [1.0, 2e-06, 3e-06, -0.0, -3e-06, 0.240297, 0.97068, 0.375166, 2e-06, -0.970724, 0.240309, -0.0, 0.0, 0.0, 0.0, 1.0],
                [1.0, 2e-06, 2e-06, 0.0, -3e-06, 0.271011, 0.962557, 0.375166, 2e-06, -0.962601, 0.271024, -0.0, 0.0, 0.0, 0.0, 1.0],
                [1.0, 2e-06, 2e-06, -0.0, -3e-06, 0.277899, 0.960591, 0.375166, 2e-06, -0.960635, 0.277912, -0.0, 0.0, 0.0, 0.0, 1.0],
                [1.0, 2e-06, 2e-06, -0.0, -3e-06, 0.271639, 0.962379, 0.375166, 2e-06, -0.962424, 0.271652, -0.0, 0.0, 0.0, 0.0, 1.0],
                [1.0, 2e-06, 2e-06, 0.0, -3e-06, 0.264879, 0.964262, 0.375166, 2e-06, -0.964306, 0.264892, 0.0, 0.0, 0.0, 0.0, 1.0],
                [1.0, 2e-06, 2e-06, -0.0, -3e-06, 0.257635, 0.966223, 0.375166, 2e-06, -0.966266, 0.257647, -0.0, 0.0, 0.0, 0.0, 1.0],
                [1.0, 2e-06, 3e-06, 0.0, -3e-06, 0.249915, 0.968249, 0.375166, 2e-06, -0.968292, 0.249927, -0.0, 0.0, 0.0, 0.0, 1.0],
                [1.0, 2e-06, 3e-06, -0.0, -3e-06, 0.241719, 0.970327, 0.375166, 2e-06, -0.97037, 0.241732, -0.0, 0.0, 0.0, 0.0, 1.0],
                [1.0, 2e-06, 3e-06, 0.0, -3e-06, 0.233043, 0.972448, 0.375166, 2e-06, -0.972491, 0.233055, 0.0, 0.0, 0.0, 0.0, 1.0],
                [1.0, 2e-06, 3e-06, 0.0, -3e-06, 0.227034, 0.973868, 0.375166, 2e-06, -0.973911, 0.227047, -0.0, 0.0, 0.0, 0.0, 1.0],
                [1.0, 2e-06, 3e-06, 0.0, -3e-06, 0.228636, 0.973493, 0.375166, 2e-06, -0.973536, 0.228648, -0.0, 0.0, 0.0, 0.0, 1.0],
                [1.0, 2e-06, 3e-06, 0.0, -3e-06, 0.238038, 0.971237, 0.375166, 2e-06, -0.97128, 0.23805, 0.0, 0.0, 0.0, 0.0, 1.0],
                [1.0, 2e-06, 2e-06, 0.0, -3e-06, 0.251712, 0.967783, 0.375166, 2e-06, -0.967826, 0.251724, -0.0, 0.0, 0.0, 0.0, 1.0],
                [1.0, 1e-06, 1e-06, 0.0, -1e-06, 0.954598, 0.297887, 0.375166, -1e-06, -0.2979, 0.954601, -0.0, 0.0, 0.0, 0.0, 1.0]
            ]
        },
        {
            "name": "Knee_L",
            "time": [0.0, 0.0167, 0.0333, 0.05, 0.0667, 0.0833, 0.1, 0.1167, 0.1333, 0.15, 0.1667, 0.1833, 0.2, 0.2167, 0.2333, 0.25, 0.2667, 0.2833, 0.3, 0.3167, 0.3333, 0.35, 0.3667, 0.3833, 0.4, 0.4167, 0.4333, 0.45, 0.4667, 0.4833, 0.5, 0.5167, 0.5333, 0.55, 0.8333],
            "transform": [
                [1.0, 0.0, -0.0, 0.0, -0.0, 0.048757, -0.998811, 0.375166, -0.0, 0.998811, 0.048757, 0.0, 0.0, 0.0, 0.0, 1.0],
                [1.0, 0.0, -0.0, 0.0, -0.0, 0.048757, -0.998811, 0.375166, -0.0, 0.998811, 0.048757, -0.0, 0.0, 0.0, 0.0, 1.0],
                [1.0, 0.0, -0.0, 0.0, -0.0, 0.048757, -0.998811, 0.375166, -0.0, 0.998811, 0.048757, -0.0, 0.0, 0.0, 0.0, 1.0],
                [1.0, 0.0, -0.0, 0.0, -0.0, 0.048757, -0.998811, 0.375166, -0.0, 0.998811, 0.048757, 0.0, 0.0, 0.0, 0.0, 1.0],
                [1.0, 0.0, -0.0, 0.0, -0.0, 0.048757, -0.998811, 0.375166, -0.0, 0.998811, 0.048757, -0.0, 0.0, 0.0, 0.0, 1.0],
                [1.0, 0.0, -0.0, 0.0, -0.0, 0.048757, -0.998811, 0.375166, -0.0, 0.998811, 0.048757, -0.0, 0.0, 0.0, 0.0, 1.0],
                [1.0, 0.0, -0.0, -0.0, -0.0, 0.048757, -0.998811, 0.375166, -0.0, 0.998811, 0.048757, -0.0, 0.0, 0.0, 0.0, 1.0],
                [1.0, 0.0, -0.0, -0.0, -0.0, 0.048757, -0.998811, 0.375166, -0.0, 0.998811, 0.048757, 0.0, 0.0, 0.0, 0.0, 1.0],
                [1.0, 0.0, -0.0, -0.0, -0.0, 0.048757, -0.998811, 0.375166, -0.0, 0.998811, 0.048757, -0.0, 0.0, 0.0, 0.0, 1.0],
                [1.0, 0.0, -0.0, 0.0, -0.0, 0.048757, -0.998811, 0.375166, -0.0, 0.998811, 0.048757, 0.0, 0.0, 0.0, 0.0, 1.0],
                [1.0, 0.0, -0.0, 0.0, -0.0, 0.048757, -0.998811, 0.375166, -0.0, 0.998811, 0.048757, 0.0, 0.0, 0.0, 0.0, 1.0],
                [1.0, 0.0, -0.0, 0.0, -0.0, 0.048757, -0.998811, 0.375166, -0.0, 0.998811, 0.048757, 0.0, 0.0, 0.0, 0.0, 1.0],
                [1.0, 0.0, -0.0, -0.0, -0.0, 0.048757, -0.998811, 0.375166, -0.0, 0.998811, 0.048757, -0.0, 0.0, 0.0, 0.0, 1.0],
                [1.0, 0.0, -0.0, -0.0, -0.0, 0.048757, -0.998811, 0.375166, -0.0, 0.998811, 0.048757, 0.0, 0.0, 0.0, 0.0, 1.0],
                [1.0, 0.0, -0.0, -0.0, -0.0, 0.048757, -0.998811, 0.375166, -0.0, 0.998811, 0.048757, -0.0, 0.0, 0.0, 0.0, 1.0],
                [1.0, 0.0, -0.0, -0.0, -0.0, 0.048757, -0.998811, 0.375166, -0.0, 0.998811, 0.048757, -0.0, 0.0, 0.0, 0.0, 1.0],
                [1.0, 0.0, -0.0, -0.0, -0.0, 0.048757, -0.998811, 0.375166, -0.0, 0.998811, 0.048757, 0.0, 0.0, 0.0, 0.0, 1.0],
                [1.0, 0.0, -0.0, -0.0, -0.0, 0.048757, -0.998811, 0.375166, -0.0, 0.998811, 0.048757, 0.0, 0.0, 0.0, 0.0, 1.0],
                [1.0, 0.0, -0.0, 0.0, -0.0, 0.048757, -0.998811, 0.375166, -0.0, 0.998811, 0.048757, 0.0, 0.0, 0.0, 0.0, 1.0],
                [1.0, 0.0, -0.0, 0.0, -0.0, 0.048757, -0.998811, 0.375166, -0.0, 0.998811, 0.048757, 0.0, 0.0, 0.0, 0.0, 1.0],
                [1.0, 0.0, -0.0, -0.0, -0.0, 0.048757, -0.998811, 0.375166, -0.0, 0.998811, 0.048757, 0.0, 0.0, 0.0, 0.0, 1.0],
                [1.0, 0.0, -0.0, -0.0, -0.0, 0.048757, -0.998811, 0.375166, -0.0, 0.998811, 0.048757, -0.0, 0.0, 0.0, 0.0, 1.0],
                [1.0, 0.0, -0.0, 0.0, -0.0, 0.048757, -0.998811, 0.375166, -0.0, 0.998811, 0.048757, -0.0, 0.0, 0.0, 0.0, 1.0],
                [1.0, 0.0, -0.0, -0.0, -0.0, 0.048757, -0.998811, 0.375166, -0.0, 0.998811, 0.048757, -0.0, 0.0, 0.0, 0.0, 1.0],
                [1.0, 0.0, -0.0, -0.0, -0.0, 0.048757, -0.99881, 0.375166, -0.0, 0.998811, 0.048757, -0.0, 0.0, 0.0, 0.0, 1.0],
                [1.0, 0.0, -0.0, 0.0, -0.0, 0.048757, -0.998811, 0.375166, -0.0, 0.998811, 0.048757, 0.0, 0.0, 0.0, 0.0, 1.0],
                [1.0, 0.0, -0.0, -0.0, -0.0, 0.048757, -0.998811, 0.375166, -0.0, 0.998811, 0.048757, -0.0, 0.0, 0.0, 0.0, 1.0],
                [1.0, 0.0, -0.0, 0.0, -0.0, 0.048757, -0.998811, 0.375166, -0.0, 0.998811, 0.048757, -0.0, 0.0, 0.0, 0.0, 1.0],
                [1.0, 0.0, -0.0, -0.0, -0.0, 0.048757, -0.998811, 0.375166, -0.0, 0.998811, 0.048757, -0.0, 0.0, 0.0, 0.0, 1.0],
                [1.0, 0.0, -0.0, 0.0, -0.0, 0.048757, -0.998811, 0.375166, -0.0, 0.998811, 0.048757, 0.0, 0.0, 0.0, 0.0, 1.0],
                [1.0, 0.0, -0.0, 0.0, -0.0, 0.048757, -0.998811, 0.375166, -0.0, 0.998811, 0.048757, -0.0, 0.0, 0.0, 0.0, 1.0],
                [1.0, 0.0, -0.0, 0.0, -0.0, 0.048757, -0.998811, 0.375166, -0.0, 0.998811, 0.048757, -0.0, 0.0, 0.0, 0.0, 1.0],
                [1.0, 0.0, -0.0, 0.0, -0.0, 0.048757, -0.998811, 0.375166, -0.0, 0.998811, 0.048757, 0.0, 0.0, 0.0, 0.0, 1.0],
                [1.0, 0.0, -0.0, 0.0, -0.0, 0.048757, -0.998811, 0.375166, -0.0, 0.998811, 0.048757, -0.0, 0.0, 0.0, 0.0, 1.0],
                [1.0, 0.0, -0.0, 0.0, -0.0, 0.048757, -0.998811, 0.375166, -0.0, 0.998811, 0.048757, -0.0, 0.0, 0.0, 0.0, 1.0]
            ]
        },
        {
            "name": "Torso",
            "time": [0.0, 0.0167, 0.0333, 0.05, 0.0667, 0.0833, 0.1, 0.1167, 0.1333, 0.15, 0.1667, 0.1833, 0.2, 0.2167, 0.2333, 0.25, 0.2667, 0.2833, 0.3, 0.3167, 0.3333, 0.35, 0.3667, 0.3833, 0.4, 0.4167, 0.4333, 0.45, 0.4667, 0.4833, 0.5, 0.5167, 0.5333, 0.55, 0.8333],
            "transform": [
                [0.713352, 0.145322, -0.685573, -0.0, -0.0, 0.978264, 0.207364, 0.05, 0.700806, -0.147924, 0.697847, -0.0, 0.0, 0.0, 0.0, 1.0],
                [0.697851, 0.148523, -0.700675, 0.0, -0.0, 0.978264, 0.207364, 0.05, 0.716243, -0.144709, 0.682682, -0.0, 0.0, 0.0, 0.0, 1.0],
                [0.663558, 0.155134, -0.731863, -0.0, -0.0, 0.978264, 0.207364, 0.05, 0.748125, -0.137598, 0.649135, -0.0, 0.0, 0.0, 0.0, 1.0],
                [0.647034, 0.158107, -0.745889, 0.0, -0.0, 0.978264, 0.207364, 0.05, 0.762462, -0.134171, 0.632969, 0.0, 0.0, 0.0, 0.0, 1.0],
                [0.670145, 0.177558, -0.720679, 0.0, 0.016193, 0.967236, 0.253362, 0.05, 0.742054, -0.181459, 0.645313, 0.0, 0.0, 0.0, 0.0, 1.0],
                [0.738751, 0.216494, -0.638261, 0.0, 0.05066, 0.926489, 0.372895, 0.05, 0.672072, -0.307812, 0.673477, 0.0, 0.0, 0.0, 0.0, 1.0],
                [0.816827, 0.230017, -0.529042, 0.0, 0.067815, 0.872426, 0.484018, 0.05, 0.572883, -0.431237, 0.697023, -0.0, 0.0, 0.0, 0.0, 1.0],
                [0.885954, 0.221233, -0.407604, 0.0, 0.067793, 0.807668, 0.585728, 0.05, 0.458791, -0.546561, 0.700559, 0.0, 0.0, 0.0, 0.0, 1.0],
