{
    "animation": [
        {
            "name": "Root",
            "time": [0.0, 0.0167, 0.0333, 0.05, 0.0667, 0.0833, 0.1, 0.1167, 0.1333, 0.15, 0.1667, 0.1833, 0.2, 0.2167, 0.2333, 0.25, 0.2667, 0.2833, 0.3, 0.3167, 0.3333, 0.35, 0.3667, 0.3833, 0.4, 0.4167, 0.4333, 0.45, 0.4667, 0.4833, 0.5, 0.5167, 0.5333, 0.55, 0.5667, 0.5833, 0.6, 0.6167, 0.6333, 0.65, 0.6667, 0.6833, 0.7, 0.7167, 0.7333, 0.75, 0.7667, 0.7833, 0.8, 0.8167, 0.8333],
            "transform": [
                [0.997526, 0.0, 0.070304, -5e-06, 0.070304, 0.0, -0.997526, 0.000946, 0.0, 1.0, 0.0, 0.517326, 0.0, 0.0, 0.0, 1.0],
                [0.997228, 0.0, 0.074401, -5e-06, 0.074401, 0.0, -0.997228, 0.000946, 0.0, 1.0, 0.0, 0.517326, 0.0, 0.0, 0.0, 1.0],
                [0.99625, 0.0, 0.086517, -5e-06, 0.086517, 0.0, -0.99625, 0.000946, 0.0, 1.0, 0.0, 0.517326, 0.0, 0.0, 0.0, 1.0],
                [0.994477, 0.0, 0.104954, -5e-06, 0.104954, 0.0, -0.994477, 0.000946, 0.0, 1.0, 0.0, 0.517326, 0.0, 0.0, 0.0, 1.0],
                [0.992052, 0.0, 0.125825, -5e-06, 0.125825, 0.0, -0.992052, 0.000946, 0.0, 1.0, 0.0, 0.517326, 0.0, 0.0, 0.0, 1.0],
                [0.989552, 0.0, 0.144178, -5e-06, 0.144178, 0.0, -0.989552, 0.000946, 0.0, 1.0, 0.0, 0.517326, 0.0, 0.0, 0.0, 1.0],
                [0.987726, 0.0, 0.156195, -5e-06, 0.156195, 0.0, -0.987726, 0.000946, 0.0, 1.0, 0.0, 0.517326, 0.0, 0.0, 0.0, 1.0],
                [0.987076, 0.0, 0.160251, -5e-06, 0.160251, 0.0, -0.987076, 0.000946, 0.0, 1.0, 0.0, 0.517326, 0.0, 0.0, 0.0, 1.0],
                [0.987235, 0.022656, 0.157652, -0.001753, 0.157611, 0.003623, -0.987495, 0.007725, -0.022944, 0.999737, 6e-06, 0.508953, 0.0, 0.0, 0.0, 1.0],
                [0.984922, 0.079863, 0.153459, -0.006078, 0.152951, 0.012472, -0.988155, 0.024873, -0.080831, 0.996728, 6.8e-05, 0.487916, 0.0, 0.0, 0.0, 1.0],
                [0.977158, 0.151717, 0.148812, -0.011367, 0.147012, 0.023079, -0.988865, 0.046552, -0.153462, 0.988155, 0.000247, 0.461609, 0.0, 0.0, 0.0, 1.0],
                [0.965247, 0.218007, 0.14412, -0.016078, 0.140465, 0.032255, -0.98956, 0.066793, -0.220379, 0.975414, 0.000512, 0.437346, 0.0, 0.0, 0.0, 1.0],
                [0.954488, 0.263557, 0.139609, -0.01912, 0.134372, 0.037889, -0.990206, 0.0809, -0.266265, 0.9639, 0.00075, 0.42063, 0.0, 0.0, 0.0, 1.0],
                [0.950453, 0.279834, 0.135393, -0.01995, 0.129639, 0.039059, -0.990792, 0.086008, -0.282545, 0.959254, 0.000846, 0.414674, 0.0, 0.0, 0.0, 1.0],
                [0.957115, 0.258107, 0.131574, -0.018267, 0.126847, 0.034957, -0.991306, 0.082454, -0.260462, 0.965484, 0.000717, 0.422749, 0.0, 0.0, 0.0, 1.0],
                [0.970894, 0.202347, 0.128146, -0.014505, 0.12536, 0.026578, -0.991755, 0.072286, -0.204084, 0.978953, 0.000438, 0.443263, 0.0, 0.0, 0.0, 1.0],
                [0.983485, 0.130933, 0.124957, -0.009763, 0.12384, 0.016673, -0.992162, 0.057103, -0.131991, 0.991251, 0.000183, 0.469383, 0.0, 0.0, 0.0, 1.0],
                [0.990505, 0.063716, 0.121817, -0.005205, 0.121563, 0.007863, -0.992553, 0.03894, -0.0642, 0.997937, 4.3e-05, 0.493949, 0.0, 0.0, 0.0, 1.0],
                [0.992805, 0.01681, 0.118559, -0.001764, 0.118542, 0.00201, -0.992947, 0.019728, -0.01693, 0.999857, 3e-06, 0.511145, 0.0, 0.0, 0.0, 1.0],
                [0.993356, 0.0, 0.115085, -5e-06, 0.115085, 0.0, -0.993356, 0.000946, 0.0, 1.0, 0.0, 0.517326, 0.0, 0.0, 0.0, 1.0],
                [0.99376, 0.0, 0.111542, 0.001018, 0.111542, 0.0, -0.99376, -0.023742, 0.0, 1.0, 0.0, 0.517326, 0.0, 0.0, 0.0, 1.0],
                [0.994138, 0.0, 0.108118, 0.002076, 0.108118, 0.0, -0.994138, -0.053824, 0.0, 1.0, 0.0, 0.517326, 0.0, 0.0, 0.0, 1.0],
                [0.994491, 0.0, 0.10482, 0.002935, 0.10482, 0.0, -0.994491, -0.083865, 0.0, 1.0, 0.0, 0.517326, 0.0, 0.0, 0.0, 1.0],
                [0.994819, 0.0, 0.101659, 0.00345, 0.101659, 0.0, -0.994819, -0.108772, 0.0, 1.0, 0.0, 0.517326, 0.0, 0.0, 0.0, 1.0],
                [0.995123, 0.0, 0.098646, 0.003577, 0.098646, 0.0, -0.995123, -0.124929, 0.0, 1.0, 0.0, 0.517326, 0.0, 0.0, 0.0, 1.0],
                [0.995401, 0.0, 0.095792, 0.003358, 0.095792, 0.0, -0.995401, -0.130482, 0.0, 1.0, 0.0, 0.517326, 0.0, 0.0, 0.0, 1.0],
                [0.995656, 0.0, 0.093111, 0.003004, 0.093111, 0.0, -0.995656, -0.13049, 0.0, 1.0, 0.0, 0.517326, 0.0, 0.0, 0.0, 1.0],
                [0.995886, 0.0, 0.090616, 0.002674, 0.090616, 0.0, -0.995886, -0.130498, 0.0, 1.0, 0.0, 0.517326, 0.0, 0.0, 0.0, 1.0],
                [0.996092, 0.0, 0.088322, 0.002372, 0.088322, 0.0, -0.996092, -0.130503, 0.0, 1.0, 0.0, 0.517326, 0.0, 0.0, 0.0, 1.0],
                [0.996274, 0.0, 0.086247, 0.002098, 0.086247, 0.0, -0.996274, -0.130508, 0.0, 1.0, 0.0, 0.517326, 0.0, 0.0, 0.0, 1.0],
                [0.996431, 0.0, 0.08441, 0.001855, 0.08441, 0.0, -0.996431, -0.130512, 0.0, 1.0, 0.0, 0.517326, 0.0, 0.0, 0.0, 1.0],
                [0.996563, 0.0, 0.082835, 0.001648, 0.082835, 0.0, -0.996563, -0.130514, 0.0, 1.0, 0.0, 0.517326, 0.0, 0.0, 0.0, 1.0],
                [0.996669, 0.0, 0.081548, 0.001469, 0.081548, 0.0, -0.996669, -0.129722, 0.0, 1.0, 0.0, 0.518668, 0.0, 0.0, 0.0, 1.0],
                [0.996748, 0.0, 0.080578, 0.001313, 0.080578, 0.0, -0.996748, -0.126949, 0.0, 1.0, 0.0, 0.523353, 0.0, 0.0, 0.0, 1.0],
                [0.996798, 0.0, 0.079963, 0.001189, 0.079963, 0.0, -0.996798, -0.1223, 0.0, 1.0, 0.0, 0.531205, 0.0, 0.0, 0.0, 1.0],
                [0.996815, 0.0, 0.079747, 0.00111, 0.079747, 0.0, -0.996815, -0.116772, 0.0, 1.0, 0.0, 0.540542, 0.0, 0.0, 0.0, 1.0],
                [0.996515, 0.0, 0.083419, 0.001423, 0.083419, 0.0, -0.996515, -0.107593, 0.0, 1.0, 0.0, 0.556035, 0.0, 0.0, 0.0, 1.0],
                [0.99595, 0.0, 0.089907, 0.001916, 0.089907, 0.0, -0.99595, -0.096697, 0.0, 1.0, 0.0, 0.57442, 0.0, 0.0, 0.0, 1.0],
                [0.995261, 0.0, 0.097243, 0.002333, 0.097243, 0.0, -0.995261, -0.085493, 0.0, 1.0, 0.0, 0.593319, 0.0, 0.0, 0.0, 1.0],
                [0.994489, 0.0, 0.104845, 0.002609, 0.104845, 0.0, -0.994489, -0.0744, 0.0, 1.0, 0.0, 0.612029, 0.0, 0.0, 0.0, 1.0],
                [0.993659, 0.0, 0.112434, 0.002729, 0.112434, 0.0, -0.993659, -0.063628, 0.0, 1.0, 0.0, 0.6302, 0.0, 0.0, 0.0, 1.0],
                [0.992793, 0.0, 0.119839, 0.002698, 0.119839, 0.0, -0.992793, -0.053313, 0.0, 1.0, 0.0, 0.647603, 0.0, 0.0, 0.0, 1.0],
                [0.991911, 0.0, 0.126936, 0.002531, 0.126936, 0.0, -0.991911, -0.043563, 0.0, 1.0, 0.0, 0.664059, 0.0, 0.0, 0.0, 1.0],
                [0.991032, 0.0, 0.133623, 0.002253, 0.133623, 0.0, -0.991032, -0.034476, 0.0, 1.0, 0.0, 0.679406, 0.0, 0.0, 0.0, 1.0],
                [0.990179, 0.0, 0.139806, 0.001892, 0.139806, 0.0, -0.990179, -0.026147, 0.0, 1.0, 0.0, 0.69348, 0.0, 0.0, 0.0, 1.0],
                [0.989374, 0.0, 0.14539, 0.001481, 0.14539, 0.0, -0.989374, -0.018679, 0.0, 1.0, 0.0, 0.706109, 0.0, 0.0, 0.0, 1.0],
                [0.988644, 0.0, 0.150276, 0.001055, 0.150276, 0.0, -0.988644, -0.012184, 0.0, 1.0, 0.0, 0.717099, 0.0, 0.0, 0.0, 1.0],
                [0.988016, 0.0, 0.154352, 0.000652, 0.154352, 0.0, -0.988016, -0.006796, 0.0, 1.0, 0.0, 0.726223, 0.0, 0.0, 0.0, 1.0],
                [0.987521, 0.0, 0.157486, 0.000314, 0.157486, 0.0, -0.987521, -0.002673, 0.0, 1.0, 0.0, 0.73321, 0.0, 0.0, 0.0, 1.0],
                [0.987195, 0.0, 0.15952, 8.1e-05, 0.15952, 0.0, -0.987195, -9e-06, 0.0, 1.0, 0.0, 0.737726, 0.0, 0.0, 0.0, 1.0],
                [0.987076, 0.0, 0.160251, -5e-06, 0.160251, 0.0, -0.987076, 0.000946, 0.0, 1.0, 0.0, 0.739346, 0.0, 0.0, 0.0, 1.0]
            ]
        },
        {
            "name": "Thigh_R",
            "time": [0.0, 0.0167, 0.0333, 0.05, 0.0667, 0.0833, 0.1, 0.1167, 0.1333, 0.15, 0.1667, 0.1833, 0.2, 0.2167, 0.2333, 0.25, 0.2667, 0.2833, 0.3, 0.3167, 0.3333, 0.35, 0.3667, 0.3833, 0.4, 0.4167, 0.4333, 0.45, 0.4667, 0.4833, 0.5, 0.5167, 0.5333, 0.55, 0.5667, 0.5833, 0.6, 0.6167, 0.6333, 0.65, 0.6667, 0.6833, 0.7, 0.7167, 0.7333, 0.75, 0.7667, 0.7833, 0.8, 0.8167, 0.8333],
            "transform": [
                [0.996234, -0.053737, 0.068042, 0.109936, -0.029149, -0.946676, -0.320831, 0.026231, 0.081658, 0.317667, -0.944652, 0.092224, 0.0, 0.0, 0.0, 1.0],
                [0.995792, -0.050371, 0.076554, 0.109936, -0.023207, -0.946763, -0.321058, 0.026231, 0.088654, 0.317958, -0.943923, 0.092224, 0.0, 0.0, 0.0, 1.0],
                [0.99389, -0.03996, 0.102882, 0.109936, -0.004794, -0.946906, -0.32144, 0.026231, 0.110268, 0.31901, -0.941287, 0.092224, 0.0, 0.0, 0.0, 1.0],
                [0.98895, -0.022715, 0.146492, 0.109936, 0.025809, -0.946716, -0.320996, 0.026231, 0.145984, 0.321257, -0.935644, 0.092224, 0.0, 0.0, 0.0, 1.0],
                [0.979494, -0.000981, 0.201462, 0.109936, 0.064569, -0.94571, -0.318496, 0.026231, 0.190844, 0.325, -0.92623, 0.092224, 0.0, 0.0, 0.0, 1.0],
                [0.966708, 0.020216, 0.255073, 0.109936, 0.102577, -0.943882, -0.313914, 0.026231, 0.234422, 0.329656, -0.914508, 0.092224, 0.0, 0.0, 0.0, 1.0],
                [0.95548, 0.035186, 0.29294, 0.109936, 0.12955, -0.942068, -0.309358, 0.026231, 0.265094, 0.333563, -0.904662, 0.092224, 0.0, 0.0, 0.0, 1.0],
                [0.951099, 0.040435, 0.306216, 0.109936, 0.139032, -0.941327, -0.307493, 0.026231, 0.275826, 0.335058, -0.900893, 0.092224, 0.0, 0.0, 0.0, 1.0],
                [0.94757, 0.064215, 0.313017, 0.110101, 0.166199, -0.935713, -0.31112, 0.02623, 0.272926, 0.346859, -0.897304, 0.089886, 0.0, 0.0, 0.0, 1.0],
                [0.931256, 0.126161, 0.341813, 0.110517, 0.24207, -0.915397, -0.321601, 0.026231, 0.272331, 0.382264, -0.882987, 0.083981, 0.0, 0.0, 0.0, 1.0],
                [0.898134, 0.20219, 0.390463, 0.111042, 0.343462, -0.877062, -0.335815, 0.026231, 0.274572, 0.435746, -0.857145, 0.07653, 0.0, 0.0, 0.0, 1.0],
                [0.85387, 0.26794, 0.446201, 0.111531, 0.440753, -0.828227, -0.346053, 0.026231, 0.276844, 0.49218, -0.825277, 0.06959, 0.0, 0.0, 0.0, 1.0],
                [0.818332, 0.30752, 0.485532, 0.111871, 0.504917, -0.788251, -0.351704, 0.026231, 0.274575, 0.532996, -0.800308, 0.06477, 0.0, 0.0, 0.0, 1.0],
                [0.814793, 0.315713, 0.486224, 0.111993, 0.516111, -0.777048, -0.36028, 0.026231, 0.264084, 0.544531, -0.796062, 0.063046, 0.0, 0.0, 0.0, 1.0],
                [0.852392, 0.283441, 0.439398, 0.111828, 0.462021, -0.801778, -0.379028, 0.026231, 0.244877, 0.526124, -0.814369, 0.065383, 0.0, 0.0, 0.0, 1.0],
                [0.906222, 0.215233, 0.363902, 0.111412, 0.359539, -0.845196, -0.395407, 0.026231, 0.222472, 0.489195, -0.843302, 0.071288, 0.0, 0.0, 0.0, 1.0],
                [0.948133, 0.133473, 0.28848, 0.110886, 0.244775, -0.88559, -0.394698, 0.026231, 0.202801, 0.444869, -0.872308, 0.07874, 0.0, 0.0, 0.0, 1.0],
                [0.971485, 0.059804, 0.229425, 0.110397, 0.145212, -0.915022, -0.376327, 0.026231, 0.18743, 0.39894, -0.897591, 0.08568, 0.0, 0.0, 0.0, 1.0],
                [0.981492, 0.010853, 0.191189, 0.110058, 0.076704, -0.937084, -0.340537, 0.026231, 0.175471, 0.348927, -0.920549, 0.090499, 0.0, 0.0, 0.0, 1.0],
                [0.985085, -0.00376, 0.172021, 0.109936, 0.046395, -0.956926, -0.286562, 0.026231, 0.165695, 0.290297, -0.942455, 0.092224, 0.0, 0.0, 0.0, 1.0],
                [0.987007, 0.00192, 0.160665, 0.109939, 0.035484, -0.977843, -0.206265, 0.026224, 0.156714, 0.209312, -0.965181, 0.092205, 0.0, 0.0, 0.0, 1.0],
                [0.988641, 0.007714, 0.150094, 0.109952, 0.025094, -0.99313, -0.114217, 0.0262, 0.148187, 0.116711, -0.982019, 0.092128, 0.0, 0.0, 0.0, 1.0],
                [0.989974, 0.012406, 0.140699, 0.109975, 0.016249, -0.999518, -0.026167, 0.026156, 0.140312, 0.028215, -0.989675, 0.091987, 0.0, 0.0, 0.0, 1.0],
                [0.991051, 0.015413, 0.132584, 0.110008, 0.009466, -0.998918, 0.045385, 0.026092, 0.133145, -0.043701, -0.990101, 0.091783, 0.0, 0.0, 0.0, 1.0],
                [0.991937, 0.016498, 0.125646, 0.110053, 0.004791, -0.995655, 0.092934, 0.026006, 0.126638, -0.09156, -0.987682, 0.091511, 0.0, 0.0, 0.0, 1.0],
                [0.992688, 0.015581, 0.119695, 0.110108, 0.001958, -0.993574, 0.113118, 0.025899, 0.120692, -0.112034, -0.986315, 0.09117, 0.0, 0.0, 0.0, 1.0],
                [0.99335, 0.013831, 0.114293, 0.110176, 6.8e-05, -0.99282, 0.119572, 0.025768, 0.115131, -0.118746, -0.986195, 0.090757, 0.0, 0.0, 0.0, 1.0],
                [0.993947, 0.012385, 0.109159, 0.110256, -0.001519, -0.991972, 0.126402, 0.025614, 0.109852, -0.12578, -0.985924, 0.090266, 0.0, 0.0, 0.0, 1.0],
                [0.994482, 0.011264, 0.1043, 0.110349, -0.002788, -0.991022, 0.133627, 0.025433, 0.104873, -0.133158, -0.985498, 0.089692, 0.0, 0.0, 0.0, 1.0],
                [0.994959, 0.010491, 0.099728, 0.110458, -0.003721, -0.989958, 0.141272, 0.025224, 0.100212, -0.140909, -0.984905, 0.089029, 0.0, 0.0, 0.0, 1.0],
                [0.995382, 0.010092, 0.095455, 0.110582, -0.004297, -0.988767, 0.149362, 0.024984, 0.095894, -0.14906, -0.984134, 0.088269, 0.0, 0.0, 0.0, 1.0],
                [0.995753, 0.010102, 0.0915, 0.110723, -0.004493, -0.987435, 0.157927, 0.024711, 0.091949, -0.157645, -0.983172, 0.087402, 0.0, 0.0, 0.0, 1.0],
                [0.996074, 0.010286, 0.087919, 0.110884, -0.00424, -0.986534, 0.16347, 0.024401, 0.08842, -0.163179, -0.982593, 0.086416, 0.0, 0.0, 0.0, 1.0],
                [0.996345, 0.010298, 0.084803, 0.111067, -0.003475, -0.986993, 0.160695, 0.024048, 0.085358, -0.16038, -0.983324, 0.085297, 0.0, 0.0, 0.0, 1.0],
                [0.996562, 0.010218, 0.082211, 0.111275, -0.002217, -0.988711, 0.149786, 0.023647, 0.082817, -0.149432, -0.985264, 0.084026, 0.0, 0.0, 0.0, 1.0],
                [0.996724, 0.010416, 0.080194, 0.111511, -0.000492, -0.990863, 0.134835, 0.023192, 0.080869, -0.134411, -0.987586, 0.082579, 0.0, 0.0, 0.0, 1.0],
                [0.99679, 0.026441, 0.075569, 0.112448, 0.013972, -0.986851, 0.161002, 0.021383, 0.078836, -0.159409, -0.984025, 0.076838, 0.0, 0.0, 0.0, 1.0],
                [0.996235, 0.050619, 0.070379, 0.113652, 0.035187, -0.978045, 0.205384, 0.019059, 0.079233, -0.202115, -0.976116, 0.069461, 0.0, 0.0, 0.0, 1.0],
                [0.99499, 0.076013, 0.064936, 0.114919, 0.057531, -0.966553, 0.249918, 0.016613, 0.081764, -0.244913, -0.966055, 0.0617, 0.0, 0.0, 0.0, 1.0],
                [0.993094, 0.100747, 0.060106, 0.116188, 0.079265, -0.95394, 0.289329, 0.014164, 0.08649, -0.282551, -0.955308, 0.053926, 0.0, 0.0, 0.0, 1.0],
                [0.990638, 0.124107, 0.056861, 0.11743, 0.099518, -0.941662, 0.321504, 0.011767, 0.093448, -0.312821, -0.945165, 0.046319, 0.0, 0.0, 0.0, 1.0],
                [0.987727, 0.145768, 0.056093, 0.118626, 0.117769, -0.930976, 0.345559, 0.00946, 0.102596, -0.3347, -0.936684, 0.038996, 0.0, 0.0, 0.0, 1.0],
                [0.984469, 0.165533, 0.058462, 0.119761, 0.133693, -0.922759, 0.361439, 0.007269, 0.113781, -0.348, -0.930525, 0.032044, 0.0, 0.0, 0.0, 1.0],
                [0.98097, 0.183164, 0.064402, 0.120822, 0.147107, -0.917656, 0.369139, 0.00522, 0.126717, -0.352632, -0.927103, 0.025541, 0.0, 0.0, 0.0, 1.0],
                [0.977333, 0.19835, 0.074005, 0.121798, 0.157956, -0.915946, 0.368903, 0.003337, 0.140962, -0.348845, -0.926479, 0.019562, 0.0, 0.0, 0.0, 1.0],
                [0.973672, 0.210707, 0.086971, 0.122676, 0.166311, -0.917572, 0.361108, 0.001643, 0.155896, -0.337131, -0.928421, 0.014187, 0.0, 0.0, 0.0, 1.0],
                [0.970129, 0.219794, 0.10266, 0.123441, 0.172361, -0.922318, 0.345859, 0.000166, 0.170709, -0.317831, -0.932614, 0.0095, 0.0, 0.0, 0.0, 1.0],
                [0.966889, 0.22532, 0.119809, 0.124077, 0.176413, -0.9294, 0.324178, -0.001061, 0.184401, -0.292307, -0.938339, 0.005604, 0.0, 0.0, 0.0, 1.0],
                [0.964195, 0.22729, 0.13662, 0.124565, 0.178854, -0.937727, 0.297786, -0.002003, 0.195803, -0.262689, -0.944766, 0.002616, 0.0, 0.0, 0.0, 1.0],
                [0.962342, 0.226651, 0.150085, 0.124881, 0.1801, -0.945147, 0.272505, -0.002612, 0.203623, -0.235213, -0.950337, 0.000682, 0.0, 0.0, 0.0, 1.0],
                [0.961653, 0.225772, 0.155718, 0.124994, 0.180479, -0.948441, 0.260546, -0.002831, 0.206521, -0.222452, -0.952781, -1.2e-05, 0.0, 0.0, 0.0, 1.0]
            ]
        },
        {
            "name": "Leg_R",
            "time": [0.0, 0.0167, 0.0333, 0.05, 0.0667, 0.0833, 0.1, 0.1167, 0.1333, 0.15, 0.1667, 0.1833, 0.2, 0.2167, 0.2333, 0.25, 0.2667, 0.2833, 0.3, 0.3167, 0.3333, 0.35, 0.3667, 0.3833, 0.4, 0.4167, 0.4333, 0.45, 0.4667, 0.4833, 0.5, 0.5167, 0.5333, 0.55, 0.5667, 0.5833, 0.6, 0.6167, 0.6333, 0.65, 0.6667, 0.6833, 0.7, 0.7167, 0.7333, 0.75, 0.7667, 0.7833, 0.8, 0.8167, 0.8333],
            "transform": [
                [1.0, -0.000765, -0.000417, -0.0, 0.000843, 0.729705, 0.683742, 0.375166, -0.000218, -0.683778, 0.729716, 0.0, 0.0, 0.0, 0.0, 1.0],
                [1.0, -0.000765, -0.000417, -0.0, 0.000843, 0.729705, 0.683743, 0.375166, -0.000218, -0.683778, 0.729716, -0.0, 0.0, 0.0, 0.0, 1.0],
                [1.0, -0.000765, -0.000417, 0.0, 0.000843, 0.729705, 0.683743, 0.375166, -0.000218, -0.683778, 0.729716, 0.0, 0.0, 0.0, 0.0, 1.0],
                [0.999999, -0.000765, -0.000417, 0.0, 0.000843, 0.729705, 0.683742, 0.375166, -0.000218, -0.683778, 0.729716, 0.0, 0.0, 0.0, 0.0, 1.0],
                [1.0, -0.000765, -0.000417, 0.0, 0.000843, 0.729705, 0.683742, 0.375166, -0.000218, -0.683778, 0.729716, 0.0, 0.0, 0.0, 0.0, 1.0],
                [1.0, -0.000765, -0.000417, 0.0, 0.000843, 0.729705, 0.683742, 0.375166, -0.000218, -0.683778, 0.729717, -0.0, 0.0, 0.0, 0.0, 1.0],
                [1.0, -0.000765, -0.000417, -0.0, 0.000843, 0.729705, 0.683743, 0.375166, -0.000218, -0.683778, 0.729716, 0.0, 0.0, 0.0, 0.0, 1.0],
                [1.0, -0.000765, -0.000417, -0.0, 0.000843, 0.729704, 0.683743, 0.375166, -0.000218, -0.683778, 0.729716, 0.0, 0.0, 0.0, 0.0, 1.0],
                [1.0, -0.000778, -0.00043, 0.0, 0.000858, 0.718592, 0.695412, 0.375166, -0.000232, -0.695448, 0.718604, 0.0, 0.0, 0.0, 0.0, 1.0],
                [1.0, -0.000802, -0.000454, -0.0, 0.000885, 0.696743, 0.7173, 0.375166, -0.000259, -0.717337, 0.696756, -0.0, 0.0, 0.0, 0.0, 1.0],
                [0.999999, -0.000818, -0.000471, 0.0, 0.000902, 0.682172, 0.731172, 0.375166, -0.000277, -0.731209, 0.682184, -0.0, 0.0, 0.0, 0.0, 1.0],
                [1.0, -0.000819, -0.000471, 0.0, 0.000903, 0.681261, 0.732021, 0.375166, -0.000278, -0.732057, 0.681273, 0.0, 0.0, 0.0, 0.0, 1.0],
                [1.0, -0.000813, -0.000465, -0.0, 0.000896, 0.686978, 0.726658, 0.375166, -0.000271, -0.726695, 0.686991, 0.0, 0.0, 0.0, 0.0, 1.0],
                [1.0, -0.000811, -0.000464, 0.0, 0.000895, 0.688271, 0.725434, 0.375166, -0.000269, -0.725471, 0.688283, 0.0, 0.0, 0.0, 0.0, 1.0],
                [0.999999, -0.000808, -0.00046, -0.0, 0.000891, 0.691384, 0.722467, 0.375166, -0.000266, -0.722505, 0.691396, 0.0, 0.0, 0.0, 0.0, 1.0],
                [1.0, -0.000792, -0.000444, 0.0, 0.000874, 0.705673, 0.708518, 0.375166, -0.000248, -0.708555, 0.705685, 0.0, 0.0, 0.0, 0.0, 1.0],
                [0.999999, -0.000768, -0.000421, 0.0, 0.000847, 0.726461, 0.687188, 0.375166, -0.000222, -0.687224, 0.726472, 0.0, 0.0, 0.0, 0.0, 1.0],
                [0.999999, -0.000749, -0.000403, -0.0, 0.000826, 0.742773, 0.669523, 0.375166, -0.000202, -0.669558, 0.742784, 0.0, 0.0, 0.0, 0.0, 1.0],
                [1.0, -0.000755, -0.000408, 0.0, 0.000832, 0.737845, 0.67495, 0.375166, -0.000208, -0.674985, 0.737856, -0.0, 0.0, 0.0, 0.0, 1.0],
                [1.0, -0.000802, -0.000454, -0.0, 0.000885, 0.69669, 0.717353, 0.375166, -0.000259, -0.717389, 0.696702, 0.0, 0.0, 0.0, 0.0, 1.0],
                [0.999999, -0.000881, -0.000544, 0.0, 0.000971, 0.616339, 0.787461, 0.375166, -0.000358, -0.7875, 0.616352, -0.0, 0.0, 0.0, 0.0, 1.0],
                [0.999999, -0.000951, -0.000645, -0.0, 0.001049, 0.525673, 0.850668, 0.375166, -0.00047, -0.850707, 0.525687, -0.0, 0.0, 0.0, 0.0, 1.0],
                [0.999999, -0.001003, -0.000739, -0.0, 0.001106, 0.442084, 0.896955, 0.375166, -0.000573, -0.896994, 0.442097, 0.0, 0.0, 0.0, 0.0, 1.0],
                [0.999999, -0.001036, -0.000811, -0.0, 0.001142, 0.377236, 0.926099, 0.375166, -0.000653, -0.926137, 0.377249, -0.0, 0.0, 0.0, 0.0, 1.0],
                [0.999999, -0.001053, -0.000858, -0.0, 0.001162, 0.335772, 0.941926, 0.375166, -0.000704, -0.941964, 0.335785, -0.0, 0.0, 0.0, 0.0, 1.0],
                [0.999999, -0.00106, -0.000877, 0.0, 0.001169, 0.318478, 0.947913, 0.375166, -0.000726, -0.947951, 0.318491, -0.0, 0.0, 0.0, 0.0, 1.0],
                [1.0, -0.001062, -0.000884, -0.0, 0.001171, 0.312743, 0.949821, 0.375166, -0.000733, -0.949858, 0.312755, 0.0, 0.0, 0.0, 0.0, 1.0],
                [0.999999, -0.001064, -0.00089, 0.0, 0.001174, 0.306662, 0.951801, 0.375166, -0.00074, -0.951839, 0.306674, -0.0, 0.0, 0.0, 0.0, 1.0],
                [0.999999, -0.001067, -0.000898, 0.0, 0.001176, 0.300217, 0.953854, 0.375166, -0.000748, -0.953891, 0.300229, 0.0, 0.0, 0.0, 0.0, 1.0],
                [0.999999, -0.001069, -0.000905, -0.0, 0.001179, 0.293387, 0.955977, 0.375166, -0.000756, -0.956014, 0.293399, -0.0, 0.0, 0.0, 0.0, 1.0],
                [0.999999, -0.001071, -0.000913, -0.0, 0.001182, 0.28615, 0.958168, 0.375166, -0.000765, -0.958205, 0.286162, 0.0, 0.0, 0.0, 0.0, 1.0],
                [0.999999, -0.001074, -0.000922, -0.0, 0.001185, 0.27848, 0.960425, 0.375166, -0.000775, -0.960462, 0.278492, -0.0, 0.0, 0.0, 0.0, 1.0],
                [0.999999, -0.001075, -0.000924, -0.0, 0.001185, 0.276965, 0.960863, 0.375166, -0.000777, -0.9609, 0.276978, 0.0, 0.0, 0.0, 0.0, 1.0],
                [0.999999, -0.00107, -0.000907, 0.0, 0.00118, 0.291457, 0.956567, 0.375166, -0.000759, -0.956604, 0.291469, -0.0, 0.0, 0.0, 0.0, 1.0],
                [0.999999, -0.001059, -0.000874, -0.0, 0.001168, 0.321277, 0.946968, 0.375166, -0.000722, -0.947006, 0.321289, 0.0, 0.0, 0.0, 0.0, 1.0],
                [0.999999, -0.001044, -0.000832, 0.0, 0.001151, 0.358443, 0.933534, 0.375166, -0.000676, -0.933573, 0.358456, -0.0, 0.0, 0.0, 0.0, 1.0],
                [0.999999, -0.001036, -0.000811, -0.0, 0.001142, 0.377343, 0.926056, 0.375166, -0.000653, -0.926094, 0.377356, -0.0, 0.0, 0.0, 0.0, 1.0],
                [0.999999, -0.001028, -0.000794, -0.0, 0.001134, 0.392779, 0.919616, 0.375166, -0.000634, -0.919654, 0.392792, 0.0, 0.0, 0.0, 0.0, 1.0],
                [0.999999, -0.001017, -0.000769, 0.0, 0.001122, 0.414778, 0.909905, 0.375166, -0.000607, -0.909943, 0.414791, -0.0, 0.0, 0.0, 0.0, 1.0],
                [0.999999, -0.001001, -0.000735, -0.0, 0.001104, 0.445719, 0.895155, 0.375166, -0.000569, -0.895193, 0.445733, 0.0, 0.0, 0.0, 0.0, 1.0],
                [0.999999, -0.000977, -0.00069, 0.0, 0.001078, 0.485736, 0.874087, 0.375166, -0.000519, -0.874125, 0.485749, 0.0, 0.0, 0.0, 0.0, 1.0],
                [0.999999, -0.000945, -0.000636, 0.0, 0.001043, 0.534041, 0.84544, 0.375166, -0.00046, -0.845478, 0.534054, 0.0, 0.0, 0.0, 0.0, 1.0],
                [0.999999, -0.000904, -0.000575, 0.0, 0.000997, 0.588861, 0.808215, 0.375166, -0.000392, -0.808252, 0.588874, -0.0, 0.0, 0.0, 0.0, 1.0],
                [1.0, -0.000851, -0.000508, -0.0, 0.000939, 0.648394, 0.761286, 0.375166, -0.000319, -0.761322, 0.648406, -0.0, 0.0, 0.0, 0.0, 1.0],
                [0.999999, -0.000787, -0.000439, -0.0, 0.000868, 0.710239, 0.703942, 0.375166, -0.000242, -0.703977, 0.710251, 0.0, 0.0, 0.0, 0.0, 1.0],
                [0.999999, -0.000711, -0.00037, -0.0, 0.000785, 0.771567, 0.63613, 0.375166, -0.000167, -0.636162, 0.771577, 0.0, 0.0, 0.0, 0.0, 1.0],
                [1.0, -0.000624, -0.000305, 0.0, 0.000688, 0.82977, 0.558088, 0.375166, -9.5e-05, -0.558116, 0.829779, 0.0, 0.0, 0.0, 0.0, 1.0],
                [1.0, -0.000528, -0.000248, -0.0, 0.000583, 0.881274, 0.472591, 0.375166, -3.1e-05, -0.472614, 0.88128, -0.0, 0.0, 0.0, 0.0, 1.0],
                [1.0, -0.000431, -0.000201, 0.0, 0.000475, 0.922893, 0.385045, 0.375166, 2e-05, -0.385062, 0.922897, 0.0, 0.0, 0.0, 0.0, 1.0],
                [1.0, -0.000347, -0.00017, 0.0, 0.000383, 0.950648, 0.310261, 0.375166, 5.4e-05, -0.310272, 0.950651, -0.0, 0.0, 0.0, 0.0, 1.0],
                [1.0, -0.00031, -0.000159, 0.0, 0.000342, 0.960817, 0.277175, 0.375166, 6.7e-05, -0.277184, 0.960819, 0.0, 0.0, 0.0, 0.0, 1.0]
            ]
        },
        {
            "name": "Knee_R",
            "time": [0.0, 0.0167, 0.0333, 0.05, 0.0667, 0.0833, 0.1, 0.1167, 0.1333, 0.15, 0.1667, 0.1833, 0.2, 0.2167, 0.2333, 0.25, 0.2667, 0.2833, 0.3, 0.3167, 0.3333, 0.35, 0.3667, 0.3833, 0.4, 0.4167, 0.4333, 0.45, 0.4667, 0.4833, 0.5, 0.5167, 0.5333, 0.55, 0.5667, 0.5833, 0.6, 0.6167, 0.6333, 0.65, 0.6667, 0.6833, 0.7, 0.7167, 0.7333, 0.75, 0.7667, 0.7833, 0.8, 0.8167, 0.8333],
            "transform": [
                [1.0, -5.7e-05, 5.4e-05, -0.0, 5.7e-05, 0.048757, -0.998811, 0.375166, 5.4e-05, 0.998811, 0.048757, 0.0, 0.0, 0.0, 0.0, 1.0],
                [1.0, -5.7e-05, 5.4e-05, -0.0, 5.7e-05, 0.048757, -0.998811, 0.375166, 5.4e-05, 0.998811, 0.048757, -0.0, 0.0, 0.0, 0.0, 1.0],
                [1.0, -5.7e-05, 5.4e-05, 0.0, 5.7e-05, 0.048757, -0.998811, 0.375166, 5.4e-05, 0.998811, 0.048757, 0.0, 0.0, 0.0, 0.0, 1.0],
                [1.0, -5.7e-05, 5.4e-05, 0.0, 5.7e-05, 0.048757, -0.998811, 0.375166, 5.4e-05, 0.998811, 0.048757, 0.0, 0.0, 0.0, 0.0, 1.0],
                [1.0, -5.7e-05, 5.4e-05, 0.0, 5.7e-05, 0.048757, -0.998811, 0.375166, 5.4e-05, 0.998811, 0.048757, 0.0, 0.0, 0.0, 0.0, 1.0],
                [1.0, -5.7e-05, 5.4e-05, 0.0, 5.7e-05, 0.048757, -0.998811, 0.375166, 5.4e-05, 0.998811, 0.048757, -0.0, 0.0, 0.0, 0.0, 1.0],
                [1.0, -5.7e-05, 5.4e-05, -0.0, 5.7e-05, 0.048757, -0.998811, 0.375166, 5.4e-05, 0.998811, 0.048757, 0.0, 0.0, 0.0, 0.0, 1.0],
                [1.0, -5.7e-05, 5.4e-05, -0.0, 5.7e-05, 0.048757, -0.998811, 0.375166, 5.4e-05, 0.998811, 0.048757, 0.0, 0.0, 0.0, 0.0, 1.0],
                [1.0, -5.7e-05, 5.4e-05, 0.0, 5.7e-05, 0.048757, -0.998811, 0.375166, 5.4e-05, 0.998811, 0.048757, 0.0, 0.0, 0.0, 0.0, 1.0],
                [1.0, -5.7e-05, 5.4e-05, -0.0, 5.7e-05, 0.048757, -0.998811, 0.375166, 5.4e-05, 0.998811, 0.048757, -0.0, 0.0, 0.0, 0.0, 1.0],
                [1.0, -5.7e-05, 5.4e-05, 0.0, 5.7e-05, 0.048757, -0.998811, 0.375166, 5.4e-05, 0.998811, 0.048757, -0.0, 0.0, 0.0, 0.0, 1.0],
                [1.0, -5.7e-05, 5.4e-05, 0.0, 5.7e-05, 0.048757, -0.998811, 0.375166, 5.4e-05, 0.998811, 0.048757, 0.0, 0.0, 0.0, 0.0, 1.0],
                [1.0, -5.7e-05, 5.4e-05, -0.0, 5.7e-05, 0.048757, -0.998811, 0.375166, 5.4e-05, 0.998811, 0.048757, 0.0, 0.0, 0.0, 0.0, 1.0],
                [1.0, -5.7e-05, 5.4e-05, 0.0, 5.7e-05, 0.048757, -0.998811, 0.375166, 5.4e-05, 0.998811, 0.048757, 0.0, 0.0, 0.0, 0.0, 1.0],
                [1.0, -5.7e-05, 5.4e-05, -0.0, 5.7e-05, 0.048757, -0.998811, 0.375166, 5.4e-05, 0.998811, 0.048757, 0.0, 0.0, 0.0, 0.0, 1.0],
                [1.0, -5.7e-05, 5.4e-05, 0.0, 5.7e-05, 0.048757, -0.998811, 0.375166, 5.4e-05, 0.998811, 0.048757, 0.0, 0.0, 0.0, 0.0, 1.0],
                [1.0, -5.7e-05, 5.4e-05, 0.0, 5.7e-05, 0.048757, -0.998811, 0.375166, 5.4e-05, 0.998811, 0.048757, 0.0, 0.0, 0.0, 0.0, 1.0],
                [1.0, -5.7e-05, 5.4e-05, -0.0, 5.7e-05, 0.048757, -0.998811, 0.375166, 5.4e-05, 0.998811, 0.048757, 0.0, 0.0, 0.0, 0.0, 1.0],
                [1.0, -5.7e-05, 5.4e-05, 0.0, 5.7e-05, 0.048757, -0.998811, 0.375166, 5.4e-05, 0.998811, 0.048757, -0.0, 0.0, 0.0, 0.0, 1.0],
                [1.0, -5.7e-05, 5.4e-05, -0.0, 5.7e-05, 0.048757, -0.998811, 0.375166, 5.4e-05, 0.998811, 0.048757, 0.0, 0.0, 0.0, 0.0, 1.0],
                [1.0, -5.7e-05, 5.4e-05, 0.0, 5.7e-05, 0.048757, -0.998811, 0.375166, 5.4e-05, 0.998811, 0.048757, -0.0, 0.0, 0.0, 0.0, 1.0],
                [1.0, -5.7e-05, 5.4e-05, -0.0, 5.7e-05, 0.048757, -0.998811, 0.375166, 5.4e-05, 0.998811, 0.048757, -0.0, 0.0, 0.0, 0.0, 1.0],
                [1.0, -5.7e-05, 5.4e-05, -0.0, 5.7e-05, 0.048757, -0.998811, 0.375166, 5.4e-05, 0.998811, 0.048757, 0.0, 0.0, 0.0, 0.0, 1.0],
                [1.0, -5.7e-05, 5.4e-05, -0.0, 5.7e-05, 0.048757, -0.998811, 0.375166, 5.4e-05, 0.998811, 0.048757, -0.0, 0.0, 0.0, 0.0, 1.0],
                [1.0, -5.7e-05, 5.4e-05, -0.0, 5.7e-05, 0.048757, -0.998811, 0.375166, 5.4e-05, 0.998811, 0.048757, -0.0, 0.0, 0.0, 0.0, 1.0],
                [1.0, -5.7e-05, 5.4e-05, 0.0, 5.7e-05, 0.048757, -0.998811, 0.375166, 5.4e-05, 0.998811, 0.048757, -0.0, 0.0, 0.0, 0.0, 1.0],
                [1.0, -5.7e-05, 5.4e-05, -0.0, 5.7e-05, 0.048757, -0.998811, 0.375166, 5.4e-05, 0.998811, 0.048757, 0.0, 0.0, 0.0, 0.0, 1.0],
                [1.0, -5.7e-05, 5.4e-05, 0.0, 5.7e-05, 0.048757, -0.998811, 0.375166, 5.4e-05, 0.998811, 0.048757, -0.0, 0.0, 0.0, 0.0, 1.0],
                [1.0, -5.7e-05, 5.4e-05, 0.0, 5.7e-05, 0.048757, -0.998811, 0.375166, 5.4e-05, 0.998811, 0.048757, 0.0, 0.0, 0.0, 0.0, 1.0],
                [1.0, -5.7e-05, 5.4e-05, -0.0, 5.7e-05, 0.048757, -0.998811, 0.375166, 5.4e-05, 0.998811, 0.048757, -0.0, 0.0, 0.0, 0.0, 1.0],
                [1.0, -5.7e-05, 5.4e-05, -0.0, 5.7e-05, 0.048757, -0.998811, 0.375166, 5.4e-05, 0.998811, 0.048757, 0.0, 0.0, 0.0, 0.0, 1.0],
                [1.0, -5.7e-05, 5.4e-05, -0.0, 5.7e-05, 0.048757, -0.998811, 0.375166, 5.4e-05, 0.998811, 0.048757, -0.0, 0.0, 0.0, 0.0, 1.0],
                [1.0, -5.7e-05, 5.4e-05, -0.0, 5.7e-05, 0.048757, -0.998811, 0.375166, 5.4e-05, 0.998811, 0.048757, 0.0, 0.0, 0.0, 0.0, 1.0],
                [1.0, -5.7e-05, 5.4e-05, 0.0, 5.7e-05, 0.048757, -0.998811, 0.375166, 5.4e-05, 0.998811, 0.048757, -0.0, 0.0, 0.0, 0.0, 1.0],
                [1.0, -5.7e-05, 5.4e-05, -0.0, 5.7e-05, 0.048757, -0.998811, 0.375166, 5.4e-05, 0.998811, 0.048757, 0.0, 0.0, 0.0, 0.0, 1.0],
                [1.0, -5.7e-05, 5.4e-05, 0.0, 5.7e-05, 0.048757, -0.998811, 0.375166, 5.4e-05, 0.998811, 0.048757, -0.0, 0.0, 0.0, 0.0, 1.0],
                [1.0, -5.7e-05, 5.4e-05, -0.0, 5.7e-05, 0.048757, -0.998811, 0.375166, 5.4e-05, 0.998811, 0.048757, -0.0, 0.0, 0.0, 0.0, 1.0],
                [1.0, -5.7e-05, 5.4e-05, -0.0, 5.7e-05, 0.048757, -0.998811, 0.375166, 5.4e-05, 0.998811, 0.048757, 0.0, 0.0, 0.0, 0.0, 1.0],
                [1.0, -5.7e-05, 5.4e-05, 0.0, 5.7e-05, 0.048757, -0.998811, 0.375166, 5.4e-05, 0.998811, 0.048757, -0.0, 0.0, 0.0, 0.0, 1.0],
                [1.0, -5.7e-05, 5.4e-05, -0.0, 5.7e-05, 0.048757, -0.998811, 0.375166, 5.4e-05, 0.998811, 0.048757, 0.0, 0.0, 0.0, 0.0, 1.0],
                [1.0, -5.7e-05, 5.4e-05, 0.0, 5.7e-05, 0.048757, -0.998811, 0.375166, 5.4e-05, 0.998811, 0.048757, 0.0, 0.0, 0.0, 0.0, 1.0],
                [1.0, -5.7e-05, 5.4e-05, 0.0, 5.7e-05, 0.048757, -0.998811, 0.375166, 5.4e-05, 0.998811, 0.048757, 0.0, 0.0, 0.0, 0.0, 1.0],
                [1.0, -5.7e-05, 5.4e-05, 0.0, 5.7e-05, 0.048757, -0.998811, 0.375166, 5.4e-05, 0.998811, 0.048757, -0.0, 0.0, 0.0, 0.0, 1.0],
                [1.0, -5.7e-05, 5.4e-05, -0.0, 5.7e-05, 0.048757, -0.998811, 0.375166, 5.4e-05, 0.998811, 0.048757, -0.0, 0.0, 0.0, 0.0, 1.0],
                [1.0, -5.7e-05, 5.4e-05, -0.0, 5.7e-05, 0.048757, -0.998811, 0.375166, 5.4e-05, 0.998811, 0.048757, 0.0, 0.0, 0.0, 0.0, 1.0],
                [1.0, -5.7e-05, 5.4e-05, -0.0, 5.7e-05, 0.048757, -0.998811, 0.375166, 5.4e-05, 0.998811, 0.048757, 0.0, 0.0, 0.0, 0.0, 1.0],
                [1.0, -5.7e-05, 5.4e-05, 0.0, 5.7e-05, 0.048757, -0.998811, 0.375166, 5.4e-05, 0.998811, 0.048757, 0.0, 0.0, 0.0, 0.0, 1.0],
                [1.0, -5.7e-05, 5.4e-05, -0.0, 5.7e-05, 0.048757, -0.998811, 0.375166, 5.4e-05, 0.998811, 0.048757, -0.0, 0.0, 0.0, 0.0, 1.0],
                [1.0, -5.7e-05, 5.4e-05, 0.0, 5.7e-05, 0.048757, -0.998811, 0.375166, 5.4e-05, 0.998811, 0.048757, 0.0, 0.0, 0.0, 0.0, 1.0],
                [1.0, -5.7e-05, 5.4e-05, 0.0, 5.7e-05, 0.048757, -0.998811, 0.375166, 5.4e-05, 0.998811, 0.048757, -0.0, 0.0, 0.0, 0.0, 1.0],
                [1.0, -5.7e-05, 5.4e-05, 0.0, 5.7e-05, 0.048757, -0.998811, 0.375166, 5.4e-05, 0.998811, 0.048757, 0.0, 0.0, 0.0, 0.0, 1.0]
            ]
        },
        {
            "name": "Thigh_L",
            "time": [0.0, 0.0167, 0.0333, 0.05, 0.0667, 0.0833, 0.1, 0.1167, 0.1333, 0.15, 0.1667, 0.1833, 0.2, 0.2167, 0.2333, 0.25, 0.2667, 0.2833, 0.3, 0.3167, 0.3333, 0.35, 0.3667, 0.3833, 0.4, 0.4167, 0.4333, 0.45, 0.4667, 0.4833, 0.5, 0.5167, 0.5333, 0.55, 0.5667, 0.5833, 0.6, 0.6167, 0.6333, 0.65, 0.6667, 0.6833, 0.7, 0.7167, 0.7333, 0.75, 0.7667, 0.7833, 0.8, 0.8167, 0.8333],
            "transform": [
                [0.999758, -0.001578, -0.021945, -0.116867, 0.018581, -0.473596, 0.880529, 0.000984, -0.011783, -0.880722, -0.473418, -0.131478, 0.0, 0.0, 0.0, 1.0],
                [0.999752, -0.001824, -0.022189, -0.116867, 0.018679, -0.473601, 0.880525, 0.000984, -0.012115, -0.88072, -0.473415, -0.131478, 0.0, 0.0, 0.0, 1.0],
                [0.999734, -0.002563, -0.022922, -0.116867, 0.018975, -0.473615, 0.880511, 0.000985, -0.013113, -0.88071, -0.473406, -0.131478, 0.0, 0.0, 0.0, 1.0],
                [0.999703, -0.003724, -0.024073, -0.116867, 0.019439, -0.473637, 0.880489, 0.000984, -0.014682, -0.880694, -0.47339, -0.131478, 0.0, 0.0, 0.0, 1.0],
                [0.999664, -0.005095, -0.025433, -0.116867, 0.019987, -0.473664, 0.880462, 0.000984, -0.016533, -0.880673, -0.473369, -0.131478, 0.0, 0.0, 0.0, 1.0],
                [0.999624, -0.006353, -0.026681, -0.116867, 0.02049, -0.473689, 0.880437, 0.000984, -0.018233, -0.880651, -0.473347, -0.131478, 0.0, 0.0, 0.0, 1.0],
                [0.999595, -0.007206, -0.027527, -0.116867, 0.020832, -0.473707, 0.880419, 0.000984, -0.019385, -0.880635, -0.473331, -0.131478, 0.0, 0.0, 0.0, 1.0],
                [0.999585, -0.0075, -0.027818, -0.116867, 0.020949, -0.473713, 0.880413, 0.000984, -0.019782, -0.880629, -0.473325, -0.131478, 0.0, 0.0, 0.0, 1.0],
                [0.998815, 0.003989, -0.048497, -0.116527, 0.04466, -0.470936, 0.88102, 0.000984, -0.019325, -0.88214, -0.470522, -0.136297, 0.0, 0.0, 0.0, 1.0],
                [0.9944, 0.032325, -0.100619, -0.115669, 0.104076, -0.465059, 0.879124, 0.000984, -0.018377, -0.88467, -0.465787, -0.148473, 0.0, 0.0, 0.0, 1.0],
                [0.983927, 0.06732, -0.16539, -0.114586, 0.177697, -0.460565, 0.869642, 0.000984, -0.017629, -0.885048, -0.465094, -0.163837, 0.0, 0.0, 0.0, 1.0],
                [0.9695, 0.09994, -0.223786, -0.113578, 0.244471, -0.459271, 0.853979, 0.000985, -0.017432, -0.882634, -0.469666, -0.178147, 0.0, 0.0, 0.0, 1.0],
                [0.956989, 0.122992, -0.262761, -0.112878, 0.289591, -0.459919, 0.839397, 0.000985, -0.017611, -0.879378, -0.475726, -0.188084, 0.0, 0.0, 0.0, 1.0],
                [0.952041, 0.1314, -0.276314, -0.112627, 0.305456, -0.460535, 0.833415, 0.000984, -0.017743, -0.877838, -0.478557, -0.19164, 0.0, 0.0, 0.0, 1.0],
                [0.958686, 0.12003, -0.257899, -0.112943, 0.283941, -0.458845, 0.841911, 0.000996, -0.017282, -0.880348, -0.473941, -0.187207, 0.0, 0.0, 0.0, 1.0],
                [0.973406, 0.09189, -0.209846, -0.113748, 0.228505, -0.454697, 0.86082, 0.00102, -0.016317, -0.885872, -0.463572, -0.175879, 0.0, 0.0, 0.0, 1.0],
                [0.987526, 0.057424, -0.146608, -0.114782, 0.156696, -0.449759, 0.879281, 0.001043, -0.015448, -0.891281, -0.453116, -0.161307, 0.0, 0.0, 0.0, 1.0],
                [0.99596, 0.026254, -0.085864, -0.115775, 0.088563, -0.444756, 0.891245, 0.001051, -0.01479, -0.895248, -0.445252, -0.147251, 0.0, 0.0, 0.0, 1.0],
                [0.999049, 0.00545, -0.043247, -0.116514, 0.041268, -0.437754, 0.898129, 0.001033, -0.014037, -0.899061, -0.437529, -0.136694, 0.0, 0.0, 0.0, 1.0],
                [0.99959, -0.000743, -0.02863, -0.116867, 0.025605, -0.424683, 0.904961, 0.000985, -0.012832, -0.905325, -0.424455, -0.131478, 0.0, 0.0, 0.0, 1.0],
                [0.999536, 0.001472, -0.030417, -0.116983, 0.028425, -0.403521, 0.914508, 0.000963, -0.010928, -0.914954, -0.403341, -0.12974, 0.0, 0.0, 0.0, 1.0],
                [0.999464, 0.003946, -0.032507, -0.117033, 0.031539, -0.383007, 0.923185, 0.000952, -0.008808, -0.923722, -0.382891, -0.128982, 0.0, 0.0, 0.0, 1.0],
                [0.999388, 0.006294, -0.034407, -0.117062, 0.034311, -0.367664, 0.929303, 0.000943, -0.006801, -0.929924, -0.367619, -0.12854, 0.0, 0.0, 0.0, 1.0],
                [0.999331, 0.008152, -0.035647, -0.117082, 0.036199, -0.358731, 0.932715, 0.000935, -0.005185, -0.933393, -0.35875, -0.128224, 0.0, 0.0, 0.0, 1.0],
                [0.999311, 0.009251, -0.035944, -0.117098, 0.036887, -0.354895, 0.934154, 0.000925, -0.004115, -0.934848, -0.354956, -0.127948, 0.0, 0.0, 0.0, 1.0],
                [0.999336, 0.009429, -0.035186, -0.117115, 0.036245, -0.354163, 0.934457, 0.000913, -0.003651, -0.935124, -0.354234, -0.127659, 0.0, 0.0, 0.0, 1.0],
                [0.999386, 0.009111, -0.033825, -0.117135, 0.034858, -0.354672, 0.934316, 0.000899, -0.003484, -0.934934, -0.354736, -0.127323, 0.0, 0.0, 0.0, 1.0],
                [0.999439, 0.008764, -0.032327, -0.117159, 0.033332, -0.355279, 0.934142, 0.000882, -0.003298, -0.934707, -0.355336, -0.12691, 0.0, 0.0, 0.0, 1.0],
                [0.999494, 0.008386, -0.030684, -0.117189, 0.031659, -0.355995, 0.933927, 0.000862, -0.003091, -0.934438, -0.356045, -0.126395, 0.0, 0.0, 0.0, 1.0],
                [0.999551, 0.007977, -0.028886, -0.117227, 0.029831, -0.356836, 0.933666, 0.000838, -0.00286, -0.93412, -0.356879, -0.125756, 0.0, 0.0, 0.0, 1.0],
                [0.999609, 0.007534, -0.026922, -0.117275, 0.027836, -0.35782, 0.933352, 0.00081, -0.002602, -0.933747, -0.357854, -0.124967, 0.0, 0.0, 0.0, 1.0],
                [0.999668, 0.007053, -0.024779, -0.117333, 0.02566, -0.358965, 0.932975, 0.000778, -0.002315, -0.933312, -0.358991, -0.124004, 0.0, 0.0, 0.0, 1.0],
                [0.99973, 0.006507, -0.022312, -0.117404, 0.02315, -0.363968, 0.9311, 0.00074, -0.002062, -0.931376, -0.363985, -0.122836, 0.0, 0.0, 0.0, 1.0],
                [0.999796, 0.005829, -0.019344, -0.11749, 0.020112, -0.378347, 0.925422, 0.000696, -0.001924, -0.925632, -0.378351, -0.12143, 0.0, 0.0, 0.0, 1.0],
                [0.999861, 0.00496, -0.015939, -0.117594, 0.016589, -0.401638, 0.915626, 0.000645, -0.00186, -0.915772, -0.401629, -0.119746, 0.0, 0.0, 0.0, 1.0],
                [0.999917, 0.003884, -0.012277, -0.117718, 0.012756, -0.429223, 0.903087, 0.000585, -0.001762, -0.903177, -0.429201, -0.117731, 0.0, 0.0, 0.0, 1.0],
                [0.999999, -0.000712, 0.00111, -0.118224, -0.001315, -0.476231, 0.879299, 0.000348, -9.8e-05, -0.879307, -0.476195, -0.109562, 0.0, 0.0, 0.0, 1.0],
                [0.999827, -0.007702, 0.016954, -0.118874, -0.018451, -0.532659, 0.84611, 4.3e-05, 0.002514, -0.846282, -0.532671, -0.099052, 0.0, 0.0, 0.0, 1.0],
                [0.999361, -0.016249, 0.031834, -0.119559, -0.035284, -0.590673, 0.806122, -0.000278, 0.005705, -0.806734, -0.590831, -0.087992, 0.0, 0.0, 0.0, 1.0],
                [0.998658, -0.025951, 0.044816, -0.120245, -0.050948, -0.647514, 0.760333, -0.000599, 0.009288, -0.761599, -0.647928, -0.076911, 0.0, 0.0, 0.0, 1.0],
                [0.997789, -0.036446, 0.055577, -0.120917, -0.065156, -0.701415, 0.709755, -0.000914, 0.013115, -0.711808, -0.702198, -0.066067, 0.0, 0.0, 0.0, 1.0],
                [0.996821, -0.047405, 0.064041, -0.121563, -0.077831, -0.751388, 0.655242, -0.001217, 0.017059, -0.658143, -0.752648, -0.055627, 0.0, 0.0, 0.0, 1.0],
                [0.995811, -0.058522, 0.070256, -0.122176, -0.088993, -0.796795, 0.59765, -0.001505, 0.021005, -0.601397, -0.798623, -0.045717, 0.0, 0.0, 0.0, 1.0],
                [0.994807, -0.0695, 0.074358, -0.12275, -0.098702, -0.837087, 0.538084, -0.001774, 0.024849, -0.542626, -0.839557, -0.036446, 0.0, 0.0, 0.0, 1.0],
                [0.993847, -0.080079, 0.076518, -0.123278, -0.107033, -0.872081, 0.477504, -0.002021, 0.028494, -0.482753, -0.875243, -0.027922, 0.0, 0.0, 0.0, 1.0],
