{
    "animation": [
        {
            "name": "Root",
            "time": [0.0, 0.0167, 0.0333, 0.05, 0.0667, 0.0833, 0.1, 0.1167, 0.1333, 0.15, 0.1667, 0.1833, 0.2, 0.2167, 0.2333, 0.25, 0.2667, 0.2833, 0.3, 0.3167, 0.3333, 0.35, 0.3667, 0.3833, 0.4, 0.4167, 0.4333, 0.45, 0.4667, 0.4833, 0.5, 0.5167, 0.5333, 0.55, 0.5667, 0.5833, 0.6, 0.6167, 0.6333, 0.65, 0.6667, 0.6833, 0.7, 0.7167, 0.7333, 0.75, 0.7667, 0.7833, 0.8, 0.8167, 0.8333],
            "transform": [
                [0.997526, 0.0, 0.070304, -5e-06, 0.070304, 0.0, -0.997526, 0.000946, 0.0, 1.0, 0.0, 0.517326, 0.0, 0.0, 0.0, 1.0],
                [0.995749, 0.0, 0.092109, -5e-06, 0.092109, 0.0, -0.995749, 0.000946, 0.0, 1.0, 0.0, 0.517326, 0.0, 0.0, 0.0, 1.0],
                [0.990346, 0.0, 0.13862, -5e-06, 0.13862, 0.0, -0.990346, 0.000946, 0.0, 1.0, 0.0, 0.517326, 0.0, 0.0, 0.0, 1.0],
                [0.987076, 0.0, 0.160251, -5e-06, 0.160251, 0.0, -0.987076, 0.000946, 0.0, 1.0, 0.0, 0.517326, 0.0, 0.0, 0.0, 1.0],
                [0.987037, 0.025214, 0.158502, -0.001957, 0.15845, 0.004054, -0.987359, 0.008489, -0.025538, 0.999674, 7e-06, 0.508008, 0.0, 0.0, 0.0, 1.0],
                [0.983932, 0.090798, 0.15373, -0.006922, 0.153071, 0.014215, -0.988113, 0.028157, -0.091904, 0.995768, 8.8e-05, 0.483902, 0.0, 0.0, 0.0, 1.0],
                [0.977158, 0.151717, 0.148812, -0.011367, 0.147012, 0.023079, -0.988865, 0.046552, -0.153462, 0.988155, 0.000247, 0.461609, 0.0, 0.0, 0.0, 1.0],
                [0.967057, 0.209738, 0.144261, -0.015469, 0.140882, 0.031045, -0.989539, 0.064255, -0.212022, 0.977265, 0.000473, 0.440381, 0.0, 0.0, 0.0, 1.0],
                [0.95499, 0.261577, 0.1399, -0.018998, 0.134733, 0.037678, -0.990165, 0.080283, -0.264276, 0.964447, 0.000739, 0.421357, 0.0, 0.0, 0.0, 1.0],
                [0.950453, 0.279834, 0.135393, -0.01995, 0.129639, 0.039059, -0.990792, 0.086008, -0.282545, 0.959254, 0.000846, 0.414674, 0.0, 0.0, 0.0, 1.0],
                [0.963197, 0.235101, 0.130304, -0.016664, 0.126445, 0.03148, -0.991474, 0.077426, -0.237198, 0.971461, 0.000594, 0.431229, 0.0, 0.0, 0.0, 1.0],
                [0.983456, 0.130729, 0.1254, -0.009723, 0.124282, 0.016706, -0.992106, 0.056135, -0.131792, 0.991277, 0.000182, 0.469455, 0.0, 0.0, 0.0, 1.0],
                [0.990505, 0.063716, 0.121817, -0.005205, 0.121563, 0.007863, -0.992553, 0.03894, -0.0642, 0.997937, 4.3e-05, 0.493949, 0.0, 0.0, 0.0, 1.0],
                [0.992077, 0.036603, 0.120182, -0.00335, 0.1201, 0.004446, -0.992752, 0.030714, -0.036872, 0.99932, 1.4e-05, 0.503881, 0.0, 0.0, 0.0, 1.0],
                [0.992643, 0.018748, 0.119618, -0.002262, 0.119596, 0.002263, -0.99282, 0.027348, -0.018884, 0.999822, 4e-06, 0.510433, 0.0, 0.0, 0.0, 1.0],
                [0.992807, 0.007973, 0.119457, -0.001631, 0.119454, 0.00096, -0.992839, 0.025689, -0.00803, 0.999968, 1e-06, 0.514392, 0.0, 0.0, 0.0, 1.0],
                [0.992882, 0.0024, 0.119078, -0.001197, 0.119078, 0.000288, -0.992885, 0.022781, -0.002417, 0.999997, 0.0, 0.516442, 0.0, 0.0, 0.0, 1.0],
                [0.993031, 0.000307, 0.11785, -0.000722, 0.11785, 3.6e-05, -0.993031, 0.015629, -0.00031, 1.0, 0.0, 0.517212, 0.0, 0.0, 0.0, 1.0],
                [0.993356, 0.0, 0.115085, -5e-06, 0.115085, 0.0, -0.993356, 0.000946, 0.0, 1.0, 0.0, 0.517326, 0.0, 0.0, 0.0, 1.0],
                [0.994138, 0.0, 0.108118, 0.002076, 0.108118, 0.0, -0.994138, -0.053824, 0.0, 1.0, 0.0, 0.517326, 0.0, 0.0, 0.0, 1.0],
                [0.994491, 0.0, 0.10482, 0.002935, 0.10482, 0.0, -0.994491, -0.083865, 0.0, 1.0, 0.0, 0.517326, 0.0, 0.0, 0.0, 1.0],
                [0.994819, 0.0, 0.101659, 0.00345, 0.101659, 0.0, -0.994819, -0.108772, 0.0, 1.0, 0.0, 0.517326, 0.0, 0.0, 0.0, 1.0],
                [0.995123, 0.0, 0.098646, 0.003577, 0.098646, 0.0, -0.995123, -0.124929, 0.0, 1.0, 0.0, 0.517326, 0.0, 0.0, 0.0, 1.0],
                [0.995401, 0.0, 0.095792, 0.003358, 0.095792, 0.0, -0.995401, -0.130482, 0.0, 1.0, 0.0, 0.517326, 0.0, 0.0, 0.0, 1.0],
                [0.995656, 0.0, 0.093111, 0.003004, 0.093111, 0.0, -0.995656, -0.13049, 0.0, 1.0, 0.0, 0.517326, 0.0, 0.0, 0.0, 1.0],
                [0.995886, 0.0, 0.090616, 0.002674, 0.090616, 0.0, -0.995886, -0.130498, 0.0, 1.0, 0.0, 0.517326, 0.0, 0.0, 0.0, 1.0],
                [0.996092, 0.0, 0.088322, 0.002372, 0.088322, 0.0, -0.996092, -0.130503, 0.0, 1.0, 0.0, 0.517326, 0.0, 0.0, 0.0, 1.0],
                [0.996274, 0.0, 0.086247, 0.002098, 0.086247, 0.0, -0.996274, -0.130508, 0.0, 1.0, 0.0, 0.517326, 0.0, 0.0, 0.0, 1.0],
                [0.996431, 0.0, 0.08441, 0.001855, 0.08441, 0.0, -0.996431, -0.130512, 0.0, 1.0, 0.0, 0.517326, 0.0, 0.0, 0.0, 1.0],
                [0.996563, 0.0, 0.082835, 0.001648, 0.082835, 0.0, -0.996563, -0.130514, 0.0, 1.0, 0.0, 0.517326, 0.0, 0.0, 0.0, 1.0],
                [0.996669, 0.0, 0.081548, 0.001469, 0.081548, 0.0, -0.996669, -0.129722, 0.0, 1.0, 0.0, 0.518668, 0.0, 0.0, 0.0, 1.0],
                [0.996748, 0.0, 0.080578, 0.001313, 0.080578, 0.0, -0.996748, -0.126949, 0.0, 1.0, 0.0, 0.523353, 0.0, 0.0, 0.0, 1.0],
                [0.996798, 0.0, 0.079963, 0.001189, 0.079963, 0.0, -0.996798, -0.1223, 0.0, 1.0, 0.0, 0.531205, 0.0, 0.0, 0.0, 1.0],
                [0.996815, 0.0, 0.079747, 0.00111, 0.079747, 0.0, -0.996815, -0.116772, 0.0, 1.0, 0.0, 0.540542, 0.0, 0.0, 0.0, 1.0],
                [0.996805, 0.0, 0.079868, 0.001098, 0.079868, 0.0, -0.996805, -0.114029, 0.0, 1.0, 0.0, 0.545174, 0.0, 0.0, 0.0, 1.0],
                [0.996722, 0.0, 0.080902, 0.0012, 0.080902, 0.0, -0.996722, -0.112387, 0.0, 1.0, 0.0, 0.547944, 0.0, 0.0, 0.0, 1.0],
                [0.996515, 0.0, 0.083419, 0.001423, 0.083419, 0.0, -0.996515, -0.107593, 0.0, 1.0, 0.0, 0.556035, 0.0, 0.0, 0.0, 1.0],
                [0.99595, 0.0, 0.089907, 0.001916, 0.089907, 0.0, -0.99595, -0.096697, 0.0, 1.0, 0.0, 0.57442, 0.0, 0.0, 0.0, 1.0],
                [0.995261, 0.0, 0.097243, 0.002333, 0.097243, 0.0, -0.995261, -0.085493, 0.0, 1.0, 0.0, 0.593319, 0.0, 0.0, 0.0, 1.0],
                [0.994489, 0.0, 0.104845, 0.002609, 0.104845, 0.0, -0.994489, -0.0744, 0.0, 1.0, 0.0, 0.612029, 0.0, 0.0, 0.0, 1.0],
                [0.993659, 0.0, 0.112434, 0.002729, 0.112434, 0.0, -0.993659, -0.063628, 0.0, 1.0, 0.0, 0.6302, 0.0, 0.0, 0.0, 1.0],
                [0.992793, 0.0, 0.119839, 0.002698, 0.119839, 0.0, -0.992793, -0.053313, 0.0, 1.0, 0.0, 0.647603, 0.0, 0.0, 0.0, 1.0],
                [0.991911, 0.0, 0.126936, 0.002531, 0.126936, 0.0, -0.991911, -0.043563, 0.0, 1.0, 0.0, 0.664059, 0.0, 0.0, 0.0, 1.0],
                [0.991032, 0.0, 0.133623, 0.002253, 0.133623, 0.0, -0.991032, -0.034476, 0.0, 1.0, 0.0, 0.679406, 0.0, 0.0, 0.0, 1.0],
                [0.990179, 0.0, 0.139806, 0.001892, 0.139806, 0.0, -0.990179, -0.026147, 0.0, 1.0, 0.0, 0.69348, 0.0, 0.0, 0.0, 1.0],
                [0.989374, 0.0, 0.14539, 0.001481, 0.14539, 0.0, -0.989374, -0.018679, 0.0, 1.0, 0.0, 0.706109, 0.0, 0.0, 0.0, 1.0],
                [0.988644, 0.0, 0.150276, 0.001055, 0.150276, 0.0, -0.988644, -0.012184, 0.0, 1.0, 0.0, 0.717099, 0.0, 0.0, 0.0, 1.0],
                [0.988016, 0.0, 0.154352, 0.000652, 0.154352, 0.0, -0.988016, -0.006796, 0.0, 1.0, 0.0, 0.726223, 0.0, 0.0, 0.0, 1.0],
                [0.987521, 0.0, 0.157486, 0.000314, 0.157486, 0.0, -0.987521, -0.002673, 0.0, 1.0, 0.0, 0.73321, 0.0, 0.0, 0.0, 1.0],
                [0.987195, 0.0, 0.15952, 8.1e-05, 0.15952, 0.0, -0.987195, -9e-06, 0.0, 1.0, 0.0, 0.737726, 0.0, 0.0, 0.0, 1.0],
                [0.987076, 0.0, 0.160251, -5e-06, 0.160251, 0.0, -0.987076, 0.000946, 0.0, 1.0, 0.0, 0.739346, 0.0, 0.0, 0.0, 1.0]
            ]
        },
        {
            "name": "Thigh_R",
            "time": [0.0, 0.0167, 0.0333, 0.05, 0.0667, 0.0833, 0.1, 0.1167, 0.1333, 0.15, 0.1667, 0.1833, 0.2, 0.2167, 0.2333, 0.25, 0.2667, 0.2833, 0.3, 0.3167, 0.3333, 0.35, 0.3667, 0.3833, 0.4, 0.4167, 0.4333, 0.45, 0.4667, 0.4833, 0.5, 0.5167, 0.5333, 0.55, 0.5667, 0.5833, 0.6, 0.6167, 0.6333, 0.65, 0.6667, 0.6833, 0.7, 0.7167, 0.7333, 0.75, 0.7667, 0.7833, 0.8, 0.8167, 0.8333],
            "transform": [
                [0.996234, -0.053737, 0.068042, 0.109936, -0.029149, -0.946676, -0.320831, 0.026231, 0.081658, 0.317667, -0.944652, 0.092224, 0.0, 0.0, 0.0, 1.0],
                [0.992677, -0.034913, 0.115644, 0.109936, 0.004149, -0.946906, -0.321449, 0.026231, 0.120732, 0.319602, -0.939801, 0.092224, 0.0, 0.0, 0.0, 1.0],
                [0.971094, 0.013584, 0.2383, 0.109936, 0.090664, -0.944546, -0.31558, 0.026231, 0.220806, 0.32809, -0.918451, 0.092224, 0.0, 0.0, 0.0, 1.0],
                [0.951099, 0.040435, 0.306216, 0.109936, 0.139032, -0.941327, -0.307493, 0.026231, 0.275826, 0.335058, -0.900893, 0.092224, 0.0, 0.0, 0.0, 1.0],
                [0.945697, 0.068442, 0.317751, 0.11012, 0.17214, -0.934693, -0.310957, 0.026231, 0.275727, 0.348797, -0.895695, 0.089622, 0.0, 0.0, 0.0, 1.0],
                [0.925473, 0.139461, 0.352195, 0.110597, 0.260042, -0.909979, -0.322945, 0.026231, 0.275461, 0.390491, -0.878405, 0.082849, 0.0, 0.0, 0.0, 1.0],
                [0.898134, 0.20219, 0.390463, 0.111042, 0.343462, -0.877062, -0.335815, 0.026231, 0.274572, 0.435746, -0.857145, 0.07653, 0.0, 0.0, 0.0, 1.0],
                [0.861655, 0.259111, 0.436342, 0.11147, 0.426561, -0.835611, -0.346086, 0.026231, 0.274948, 0.484365, -0.830518, 0.070462, 0.0, 0.0, 0.0, 1.0],
                [0.819657, 0.305926, 0.484303, 0.111856, 0.502519, -0.789879, -0.351487, 0.026231, 0.275022, 0.531502, -0.801148, 0.06498, 0.0, 0.0, 0.0, 1.0],
                [0.814793, 0.315713, 0.486224, 0.111993, 0.516111, -0.777048, -0.36028, 0.026231, 0.264084, 0.544531, -0.796062, 0.063046, 0.0, 0.0, 0.0, 1.0],
                [0.87717, 0.256442, 0.40595, 0.111655, 0.418539, -0.822729, -0.384598, 0.026231, 0.235368, 0.507295, -0.828987, 0.06783, 0.0, 0.0, 0.0, 1.0],
                [0.947736, 0.134608, 0.289259, 0.110885, 0.245422, -0.886902, -0.391338, 0.026231, 0.203875, 0.441906, -0.873564, 0.07876, 0.0, 0.0, 0.0, 1.0],
                [0.971485, 0.059804, 0.229425, 0.110397, 0.145212, -0.915022, -0.376327, 0.026231, 0.18743, 0.39894, -0.897591, 0.08568, 0.0, 0.0, 0.0, 1.0],
                [0.977694, 0.03024, 0.207838, 0.110201, 0.106344, -0.924633, -0.365676, 0.026231, 0.181123, 0.37965, -0.9072, 0.088467, 0.0, 0.0, 0.0, 1.0],
                [0.980419, 0.010171, 0.196653, 0.110072, 0.083053, -0.926855, -0.366084, 0.026231, 0.178552, 0.375277, -0.909527, 0.0903, 0.0, 0.0, 0.0, 1.0],
                [0.981654, -0.001914, 0.190653, 0.109994, 0.069641, -0.927262, -0.367845, 0.026231, 0.177496, 0.374402, -0.910093, 0.091406, 0.0, 0.0, 0.0, 1.0],
                [0.982432, -0.00732, 0.186469, 0.109954, 0.061657, -0.930384, -0.361331, 0.026231, 0.176139, 0.366508, -0.913563, 0.091978, 0.0, 0.0, 0.0, 1.0],
                [0.983418, -0.007321, 0.181199, 0.109938, 0.055133, -0.939821, -0.337155, 0.026231, 0.172769, 0.341582, -0.923808, 0.092192, 0.0, 0.0, 0.0, 1.0],
                [0.985085, -0.00376, 0.172021, 0.109936, 0.046395, -0.956926, -0.286562, 0.026231, 0.165695, 0.290297, -0.942455, 0.092224, 0.0, 0.0, 0.0, 1.0],
                [0.988641, 0.007714, 0.150094, 0.109952, 0.025094, -0.99313, -0.114217, 0.0262, 0.148187, 0.116711, -0.982019, 0.092128, 0.0, 0.0, 0.0, 1.0],
                [0.989974, 0.012406, 0.140699, 0.109975, 0.016249, -0.999518, -0.026167, 0.026156, 0.140312, 0.028215, -0.989675, 0.091987, 0.0, 0.0, 0.0, 1.0],
                [0.991051, 0.015413, 0.132584, 0.110008, 0.009466, -0.998918, 0.045385, 0.026092, 0.133145, -0.043701, -0.990101, 0.091783, 0.0, 0.0, 0.0, 1.0],
                [0.991937, 0.016498, 0.125646, 0.110053, 0.004791, -0.995655, 0.092934, 0.026006, 0.126638, -0.09156, -0.987682, 0.091511, 0.0, 0.0, 0.0, 1.0],
                [0.992688, 0.015581, 0.119695, 0.110108, 0.001958, -0.993574, 0.113118, 0.025899, 0.120692, -0.112034, -0.986315, 0.09117, 0.0, 0.0, 0.0, 1.0],
                [0.99335, 0.013831, 0.114293, 0.110176, 6.8e-05, -0.99282, 0.119572, 0.025768, 0.115131, -0.118746, -0.986195, 0.090757, 0.0, 0.0, 0.0, 1.0],
                [0.993947, 0.012385, 0.109159, 0.110256, -0.001519, -0.991972, 0.126402, 0.025614, 0.109852, -0.12578, -0.985924, 0.090266, 0.0, 0.0, 0.0, 1.0],
                [0.994482, 0.011264, 0.1043, 0.110349, -0.002788, -0.991022, 0.133627, 0.025433, 0.104873, -0.133158, -0.985498, 0.089692, 0.0, 0.0, 0.0, 1.0],
                [0.994959, 0.010491, 0.099728, 0.110458, -0.003721, -0.989958, 0.141272, 0.025224, 0.100212, -0.140909, -0.984905, 0.089029, 0.0, 0.0, 0.0, 1.0],
                [0.995382, 0.010092, 0.095455, 0.110582, -0.004297, -0.988767, 0.149362, 0.024984, 0.095894, -0.14906, -0.984134, 0.088269, 0.0, 0.0, 0.0, 1.0],
                [0.995753, 0.010102, 0.0915, 0.110723, -0.004493, -0.987435, 0.157927, 0.024711, 0.091949, -0.157645, -0.983172, 0.087402, 0.0, 0.0, 0.0, 1.0],
                [0.996074, 0.010286, 0.087919, 0.110884, -0.00424, -0.986534, 0.16347, 0.024401, 0.08842, -0.163179, -0.982593, 0.086416, 0.0, 0.0, 0.0, 1.0],
                [0.996345, 0.010298, 0.084803, 0.111067, -0.003475, -0.986993, 0.160695, 0.024048, 0.085358, -0.16038, -0.983324, 0.085297, 0.0, 0.0, 0.0, 1.0],
                [0.996562, 0.010218, 0.082211, 0.111275, -0.002217, -0.988711, 0.149786, 0.023647, 0.082817, -0.149432, -0.985264, 0.084026, 0.0, 0.0, 0.0, 1.0],
                [0.996724, 0.010416, 0.080194, 0.111511, -0.000492, -0.990863, 0.134835, 0.023192, 0.080869, -0.134411, -0.987586, 0.082579, 0.0, 0.0, 0.0, 1.0],
                [0.996826, 0.011988, 0.078694, 0.111694, 0.001425, -0.991118, 0.132942, 0.022838, 0.079592, -0.132386, -0.987964, 0.081455, 0.0, 0.0, 0.0, 1.0],
                [0.996813, 0.01585, 0.078182, 0.111894, 0.004756, -0.990119, 0.140112, 0.022451, 0.079634, -0.139273, -0.987013, 0.080229, 0.0, 0.0, 0.0, 1.0],
                [0.99679, 0.026441, 0.075569, 0.112448, 0.013972, -0.986851, 0.161002, 0.021383, 0.078836, -0.159409, -0.984025, 0.076838, 0.0, 0.0, 0.0, 1.0],
                [0.996235, 0.050619, 0.070379, 0.113652, 0.035187, -0.978045, 0.205384, 0.019059, 0.079233, -0.202115, -0.976116, 0.069461, 0.0, 0.0, 0.0, 1.0],
                [0.99499, 0.076013, 0.064936, 0.114919, 0.057531, -0.966553, 0.249918, 0.016613, 0.081764, -0.244913, -0.966055, 0.0617, 0.0, 0.0, 0.0, 1.0],
                [0.993094, 0.100747, 0.060106, 0.116188, 0.079265, -0.95394, 0.289329, 0.014164, 0.08649, -0.282551, -0.955308, 0.053926, 0.0, 0.0, 0.0, 1.0],
                [0.990638, 0.124107, 0.056861, 0.11743, 0.099518, -0.941662, 0.321504, 0.011767, 0.093448, -0.312821, -0.945165, 0.046319, 0.0, 0.0, 0.0, 1.0],
                [0.987727, 0.145768, 0.056093, 0.118626, 0.117769, -0.930976, 0.345559, 0.00946, 0.102596, -0.3347, -0.936684, 0.038996, 0.0, 0.0, 0.0, 1.0],
                [0.984469, 0.165533, 0.058462, 0.119761, 0.133693, -0.922759, 0.361439, 0.007269, 0.113781, -0.348, -0.930525, 0.032044, 0.0, 0.0, 0.0, 1.0],
                [0.98097, 0.183164, 0.064402, 0.120822, 0.147107, -0.917656, 0.369139, 0.00522, 0.126717, -0.352632, -0.927103, 0.025541, 0.0, 0.0, 0.0, 1.0],
                [0.977333, 0.19835, 0.074005, 0.121798, 0.157956, -0.915946, 0.368903, 0.003337, 0.140962, -0.348845, -0.926479, 0.019562, 0.0, 0.0, 0.0, 1.0],
                [0.973672, 0.210707, 0.086971, 0.122676, 0.166311, -0.917572, 0.361108, 0.001643, 0.155896, -0.337131, -0.928421, 0.014187, 0.0, 0.0, 0.0, 1.0],
                [0.970129, 0.219794, 0.10266, 0.123441, 0.172361, -0.922318, 0.345859, 0.000166, 0.170709, -0.317831, -0.932614, 0.0095, 0.0, 0.0, 0.0, 1.0],
                [0.966889, 0.22532, 0.119809, 0.124077, 0.176413, -0.9294, 0.324178, -0.001061, 0.184401, -0.292307, -0.938339, 0.005604, 0.0, 0.0, 0.0, 1.0],
                [0.964195, 0.22729, 0.13662, 0.124565, 0.178854, -0.937727, 0.297786, -0.002003, 0.195803, -0.262689, -0.944766, 0.002616, 0.0, 0.0, 0.0, 1.0],
                [0.962342, 0.226651, 0.150085, 0.124881, 0.1801, -0.945147, 0.272505, -0.002612, 0.203623, -0.235213, -0.950337, 0.000682, 0.0, 0.0, 0.0, 1.0],
                [0.961653, 0.225772, 0.155718, 0.124994, 0.180479, -0.948441, 0.260546, -0.002831, 0.206521, -0.222452, -0.952781, -1.2e-05, 0.0, 0.0, 0.0, 1.0]
            ]
        },
        {
            "name": "Leg_R",
            "time": [0.0, 0.0167, 0.0333, 0.05, 0.0667, 0.0833, 0.1, 0.1167, 0.1333, 0.15, 0.1667, 0.1833, 0.2, 0.2167, 0.2333, 0.25, 0.2667, 0.2833, 0.3, 0.3167, 0.3333, 0.35, 0.3667, 0.3833, 0.4, 0.4167, 0.4333, 0.45, 0.4667, 0.4833, 0.5, 0.5167, 0.5333, 0.55, 0.5667, 0.5833, 0.6, 0.6167, 0.6333, 0.65, 0.6667, 0.6833, 0.7, 0.7167, 0.7333, 0.75, 0.7667, 0.7833, 0.8, 0.8167, 0.8333],
            "transform": [
                [1.0, -0.000765, -0.000417, -0.0, 0.000843, 0.729705, 0.683742, 0.375166, -0.000218, -0.683778, 0.729716, 0.0, 0.0, 0.0, 0.0, 1.0],
                [1.0, -0.000765, -0.000417, -0.0, 0.000843, 0.729704, 0.683743, 0.375166, -0.000218, -0.683779, 0.729716, -0.0, 0.0, 0.0, 0.0, 1.0],
                [1.0, -0.000765, -0.000417, -0.0, 0.000843, 0.729705, 0.683742, 0.375166, -0.000218, -0.683778, 0.729716, 0.0, 0.0, 0.0, 0.0, 1.0],
                [1.0, -0.000765, -0.000417, -0.0, 0.000843, 0.729704, 0.683743, 0.375166, -0.000218, -0.683778, 0.729716, 0.0, 0.0, 0.0, 0.0, 1.0],
                [0.999999, -0.000779, -0.000431, 0.0, 0.000859, 0.717502, 0.696536, 0.375166, -0.000233, -0.696572, 0.717513, 0.0, 0.0, 0.0, 0.0, 1.0],
                [1.0, -0.000805, -0.000457, 0.0, 0.000888, 0.69383, 0.720119, 0.375166, -0.000263, -0.720156, 0.693842, 0.0, 0.0, 0.0, 0.0, 1.0],
                [0.999999, -0.000818, -0.000471, 0.0, 0.000902, 0.682172, 0.731172, 0.375166, -0.000277, -0.731209, 0.682184, -0.0, 0.0, 0.0, 0.0, 1.0],
                [0.999999, -0.000819, -0.000472, 0.0, 0.000904, 0.680564, 0.732669, 0.375166, -0.000279, -0.732706, 0.680576, 0.0, 0.0, 0.0, 0.0, 1.0],
                [1.0, -0.000813, -0.000465, 0.0, 0.000896, 0.686959, 0.726676, 0.375166, -0.000271, -0.726713, 0.686971, 0.0, 0.0, 0.0, 0.0, 1.0],
                [1.0, -0.000811, -0.000464, 0.0, 0.000895, 0.688271, 0.725434, 0.375166, -0.000269, -0.725471, 0.688283, 0.0, 0.0, 0.0, 0.0, 1.0],
                [1.0, -0.000806, -0.000459, 0.0, 0.000889, 0.692713, 0.721193, 0.375166, -0.000264, -0.72123, 0.692725, 0.0, 0.0, 0.0, 0.0, 1.0],
                [0.999999, -0.000772, -0.000425, -0.0, 0.000852, 0.723118, 0.690704, 0.375166, -0.000226, -0.69074, 0.72313, -0.0, 0.0, 0.0, 0.0, 1.0],
                [0.999999, -0.000749, -0.000403, -0.0, 0.000826, 0.742773, 0.669523, 0.375166, -0.000202, -0.669558, 0.742784, 0.0, 0.0, 0.0, 0.0, 1.0],
                [1.0, -0.00074, -0.000395, -0.0, 0.000817, 0.749375, 0.662126, 0.375166, -0.000194, -0.662161, 0.749386, 0.0, 0.0, 0.0, 0.0, 1.0],
                [1.0, -0.000724, -0.000381, 0.0, 0.000798, 0.762268, 0.647242, 0.375166, -0.000178, -0.647276, 0.762278, 0.0, 0.0, 0.0, 0.0, 1.0],
                [1.0, -0.000711, -0.00037, 0.0, 0.000784, 0.771696, 0.635972, 0.375166, -0.000167, -0.636006, 0.771706, 0.0, 0.0, 0.0, 0.0, 1.0],
                [1.0, -0.000714, -0.000373, -0.0, 0.000788, 0.769293, 0.638876, 0.375166, -0.000169, -0.63891, 0.769304, -0.0, 0.0, 0.0, 0.0, 1.0],
                [1.0, -0.000743, -0.000398, 0.0, 0.00082, 0.746966, 0.664843, 0.375166, -0.000197, -0.664878, 0.746977, -0.0, 0.0, 0.0, 0.0, 1.0],
                [1.0, -0.000802, -0.000454, -0.0, 0.000885, 0.69669, 0.717353, 0.375166, -0.000259, -0.717389, 0.696702, 0.0, 0.0, 0.0, 0.0, 1.0],
                [0.999999, -0.000951, -0.000645, -0.0, 0.001049, 0.525673, 0.850668, 0.375166, -0.00047, -0.850707, 0.525687, -0.0, 0.0, 0.0, 0.0, 1.0],
                [0.999999, -0.001003, -0.000739, -0.0, 0.001106, 0.442084, 0.896955, 0.375166, -0.000573, -0.896994, 0.442097, 0.0, 0.0, 0.0, 0.0, 1.0],
                [0.999999, -0.001036, -0.000811, -0.0, 0.001142, 0.377236, 0.926099, 0.375166, -0.000653, -0.926137, 0.377249, -0.0, 0.0, 0.0, 0.0, 1.0],
                [0.999999, -0.001053, -0.000858, -0.0, 0.001162, 0.335772, 0.941926, 0.375166, -0.000704, -0.941964, 0.335785, -0.0, 0.0, 0.0, 0.0, 1.0],
                [0.999999, -0.00106, -0.000877, 0.0, 0.001169, 0.318478, 0.947913, 0.375166, -0.000726, -0.947951, 0.318491, -0.0, 0.0, 0.0, 0.0, 1.0],
                [1.0, -0.001062, -0.000884, -0.0, 0.001171, 0.312743, 0.949821, 0.375166, -0.000733, -0.949858, 0.312755, 0.0, 0.0, 0.0, 0.0, 1.0],
                [0.999999, -0.001064, -0.00089, 0.0, 0.001174, 0.306662, 0.951801, 0.375166, -0.00074, -0.951839, 0.306674, -0.0, 0.0, 0.0, 0.0, 1.0],
                [0.999999, -0.001067, -0.000898, 0.0, 0.001176, 0.300217, 0.953854, 0.375166, -0.000748, -0.953891, 0.300229, 0.0, 0.0, 0.0, 0.0, 1.0],
                [0.999999, -0.001069, -0.000905, -0.0, 0.001179, 0.293387, 0.955977, 0.375166, -0.000756, -0.956014, 0.293399, -0.0, 0.0, 0.0, 0.0, 1.0],
                [0.999999, -0.001071, -0.000913, -0.0, 0.001182, 0.28615, 0.958168, 0.375166, -0.000765, -0.958205, 0.286162, 0.0, 0.0, 0.0, 0.0, 1.0],
                [0.999999, -0.001074, -0.000922, -0.0, 0.001185, 0.27848, 0.960425, 0.375166, -0.000775, -0.960462, 0.278492, -0.0, 0.0, 0.0, 0.0, 1.0],
                [0.999999, -0.001075, -0.000924, -0.0, 0.001185, 0.276965, 0.960863, 0.375166, -0.000777, -0.9609, 0.276978, 0.0, 0.0, 0.0, 0.0, 1.0],
                [0.999999, -0.00107, -0.000907, 0.0, 0.00118, 0.291457, 0.956567, 0.375166, -0.000759, -0.956604, 0.291469, -0.0, 0.0, 0.0, 0.0, 1.0],
                [0.999999, -0.001059, -0.000874, -0.0, 0.001168, 0.321277, 0.946968, 0.375166, -0.000722, -0.947006, 0.321289, 0.0, 0.0, 0.0, 0.0, 1.0],
                [0.999999, -0.001044, -0.000832, 0.0, 0.001151, 0.358443, 0.933534, 0.375166, -0.000676, -0.933573, 0.358456, -0.0, 0.0, 0.0, 0.0, 1.0],
                [0.999999, -0.001038, -0.000817, 0.0, 0.001145, 0.372085, 0.928181, 0.375166, -0.000659, -0.928219, 0.372098, -0.0, 0.0, 0.0, 0.0, 1.0],
                [0.999999, -0.001037, -0.000816, 0.0, 0.001144, 0.37322, 0.927725, 0.375166, -0.000658, -0.927763, 0.373233, -0.0, 0.0, 0.0, 0.0, 1.0],
                [0.999999, -0.001036, -0.000811, -0.0, 0.001142, 0.377343, 0.926056, 0.375166, -0.000653, -0.926094, 0.377356, -0.0, 0.0, 0.0, 0.0, 1.0],
                [0.999999, -0.001028, -0.000794, -0.0, 0.001134, 0.392779, 0.919616, 0.375166, -0.000634, -0.919654, 0.392792, 0.0, 0.0, 0.0, 0.0, 1.0],
                [0.999999, -0.001017, -0.000769, 0.0, 0.001122, 0.414778, 0.909905, 0.375166, -0.000607, -0.909943, 0.414791, -0.0, 0.0, 0.0, 0.0, 1.0],
                [0.999999, -0.001001, -0.000735, -0.0, 0.001104, 0.445719, 0.895155, 0.375166, -0.000569, -0.895193, 0.445733, 0.0, 0.0, 0.0, 0.0, 1.0],
                [0.999999, -0.000977, -0.00069, 0.0, 0.001078, 0.485736, 0.874087, 0.375166, -0.000519, -0.874125, 0.485749, 0.0, 0.0, 0.0, 0.0, 1.0],
                [0.999999, -0.000945, -0.000636, 0.0, 0.001043, 0.534041, 0.84544, 0.375166, -0.00046, -0.845478, 0.534054, 0.0, 0.0, 0.0, 0.0, 1.0],
                [0.999999, -0.000904, -0.000575, 0.0, 0.000997, 0.588861, 0.808215, 0.375166, -0.000392, -0.808252, 0.588874, -0.0, 0.0, 0.0, 0.0, 1.0],
                [1.0, -0.000851, -0.000508, -0.0, 0.000939, 0.648394, 0.761286, 0.375166, -0.000319, -0.761322, 0.648406, -0.0, 0.0, 0.0, 0.0, 1.0],
                [0.999999, -0.000787, -0.000439, -0.0, 0.000868, 0.710239, 0.703942, 0.375166, -0.000242, -0.703977, 0.710251, 0.0, 0.0, 0.0, 0.0, 1.0],
                [0.999999, -0.000711, -0.00037, -0.0, 0.000785, 0.771567, 0.63613, 0.375166, -0.000167, -0.636162, 0.771577, 0.0, 0.0, 0.0, 0.0, 1.0],
                [1.0, -0.000624, -0.000305, 0.0, 0.000688, 0.82977, 0.558088, 0.375166, -9.5e-05, -0.558116, 0.829779, 0.0, 0.0, 0.0, 0.0, 1.0],
                [1.0, -0.000528, -0.000248, -0.0, 0.000583, 0.881274, 0.472591, 0.375166, -3.1e-05, -0.472614, 0.88128, -0.0, 0.0, 0.0, 0.0, 1.0],
                [1.0, -0.000431, -0.000201, 0.0, 0.000475, 0.922893, 0.385045, 0.375166, 2e-05, -0.385062, 0.922897, 0.0, 0.0, 0.0, 0.0, 1.0],
                [1.0, -0.000347, -0.00017, 0.0, 0.000383, 0.950648, 0.310261, 0.375166, 5.4e-05, -0.310272, 0.950651, -0.0, 0.0, 0.0, 0.0, 1.0],
                [1.0, -0.00031, -0.000159, 0.0, 0.000342, 0.960817, 0.277175, 0.375166, 6.7e-05, -0.277184, 0.960819, 0.0, 0.0, 0.0, 0.0, 1.0]
            ]
        },
        {
            "name": "Knee_R",
            "time": [0.0, 0.0167, 0.0333, 0.05, 0.0667, 0.0833, 0.1, 0.1167, 0.1333, 0.15, 0.1667, 0.1833, 0.2, 0.2167, 0.2333, 0.25, 0.2667, 0.2833, 0.3, 0.3167, 0.3333, 0.35, 0.3667, 0.3833, 0.4, 0.4167, 0.4333, 0.45, 0.4667, 0.4833, 0.5, 0.5167, 0.5333, 0.55, 0.5667, 0.5833, 0.6, 0.6167, 0.6333, 0.65, 0.6667, 0.6833, 0.7, 0.7167, 0.7333, 0.75, 0.7667, 0.7833, 0.8, 0.8167, 0.8333],
            "transform": [
                [1.0, -5.7e-05, 5.4e-05, -0.0, 5.7e-05, 0.048757, -0.998811, 0.375166, 5.4e-05, 0.998811, 0.048757, 0.0, 0.0, 0.0, 0.0, 1.0],
                [1.0, -5.7e-05, 5.4e-05, -0.0, 5.7e-05, 0.048757, -0.998811, 0.375166, 5.4e-05, 0.998811, 0.048757, -0.0, 0.0, 0.0, 0.0, 1.0],
                [1.0, -5.7e-05, 5.4e-05, -0.0, 5.7e-05, 0.048757, -0.998811, 0.375166, 5.4e-05, 0.998811, 0.048757, 0.0, 0.0, 0.0, 0.0, 1.0],
                [1.0, -5.7e-05, 5.4e-05, -0.0, 5.7e-05, 0.048757, -0.998811, 0.375166, 5.4e-05, 0.998811, 0.048757, 0.0, 0.0, 0.0, 0.0, 1.0],
                [1.0, -5.7e-05, 5.4e-05, 0.0, 5.7e-05, 0.048757, -0.998811, 0.375166, 5.4e-05, 0.998811, 0.048757, 0.0, 0.0, 0.0, 0.0, 1.0],
                [1.0, -5.7e-05, 5.4e-05, 0.0, 5.7e-05, 0.048757, -0.998811, 0.375166, 5.4e-05, 0.998811, 0.048757, 0.0, 0.0, 0.0, 0.0, 1.0],
                [1.0, -5.7e-05, 5.4e-05, 0.0, 5.7e-05, 0.048757, -0.998811, 0.375166, 5.4e-05, 0.998811, 0.048757, -0.0, 0.0, 0.0, 0.0, 1.0],
                [1.0, -5.7e-05, 5.4e-05, 0.0, 5.7e-05, 0.048757, -0.998811, 0.375166, 5.4e-05, 0.998811, 0.048757, 0.0, 0.0, 0.0, 0.0, 1.0],
                [1.0, -5.7e-05, 5.4e-05, 0.0, 5.7e-05, 0.048757, -0.998811, 0.375166, 5.4e-05, 0.998811, 0.048757, 0.0, 0.0, 0.0, 0.0, 1.0],
                [1.0, -5.7e-05, 5.4e-05, 0.0, 5.7e-05, 0.048757, -0.998811, 0.375166, 5.4e-05, 0.998811, 0.048757, 0.0, 0.0, 0.0, 0.0, 1.0],
                [1.0, -5.7e-05, 5.4e-05, 0.0, 5.7e-05, 0.048757, -0.998811, 0.375166, 5.4e-05, 0.998811, 0.048757, 0.0, 0.0, 0.0, 0.0, 1.0],
                [1.0, -5.7e-05, 5.4e-05, -0.0, 5.7e-05, 0.048757, -0.998811, 0.375166, 5.4e-05, 0.998811, 0.048757, -0.0, 0.0, 0.0, 0.0, 1.0],
                [1.0, -5.7e-05, 5.4e-05, -0.0, 5.7e-05, 0.048757, -0.998811, 0.375166, 5.4e-05, 0.998811, 0.048757, 0.0, 0.0, 0.0, 0.0, 1.0],
                [1.0, -5.7e-05, 5.4e-05, -0.0, 5.7e-05, 0.048757, -0.998811, 0.375166, 5.4e-05, 0.998811, 0.048757, 0.0, 0.0, 0.0, 0.0, 1.0],
                [1.0, -5.7e-05, 5.4e-05, 0.0, 5.7e-05, 0.048757, -0.998811, 0.375166, 5.4e-05, 0.998811, 0.048757, 0.0, 0.0, 0.0, 0.0, 1.0],
                [1.0, -5.7e-05, 5.4e-05, 0.0, 5.7e-05, 0.048757, -0.998811, 0.375166, 5.4e-05, 0.998811, 0.048757, 0.0, 0.0, 0.0, 0.0, 1.0],
                [1.0, -5.7e-05, 5.4e-05, -0.0, 5.7e-05, 0.048757, -0.998811, 0.375166, 5.4e-05, 0.998811, 0.048757, -0.0, 0.0, 0.0, 0.0, 1.0],
                [1.0, -5.7e-05, 5.4e-05, 0.0, 5.7e-05, 0.048757, -0.998811, 0.375166, 5.4e-05, 0.998811, 0.048757, -0.0, 0.0, 0.0, 0.0, 1.0],
                [1.0, -5.7e-05, 5.4e-05, -0.0, 5.7e-05, 0.048757, -0.998811, 0.375166, 5.4e-05, 0.998811, 0.048757, 0.0, 0.0, 0.0, 0.0, 1.0],
                [1.0, -5.7e-05, 5.4e-05, -0.0, 5.7e-05, 0.048757, -0.998811, 0.375166, 5.4e-05, 0.998811, 0.048757, -0.0, 0.0, 0.0, 0.0, 1.0],
                [1.0, -5.7e-05, 5.4e-05, -0.0, 5.7e-05, 0.048757, -0.998811, 0.375166, 5.4e-05, 0.998811, 0.048757, 0.0, 0.0, 0.0, 0.0, 1.0],
                [1.0, -5.7e-05, 5.4e-05, -0.0, 5.7e-05, 0.048757, -0.998811, 0.375166, 5.4e-05, 0.998811, 0.048757, -0.0, 0.0, 0.0, 0.0, 1.0],
                [1.0, -5.7e-05, 5.4e-05, -0.0, 5.7e-05, 0.048757, -0.998811, 0.375166, 5.4e-05, 0.998811, 0.048757, -0.0, 0.0, 0.0, 0.0, 1.0],
                [1.0, -5.7e-05, 5.4e-05, 0.0, 5.7e-05, 0.048757, -0.998811, 0.375166, 5.4e-05, 0.998811, 0.048757, -0.0, 0.0, 0.0, 0.0, 1.0],
                [1.0, -5.7e-05, 5.4e-05, -0.0, 5.7e-05, 0.048757, -0.998811, 0.375166, 5.4e-05, 0.998811, 0.048757, 0.0, 0.0, 0.0, 0.0, 1.0],
                [1.0, -5.7e-05, 5.4e-05, 0.0, 5.7e-05, 0.048757, -0.998811, 0.375166, 5.4e-05, 0.998811, 0.048757, -0.0, 0.0, 0.0, 0.0, 1.0],
                [1.0, -5.7e-05, 5.4e-05, 0.0, 5.7e-05, 0.048757, -0.998811, 0.375166, 5.4e-05, 0.998811, 0.048757, 0.0, 0.0, 0.0, 0.0, 1.0],
                [1.0, -5.7e-05, 5.4e-05, -0.0, 5.7e-05, 0.048757, -0.998811, 0.375166, 5.4e-05, 0.998811, 0.048757, -0.0, 0.0, 0.0, 0.0, 1.0],
                [1.0, -5.7e-05, 5.4e-05, -0.0, 5.7e-05, 0.048757, -0.998811, 0.375166, 5.4e-05, 0.998811, 0.048757, 0.0, 0.0, 0.0, 0.0, 1.0],
                [1.0, -5.7e-05, 5.4e-05, -0.0, 5.7e-05, 0.048757, -0.998811, 0.375166, 5.4e-05, 0.998811, 0.048757, -0.0, 0.0, 0.0, 0.0, 1.0],
                [1.0, -5.7e-05, 5.4e-05, -0.0, 5.7e-05, 0.048757, -0.998811, 0.375166, 5.4e-05, 0.998811, 0.048757, 0.0, 0.0, 0.0, 0.0, 1.0],
                [1.0, -5.7e-05, 5.4e-05, 0.0, 5.7e-05, 0.048757, -0.998811, 0.375166, 5.4e-05, 0.998811, 0.048757, -0.0, 0.0, 0.0, 0.0, 1.0],
                [1.0, -5.7e-05, 5.4e-05, -0.0, 5.7e-05, 0.048757, -0.998811, 0.375166, 5.4e-05, 0.998811, 0.048757, 0.0, 0.0, 0.0, 0.0, 1.0],
                [1.0, -5.7e-05, 5.4e-05, 0.0, 5.7e-05, 0.048757, -0.998811, 0.375166, 5.4e-05, 0.998811, 0.048757, -0.0, 0.0, 0.0, 0.0, 1.0],
                [1.0, -5.7e-05, 5.4e-05, 0.0, 5.7e-05, 0.048757, -0.998811, 0.375166, 5.4e-05, 0.998811, 0.048757, -0.0, 0.0, 0.0, 0.0, 1.0],
                [1.0, -5.7e-05, 5.4e-05, 0.0, 5.7e-05, 0.048757, -0.998811, 0.375166, 5.4e-05, 0.998811, 0.048757, -0.0, 0.0, 0.0, 0.0, 1.0],
                [1.0, -5.7e-05, 5.4e-05, -0.0, 5.7e-05, 0.048757, -0.998811, 0.375166, 5.4e-05, 0.998811, 0.048757, -0.0, 0.0, 0.0, 0.0, 1.0],
                [1.0, -5.7e-05, 5.4e-05, -0.0, 5.7e-05, 0.048757, -0.998811, 0.375166, 5.4e-05, 0.998811, 0.048757, 0.0, 0.0, 0.0, 0.0, 1.0],
                [1.0, -5.7e-05, 5.4e-05, 0.0, 5.7e-05, 0.048757, -0.998811, 0.375166, 5.4e-05, 0.998811, 0.048757, -0.0, 0.0, 0.0, 0.0, 1.0],
                [1.0, -5.7e-05, 5.4e-05, -0.0, 5.7e-05, 0.048757, -0.998811, 0.375166, 5.4e-05, 0.998811, 0.048757, 0.0, 0.0, 0.0, 0.0, 1.0],
                [1.0, -5.7e-05, 5.4e-05, 0.0, 5.7e-05, 0.048757, -0.998811, 0.375166, 5.4e-05, 0.998811, 0.048757, 0.0, 0.0, 0.0, 0.0, 1.0],
                [1.0, -5.7e-05, 5.4e-05, 0.0, 5.7e-05, 0.048757, -0.998811, 0.375166, 5.4e-05, 0.998811, 0.048757, 0.0, 0.0, 0.0, 0.0, 1.0],
                [1.0, -5.7e-05, 5.4e-05, 0.0, 5.7e-05, 0.048757, -0.998811, 0.375166, 5.4e-05, 0.998811, 0.048757, -0.0, 0.0, 0.0, 0.0, 1.0],
                [1.0, -5.7e-05, 5.4e-05, -0.0, 5.7e-05, 0.048757, -0.998811, 0.375166, 5.4e-05, 0.998811, 0.048757, -0.0, 0.0, 0.0, 0.0, 1.0],
                [1.0, -5.7e-05, 5.4e-05, -0.0, 5.7e-05, 0.048757, -0.998811, 0.375166, 5.4e-05, 0.998811, 0.048757, 0.0, 0.0, 0.0, 0.0, 1.0],
                [1.0, -5.7e-05, 5.4e-05, -0.0, 5.7e-05, 0.048757, -0.998811, 0.375166, 5.4e-05, 0.998811, 0.048757, 0.0, 0.0, 0.0, 0.0, 1.0],
                [1.0, -5.7e-05, 5.4e-05, 0.0, 5.7e-05, 0.048757, -0.998811, 0.375166, 5.4e-05, 0.998811, 0.048757, 0.0, 0.0, 0.0, 0.0, 1.0],
                [1.0, -5.7e-05, 5.4e-05, -0.0, 5.7e-05, 0.048757, -0.998811, 0.375166, 5.4e-05, 0.998811, 0.048757, -0.0, 0.0, 0.0, 0.0, 1.0],
                [1.0, -5.7e-05, 5.4e-05, 0.0, 5.7e-05, 0.048757, -0.998811, 0.375166, 5.4e-05, 0.998811, 0.048757, 0.0, 0.0, 0.0, 0.0, 1.0],
                [1.0, -5.7e-05, 5.4e-05, 0.0, 5.7e-05, 0.048757, -0.998811, 0.375166, 5.4e-05, 0.998811, 0.048757, -0.0, 0.0, 0.0, 0.0, 1.0],
                [1.0, -5.7e-05, 5.4e-05, 0.0, 5.7e-05, 0.048757, -0.998811, 0.375166, 5.4e-05, 0.998811, 0.048757, 0.0, 0.0, 0.0, 0.0, 1.0]
            ]
        },
        {
            "name": "Thigh_L",
            "time": [0.0, 0.0167, 0.0333, 0.05, 0.0667, 0.0833, 0.1, 0.1167, 0.1333, 0.15, 0.1667, 0.1833, 0.2, 0.2167, 0.2333, 0.25, 0.2667, 0.2833, 0.3, 0.3167, 0.3333, 0.35, 0.3667, 0.3833, 0.4, 0.4167, 0.4333, 0.45, 0.4667, 0.4833, 0.5, 0.5167, 0.5333, 0.55, 0.5667, 0.5833, 0.6, 0.6167, 0.6333, 0.65, 0.6667, 0.6833, 0.7, 0.7167, 0.7333, 0.75, 0.7667, 0.7833, 0.8, 0.8167, 0.8333],
            "transform": [
                [0.999758, -0.001578, -0.021945, -0.116867, 0.018581, -0.473596, 0.880529, 0.000984, -0.011783, -0.880722, -0.473418, -0.131478, 0.0, 0.0, 0.0, 1.0],
                [0.999725, -0.00291, -0.023266, -0.116867, 0.019114, -0.473621, 0.880504, 0.000984, -0.013583, -0.880706, -0.473401, -0.131478, 0.0, 0.0, 0.0, 1.0],
                [0.999636, -0.005966, -0.026297, -0.116867, 0.020336, -0.473682, 0.880444, 0.000984, -0.017711, -0.880658, -0.473354, -0.131478, 0.0, 0.0, 0.0, 1.0],
                [0.999585, -0.0075, -0.027818, -0.116867, 0.020949, -0.473713, 0.880413, 0.000984, -0.019782, -0.880629, -0.473325, -0.131478, 0.0, 0.0, 0.0, 1.0],
                [0.998693, 0.005277, -0.050835, -0.116489, 0.047335, -0.47064, 0.881038, 0.000985, -0.019277, -0.882291, -0.470241, -0.136842, 0.0, 0.0, 0.0, 1.0],
                [0.993155, 0.037678, -0.110555, -0.115505, 0.11537, -0.464175, 0.878182, 0.000984, -0.01823, -0.884922, -0.465313, -0.150808, 0.0, 0.0, 0.0, 1.0],
                [0.983927, 0.06732, -0.16539, -0.114586, 0.177697, -0.460565, 0.869642, 0.000984, -0.017629, -0.885048, -0.465094, -0.163837, 0.0, 0.0, 0.0, 1.0],
                [0.97155, 0.095813, -0.216585, -0.113705, 0.236193, -0.459277, 0.856302, 0.000985, -0.017429, -0.883089, -0.468811, -0.176349, 0.0, 0.0, 0.0, 1.0],
                [0.957575, 0.121973, -0.261095, -0.112908, 0.287647, -0.459857, 0.8401, 0.000985, -0.017597, -0.879553, -0.475403, -0.187651, 0.0, 0.0, 0.0, 1.0],
                [0.952041, 0.1314, -0.276314, -0.112627, 0.305456, -0.460535, 0.833415, 0.000984, -0.017743, -0.877838, -0.478557, -0.19164, 0.0, 0.0, 0.0, 1.0],
                [0.965121, 0.108034, -0.238469, -0.113273, 0.261267, -0.455743, 0.85089, 0.001007, -0.016757, -0.883508, -0.468043, -0.182565, 0.0, 0.0, 0.0, 1.0],
                [0.987549, 0.057277, -0.14651, -0.114772, 0.156557, -0.448907, 0.879741, 0.001049, -0.015382, -0.891721, -0.452253, -0.161474, 0.0, 0.0, 0.0, 1.0],
                [0.99596, 0.026254, -0.085864, -0.115775, 0.088563, -0.444756, 0.891245, 0.001051, -0.01479, -0.895248, -0.445252, -0.147251, 0.0, 0.0, 0.0, 1.0],
                [0.998032, 0.014007, -0.061127, -0.116216, 0.061005, -0.44278, 0.894535, 0.001025, -0.014536, -0.896503, -0.442729, -0.140888, 0.0, 0.0, 0.0, 1.0],
                [0.998992, 0.0058, -0.044506, -0.11647, 0.04244, -0.444768, 0.894622, 0.001013, -0.014607, -0.89561, -0.444532, -0.137234, 0.0, 0.0, 0.0, 1.0],
                [0.999408, 0.00074, -0.034399, -0.116603, 0.031105, -0.446825, 0.894063, 0.001009, -0.014709, -0.894604, -0.446549, -0.135325, 0.0, 0.0, 0.0, 1.0],
                [0.999569, -0.001718, -0.029296, -0.116675, 0.025457, -0.445929, 0.894688, 0.001006, -0.014602, -0.895049, -0.445659, -0.134294, 0.0, 0.0, 0.0, 1.0],
                [0.999611, -0.002042, -0.02781, -0.116743, 0.024086, -0.43934, 0.89798, 0.001, -0.014053, -0.898302, -0.439085, -0.133304, 0.0, 0.0, 0.0, 1.0],
                [0.99959, -0.000743, -0.02863, -0.116867, 0.025605, -0.424683, 0.904961, 0.000985, -0.012832, -0.905325, -0.424455, -0.131478, 0.0, 0.0, 0.0, 1.0],
                [0.999464, 0.003946, -0.032507, -0.117033, 0.031539, -0.383007, 0.923185, 0.000952, -0.008808, -0.923722, -0.382891, -0.128982, 0.0, 0.0, 0.0, 1.0],
                [0.999388, 0.006294, -0.034407, -0.117062, 0.034311, -0.367664, 0.929303, 0.000943, -0.006801, -0.929924, -0.367619, -0.12854, 0.0, 0.0, 0.0, 1.0],
                [0.999331, 0.008152, -0.035647, -0.117082, 0.036199, -0.358731, 0.932715, 0.000935, -0.005185, -0.933393, -0.35875, -0.128224, 0.0, 0.0, 0.0, 1.0],
                [0.999311, 0.009251, -0.035944, -0.117098, 0.036887, -0.354895, 0.934154, 0.000925, -0.004115, -0.934848, -0.354956, -0.127948, 0.0, 0.0, 0.0, 1.0],
                [0.999336, 0.009429, -0.035186, -0.117115, 0.036245, -0.354163, 0.934457, 0.000913, -0.003651, -0.935124, -0.354234, -0.127659, 0.0, 0.0, 0.0, 1.0],
                [0.999386, 0.009111, -0.033825, -0.117135, 0.034858, -0.354672, 0.934316, 0.000899, -0.003484, -0.934934, -0.354736, -0.127323, 0.0, 0.0, 0.0, 1.0],
                [0.999439, 0.008764, -0.032327, -0.117159, 0.033332, -0.355279, 0.934142, 0.000882, -0.003298, -0.934707, -0.355336, -0.12691, 0.0, 0.0, 0.0, 1.0],
                [0.999494, 0.008386, -0.030684, -0.117189, 0.031659, -0.355995, 0.933927, 0.000862, -0.003091, -0.934438, -0.356045, -0.126395, 0.0, 0.0, 0.0, 1.0],
                [0.999551, 0.007977, -0.028886, -0.117227, 0.029831, -0.356836, 0.933666, 0.000838, -0.00286, -0.93412, -0.356879, -0.125756, 0.0, 0.0, 0.0, 1.0],
                [0.999609, 0.007534, -0.026922, -0.117275, 0.027836, -0.35782, 0.933352, 0.00081, -0.002602, -0.933747, -0.357854, -0.124967, 0.0, 0.0, 0.0, 1.0],
                [0.999668, 0.007053, -0.024779, -0.117333, 0.02566, -0.358965, 0.932975, 0.000778, -0.002315, -0.933312, -0.358991, -0.124004, 0.0, 0.0, 0.0, 1.0],
                [0.99973, 0.006507, -0.022312, -0.117404, 0.02315, -0.363968, 0.9311, 0.00074, -0.002062, -0.931376, -0.363985, -0.122836, 0.0, 0.0, 0.0, 1.0],
                [0.999796, 0.005829, -0.019344, -0.11749, 0.020112, -0.378347, 0.925422, 0.000696, -0.001924, -0.925632, -0.378351, -0.12143, 0.0, 0.0, 0.0, 1.0],
                [0.999861, 0.00496, -0.015939, -0.117594, 0.016589, -0.401638, 0.915626, 0.000645, -0.00186, -0.915772, -0.401629, -0.119746, 0.0, 0.0, 0.0, 1.0],
                [0.999917, 0.003884, -0.012277, -0.117718, 0.012756, -0.429223, 0.903087, 0.000585, -0.001762, -0.903177, -0.429201, -0.117731, 0.0, 0.0, 0.0, 1.0],
                [0.999949, 0.003024, -0.009577, -0.117816, 0.009925, -0.44305, 0.896421, 0.000539, -0.001532, -0.896479, -0.443022, -0.116144, 0.0, 0.0, 0.0, 1.0],
                [0.999975, 0.002088, -0.006704, -0.117925, 0.006925, -0.451497, 0.892224, 0.000488, -0.001164, -0.892257, -0.451464, -0.114395, 0.0, 0.0, 0.0, 1.0],
                [0.999999, -0.000712, 0.00111, -0.118224, -0.001315, -0.476231, 0.879299, 0.000348, -9.8e-05, -0.879307, -0.476195, -0.109562, 0.0, 0.0, 0.0, 1.0],
                [0.999827, -0.007702, 0.016954, -0.118874, -0.018451, -0.532659, 0.84611, 4.3e-05, 0.002514, -0.846282, -0.532671, -0.099052, 0.0, 0.0, 0.0, 1.0],
                [0.999361, -0.016249, 0.031834, -0.119559, -0.035284, -0.590673, 0.806122, -0.000278, 0.005705, -0.806734, -0.590831, -0.087992, 0.0, 0.0, 0.0, 1.0],
                [0.998658, -0.025951, 0.044816, -0.120245, -0.050948, -0.647514, 0.760333, -0.000599, 0.009288, -0.761599, -0.647928, -0.076911, 0.0, 0.0, 0.0, 1.0],
                [0.997789, -0.036446, 0.055577, -0.120917, -0.065156, -0.701415, 0.709755, -0.000914, 0.013115, -0.711808, -0.702198, -0.066067, 0.0, 0.0, 0.0, 1.0],
                [0.996821, -0.047405, 0.064041, -0.121563, -0.077831, -0.751388, 0.655242, -0.001217, 0.017059, -0.658143, -0.752648, -0.055627, 0.0, 0.0, 0.0, 1.0],
                [0.995811, -0.058522, 0.070256, -0.122176, -0.088993, -0.796795, 0.59765, -0.001505, 0.021005, -0.601397, -0.798623, -0.045717, 0.0, 0.0, 0.0, 1.0],
                [0.994807, -0.0695, 0.074358, -0.12275, -0.098702, -0.837087, 0.538084, -0.001774, 0.024849, -0.542626, -0.839557, -0.036446, 0.0, 0.0, 0.0, 1.0],
                [0.993847, -0.080079, 0.076518, -0.123278, -0.107033, -0.872081, 0.477504, -0.002021, 0.028494, -0.482753, -0.875243, -0.027922, 0.0, 0.0, 0.0, 1.0],
