{
    "animation": [
        {
            "name": "Root",
            "time": [0.0, 0.0167, 0.0333, 0.05, 0.0667, 0.0833, 0.1, 0.1167, 0.1333, 0.15, 0.1667, 0.1833, 0.2, 0.2167, 0.2333, 0.25, 0.2667, 0.2833, 0.3, 0.3167, 0.3333, 0.35, 0.3667, 0.3833, 0.4, 0.4167, 0.4333, 0.45, 0.4667, 0.4833, 0.5, 0.5167, 0.5333, 0.55, 0.5667, 0.5833, 0.6, 0.6167, 0.6333, 0.65, 0.6667, 0.6833, 0.7, 0.7167, 0.7333, 0.75, 0.7667, 0.7833, 0.8, 0.8167, 0.8333, 0.85, 0.8667, 0.8833, 0.9, 0.9167, 0.9333, 0.95, 0.9667, 0.9833, 1.0, 1.0167, 1.0333, 1.05, 1.0667, 1.0833, 1.1, 1.1167, 1.1333, 1.15, 1.1667, 1.1833, 1.2, 1.2167, 1.2333, 1.25, 1.2667, 1.2833],
            "transform": [
                [0.997526, 0.0, 0.070304, -5e-06, 0.070304, 0.0, -0.997526, 0.000946, 0.0, 1.0, 0.0, 0.517326, 0.0, 0.0, 0.0, 1.0],
                [0.997526, 0.0, 0.070304, -5e-06, 0.070304, 0.0, -0.997526, -0.007175, 0.0, 1.0, 0.0, 0.517326, 0.0, 0.0, 0.0, 1.0],
                [0.997526, 0.0, 0.070304, -5e-06, 0.070304, 0.0, -0.997526, -0.030811, 0.0, 1.0, 0.0, 0.517326, 0.0, 0.0, 0.0, 1.0],
                [0.997526, 0.0, 0.070304, -5e-06, 0.070304, 0.0, -0.997526, -0.130525, 0.0, 1.0, 0.0, 0.517326, 0.0, 0.0, 0.0, 1.0],
                [0.997526, 0.0, 0.070304, -5e-06, 0.070304, 0.0, -0.997526, -0.130525, 0.0, 1.0, 0.0, 0.517326, 0.0, 0.0, 0.0, 1.0],
                [0.997526, 0.0, 0.070304, -5e-06, 0.070304, 0.0, -0.997526, -0.130525, 0.0, 1.0, 0.0, 0.517326, 0.0, 0.0, 0.0, 1.0],
                [0.997526, 0.0, 0.070304, -5e-06, 0.070304, 0.0, -0.997526, -0.130525, 0.0, 1.0, 0.0, 0.517326, 0.0, 0.0, 0.0, 1.0],
                [0.997526, 0.0, 0.070304, -5e-06, 0.070304, 0.0, -0.997526, -0.067535, 0.0, 1.0, 0.0, 0.494724, 0.0, 0.0, 0.0, 1.0],
                [0.997526, 0.0, 0.070304, -5e-06, 0.070304, 0.0, -0.997526, 0.067254, 0.0, 1.0, 0.0, 0.446358, 0.0, 0.0, 0.0, 1.0],
                [0.997526, 0.0, 0.070304, -5e-06, 0.070304, 0.0, -0.997526, 0.130243, 0.0, 1.0, 0.0, 0.423756, 0.0, 0.0, 0.0, 1.0],
                [0.997526, 0.0, 0.070304, -5e-06, 0.070304, 0.0, -0.997526, 0.066941, 0.0, 1.0, 0.0, 0.423756, 0.0, 0.0, 0.0, 1.0],
                [0.997526, 0.0, 0.070304, -5e-06, 0.070304, 0.0, -0.997526, -0.068518, 0.0, 1.0, 0.0, 0.423756, 0.0, 0.0, 0.0, 1.0],
                [0.997526, 0.0, 0.070304, -5e-06, 0.070304, 0.0, -0.997526, -0.131821, 0.0, 1.0, 0.0, 0.423756, 0.0, 0.0, 0.0, 1.0],
                [0.999529, 0.0, -0.030701, -0.012952, -0.030701, 0.0, -0.999529, -0.095027, 0.0, 1.0, 0.0, 0.472766, 0.0, 0.0, 0.0, 1.0],
                [0.913338, 0.0, -0.407202, -0.054648, -0.407202, 0.0, -0.913338, 0.014513, 0.0, 1.0, 0.0, 0.60189, 0.0, 0.0, 0.0, 1.0],
                [0.459422, 0.0, -0.888218, -0.094488, -0.888218, 0.0, -0.459422, 0.158357, 0.0, 1.0, 0.0, 0.725648, 0.0, 0.0, 0.0, 1.0],
                [-0.485912, 0.0, -0.874008, -0.074822, -0.874008, 0.0, 0.485912, 0.321439, 0.0, 1.0, 0.0, 0.834185, 0.0, 0.0, 0.0, 1.0],
                [-0.9991, 0.0, -0.042416, 0.001965, -0.042416, 0.0, 0.9991, 0.41571, 0.0, 1.0, 0.0, 0.932027, 0.0, 0.0, 0.0, 1.0],
                [-0.823382, 0.0, 0.567487, 0.038724, 0.567487, 0.0, 0.823382, 0.444151, 0.0, 1.0, 0.0, 1.01042, 0.0, 0.0, 0.0, 1.0],
                [-0.592226, 0.0, 0.805772, 0.043098, 0.805772, 0.0, 0.592226, 0.461156, 0.0, 1.0, 0.0, 1.063924, 0.0, 0.0, 0.0, 1.0],
                [-0.407909, 0.0, 0.913023, 0.038003, 0.913023, 0.0, 0.407909, 0.477452, 0.0, 1.0, 0.0, 1.104096, 0.0, 0.0, 0.0, 1.0],
                [-0.198733, 0.0, 0.980053, 0.025925, 0.980053, 0.0, 0.198733, 0.499829, 0.0, 1.0, 0.0, 1.145105, 0.0, 0.0, 0.0, 1.0],
                [0.072695, 0.0, 0.997354, 0.004708, 0.997354, 0.0, -0.072695, 0.538198, 0.0, 1.0, 0.0, 1.194984, 0.0, 0.0, 0.0, 1.0],
                [0.35629, 0.0, 0.934375, -0.017828, 0.934375, 0.0, -0.35629, 0.593239, 0.0, 1.0, 0.0, 1.247408, 0.0, 0.0, 0.0, 1.0],
                [0.533685, 0.0, 0.845683, -0.030675, 0.845683, 0.0, -0.533685, 0.641523, 0.0, 1.0, 0.0, 1.282218, 0.0, 0.0, 0.0, 1.0],
                [0.627275, 0.0, 0.778798, -0.03527, 0.778798, 0.0, -0.627275, 0.669421, 0.0, 1.0, 0.0, 1.299655, 0.0, 0.0, 0.0, 1.0],
                [0.685183, 0.0, 0.728371, -0.036342, 0.728371, 0.0, -0.685183, 0.684559, 0.0, 1.0, 0.0, 1.307733, 0.0, 0.0, 0.0, 1.0],
                [0.729798, 0.0, 0.683663, -0.036475, 0.683663, 0.0, -0.729798, 0.696333, 0.0, 1.0, 0.0, 1.313222, 0.0, 0.0, 0.0, 1.0],
                [0.769497, 0.0, 0.63865, -0.0362, 0.63865, 0.0, -0.769497, 0.707621, 0.0, 1.0, 0.0, 1.318417, 0.0, 0.0, 0.0, 1.0],
                [0.802723, 0.0, 0.596352, -0.035548, 0.596352, 0.0, -0.802723, 0.717829, 0.0, 1.0, 0.0, 1.323068, 0.0, 0.0, 0.0, 1.0],
                [0.816521, 0.0, 0.577316, -0.034952, 0.577316, 0.0, -0.816521, 0.721594, 0.0, 1.0, 0.0, 1.324703, 0.0, 0.0, 0.0, 1.0],
                [0.819833, 0.0, 0.572602, -0.034614, 0.572602, 0.0, -0.819833, 0.721794, 0.0, 1.0, 0.0, 1.270778, 0.0, 0.0, 0.0, 1.0],
                [0.822635, 0.0, 0.56857, -0.034325, 0.56857, 0.0, -0.822635, 0.721963, 0.0, 1.0, 0.0, 1.157769, 0.0, 0.0, 0.0, 1.0],
                [0.825024, 0.0, 0.565097, -0.034076, 0.565097, 0.0, -0.825024, 0.722108, 0.0, 1.0, 0.0, 1.022919, 0.0, 0.0, 0.0, 1.0],
                [0.827047, 0.0, 0.562132, -0.033864, 0.562132, 0.0, -0.827047, 0.722229, 0.0, 1.0, 0.0, 0.884482, 0.0, 0.0, 0.0, 1.0],
                [0.828725, 0.0, 0.559656, -0.033687, 0.559656, 0.0, -0.828725, 0.72233, 0.0, 1.0, 0.0, 0.753888, 0.0, 0.0, 0.0, 1.0],
                [0.830064, 0.0, 0.557669, -0.033545, 0.557669, 0.0, -0.830064, 0.722411, 0.0, 1.0, 0.0, 0.639669, 0.0, 0.0, 0.0, 1.0],
                [0.831058, 0.0, 0.556186, -0.033438, 0.556186, 0.0, -0.831058, 0.722471, 0.0, 1.0, 0.0, 0.549142, 0.0, 0.0, 0.0, 1.0],
                [0.831692, 0.0, 0.555237, -0.033371, 0.555237, 0.0, -0.831692, 0.722509, 0.0, 1.0, 0.0, 0.489335, 0.0, 0.0, 0.0, 1.0],
                [0.831939, 0.0, 0.554868, -0.033344, 0.554868, 0.0, -0.831939, 0.722524, 0.0, 1.0, 0.0, 0.467624, 0.0, 0.0, 0.0, 1.0],
                [0.832318, 0.0, 0.554299, -0.033208, 0.554299, 0.0, -0.832318, 0.721969, 0.0, 1.0, 0.0, 0.4684, 0.0, 0.0, 0.0, 1.0],
                [0.83333, 0.0, 0.552776, -0.032828, 0.552776, 0.0, -0.83333, 0.720378, 0.0, 1.0, 0.0, 0.470621, 0.0, 0.0, 0.0, 1.0],
                [0.834875, 0.0, 0.55044, -0.032254, 0.55044, 0.0, -0.834875, 0.717961, 0.0, 1.0, 0.0, 0.473992, 0.0, 0.0, 0.0, 1.0],
                [0.8368, 0.0, 0.547508, -0.031551, 0.547508, 0.0, -0.8368, 0.715003, 0.0, 1.0, 0.0, 0.478115, 0.0, 0.0, 0.0, 1.0],
                [0.838948, 0.0, 0.544212, -0.030787, 0.544212, 0.0, -0.838948, 0.711784, 0.0, 1.0, 0.0, 0.482601, 0.0, 0.0, 0.0, 1.0],
                [0.841185, 0.0, 0.540748, -0.030013, 0.540748, 0.0, -0.841185, 0.708527, 0.0, 1.0, 0.0, 0.487139, 0.0, 0.0, 0.0, 1.0],
                [0.843207, 0.0, 0.53759, -0.029295, 0.53759, 0.0, -0.843207, 0.705425, 0.0, 1.0, 0.0, 0.491446, 0.0, 0.0, 0.0, 1.0],
                [0.844659, 0.0, 0.535305, -0.028734, 0.535305, 0.0, -0.844659, 0.702886, 0.0, 1.0, 0.0, 0.494954, 0.0, 0.0, 0.0, 1.0],
                [0.846226, 0.0, 0.532824, -0.028142, 0.532824, 0.0, -0.846226, 0.700207, 0.0, 1.0, 0.0, 0.498655, 0.0, 0.0, 0.0, 1.0],
                [0.848396, 0.0, 0.529362, -0.027389, 0.529362, 0.0, -0.848396, 0.696876, 0.0, 1.0, 0.0, 0.503266, 0.0, 0.0, 0.0, 1.0],
                [0.851514, 0.0, 0.524332, -0.026384, 0.524332, 0.0, -0.851514, 0.692514, 0.0, 1.0, 0.0, 0.509313, 0.0, 0.0, 0.0, 1.0],
                [0.855816, 0.0, 0.51728, -0.02507, 0.51728, 0.0, -0.855816, 0.686836, 0.0, 1.0, 0.0, 0.517185, 0.0, 0.0, 0.0, 1.0],
                [0.861449, 0.0, 0.507844, -0.02342, 0.507844, 0.0, -0.861449, 0.679619, 0.0, 1.0, 0.0, 0.527169, 0.0, 0.0, 0.0, 1.0],
                [0.869917, 0.0, 0.493199, -0.021029, 0.493199, 0.0, -0.869917, 0.668873, 0.0, 1.0, 0.0, 0.541979, 0.0, 0.0, 0.0, 1.0],
                [0.879683, 0.0, 0.47556, -0.018327, 0.47556, 0.0, -0.879683, 0.656019, 0.0, 1.0, 0.0, 0.559577, 0.0, 0.0, 0.0, 1.0],
                [0.889864, 0.0, 0.456225, -0.01561, 0.456225, 0.0, -0.889864, 0.642267, 0.0, 1.0, 0.0, 0.578281, 0.0, 0.0, 0.0, 1.0],
                [0.899207, 0.0, 0.437523, -0.01324, 0.437523, 0.0, -0.899207, 0.629509, 0.0, 1.0, 0.0, 0.595527, 0.0, 0.0, 0.0, 1.0],
                [0.907007, 0.0, 0.421115, -0.01138, 0.421115, 0.0, -0.907007, 0.618946, 0.0, 1.0, 0.0, 0.60974, 0.0, 0.0, 0.0, 1.0],
                [0.913103, 0.0, 0.407729, -0.01004, 0.407729, 0.0, -0.913103, 0.611075, 0.0, 1.0, 0.0, 0.620297, 0.0, 0.0, 0.0, 1.0],
                [0.91834, 0.0, 0.395793, -0.008935, 0.395793, 0.0, -0.91834, 0.604279, 0.0, 1.0, 0.0, 0.629383, 0.0, 0.0, 0.0, 1.0],
                [0.923134, 0.0, 0.384479, -0.007977, 0.384479, 0.0, -0.923134, 0.598186, 0.0, 1.0, 0.0, 0.63751, 0.0, 0.0, 0.0, 1.0],
                [0.927869, 0.0, 0.372906, -0.007089, 0.372906, 0.0, -0.927869, 0.592364, 0.0, 1.0, 0.0, 0.645257, 0.0, 0.0, 0.0, 1.0],
                [0.932813, 0.0, 0.360362, -0.006217, 0.360362, 0.0, -0.932813, 0.586433, 0.0, 1.0, 0.0, 0.653131, 0.0, 0.0, 0.0, 1.0],
                [0.938091, 0.0, 0.346388, -0.005335, 0.346388, 0.0, -0.938091, 0.580127, 0.0, 1.0, 0.0, 0.661481, 0.0, 0.0, 0.0, 1.0],
                [0.943484, 0.0, 0.331418, -0.004464, 0.331418, 0.0, -0.943484, 0.573425, 0.0, 1.0, 0.0, 0.670325, 0.0, 0.0, 0.0, 1.0],
                [0.948643, 0.0, 0.316349, -0.003637, 0.316349, 0.0, -0.948643, 0.566415, 0.0, 1.0, 0.0, 0.67954, 0.0, 0.0, 0.0, 1.0],
                [0.954272, 0.0, 0.298939, -0.002872, 0.298939, 0.0, -0.954272, 0.559671, 0.0, 1.0, 0.0, 0.68839, 0.0, 0.0, 0.0, 1.0],
                [0.9606, 0.0, 0.277936, -0.002195, 0.277936, 0.0, -0.9606, 0.55363, 0.0, 1.0, 0.0, 0.696309, 0.0, 0.0, 0.0, 1.0],
                [0.968622, 0.0, 0.248539, -0.001547, 0.248539, 0.0, -0.968622, 0.547916, 0.0, 1.0, 0.0, 0.703792, 0.0, 0.0, 0.0, 1.0],
                [0.976903, 0.0, 0.213681, -0.000961, 0.213681, 0.0, -0.976903, 0.541906, 0.0, 1.0, 0.0, 0.711629, 0.0, 0.0, 0.0, 1.0],
                [0.984177, 0.0, 0.177191, -0.00051, 0.177191, 0.0, -0.984177, 0.535988, 0.0, 1.0, 0.0, 0.719312, 0.0, 0.0, 0.0, 1.0],
                [0.989903, 0.0, 0.141749, -0.000214, 0.141749, 0.0, -0.989903, 0.530461, 0.0, 1.0, 0.0, 0.726461, 0.0, 0.0, 0.0, 1.0],
                [0.993927, 0.0, 0.110043, -6e-05, 0.110043, 0.0, -0.993927, 0.525654, 0.0, 1.0, 0.0, 0.732667, 0.0, 0.0, 0.0, 1.0],
                [0.996324, 0.0, 0.085665, -9e-06, 0.085665, 0.0, -0.996324, 0.522034, 0.0, 1.0, 0.0, 0.737335, 0.0, 0.0, 0.0, 1.0],
                [0.997183, 0.0, 0.075004, -5e-06, 0.075004, 0.0, -0.997183, 0.520474, 0.0, 1.0, 0.0, 0.739346, 0.0, 0.0, 0.0, 1.0],
                [0.997183, 0.0, 0.075004, -5e-06, 0.075004, 0.0, -0.997183, 0.520474, 0.0, 1.0, 0.0, 0.739346, 0.0, 0.0, 0.0, 1.0],
                [0.997183, 0.0, 0.075004, -5e-06, 0.075004, 0.0, -0.997183, 0.520474, 0.0, 1.0, 0.0, 0.739346, 0.0, 0.0, 0.0, 1.0],
                [0.987076, 0.0, 0.160251, -5e-06, 0.160251, 0.0, -0.987076, 0.520474, 0.0, 1.0, 0.0, 0.739346, 0.0, 0.0, 0.0, 1.0]
            ]
        },
        {
            "name": "Thigh_R",
            "time": [0.0, 0.0167, 0.0333, 0.05, 0.0667, 0.0833, 0.1, 0.1167, 0.1333, 0.15, 0.1667, 0.1833, 0.2, 0.2167, 0.2333, 0.25, 0.2667, 0.2833, 0.3, 0.3167, 0.3333, 0.35, 0.3667, 0.3833, 0.4, 0.4167, 0.4333, 0.45, 0.4667, 0.4833, 0.5, 0.5167, 0.5333, 0.55, 0.5667, 0.5833, 0.6, 0.6167, 0.6333, 0.65, 0.6667, 0.6833, 0.7, 0.7167, 0.7333, 0.75, 0.7667, 0.7833, 0.8, 0.8167, 0.8333, 0.85, 0.8667, 0.8833, 0.9, 0.9167, 0.9333, 0.95, 0.9667, 0.9833, 1.0, 1.0167, 1.0333, 1.05, 1.0667, 1.0833, 1.1, 1.1167, 1.1333, 1.15, 1.1667, 1.1833, 1.2, 1.2167, 1.2333, 1.25, 1.2667, 1.2833],
            "transform": [
                [0.998574, 0.021268, -0.048962, 0.109936, 0.053341, -0.361495, 0.930833, 0.026231, 0.002098, -0.932113, -0.36209, 0.092224, 0.0, 0.0, 0.0, 1.0],
                [0.998547, 0.0216, -0.049363, 0.109936, 0.053809, -0.351986, 0.934443, 0.026231, 0.002808, -0.935738, -0.352612, 0.092224, 0.0, 0.0, 0.0, 1.0],
                [0.998477, 0.022628, -0.050324, 0.109936, 0.054956, -0.326126, 0.943712, 0.026231, 0.004942, -0.945038, -0.326848, 0.092224, 0.0, 0.0, 0.0, 1.0],
                [0.998788, 0.036894, -0.032569, 0.109936, 0.04185, -0.288534, 0.956537, 0.026231, 0.025894, -0.956743, -0.289703, 0.092224, 0.0, 0.0, 0.0, 1.0],
                [0.998908, 0.046499, -0.004492, 0.109936, 0.021662, -0.375857, 0.92641, 0.026231, 0.04139, -0.925494, -0.376428, 0.092224, 0.0, 0.0, 0.0, 1.0],
                [0.99858, 0.049798, 0.018943, 0.109936, 0.006651, -0.469283, 0.88301, 0.026231, 0.052863, -0.881625, -0.468922, 0.092224, 0.0, 0.0, 0.0, 1.0],
                [0.99808, 0.048113, 0.039017, 0.109936, -0.005025, -0.564922, 0.825118, 0.026231, 0.061742, -0.823722, -0.56357, 0.092224, 0.0, 0.0, 0.0, 1.0],
                [0.99748, 0.035007, 0.061709, 0.109936, -0.015894, -0.737424, 0.675234, 0.026231, 0.069146, -0.674499, -0.734986, 0.092224, 0.0, 0.0, 0.0, 1.0],
                [0.996881, -0.00133, 0.078914, 0.109936, -0.024875, -0.954186, 0.298153, 0.026231, 0.074905, -0.299163, -0.951225, 0.092224, 0.0, 0.0, 0.0, 1.0],
                [0.996451, -0.026803, 0.079797, 0.109936, -0.029578, -0.99898, 0.033826, 0.026231, 0.078812, -0.03604, -0.99621, 0.092224, 0.0, 0.0, 0.0, 1.0],
                [0.996119, -0.023575, 0.084803, 0.109936, -0.033745, -0.992119, 0.12059, 0.026231, 0.081295, -0.122958, -0.989047, 0.092224, 0.0, 0.0, 0.0, 1.0],
                [0.995778, -0.002452, 0.09176, 0.109936, -0.039672, -0.912947, 0.406128, 0.026231, 0.082779, -0.408033, -0.909171, 0.092224, 0.0, 0.0, 0.0, 1.0],
                [0.995638, 0.009071, 0.092862, 0.109936, -0.042272, -0.843399, 0.53561, 0.026231, 0.083181, -0.537181, -0.839317, 0.092224, 0.0, 0.0, 0.0, 1.0],
                [0.995656, 0.008145, 0.092753, 0.109936, -0.041765, -0.851255, 0.523075, 0.026231, 0.08322, -0.524658, -0.847197, 0.092224, 0.0, 0.0, 0.0, 1.0],
                [0.995704, 0.005549, 0.092429, 0.109936, -0.040385, -0.872229, 0.487414, 0.026231, 0.083327, -0.489034, -0.868238, 0.092224, 0.0, 0.0, 0.0, 1.0],
                [0.995751, 0.002712, 0.092041, 0.109936, -0.038954, -0.893309, 0.44774, 0.026231, 0.083438, -0.449403, -0.889387, 0.092224, 0.0, 0.0, 0.0, 1.0],
                [0.995796, -0.000233, 0.091601, 0.109936, -0.037561, -0.913092, 0.406005, 0.026231, 0.083549, -0.40772, -0.909241, 0.092224, 0.0, 0.0, 0.0, 1.0],
                [0.995836, -0.003225, 0.091105, 0.109936, -0.03623, -0.931056, 0.363059, 0.026231, 0.083656, -0.364828, -0.927273, 0.092224, 0.0, 0.0, 0.0, 1.0],
                [0.995871, -0.006133, 0.090572, 0.109936, -0.035021, -0.946431, 0.320986, 0.026231, 0.083755, -0.322812, -0.942715, 0.092224, 0.0, 0.0, 0.0, 1.0],
                [0.995898, -0.008653, 0.090066, 0.109936, -0.034041, -0.958105, 0.28437, 0.02623, 0.083836, -0.286249, -0.954446, 0.092224, 0.0, 0.0, 0.0, 1.0],
                [0.995921, -0.011099, 0.089534, 0.109936, -0.033151, -0.967991, 0.248765, 0.026231, 0.083911, -0.250698, -0.964387, 0.092224, 0.0, 0.0, 0.0, 1.0],
                [0.995951, -0.014477, 0.088725, 0.109936, -0.031998, -0.979394, 0.199385, 0.026231, 0.084013, -0.201395, -0.975866, 0.092224, 0.0, 0.0, 0.0, 1.0],
                [0.995989, -0.019791, 0.087262, 0.109936, -0.030383, -0.992086, 0.121791, 0.02623, 0.084165, -0.123932, -0.988681, 0.092224, 0.0, 0.0, 0.0, 1.0],
                [0.996025, -0.026433, 0.085064, 0.109936, -0.028683, -0.999262, 0.025351, 0.026231, 0.084334, -0.027668, -0.99602, 0.092224, 0.0, 0.0, 0.0, 1.0],
                [0.996047, -0.032037, 0.082847, 0.109936, -0.027496, -0.998082, -0.055358, 0.026231, 0.084465, 0.052884, -0.994989, 0.092224, 0.0, 0.0, 0.0, 1.0],
                [0.996058, -0.035418, 0.081331, 0.109936, -0.02688, -0.994234, -0.10375, 0.026231, 0.08454, 0.101176, -0.991237, 0.092224, 0.0, 0.0, 0.0, 1.0],
                [0.996062, -0.037337, 0.080408, 0.109936, -0.026558, -0.991001, -0.131146, 0.026231, 0.084584, 0.128516, -0.988061, 0.092224, 0.0, 0.0, 0.0, 1.0],
                [0.996065, -0.038875, 0.079636, 0.109936, -0.026312, -0.987854, -0.153103, 0.026231, 0.084624, 0.150427, -0.98496, 0.092224, 0.0, 0.0, 0.0, 1.0],
                [0.996069, -0.040533, 0.078765, 0.109936, -0.02607, -0.983925, -0.176633, 0.02623, 0.084662, 0.173907, -0.981083, 0.092224, 0.0, 0.0, 0.0, 1.0],
                [0.996071, -0.042128, 0.077892, 0.109936, -0.02585, -0.979607, -0.199224, 0.026231, 0.0847, 0.19645, -0.976816, 0.092224, 0.0, 0.0, 0.0, 1.0],
                [0.99607, -0.042364, 0.077786, 0.109936, -0.025788, -0.978861, -0.202864, 0.02623, 0.084739, 0.200082, -0.976075, 0.092224, 0.0, 0.0, 0.0, 1.0],
                [0.9939, -0.026332, 0.107094, 0.110095, -0.009528, -0.987946, -0.154466, 0.025923, 0.109875, 0.152525, -0.98214, 0.091248, 0.0, 0.0, 0.0, 1.0],
                [0.985754, 0.013797, 0.167617, 0.11044, 0.027339, -0.996515, -0.078732, 0.025259, 0.165954, 0.082215, -0.982668, 0.089139, 0.0, 0.0, 0.0, 1.0],
                [0.968101, 0.07398, 0.239381, 0.110868, 0.076299, -0.997079, -0.000396, 0.024432, 0.238662, 0.01867, -0.970892, 0.086516, 0.0, 0.0, 0.0, 1.0],
                [0.938599, 0.148875, 0.311221, 0.111331, 0.131803, -0.988404, 0.075335, 0.023538, 0.31884, -0.029667, -0.947314, 0.083679, 0.0, 0.0, 0.0, 1.0],
                [0.897997, 0.230489, 0.374784, 0.111799, 0.187988, -0.971128, 0.146832, 0.022635, 0.397822, -0.061377, -0.915378, 0.080811, 0.0, 0.0, 0.0, 1.0],
                [0.851045, 0.309285, 0.42432, 0.112251, 0.238767, -0.947673, 0.211889, 0.021763, 0.467668, -0.078992, -0.88034, 0.078043, 0.0, 0.0, 0.0, 1.0],
                [0.805768, 0.376348, 0.457249, 0.112669, 0.278904, -0.922269, 0.267625, 0.020956, 0.522446, -0.088094, -0.848083, 0.075482, 0.0, 0.0, 0.0, 1.0],
                [0.771506, 0.424391, 0.473966, 0.113037, 0.304686, -0.900469, 0.310343, 0.020245, 0.55852, -0.094999, -0.824008, 0.073227, 0.0, 0.0, 0.0, 1.0],
                [0.757108, 0.447739, 0.475699, 0.113339, 0.313558, -0.88788, 0.336662, 0.019662, 0.573122, -0.10571, -0.812599, 0.071377, 0.0, 0.0, 0.0, 1.0],
                [0.756601, 0.453227, 0.471288, 0.113536, 0.312344, -0.883746, 0.34846, 0.019283, 0.574453, -0.116422, -0.810191, 0.070173, 0.0, 0.0, 0.0, 1.0],
                [0.757988, 0.454846, 0.467484, 0.113686, 0.309291, -0.881668, 0.356358, 0.018993, 0.574276, -0.125507, -0.808959, 0.069255, 0.0, 0.0, 0.0, 1.0],
                [0.76083, 0.453742, 0.463929, 0.11381, 0.304807, -0.881011, 0.361806, 0.018753, 0.572915, -0.133844, -0.808588, 0.068493, 0.0, 0.0, 0.0, 1.0],
                [0.764545, 0.45125, 0.460236, 0.113931, 0.299417, -0.880966, 0.366388, 0.01852, 0.570806, -0.142298, -0.808635, 0.067752, 0.0, 0.0, 0.0, 1.0],
                [0.768587, 0.448564, 0.456113, 0.114067, 0.293629, -0.880797, 0.371443, 0.018258, 0.56838, -0.151538, -0.808664, 0.066919, 0.0, 0.0, 0.0, 1.0],
                [0.772541, 0.44653, 0.451403, 0.11423, 0.287838, -0.879973, 0.377874, 0.017944, 0.565976, -0.161973, -0.808327, 0.065923, 0.0, 0.0, 0.0, 1.0],
                [0.776338, 0.444394, 0.446976, 0.114382, 0.282422, -0.879233, 0.383638, 0.017651, 0.563504, -0.171577, -0.808073, 0.064992, 0.0, 0.0, 0.0, 1.0],
                [0.779474, 0.442423, 0.44346, 0.114501, 0.278068, -0.878737, 0.387932, 0.017421, 0.561336, -0.179052, -0.80796, 0.064264, 0.0, 0.0, 0.0, 1.0],
                [0.782794, 0.440288, 0.439722, 0.114627, 0.27354, -0.878187, 0.392372, 0.017177, 0.558936, -0.186846, -0.807858, 0.06349, 0.0, 0.0, 0.0, 1.0],
                [0.786925, 0.437668, 0.43494, 0.11479, 0.267997, -0.877364, 0.397997, 0.016862, 0.555812, -0.196613, -0.807696, 0.062491, 0.0, 0.0, 0.0, 1.0],
                [0.792344, 0.434231, 0.428499, 0.115012, 0.260901, -0.876111, 0.405404, 0.016435, 0.551473, -0.209405, -0.807454, 0.061134, 0.0, 0.0, 0.0, 1.0],
                [0.79942, 0.429601, 0.419938, 0.115307, 0.251967, -0.874328, 0.414795, 0.015864, 0.54538, -0.225767, -0.807182, 0.059323, 0.0, 0.0, 0.0, 1.0],
                [0.808445, 0.423325, 0.40889, 0.115689, 0.241148, -0.871993, 0.425992, 0.015128, 0.536903, -0.245771, -0.807022, 0.056986, 0.0, 0.0, 0.0, 1.0],
                [0.821907, 0.413012, 0.392262, 0.116263, 0.226217, -0.868697, 0.440662, 0.014021, 0.522776, -0.27343, -0.807398, 0.053472, 0.0, 0.0, 0.0, 1.0],
                [0.837942, 0.399142, 0.372183, 0.116944, 0.210308, -0.86547, 0.45467, 0.012706, 0.50361, -0.302699, -0.809134, 0.049298, 0.0, 0.0, 0.0, 1.0],
                [0.854818, 0.382758, 0.35038, 0.117672, 0.195713, -0.863163, 0.465446, 0.0113, 0.480607, -0.329283, -0.812733, 0.044837, 0.0, 0.0, 0.0, 1.0],
                [0.870022, 0.366496, 0.32974, 0.118352, 0.184473, -0.86227, 0.47165, 0.009988, 0.4572, -0.349504, -0.817777, 0.040672, 0.0, 0.0, 0.0, 1.0],
                [0.882157, 0.3525, 0.312296, 0.118923, 0.176868, -0.862573, 0.474004, 0.008886, 0.436481, -0.362899, -0.823244, 0.037173, 0.0, 0.0, 0.0, 1.0],
                [0.890872, 0.342056, 0.298885, 0.119364, 0.17225, -0.863236, 0.474498, 0.008035, 0.420329, -0.371222, -0.827924, 0.034473, 0.0, 0.0, 0.0, 1.0],
                [0.898146, 0.332979, 0.287138, 0.119751, 0.168975, -0.864302, 0.473734, 0.007289, 0.405933, -0.376952, -0.832505, 0.032106, 0.0, 0.0, 0.0, 1.0],
                [0.904452, 0.324856, 0.27645, 0.120104, 0.166609, -0.865645, 0.472117, 0.006607, 0.392692, -0.380937, -0.837029, 0.029942, 0.0, 0.0, 0.0, 1.0],
                [0.910277, 0.317128, 0.266114, 0.120447, 0.164854, -0.867313, 0.469665, 0.005944, 0.379762, -0.383646, -0.841745, 0.027838, 0.0, 0.0, 0.0, 1.0],
                [0.915994, 0.309261, 0.255545, 0.120801, 0.163558, -0.869524, 0.466016, 0.005261, 0.366337, -0.385063, -0.84703, 0.025671, 0.0, 0.0, 0.0, 1.0],
                [0.921821, 0.300929, 0.244295, 0.121178, 0.162702, -0.872471, 0.460779, 0.004533, 0.351815, -0.385, -0.853192, 0.02336, 0.0, 0.0, 0.0, 1.0],
                [0.927706, 0.292212, 0.232308, 0.121586, 0.162407, -0.876259, 0.453639, 0.003747, 0.336133, -0.383108, -0.860336, 0.020864, 0.0, 0.0, 0.0, 1.0],
                [0.933506, 0.283187, 0.219919, 0.122013, 0.162722, -0.881161, 0.443928, 0.002922, 0.319511, -0.378617, -0.868617, 0.018247, 0.0, 0.0, 0.0, 1.0],
                [0.938739, 0.274681, 0.208121, 0.12243, 0.163637, -0.886771, 0.432268, 0.002118, 0.303303, -0.371724, -0.87736, 0.015695, 0.0, 0.0, 0.0, 1.0],
                [0.943127, 0.267227, 0.19773, 0.12281, 0.164975, -0.892646, 0.419478, 0.001385, 0.288609, -0.362996, -0.88593, 0.013367, 0.0, 0.0, 0.0, 1.0],
                [0.947007, 0.260416, 0.188032, 0.123182, 0.166752, -0.898924, 0.405122, 0.000666, 0.274537, -0.352295, -0.894678, 0.011085, 0.0, 0.0, 0.0, 1.0],
                [0.950784, 0.253379, 0.178337, 0.123578, 0.169066, -0.906581, 0.386683, -9.8e-05, 0.259664, -0.337499, -0.904765, 0.008662, 0.0, 0.0, 0.0, 1.0],
                [0.954192, 0.246485, 0.169589, 0.123968, 0.171748, -0.915388, 0.364092, -0.000851, 0.244992, -0.318285, -0.915753, 0.006271, 0.0, 0.0, 0.0, 1.0],
                [0.957093, 0.239903, 0.162533, 0.124333, 0.174588, -0.925059, 0.337315, -0.001556, 0.231284, -0.294465, -0.927215, 0.004036, 0.0, 0.0, 0.0, 1.0],
                [0.959397, 0.233746, 0.157853, 0.124651, 0.177307, -0.935057, 0.306964, -0.002169, 0.219361, -0.266512, -0.938499, 0.002089, 0.0, 0.0, 0.0, 1.0],
                [0.960998, 0.228453, 0.155851, 0.124891, 0.179499, -0.943983, 0.276901, -0.002631, 0.210387, -0.238127, -0.948135, 0.000622, 0.0, 0.0, 0.0, 1.0],
                [0.961653, 0.225772, 0.155718, 0.124994, 0.180479, -0.948441, 0.260546, -0.002831, 0.206521, -0.222452, -0.952781, -1.2e-05, 0.0, 0.0, 0.0, 1.0],
                [0.961653, 0.225772, 0.155718, 0.124994, 0.180479, -0.948441, 0.260546, -0.002831, 0.206521, -0.222452, -0.952781, -1.2e-05, 0.0, 0.0, 0.0, 1.0],
                [0.961653, 0.225772, 0.155718, 0.124994, 0.180479, -0.948441, 0.260546, -0.002831, 0.206521, -0.222452, -0.952781, -1.2e-05, 0.0, 0.0, 0.0, 1.0],
                [0.961653, 0.225772, 0.155718, 0.124994, 0.180479, -0.948441, 0.260546, -0.002831, 0.206521, -0.222452, -0.952781, -1.2e-05, 0.0, 0.0, 0.0, 1.0]
            ]
        },
        {
            "name": "Leg_R",
            "time": [0.0, 0.0167, 0.0333, 0.05, 0.0667, 0.0833, 0.1, 0.1167, 0.1333, 0.15, 0.1667, 0.1833, 0.2, 0.2167, 0.2333, 0.25, 0.2667, 0.2833, 0.3, 0.3167, 0.3333, 0.35, 0.3667, 0.3833, 0.4, 0.4167, 0.4333, 0.45, 0.4667, 0.4833, 0.5, 0.5167, 0.5333, 0.55, 0.5667, 0.5833, 0.6, 0.6167, 0.6333, 0.65, 0.6667, 0.6833, 0.7, 0.7167, 0.7333, 0.75, 0.7667, 0.7833, 0.8, 0.8167, 0.8333, 0.85, 0.8667, 0.8833, 0.9, 0.9167, 0.9333, 0.95, 0.9667, 0.9833, 1.0, 1.0167, 1.0333, 1.05, 1.0667, 1.0833, 1.1, 1.1167, 1.1333, 1.15, 1.1667, 1.1833, 1.2, 1.2167, 1.2333, 1.25, 1.2667, 1.2833],
            "transform": [
                [0.999998, -0.001072, -0.001552, -0.0, 0.001182, -0.284664, 0.958614, 0.375166, -0.001469, -0.958638, -0.284654, -0.0, 0.0, 0.0, 0.0, 1.0],
                [0.999998, -0.001074, -0.001544, -0.0, 0.001185, -0.277709, 0.960652, 0.375166, -0.001461, -0.960676, -0.277699, -0.0, 0.0, 0.0, 0.0, 1.0],
                [0.999998, -0.001081, -0.001519, -0.0, 0.001192, -0.255588, 0.966772, 0.375166, -0.001434, -0.966797, -0.255578, -0.0, 0.0, 0.0, 0.0, 1.0],
                [0.999998, -0.001104, -0.001409, 0.0, 0.001218, -0.15722, 0.987549, 0.375166, -0.001312, -0.987577, -0.157211, 0.0, 0.0, 0.0, 0.0, 1.0],
                [0.999998, -0.0011, -0.001433, 0.0, 0.001213, -0.178612, 0.983905, 0.375166, -0.001339, -0.983932, -0.178603, 0.0, 0.0, 0.0, 0.0, 1.0],
                [0.999998, -0.0011, -0.001436, 0.0, 0.001213, -0.181595, 0.983359, 0.375166, -0.001342, -0.983386, -0.181585, 0.0, 0.0, 0.0, 0.0, 1.0],
                [0.999998, -0.001103, -0.001419, 0.0, 0.001216, -0.166394, 0.986045, 0.375166, -0.001323, -0.986072, -0.166384, -0.0, 0.0, 0.0, 0.0, 1.0],
                [0.999998, -0.001098, -0.001447, -0.0, 0.001211, -0.191376, 0.981502, 0.375166, -0.001354, -0.981529, -0.191367, -0.0, 0.0, 0.0, 0.0, 1.0],
                [0.999999, -0.001114, -0.001334, -0.0, 0.001228, -0.090046, 0.995922, 0.375166, -0.001229, -0.995953, -0.090037, 0.0, 0.0, 0.0, 0.0, 1.0],
                [0.999999, -0.001113, -0.001122, 0.0, 0.001227, 0.099531, 0.995018, 0.375166, -0.000996, -0.995053, 0.099541, -0.0, 0.0, 0.0, 0.0, 1.0],
                [0.999999, -0.001117, -0.00119, 0.0, 0.001232, 0.038908, 0.999227, 0.375166, -0.00107, -0.99926, 0.038918, -0.0, 0.0, 0.0, 0.0, 1.0],
                [0.999998, -0.001103, -0.001416, -0.0, 0.001217, -0.163015, 0.986608, 0.375166, -0.001319, -0.986637, -0.163005, 0.0, 0.0, 0.0, 0.0, 1.0],
                [0.999998, -0.001088, -0.001492, 0.0, 0.0012, -0.231796, 0.97275, 0.375166, -0.001404, -0.972776, -0.231787, -0.0, 0.0, 0.0, 0.0, 1.0],
                [0.999998, -0.001092, -0.001473, -0.0, 0.001205, -0.214313, 0.97675, 0.375166, -0.001383, -0.976777, -0.214304, -0.0, 0.0, 0.0, 0.0, 1.0],
                [0.999998, -0.001103, -0.001416, 0.0, 0.001217, -0.163841, 0.986472, 0.375166, -0.00132, -0.986501, -0.163831, 0.0, 0.0, 0.0, 0.0, 1.0],
                [0.999999, -0.001112, -0.001352, -0.0, 0.001226, -0.106509, 0.994296, 0.375166, -0.00125, -0.994326, -0.1065, -0.0, 0.0, 0.0, 0.0, 1.0],
                [0.999998, -0.001117, -0.001284, -0.0, 0.001232, -0.045017, 0.998971, 0.375166, -0.001174, -0.999002, -0.045007, 0.0, 0.0, 0.0, 0.0, 1.0],
                [0.999999, -0.001118, -0.001212, -0.0, 0.001233, 0.019243, 0.999799, 0.375166, -0.001095, -0.999832, 0.019253, 0.0, 0.0, 0.0, 0.0, 1.0],
                [0.999999, -0.001114, -0.001141, -0.0, 0.001229, 0.082961, 0.996537, 0.375166, -0.001016, -0.996571, 0.082972, -0.0, 0.0, 0.0, 0.0, 1.0],
                [0.999999, -0.001107, -0.001078, 0.0, 0.001221, 0.138766, 0.990309, 0.375166, -0.000947, -0.990344, 0.138777, 0.0, 0.0, 0.0, 0.0, 1.0],
                [0.999999, -0.001097, -0.001017, -0.0, 0.00121, 0.193245, 0.981134, 0.375166, -0.00088, -0.98117, 0.193256, 0.0, 0.0, 0.0, 0.0, 1.0],
                [0.999999, -0.001077, -0.000932, 0.0, 0.001188, 0.26904, 0.963112, 0.375166, -0.000787, -0.963149, 0.269053, -0.0, 0.0, 0.0, 0.0, 1.0],
                [0.999999, -0.001031, -0.0008, 0.0, 0.001137, 0.387188, 0.921983, 0.375166, -0.000641, -0.922022, 0.387201, 0.0, 0.0, 0.0, 0.0, 1.0],
                [0.999999, -0.000949, -0.000641, -0.0, 0.001046, 0.529338, 0.848392, 0.375166, -0.000466, -0.848431, 0.529351, -0.0, 0.0, 0.0, 0.0, 1.0],
                [1.0, -0.000858, -0.000516, -0.0, 0.000946, 0.641553, 0.767059, 0.375166, -0.000327, -0.767097, 0.641566, 0.0, 0.0, 0.0, 0.0, 1.0],
                [1.0, -0.000793, -0.000445, 0.0, 0.000875, 0.7048, 0.709386, 0.375166, -0.000249, -0.709422, 0.704812, -0.0, 0.0, 0.0, 0.0, 1.0],
                [1.0, -0.000753, -0.000407, 0.0, 0.000831, 0.739083, 0.673595, 0.375166, -0.000207, -0.67363, 0.739094, 0.0, 0.0, 0.0, 0.0, 1.0],
                [1.0, -0.000719, -0.000377, -0.0, 0.000793, 0.765821, 0.643035, 0.375166, -0.000174, -0.643068, 0.765831, -0.0, 0.0, 0.0, 0.0, 1.0],
                [1.0, -0.000681, -0.000346, 0.0, 0.000751, 0.793167, 0.608985, 0.375167, -0.00014, -0.609017, 0.793177, -0.0, 0.0, 0.0, 0.0, 1.0],
                [1.0, -0.000643, -0.000318, 0.0, 0.000709, 0.818367, 0.574678, 0.375166, -0.000109, -0.574708, 0.818376, -0.0, 0.0, 0.0, 0.0, 1.0],
                [0.999999, -0.000634, -0.000312, 0.0, 0.000699, 0.823901, 0.566716, 0.375166, -0.000102, -0.566746, 0.823909, 0.0, 0.0, 0.0, 0.0, 1.0],
                [1.0, -0.000719, -0.000377, 0.0, 0.000793, 0.765949, 0.642882, 0.375166, -0.000174, -0.642915, 0.76596, 0.0, 0.0, 0.0, 0.0, 1.0],
                [1.0, -0.000842, -0.000498, -0.0, 0.000929, 0.657933, 0.753056, 0.375166, -0.000307, -0.753094, 0.657946, 0.0, 0.0, 0.0, 0.0, 1.0],
                [0.999999, -0.000945, -0.000635, 0.0, 0.001042, 0.534929, 0.844878, 0.375166, -0.000459, -0.844917, 0.534942, -0.0, 0.0, 0.0, 0.0, 1.0],
                [0.999999, -0.001018, -0.000771, -0.0, 0.001123, 0.41333, 0.910563, 0.375166, -0.000609, -0.910602, 0.413343, -0.0, 0.0, 0.0, 0.0, 1.0],
                [0.999999, -0.001066, -0.000896, -0.0, 0.001176, 0.302046, 0.953276, 0.375166, -0.000746, -0.953314, 0.302059, 0.0, 0.0, 0.0, 0.0, 1.0],
                [0.999999, -0.001094, -0.001002, 0.0, 0.001207, 0.206635, 0.978401, 0.375166, -0.000863, -0.978438, 0.206646, 0.0, 0.0, 0.0, 0.0, 1.0],
                [0.999999, -0.001109, -0.001087, 0.0, 0.001223, 0.130444, 0.991439, 0.375166, -0.000957, -0.991475, 0.130455, 0.0, 0.0, 0.0, 0.0, 1.0],
                [0.999999, -0.001115, -0.001147, 0.0, 0.00123, 0.07693, 0.99702, 0.375166, -0.001024, -0.997055, 0.07694, -0.0, 0.0, 0.0, 0.0, 1.0],
                [0.999999, -0.001117, -0.001178, -0.0, 0.001232, 0.049253, 0.99877, 0.375166, -0.001057, -0.998805, 0.049263, -0.0, 0.0, 0.0, 0.0, 1.0],
                [0.999999, -0.001117, -0.001186, 0.0, 0.001232, 0.041895, 0.999106, 0.375166, -0.001067, -0.99914, 0.041905, -0.0, 0.0, 0.0, 0.0, 1.0],
                [0.999999, -0.001117, -0.001187, 0.0, 0.001232, 0.041227, 0.999134, 0.375166, -0.001067, -0.999167, 0.041237, -0.0, 0.0, 0.0, 0.0, 1.0],
                [0.999999, -0.001117, -0.001183, -0.0, 0.001232, 0.045366, 0.998955, 0.375166, -0.001062, -0.998988, 0.045376, -0.0, 0.0, 0.0, 0.0, 1.0],
                [0.999999, -0.001117, -0.001175, 0.0, 0.001232, 0.052127, 0.998625, 0.375166, -0.001054, -0.998658, 0.052137, 0.0, 0.0, 0.0, 0.0, 1.0],
                [0.999999, -0.001116, -0.001167, -0.0, 0.001231, 0.059548, 0.99821, 0.375166, -0.001045, -0.998244, 0.059558, -0.0, 0.0, 0.0, 0.0, 1.0],
                [0.999999, -0.001116, -0.001159, 0.0, 0.001231, 0.066212, 0.997789, 0.375166, -0.001037, -0.997824, 0.066223, -0.0, 0.0, 0.0, 0.0, 1.0],
                [0.999999, -0.001115, -0.001152, 0.0, 0.00123, 0.072935, 0.997321, 0.375166, -0.001028, -0.997355, 0.072945, 0.0, 0.0, 0.0, 0.0, 1.0],
                [0.999999, -0.001115, -0.001145, 0.0, 0.001229, 0.078805, 0.996874, 0.375166, -0.001021, -0.996908, 0.078815, -0.0, 0.0, 0.0, 0.0, 1.0],
                [0.999999, -0.001114, -0.001138, 0.0, 0.001229, 0.085159, 0.996351, 0.375166, -0.001013, -0.996385, 0.085169, 0.0, 0.0, 0.0, 0.0, 1.0],
                [0.999999, -0.001113, -0.001129, 0.0, 0.001228, 0.093156, 0.995636, 0.375166, -0.001004, -0.995669, 0.093167, 0.0, 0.0, 0.0, 0.0, 1.0],
                [0.999999, -0.001112, -0.001117, -0.0, 0.001227, 0.10388, 0.994574, 0.375166, -0.00099, -0.994609, 0.10389, 0.0, 0.0, 0.0, 0.0, 1.0],
                [0.999999, -0.00111, -0.001101, -0.0, 0.001225, 0.118463, 0.992943, 0.375166, -0.000972, -0.992977, 0.118474, -0.0, 0.0, 0.0, 0.0, 1.0],
                [0.999999, -0.001108, -0.001079, 0.0, 0.001221, 0.1382, 0.990388, 0.375166, -0.000948, -0.990424, 0.138211, -0.0, 0.0, 0.0, 0.0, 1.0],
                [0.999999, -0.001102, -0.001043, -0.0, 0.001215, 0.170481, 0.985345, 0.375166, -0.000908, -0.98538, 0.170491, 0.0, 0.0, 0.0, 0.0, 1.0],
                [0.999999, -0.001092, -0.000995, 0.0, 0.001205, 0.21342, 0.976944, 0.375166, -0.000855, -0.97698, 0.213432, -0.0, 0.0, 0.0, 0.0, 1.0],
                [0.999999, -0.001078, -0.000937, 0.0, 0.001189, 0.264635, 0.964332, 0.375166, -0.000792, -0.964369, 0.264647, 0.0, 0.0, 0.0, 0.0, 1.0],
                [0.999999, -0.001061, -0.000879, 0.0, 0.00117, 0.316893, 0.948444, 0.375166, -0.000727, -0.948481, 0.316905, 0.0, 0.0, 0.0, 0.0, 1.0],
                [0.999999, -0.001042, -0.000827, -0.0, 0.001149, 0.363712, 0.931494, 0.375166, -0.00067, -0.931532, 0.363725, 0.0, 0.0, 0.0, 0.0, 1.0],
                [0.999999, -0.001025, -0.000786, -0.0, 0.00113, 0.400417, 0.916315, 0.375166, -0.000624, -0.916353, 0.40043, -0.0, 0.0, 0.0, 0.0, 1.0],
                [0.999999, -0.001008, -0.000749, -0.0, 0.001111, 0.433512, 0.90113, 0.375166, -0.000584, -0.901168, 0.433525, -0.0, 0.0, 0.0, 0.0, 1.0],
                [0.999999, -0.00099, -0.000714, -0.0, 0.001092, 0.464299, 0.88566, 0.375166, -0.000546, -0.885698, 0.464313, -0.0, 0.0, 0.0, 0.0, 1.0],
                [0.999999, -0.000972, -0.00068, -0.0, 0.001072, 0.494732, 0.869027, 0.375166, -0.000508, -0.869065, 0.494746, -0.0, 0.0, 0.0, 0.0, 1.0],
                [0.999999, -0.00095, -0.000644, 0.0, 0.001048, 0.526919, 0.849897, 0.375166, -0.000469, -0.849935, 0.526932, -0.0, 0.0, 0.0, 0.0, 1.0],
                [0.999999, -0.000925, -0.000604, 0.0, 0.00102, 0.562236, 0.826958, 0.375166, -0.000425, -0.826996, 0.56225, -0.0, 0.0, 0.0, 0.0, 1.0],
                [1.0, -0.000894, -0.000561, 0.0, 0.000986, 0.601077, 0.799172, 0.375166, -0.000377, -0.799209, 0.60109, -0.0, 0.0, 0.0, 0.0, 1.0],
                [1.0, -0.000856, -0.000514, 0.0, 0.000944, 0.643288, 0.765605, 0.375166, -0.000325, -0.765641, 0.643301, -0.0, 0.0, 0.0, 0.0, 1.0],
                [1.0, -0.000814, -0.000467, -0.0, 0.000898, 0.685349, 0.728195, 0.375166, -0.000273, -0.728231, 0.685361, -0.0, 0.0, 0.0, 0.0, 1.0],
                [1.0, -0.000771, -0.000423, 0.0, 0.00085, 0.72441, 0.689351, 0.375166, -0.000225, -0.689385, 0.724421, 0.0, 0.0, 0.0, 0.0, 1.0],
                [1.0, -0.000723, -0.000381, 0.0, 0.000798, 0.762518, 0.646948, 0.375166, -0.000178, -0.64698, 0.762529, 0.0, 0.0, 0.0, 0.0, 1.0],
                [1.0, -0.000665, -0.000334, 0.0, 0.000734, 0.803808, 0.594872, 0.375166, -0.000127, -0.594902, 0.803816, 0.0, 0.0, 0.0, 0.0, 1.0],
                [1.0, -0.000597, -0.000288, -0.0, 0.000658, 0.845599, 0.533802, 0.375166, -7.5e-05, -0.533828, 0.845607, -0.0, 0.0, 0.0, 0.0, 1.0],
                [1.0, -0.000519, -0.000243, 0.0, 0.000573, 0.885677, 0.464288, 0.375166, -2.6e-05, -0.464311, 0.885683, -0.0, 0.0, 0.0, 0.0, 1.0],
                [1.0, -0.000434, -0.000203, 0.0, 0.000479, 0.921469, 0.38844, 0.375166, 1.8e-05, -0.388457, 0.921473, -0.0, 0.0, 0.0, 0.0, 1.0],
                [1.0, -0.000353, -0.000172, 0.0, 0.000389, 0.94884, 0.315747, 0.375166, 5.2e-05, -0.315759, 0.948843, 0.0, 0.0, 0.0, 0.0, 1.0],
                [1.0, -0.00031, -0.000159, -0.0, 0.000342, 0.960817, 0.277175, 0.375166, 6.7e-05, -0.277184, 0.960819, 0.0, 0.0, 0.0, 0.0, 1.0],
                [1.0, -0.00031, -0.000159, -0.0, 0.000342, 0.960817, 0.277175, 0.375166, 6.7e-05, -0.277184, 0.960819, 0.0, 0.0, 0.0, 0.0, 1.0],
                [1.0, -0.00031, -0.000159, -0.0, 0.000342, 0.960817, 0.277175, 0.375166, 6.7e-05, -0.277184, 0.960819, 0.0, 0.0, 0.0, 0.0, 1.0],
                [1.0, -0.00031, -0.000159, 0.0, 0.000342, 0.960817, 0.277175, 0.375166, 6.7e-05, -0.277184, 0.960819, 0.0, 0.0, 0.0, 0.0, 1.0]
            ]
        },
        {
            "name": "Knee_R",
            "time": [0.0, 0.0167, 0.0333, 0.05, 0.0667, 0.0833, 0.1, 0.1167, 0.1333, 0.15, 0.1667, 0.1833, 0.2, 0.2167, 0.2333, 0.25, 0.2667, 0.2833, 0.3, 0.3167, 0.3333, 0.35, 0.3667, 0.3833, 0.4, 0.4167, 0.4333, 0.45, 0.4667, 0.4833, 0.5, 0.5167, 0.5333, 0.55, 0.5667, 0.5833, 0.6, 0.6167, 0.6333, 0.65, 0.6667, 0.6833, 0.7, 0.7167, 0.7333, 0.75, 0.7667, 0.7833, 0.8, 0.8167, 0.8333, 0.85, 0.8667, 0.8833, 0.9, 0.9167, 0.9333, 0.95, 0.9667, 0.9833, 1.0, 1.0167, 1.0333, 1.05, 1.0667, 1.0833, 1.1, 1.1167, 1.1333, 1.15, 1.1667, 1.1833, 1.2, 1.2167, 1.2333, 1.25, 1.2667, 1.2833],
            "transform": [
                [1.0, -5.7e-05, 5.4e-05, -0.0, 5.7e-05, 0.048757, -0.998811, 0.375166, 5.4e-05, 0.998811, 0.048757, -0.0, 0.0, 0.0, 0.0, 1.0],
                [1.0, -5.7e-05, 5.4e-05, -0.0, 5.7e-05, 0.048757, -0.998811, 0.375166, 5.4e-05, 0.998811, 0.048757, -0.0, 0.0, 0.0, 0.0, 1.0],
                [1.0, -5.7e-05, 5.4e-05, -0.0, 5.7e-05, 0.048757, -0.998811, 0.375166, 5.4e-05, 0.998811, 0.048757, -0.0, 0.0, 0.0, 0.0, 1.0],
                [1.0, -5.7e-05, 5.4e-05, 0.0, 5.7e-05, 0.048757, -0.998811, 0.375166, 5.4e-05, 0.998811, 0.048757, 0.0, 0.0, 0.0, 0.0, 1.0],
                [1.0, -5.7e-05, 5.4e-05, 0.0, 5.7e-05, 0.048757, -0.998811, 0.375166, 5.4e-05, 0.998811, 0.048757, 0.0, 0.0, 0.0, 0.0, 1.0],
                [1.0, -5.7e-05, 5.4e-05, 0.0, 5.7e-05, 0.048757, -0.998811, 0.375166, 5.4e-05, 0.998811, 0.048757, 0.0, 0.0, 0.0, 0.0, 1.0],
                [1.0, -5.7e-05, 5.4e-05, 0.0, 5.7e-05, 0.048757, -0.998811, 0.375166, 5.4e-05, 0.998811, 0.048757, -0.0, 0.0, 0.0, 0.0, 1.0],
                [1.0, -5.7e-05, 5.4e-05, -0.0, 5.7e-05, 0.048757, -0.998811, 0.375166, 5.4e-05, 0.998811, 0.048757, -0.0, 0.0, 0.0, 0.0, 1.0],
                [1.0, -5.7e-05, 5.4e-05, -0.0, 5.7e-05, 0.048757, -0.998811, 0.375166, 5.4e-05, 0.998811, 0.048757, 0.0, 0.0, 0.0, 0.0, 1.0],
                [1.0, -5.7e-05, 5.4e-05, 0.0, 5.7e-05, 0.048757, -0.998811, 0.375166, 5.4e-05, 0.998811, 0.048757, -0.0, 0.0, 0.0, 0.0, 1.0],
                [1.0, -5.7e-05, 5.4e-05, 0.0, 5.7e-05, 0.048757, -0.998811, 0.375166, 5.4e-05, 0.998811, 0.048757, -0.0, 0.0, 0.0, 0.0, 1.0],
                [1.0, -5.7e-05, 5.4e-05, -0.0, 5.7e-05, 0.048757, -0.998811, 0.375166, 5.4e-05, 0.998811, 0.048757, 0.0, 0.0, 0.0, 0.0, 1.0],
                [1.0, -5.7e-05, 5.4e-05, 0.0, 5.7e-05, 0.048757, -0.998811, 0.375166, 5.4e-05, 0.998811, 0.048757, -0.0, 0.0, 0.0, 0.0, 1.0],
                [1.0, -5.7e-05, 5.4e-05, -0.0, 5.7e-05, 0.048757, -0.998811, 0.375166, 5.4e-05, 0.998811, 0.048757, -0.0, 0.0, 0.0, 0.0, 1.0],
                [1.0, -5.7e-05, 5.4e-05, 0.0, 5.7e-05, 0.048757, -0.998811, 0.375166, 5.4e-05, 0.998811, 0.048757, 0.0, 0.0, 0.0, 0.0, 1.0],
                [1.0, -5.7e-05, 5.4e-05, -0.0, 5.7e-05, 0.048757, -0.998811, 0.375166, 5.4e-05, 0.998811, 0.048757, -0.0, 0.0, 0.0, 0.0, 1.0],
                [1.0, -5.7e-05, 5.4e-05, -0.0, 5.7e-05, 0.048757, -0.998811, 0.375166, 5.4e-05, 0.998811, 0.048757, 0.0, 0.0, 0.0, 0.0, 1.0],
                [1.0, -5.7e-05, 5.4e-05, -0.0, 5.7e-05, 0.048757, -0.998811, 0.375166, 5.4e-05, 0.998811, 0.048757, 0.0, 0.0, 0.0, 0.0, 1.0],
