{
    "animation": [
        {
            "name": "Root",
            "time": [0.0, 0.0167, 0.0333, 0.05, 0.0667, 0.0833, 0.1, 0.1167, 0.1333, 0.15, 0.1667, 0.1833, 0.2, 0.2167, 0.2333, 0.25, 0.2667, 0.2833, 0.3, 0.3167, 0.3333, 0.35, 0.3667, 0.3833, 0.4, 0.4167, 0.4333, 0.45, 0.4667, 0.4833, 0.5, 0.5167, 0.5333, 0.55, 0.5667, 0.5833, 0.6, 0.6167, 0.6333, 0.65, 0.6667, 0.6833, 0.7, 0.7167, 0.7333, 0.75, 0.7667, 0.7833, 0.8, 0.8167, 0.8333, 0.85, 0.8667, 0.8833, 0.9, 0.9167, 0.9333, 0.95, 0.9667, 0.9833, 1.0, 1.0167, 1.0333, 1.05, 1.0667, 1.0833, 1.1, 1.1167, 1.1333, 1.15, 1.1667, 1.1833, 1.2, 1.2167, 1.2333, 1.25, 1.2667, 1.2833, 1.3, 1.3167, 1.3333, 1.35, 1.3667, 1.3833, 1.4, 1.4167, 1.4333, 1.45, 1.4667, 1.4833, 1.5, 1.5167, 1.5333],
            "transform": [
                [0.997526, 0.0, 0.070304, -5e-06, 0.070304, 0.0, -0.997526, 0.000946, 0.0, 1.0, 0.0, 0.517326, 0.0, 0.0, 0.0, 1.0],
                [0.997526, 0.0, 0.070304, -5e-06, 0.070304, 0.0, -0.997526, -0.007175, 0.0, 1.0, 0.0, 0.517326, 0.0, 0.0, 0.0, 1.0],
                [0.997526, 0.0, 0.070304, -5e-06, 0.070304, 0.0, -0.997526, -0.030811, 0.0, 1.0, 0.0, 0.517326, 0.0, 0.0, 0.0, 1.0],
                [0.997526, 0.0, 0.070304, -5e-06, 0.070304, 0.0, -0.997526, -0.064789, 0.0, 1.0, 0.0, 0.517326, 0.0, 0.0, 0.0, 1.0],
                [0.997526, 0.0, 0.070304, -5e-06, 0.070304, 0.0, -0.997526, -0.098768, 0.0, 1.0, 0.0, 0.517326, 0.0, 0.0, 0.0, 1.0],
                [0.997526, 0.0, 0.070304, -5e-06, 0.070304, 0.0, -0.997526, -0.122404, 0.0, 1.0, 0.0, 0.517326, 0.0, 0.0, 0.0, 1.0],
                [0.997526, 0.0, 0.070304, -5e-06, 0.070304, 0.0, -0.997526, -0.130525, 0.0, 1.0, 0.0, 0.517326, 0.0, 0.0, 0.0, 1.0],
                [0.997526, 0.0, 0.070304, -5e-06, 0.070304, 0.0, -0.997526, -0.130525, 0.0, 1.0, 0.0, 0.517326, 0.0, 0.0, 0.0, 1.0],
                [0.997526, 0.0, 0.070304, -5e-06, 0.070304, 0.0, -0.997526, -0.130525, 0.0, 1.0, 0.0, 0.517326, 0.0, 0.0, 0.0, 1.0],
                [0.997526, 0.0, 0.070304, -5e-06, 0.070304, 0.0, -0.997526, -0.130525, 0.0, 1.0, 0.0, 0.517326, 0.0, 0.0, 0.0, 1.0],
                [0.997526, 0.0, 0.070304, -5e-06, 0.070304, 0.0, -0.997526, -0.130525, 0.0, 1.0, 0.0, 0.517326, 0.0, 0.0, 0.0, 1.0],
                [0.997526, 0.0, 0.070304, -5e-06, 0.070304, 0.0, -0.997526, -0.130525, 0.0, 1.0, 0.0, 0.517326, 0.0, 0.0, 0.0, 1.0],
                [0.997526, 0.0, 0.070304, -5e-06, 0.070304, 0.0, -0.997526, -0.130525, 0.0, 1.0, 0.0, 0.517326, 0.0, 0.0, 0.0, 1.0],
                [0.997526, 0.0, 0.070304, -5e-06, 0.070304, 0.0, -0.997526, -0.114417, 0.0, 1.0, 0.0, 0.511546, 0.0, 0.0, 0.0, 1.0],
                [0.997526, 0.0, 0.070304, -5e-06, 0.070304, 0.0, -0.997526, -0.067535, 0.0, 1.0, 0.0, 0.494724, 0.0, 0.0, 0.0, 1.0],
                [0.997526, 0.0, 0.070304, -5e-06, 0.070304, 0.0, -0.997526, -0.000141, 0.0, 1.0, 0.0, 0.470541, 0.0, 0.0, 0.0, 1.0],
                [0.997526, 0.0, 0.070304, -5e-06, 0.070304, 0.0, -0.997526, 0.067254, 0.0, 1.0, 0.0, 0.446358, 0.0, 0.0, 0.0, 1.0],
                [0.997526, 0.0, 0.070304, -5e-06, 0.070304, 0.0, -0.997526, 0.114135, 0.0, 1.0, 0.0, 0.429536, 0.0, 0.0, 0.0, 1.0],
                [0.997526, 0.0, 0.070304, -5e-06, 0.070304, 0.0, -0.997526, 0.130243, 0.0, 1.0, 0.0, 0.423756, 0.0, 0.0, 0.0, 1.0],
                [0.997526, 0.0, 0.070304, -5e-06, 0.070304, 0.0, -0.997526, 0.114055, 0.0, 1.0, 0.0, 0.423756, 0.0, 0.0, 0.0, 1.0],
                [0.997526, 0.0, 0.070304, -5e-06, 0.070304, 0.0, -0.997526, 0.066941, 0.0, 1.0, 0.0, 0.423756, 0.0, 0.0, 0.0, 1.0],
                [0.997526, 0.0, 0.070304, -5e-06, 0.070304, 0.0, -0.997526, -0.000789, 0.0, 1.0, 0.0, 0.423756, 0.0, 0.0, 0.0, 1.0],
                [0.997526, 0.0, 0.070304, -5e-06, 0.070304, 0.0, -0.997526, -0.068518, 0.0, 1.0, 0.0, 0.423756, 0.0, 0.0, 0.0, 1.0],
                [0.997526, 0.0, 0.070304, -5e-06, 0.070304, 0.0, -0.997526, -0.115633, 0.0, 1.0, 0.0, 0.423756, 0.0, 0.0, 0.0, 1.0],
                [0.997526, 0.0, 0.070304, -5e-06, 0.070304, 0.0, -0.997526, -0.131821, 0.0, 1.0, 0.0, 0.423756, 0.0, 0.0, 0.0, 1.0],
                [0.998324, 0.0, 0.057876, -0.001649, 0.057876, 0.0, -0.998324, -0.127072, 0.0, 1.0, 0.0, 0.43025, 0.0, 0.0, 0.0, 1.0],
                [0.999832, 0.0, 0.018335, -0.006776, 0.018335, 0.0, -0.999832, -0.112437, 0.0, 1.0, 0.0, 0.449988, 0.0, 0.0, 0.0, 1.0],
                [0.998505, 0.0, -0.054653, -0.015863, -0.054653, 0.0, -0.998505, -0.087242, 0.0, 1.0, 0.0, 0.483029, 0.0, 0.0, 0.0, 1.0],
                [0.985051, 0.0, -0.172264, -0.029627, -0.172264, 0.0, -0.985051, -0.050524, 0.0, 1.0, 0.0, 0.528847, 0.0, 0.0, 0.0, 1.0],
                [0.936499, 0.0, -0.350671, -0.048786, -0.350671, 0.0, -0.936499, -0.000451, 0.0, 1.0, 0.0, 0.586143, 0.0, 0.0, 0.0, 1.0],
                [0.798118, 0.0, -0.602502, -0.072737, -0.602502, 0.0, -0.798118, 0.066935, 0.0, 1.0, 0.0, 0.65274, 0.0, 0.0, 0.0, 1.0],
                [0.459422, 0.0, -0.888218, -0.094488, -0.888218, 0.0, -0.459422, 0.158357, 0.0, 1.0, 0.0, 0.725648, 0.0, 0.0, 0.0, 1.0],
                [-0.172888, 0.0, -0.984942, -0.091282, -0.984942, 0.0, 0.172888, 0.272918, 0.0, 1.0, 0.0, 0.801327, 0.0, 0.0, 0.0, 1.0],
                [-0.81764, 0.0, -0.575731, -0.043633, -0.575731, 0.0, 0.81764, 0.373459, 0.0, 1.0, 0.0, 0.876121, 0.0, 0.0, 0.0, 1.0],
                [-0.995782, 0.0, 0.091747, 0.011741, 0.091747, 0.0, 0.995782, 0.423022, 0.0, 1.0, 0.0, 0.946707, 0.0, 0.0, 0.0, 1.0],
                [-0.823382, 0.0, 0.567487, 0.038724, 0.567487, 0.0, 0.823382, 0.444151, 0.0, 1.0, 0.0, 1.01042, 0.0, 0.0, 0.0, 1.0],
                [-0.580912, 0.0, 0.813967, 0.042944, 0.813967, 0.0, 0.580912, 0.46166, 0.0, 1.0, 0.0, 1.065381, 0.0, 0.0, 0.0, 1.0],
                [-0.369076, 0.0, 0.929399, 0.036508, 0.929399, 0.0, 0.369076, 0.480691, 0.0, 1.0, 0.0, 1.110453, 0.0, 0.0, 0.0, 1.0],
                [-0.198733, 0.0, 0.980053, 0.025925, 0.980053, 0.0, 0.198733, 0.499829, 0.0, 1.0, 0.0, 1.145105, 0.0, 0.0, 0.0, 1.0],
                [-0.050969, 0.0, 0.9987, 0.014081, 0.9987, 0.0, 0.050969, 0.519951, 0.0, 1.0, 0.0, 1.173706, 0.0, 0.0, 0.0, 1.0],
                [0.087232, 0.0, 0.996188, 0.002302, 0.996188, 0.0, -0.087232, 0.542746, 0.0, 1.0, 0.0, 1.200481, 0.0, 0.0, 0.0, 1.0],
                [0.215583, 0.0, 0.976486, -0.008555, 0.976486, 0.0, -0.215583, 0.567327, 0.0, 1.0, 0.0, 1.225033, 0.0, 0.0, 0.0, 1.0],
                [0.333506, 0.0, 0.942748, -0.017883, 0.942748, 0.0, -0.333506, 0.592694, 0.0, 1.0, 0.0, 1.247003, 0.0, 0.0, 0.0, 1.0],
                [0.439972, 0.0, 0.898011, -0.025302, 0.898011, 0.0, -0.439972, 0.61778, 0.0, 1.0, 0.0, 1.266116, 0.0, 0.0, 0.0, 1.0],
                [0.533685, 0.0, 0.845683, -0.030675, 0.845683, 0.0, -0.533685, 0.641523, 0.0, 1.0, 0.0, 1.282218, 0.0, 0.0, 0.0, 1.0],
                [0.613478, 0.0, 0.789712, -0.034103, 0.789712, 0.0, -0.613478, 0.662967, 0.0, 1.0, 0.0, 1.295313, 0.0, 0.0, 0.0, 1.0],
                [0.678766, 0.0, 0.734355, -0.035891, 0.734355, 0.0, -0.678766, 0.681383, 0.0, 1.0, 0.0, 1.305556, 0.0, 0.0, 0.0, 1.0],
                [0.729798, 0.0, 0.683663, -0.036475, 0.683663, 0.0, -0.729798, 0.696333, 0.0, 1.0, 0.0, 1.313222, 0.0, 0.0, 0.0, 1.0],
                [0.767594, 0.0, 0.640937, -0.036324, 0.640937, 0.0, -0.767594, 0.707672, 0.0, 1.0, 0.0, 1.318647, 0.0, 0.0, 0.0, 1.0],
                [0.793634, 0.0, 0.608395, -0.035847, 0.608395, 0.0, -0.793634, 0.715493, 0.0, 1.0, 0.0, 1.322173, 0.0, 0.0, 0.0, 1.0],
                [0.809485, 0.0, 0.58714, -0.035338, 0.58714, 0.0, -0.809485, 0.720031, 0.0, 1.0, 0.0, 1.324106, 0.0, 0.0, 0.0, 1.0],
                [0.816521, 0.0, 0.577316, -0.034952, 0.577316, 0.0, -0.816521, 0.721594, 0.0, 1.0, 0.0, 1.324703, 0.0, 0.0, 0.0, 1.0],
                [0.81938, 0.0, 0.573251, -0.03466, 0.573251, 0.0, -0.81938, 0.721767, 0.0, 1.0, 0.0, 1.315036, 0.0, 0.0, 0.0, 1.0],
                [0.821938, 0.0, 0.569578, -0.034397, 0.569578, 0.0, -0.821938, 0.721921, 0.0, 1.0, 0.0, 1.285823, 0.0, 0.0, 0.0, 1.0],
                [0.824181, 0.0, 0.566326, -0.034164, 0.566326, 0.0, -0.824181, 0.722057, 0.0, 1.0, 0.0, 1.237317, 0.0, 0.0, 0.0, 1.0],
                [0.826102, 0.0, 0.563521, -0.033963, 0.563521, 0.0, -0.826102, 0.722172, 0.0, 1.0, 0.0, 1.170801, 0.0, 0.0, 0.0, 1.0],
                [0.827695, 0.0, 0.561177, -0.033796, 0.561177, 0.0, -0.827695, 0.722268, 0.0, 1.0, 0.0, 1.088868, 0.0, 0.0, 0.0, 1.0],
                [0.82897, 0.0, 0.559294, -0.033661, 0.559294, 0.0, -0.82897, 0.722345, 0.0, 1.0, 0.0, 0.995552, 0.0, 0.0, 0.0, 1.0],
                [0.829944, 0.0, 0.557846, -0.033557, 0.557846, 0.0, -0.829944, 0.722404, 0.0, 1.0, 0.0, 0.896163, 0.0, 0.0, 0.0, 1.0],
                [0.830653, 0.0, 0.556791, -0.033482, 0.556791, 0.0, -0.830653, 0.722446, 0.0, 1.0, 0.0, 0.796774, 0.0, 0.0, 0.0, 1.0],
                [0.83114, 0.0, 0.556063, -0.03343, 0.556063, 0.0, -0.83114, 0.722476, 0.0, 1.0, 0.0, 0.703458, 0.0, 0.0, 0.0, 1.0],
                [0.831457, 0.0, 0.555589, -0.033396, 0.555589, 0.0, -0.831457, 0.722495, 0.0, 1.0, 0.0, 0.621525, 0.0, 0.0, 0.0, 1.0],
                [0.831654, 0.0, 0.555295, -0.033375, 0.555295, 0.0, -0.831654, 0.722507, 0.0, 1.0, 0.0, 0.555009, 0.0, 0.0, 0.0, 1.0],
                [0.831775, 0.0, 0.555112, -0.033362, 0.555112, 0.0, -0.831775, 0.722514, 0.0, 1.0, 0.0, 0.506503, 0.0, 0.0, 0.0, 1.0],
                [0.83186, 0.0, 0.554985, -0.033353, 0.554985, 0.0, -0.83186, 0.722519, 0.0, 1.0, 0.0, 0.47729, 0.0, 0.0, 0.0, 1.0],
                [0.831939, 0.0, 0.554868, -0.033344, 0.554868, 0.0, -0.831939, 0.722524, 0.0, 1.0, 0.0, 0.467624, 0.0, 0.0, 0.0, 1.0],
                [0.835531, 0.0, 0.549443, -0.032018, 0.549443, 0.0, -0.835531, 0.716982, 0.0, 1.0, 0.0, 0.475358, 0.0, 0.0, 0.0, 1.0],
                [0.841185, 0.0, 0.540748, -0.030013, 0.540748, 0.0, -0.841185, 0.708527, 0.0, 1.0, 0.0, 0.487139, 0.0, 0.0, 0.0, 1.0],
                [0.84756, 0.0, 0.530699, -0.027847, 0.530699, 0.0, -0.84756, 0.699241, 0.0, 1.0, 0.0, 0.500042, 0.0, 0.0, 0.0, 1.0],
                [0.85436, 0.0, 0.519682, -0.025632, 0.519682, 0.0, -0.85436, 0.689546, 0.0, 1.0, 0.0, 0.51347, 0.0, 0.0, 0.0, 1.0],
                [0.861449, 0.0, 0.507844, -0.02342, 0.507844, 0.0, -0.861449, 0.679619, 0.0, 1.0, 0.0, 0.527169, 0.0, 0.0, 0.0, 1.0],
                [0.868752, 0.0, 0.495248, -0.02124, 0.495248, 0.0, -0.868752, 0.669557, 0.0, 1.0, 0.0, 0.541003, 0.0, 0.0, 0.0, 1.0],
                [0.876215, 0.0, 0.48192, -0.019112, 0.48192, 0.0, -0.876215, 0.659422, 0.0, 1.0, 0.0, 0.554882, 0.0, 0.0, 0.0, 1.0],
                [0.883801, 0.0, 0.467862, -0.017051, 0.467862, 0.0, -0.883801, 0.649258, 0.0, 1.0, 0.0, 0.568743, 0.0, 0.0, 0.0, 1.0],
                [0.891479, 0.0, 0.453061, -0.015068, 0.453061, 0.0, -0.891479, 0.639104, 0.0, 1.0, 0.0, 0.582535, 0.0, 0.0, 0.0, 1.0],
                [0.899223, 0.0, 0.437491, -0.013175, 0.437491, 0.0, -0.899223, 0.628989, 0.0, 1.0, 0.0, 0.596214, 0.0, 0.0, 0.0, 1.0],
                [0.907007, 0.0, 0.421115, -0.01138, 0.421115, 0.0, -0.907007, 0.618946, 0.0, 1.0, 0.0, 0.60974, 0.0, 0.0, 0.0, 1.0],
                [0.91481, 0.0, 0.403884, -0.009691, 0.403884, 0.0, -0.91481, 0.609004, 0.0, 1.0, 0.0, 0.623073, 0.0, 0.0, 0.0, 1.0],
                [0.922608, 0.0, 0.385739, -0.008115, 0.385739, 0.0, -0.922608, 0.599196, 0.0, 1.0, 0.0, 0.636172, 0.0, 0.0, 0.0, 1.0],
                [0.930377, 0.0, 0.366605, -0.006661, 0.366605, 0.0, -0.930377, 0.589556, 0.0, 1.0, 0.0, 0.648991, 0.0, 0.0, 0.0, 1.0],
                [0.938091, 0.0, 0.346388, -0.005335, 0.346388, 0.0, -0.938091, 0.580127, 0.0, 1.0, 0.0, 0.661481, 0.0, 0.0, 0.0, 1.0],
                [0.945723, 0.0, 0.324975, -0.004145, 0.324975, 0.0, -0.945723, 0.570954, 0.0, 1.0, 0.0, 0.673582, 0.0, 0.0, 0.0, 1.0],
                [0.953238, 0.0, 0.302219, -0.003096, 0.302219, 0.0, -0.953238, 0.562098, 0.0, 1.0, 0.0, 0.685221, 0.0, 0.0, 0.0, 1.0],
                [0.9606, 0.0, 0.277936, -0.002195, 0.277936, 0.0, -0.9606, 0.55363, 0.0, 1.0, 0.0, 0.696309, 0.0, 0.0, 0.0, 1.0],
                [0.967759, 0.0, 0.251878, -0.001448, 0.251878, 0.0, -0.967759, 0.545645, 0.0, 1.0, 0.0, 0.706728, 0.0, 0.0, 0.0, 1.0],
                [0.974655, 0.0, 0.223712, -0.000858, 0.223712, 0.0, -0.974655, 0.538271, 0.0, 1.0, 0.0, 0.716319, 0.0, 0.0, 0.0, 1.0],
                [0.981206, 0.0, 0.192961, -0.000428, 0.192961, 0.0, -0.981206, 0.531686, 0.0, 1.0, 0.0, 0.724859, 0.0, 0.0, 0.0, 1.0],
                [0.987294, 0.0, 0.158903, -0.000156, 0.158903, 0.0, -0.987294, 0.526161, 0.0, 1.0, 0.0, 0.732006, 0.0, 0.0, 0.0, 1.0],
                [0.992732, 0.0, 0.120342, -2.8e-05, 0.120342, 0.0, -0.992732, 0.522143, 0.0, 1.0, 0.0, 0.737194, 0.0, 0.0, 0.0, 1.0],
                [0.997183, 0.0, 0.075004, -5e-06, 0.075004, 0.0, -0.997183, 0.520474, 0.0, 1.0, 0.0, 0.739346, 0.0, 0.0, 0.0, 1.0],
                [0.997183, 0.0, 0.075004, -5e-06, 0.075004, 0.0, -0.997183, 0.520474, 0.0, 1.0, 0.0, 0.739346, 0.0, 0.0, 0.0, 1.0],
                [0.997183, 0.0, 0.075004, -5e-06, 0.075004, 0.0, -0.997183, 0.520474, 0.0, 1.0, 0.0, 0.739346, 0.0, 0.0, 0.0, 1.0],
                [0.987076, 0.0, 0.160251, -5e-06, 0.160251, 0.0, -0.987076, 0.520474, 0.0, 1.0, 0.0, 0.739346, 0.0, 0.0, 0.0, 1.0]
            ]
        },
        {
            "name": "Thigh_R",
            "time": [0.0, 0.0167, 0.0333, 0.05, 0.0667, 0.0833, 0.1, 0.1167, 0.1333, 0.15, 0.1667, 0.1833, 0.2, 0.2167, 0.2333, 0.25, 0.2667, 0.2833, 0.3, 0.3167, 0.3333, 0.35, 0.3667, 0.3833, 0.4, 0.4167, 0.4333, 0.45, 0.4667, 0.4833, 0.5, 0.5167, 0.5333, 0.55, 0.5667, 0.5833, 0.6, 0.6167, 0.6333, 0.65, 0.6667, 0.6833, 0.7, 0.7167, 0.7333, 0.75, 0.7667, 0.7833, 0.8, 0.8167, 0.8333, 0.85, 0.8667, 0.8833, 0.9, 0.9167, 0.9333, 0.95, 0.9667, 0.9833, 1.0, 1.0167, 1.0333, 1.05, 1.0667, 1.0833, 1.1, 1.1167, 1.1333, 1.15, 1.1667, 1.1833, 1.2, 1.2167, 1.2333, 1.25, 1.2667, 1.2833, 1.3, 1.3167, 1.3333, 1.35, 1.3667, 1.3833, 1.4, 1.4167, 1.4333, 1.45, 1.4667, 1.4833, 1.5, 1.5167, 1.5333],
            "transform": [
                [0.998574, 0.021268, -0.048962, 0.109936, 0.053341, -0.361495, 0.930833, 0.026231, 0.002098, -0.932113, -0.36209, 0.092224, 0.0, 0.0, 0.0, 1.0],
                [0.998547, 0.0216, -0.049363, 0.109936, 0.053809, -0.351986, 0.934443, 0.026231, 0.002808, -0.935738, -0.352612, 0.092224, 0.0, 0.0, 0.0, 1.0],
                [0.998477, 0.022628, -0.050324, 0.109936, 0.054956, -0.326126, 0.943712, 0.026231, 0.004942, -0.945038, -0.326848, 0.092224, 0.0, 0.0, 0.0, 1.0],
                [0.998413, 0.024535, -0.050685, 0.109936, 0.055669, -0.294409, 0.954041, 0.026231, 0.008486, -0.955348, -0.295282, 0.092224, 0.0, 0.0, 0.0, 1.0],
                [0.998439, 0.02765, -0.048523, 0.109936, 0.054229, -0.27225, 0.96068, 0.026231, 0.013353, -0.961813, -0.273298, 0.092224, 0.0, 0.0, 0.0, 1.0],
                [0.998586, 0.031954, -0.042479, 0.109936, 0.049532, -0.269323, 0.961758, 0.026231, 0.019292, -0.962504, -0.270499, 0.092224, 0.0, 0.0, 0.0, 1.0],
                [0.998788, 0.036894, -0.032569, 0.109936, 0.04185, -0.288534, 0.956537, 0.026231, 0.025894, -0.956743, -0.289703, 0.092224, 0.0, 0.0, 0.0, 1.0],
                [0.998921, 0.041608, -0.020653, 0.109936, 0.03299, -0.322457, 0.945993, 0.026231, 0.032702, -0.945653, -0.323455, 0.092224, 0.0, 0.0, 0.0, 1.0],
                [0.998929, 0.045513, -0.008321, 0.109936, 0.024273, -0.362409, 0.931688, 0.026231, 0.039389, -0.930891, -0.3631, 0.092224, 0.0, 0.0, 0.0, 1.0],
                [0.998826, 0.04828, 0.004098, 0.109936, 0.015969, -0.407866, 0.912888, 0.026231, 0.045747, -0.911748, -0.408132, 0.092224, 0.0, 0.0, 0.0, 1.0],
                [0.998632, 0.049684, 0.016308, 0.109936, 0.008258, -0.457812, 0.888998, 0.026231, 0.051637, -0.887642, -0.45757, 0.092224, 0.0, 0.0, 0.0, 1.0],
                [0.998375, 0.049621, 0.028033, 0.109936, 0.001246, -0.51077, 0.859704, 0.026231, 0.05698, -0.858266, -0.509976, 0.092224, 0.0, 0.0, 0.0, 1.0],
                [0.99808, 0.048113, 0.039017, 0.109936, -0.005025, -0.564922, 0.825118, 0.026231, 0.061742, -0.823722, -0.56357, 0.092224, 0.0, 0.0, 0.0, 1.0],
                [0.997768, 0.044016, 0.050216, 0.109936, -0.010828, -0.63541, 0.772089, 0.026231, 0.065895, -0.770899, -0.633491, 0.092224, 0.0, 0.0, 0.0, 1.0],
                [0.997456, 0.03459, 0.062328, 0.109936, -0.016229, -0.741209, 0.671068, 0.026231, 0.069413, -0.670359, -0.738739, 0.092224, 0.0, 0.0, 0.0, 1.0],
                [0.997159, 0.018446, 0.073023, 0.109936, -0.020956, -0.863304, 0.504238, 0.026231, 0.072345, -0.504317, -0.860445, 0.092224, 0.0, 0.0, 0.0, 1.0],
                [0.996889, -0.001089, 0.078806, 0.109936, -0.024782, -0.953509, 0.300321, 0.026231, 0.074818, -0.301317, -0.950551, 0.092224, 0.0, 0.0, 0.0, 1.0],
                [0.996652, -0.017429, 0.079881, 0.109936, -0.027606, -0.991361, 0.128149, 0.026231, 0.07696, -0.1299, -0.988506, 0.092224, 0.0, 0.0, 0.0, 1.0],
                [0.996451, -0.026803, 0.079797, 0.109936, -0.029578, -0.99898, 0.033826, 0.026231, 0.078812, -0.03604, -0.99621, 0.092224, 0.0, 0.0, 0.0, 1.0],
                [0.996273, -0.028934, 0.081262, 0.109936, -0.031449, -0.999049, 0.029867, 0.026231, 0.080324, -0.032285, -0.996218, 0.092224, 0.0, 0.0, 0.0, 1.0],
                [0.9961, -0.024193, 0.084856, 0.109936, -0.033929, -0.992747, 0.115259, 0.026231, 0.081455, -0.117663, -0.989678, 0.092224, 0.0, 0.0, 0.0, 1.0],
                [0.995929, -0.014077, 0.089032, 0.109936, -0.036877, -0.964908, 0.259957, 0.026231, 0.082252, -0.262159, -0.961481, 0.092224, 0.0, 0.0, 0.0, 1.0],
                [0.995778, -0.002454, 0.091761, 0.109936, -0.039673, -0.912954, 0.406112, 0.026231, 0.08278, -0.408018, -0.909178, 0.092224, 0.0, 0.0, 0.0, 1.0],
                [0.995674, 0.006097, 0.092715, 0.109936, -0.041604, -0.862966, 0.503534, 0.026231, 0.083083, -0.505194, -0.858959, 0.092224, 0.0, 0.0, 0.0, 1.0],
                [0.995638, 0.009071, 0.092862, 0.109936, -0.042272, -0.843399, 0.53561, 0.026231, 0.083181, -0.537181, -0.839317, 0.092224, 0.0, 0.0, 0.0, 1.0],
                [0.99564, 0.008941, 0.092847, 0.109936, -0.042201, -0.844511, 0.533861, 0.026231, 0.083187, -0.535433, -0.840433, 0.092224, 0.0, 0.0, 0.0, 1.0],
                [0.995648, 0.00855, 0.092801, 0.109936, -0.041986, -0.847843, 0.52857, 0.026231, 0.083203, -0.530148, -0.843775, 0.092224, 0.0, 0.0, 0.0, 1.0],
                [0.99566, 0.007896, 0.092723, 0.109936, -0.041629, -0.853337, 0.519682, 0.026231, 0.083231, -0.521269, -0.849286, 0.092224, 0.0, 0.0, 0.0, 1.0],
                [0.995678, 0.00698, 0.092611, 0.109936, -0.041137, -0.860864, 0.507157, 0.026231, 0.083269, -0.508756, -0.856836, 0.092224, 0.0, 0.0, 0.0, 1.0],
                [0.995699, 0.005806, 0.092462, 0.109936, -0.040518, -0.870224, 0.490976, 0.026231, 0.083316, -0.492592, -0.866226, 0.092224, 0.0, 0.0, 0.0, 1.0],
                [0.995724, 0.00438, 0.092274, 0.109936, -0.039785, -0.881148, 0.471152, 0.026231, 0.083373, -0.472789, -0.877185, 0.092224, 0.0, 0.0, 0.0, 1.0],
                [0.995751, 0.002712, 0.092041, 0.109936, -0.038954, -0.893309, 0.44774, 0.026231, 0.083438, -0.449403, -0.889387, 0.092224, 0.0, 0.0, 0.0, 1.0],
                [0.995781, 0.000811, 0.091761, 0.109936, -0.038041, -0.906335, 0.42083, 0.026231, 0.083511, -0.422526, -0.902459, 0.092224, 0.0, 0.0, 0.0, 1.0],
                [0.995811, -0.001319, 0.091427, 0.109936, -0.037068, -0.919864, 0.390468, 0.026231, 0.083588, -0.392201, -0.916038, 0.092224, 0.0, 0.0, 0.0, 1.0],
                [0.995841, -0.003636, 0.091033, 0.109936, -0.036054, -0.933352, 0.357133, 0.026231, 0.08367, -0.35891, -0.929579, 0.092224, 0.0, 0.0, 0.0, 1.0],
                [0.995871, -0.006133, 0.090572, 0.109936, -0.035021, -0.946431, 0.320986, 0.026231, 0.083755, -0.322812, -0.942715, 0.092224, 0.0, 0.0, 0.0, 1.0],
                [0.995899, -0.008787, 0.090038, 0.109936, -0.033988, -0.958694, 0.282382, 0.026231, 0.083841, -0.284264, -0.955038, 0.092224, 0.0, 0.0, 0.0, 1.0],
                [0.995926, -0.011585, 0.089424, 0.109936, -0.032975, -0.969806, 0.241616, 0.02623, 0.083927, -0.24356, -0.966213, 0.092224, 0.0, 0.0, 0.0, 1.0],
                [0.995951, -0.014477, 0.088725, 0.109936, -0.031998, -0.979394, 0.199385, 0.026231, 0.084013, -0.201395, -0.975866, 0.092224, 0.0, 0.0, 0.0, 1.0],
                [0.995973, -0.017441, 0.087938, 0.109936, -0.031071, -0.987245, 0.156112, 0.026231, 0.084097, -0.158194, -0.983786, 0.092224, 0.0, 0.0, 0.0, 1.0],
                [0.995993, -0.020451, 0.087062, 0.109936, -0.030206, -0.993215, 0.112257, 0.026231, 0.084179, -0.114415, -0.989827, 0.092224, 0.0, 0.0, 0.0, 1.0],
                [0.99601, -0.023453, 0.086103, 0.109936, -0.02941, -0.997205, 0.068601, 0.026231, 0.084257, -0.070838, -0.993889, 0.092224, 0.0, 0.0, 0.0, 1.0],
                [0.996024, -0.026419, 0.085068, 0.109936, -0.028692, -0.999255, 0.02562, 0.026231, 0.08433, -0.027937, -0.996013, 0.092224, 0.0, 0.0, 0.0, 1.0],
                [0.996037, -0.029293, 0.083975, 0.109936, -0.028053, -0.999475, -0.015897, 0.02623, 0.0844, 0.0135, -0.996307, 0.092224, 0.0, 0.0, 0.0, 1.0],
                [0.996047, -0.032037, 0.082847, 0.109936, -0.027496, -0.998082, -0.055358, 0.026231, 0.084465, 0.052884, -0.994989, 0.092224, 0.0, 0.0, 0.0, 1.0],
                [0.996055, -0.034586, 0.081718, 0.109936, -0.027021, -0.995395, -0.091907, 0.026231, 0.084524, 0.089359, -0.992373, 0.092224, 0.0, 0.0, 0.0, 1.0],
                [0.996061, -0.03689, 0.080629, 0.109936, -0.026627, -0.991817, -0.124815, 0.026231, 0.084577, 0.122199, -0.988863, 0.092224, 0.0, 0.0, 0.0, 1.0],
                [0.996065, -0.038875, 0.079636, 0.109936, -0.026312, -0.987854, -0.153103, 0.026231, 0.084624, 0.150427, -0.98496, 0.092224, 0.0, 0.0, 0.0, 1.0],
                [0.996068, -0.04048, 0.078797, 0.109936, -0.026074, -0.984055, -0.175907, 0.026231, 0.084664, 0.173183, -0.981211, 0.092224, 0.0, 0.0, 0.0, 1.0],
                [0.99607, -0.041628, 0.078176, 0.109936, -0.025909, -0.980999, -0.192241, 0.026231, 0.084697, 0.189482, -0.978191, 0.092224, 0.0, 0.0, 0.0, 1.0],
                [0.99607, -0.042268, 0.077828, 0.109936, -0.025814, -0.979168, -0.201373, 0.026231, 0.084722, 0.198594, -0.97638, 0.092224, 0.0, 0.0, 0.0, 1.0],
                [0.99607, -0.042364, 0.077786, 0.109936, -0.025788, -0.978861, -0.202864, 0.02623, 0.084739, 0.200082, -0.976075, 0.092224, 0.0, 0.0, 0.0, 1.0],
                [0.995745, -0.039762, 0.083133, 0.109958, -0.022985, -0.980772, -0.193765, 0.026187, 0.089242, 0.191051, -0.977482, 0.092087, 0.0, 0.0, 0.0, 1.0],
                [0.99457, -0.031826, 0.099078, 0.110023, -0.014362, -0.984951, -0.172201, 0.026062, 0.103071, 0.169865, -0.98003, 0.091689, 0.0, 0.0, 0.0, 1.0],
                [0.991936, -0.017338, 0.125542, 0.110129, 0.000484, -0.99007, -0.140531, 0.025859, 0.126737, 0.139481, -0.982048, 0.091046, 0.0, 0.0, 0.0, 1.0],
                [0.986788, 0.00527, 0.161928, 0.110271, 0.021977, -0.994583, -0.101534, 0.025584, 0.160522, 0.103774, -0.98153, 0.090172, 0.0, 0.0, 0.0, 1.0],
                [0.977659, 0.037405, 0.206835, 0.110449, 0.050319, -0.99707, -0.057506, 0.025241, 0.204086, 0.066652, -0.97665, 0.089082, 0.0, 0.0, 0.0, 1.0],
                [0.962924, 0.079605, 0.257753, 0.11066, 0.085105, -0.996314, -0.01021, 0.024833, 0.256, 0.03179, -0.966123, 0.087788, 0.0, 0.0, 0.0, 1.0],
                [0.941363, 0.130926, 0.310945, 0.110903, 0.124928, -0.991383, 0.039246, 0.024365, 0.313416, 0.001924, -0.949584, 0.086302, 0.0, 0.0, 0.0, 1.0],
                [0.91295, 0.18851, 0.361904, 0.111175, 0.167227, -0.981833, 0.089594, 0.02384, 0.372233, -0.021252, -0.927867, 0.084636, 0.0, 0.0, 0.0, 1.0],
                [0.879413, 0.248129, 0.406263, 0.111475, 0.208618, -0.967972, 0.139638, 0.023261, 0.427915, -0.038023, -0.902991, 0.082798, 0.0, 0.0, 0.0, 1.0],
                [0.84408, 0.305068, 0.440957, 0.111801, 0.245673, -0.951003, 0.187688, 0.022631, 0.476627, -0.05007, -0.877652, 0.0808, 0.0, 0.0, 0.0, 1.0],
                [0.810994, 0.355466, 0.464661, 0.112152, 0.275722, -0.932732, 0.232333, 0.021954, 0.51601, -0.060282, -0.854433, 0.07865, 0.0, 0.0, 0.0, 1.0],
                [0.783856, 0.396818, 0.477578, 0.112526, 0.297236, -0.915086, 0.272505, 0.021232, 0.54518, -0.07163, -0.835228, 0.076358, 0.0, 0.0, 0.0, 1.0],
                [0.765369, 0.427728, 0.480867, 0.112923, 0.309754, -0.89977, 0.307338, 0.020467, 0.564148, -0.086256, -0.821132, 0.073931, 0.0, 0.0, 0.0, 1.0],
                [0.757108, 0.447739, 0.475699, 0.113339, 0.313558, -0.88788, 0.336662, 0.019662, 0.573122, -0.10571, -0.812599, 0.071377, 0.0, 0.0, 0.0, 1.0],
                [0.76257, 0.450432, 0.464298, 0.113776, 0.303104, -0.882869, 0.358694, 0.01882, 0.571503, -0.132779, -0.809761, 0.068705, 0.0, 0.0, 0.0, 1.0],
                [0.772541, 0.44653, 0.451403, 0.11423, 0.287838, -0.879973, 0.377874, 0.017944, 0.565976, -0.161973, -0.808327, 0.065923, 0.0, 0.0, 0.0, 1.0],
                [0.783901, 0.440248, 0.437784, 0.114701, 0.271871, -0.877321, 0.395455, 0.017034, 0.558197, -0.190958, -0.807407, 0.063037, 0.0, 0.0, 0.0, 1.0],
                [0.795976, 0.4324, 0.423591, 0.115188, 0.256155, -0.874662, 0.411514, 0.016095, 0.548459, -0.219032, -0.806952, 0.060055, 0.0, 0.0, 0.0, 1.0],
                [0.808445, 0.423325, 0.40889, 0.115689, 0.241148, -0.871993, 0.425992, 0.015128, 0.536903, -0.245771, -0.807022, 0.056986, 0.0, 0.0, 0.0, 1.0],
                [0.8211, 0.413182, 0.393771, 0.116203, 0.22713, -0.869452, 0.4387, 0.014135, 0.523648, -0.270762, -0.807732, 0.053836, 0.0, 0.0, 0.0, 1.0],
                [0.833779, 0.402214, 0.378175, 0.116729, 0.214294, -0.867073, 0.449728, 0.01312, 0.508812, -0.293917, -0.809118, 0.050614, 0.0, 0.0, 0.0, 1.0],
                [0.846345, 0.390521, 0.362182, 0.117266, 0.202775, -0.865044, 0.458885, 0.012085, 0.492526, -0.314918, -0.81129, 0.047327, 0.0, 0.0, 0.0, 1.0],
                [0.858672, 0.378243, 0.345831, 0.117811, 0.192665, -0.863512, 0.466069, 0.011032, 0.474935, -0.333556, -0.814323, 0.043986, 0.0, 0.0, 0.0, 1.0],
                [0.870645, 0.365528, 0.32917, 0.118364, 0.184021, -0.862628, 0.471173, 0.009964, 0.456195, -0.349636, -0.818281, 0.040598, 0.0, 0.0, 0.0, 1.0],
                [0.882157, 0.3525, 0.312296, 0.118923, 0.176868, -0.862573, 0.474004, 0.008886, 0.436481, -0.362899, -0.823244, 0.037173, 0.0, 0.0, 0.0, 1.0],
                [0.893113, 0.339375, 0.295233, 0.119486, 0.171203, -0.863401, 0.474576, 0.007799, 0.41598, -0.373294, -0.829188, 0.033724, 0.0, 0.0, 0.0, 1.0],
                [0.903423, 0.326297, 0.278113, 0.120052, 0.166996, -0.865259, 0.472687, 0.006708, 0.394891, -0.380583, -0.836156, 0.030262, 0.0, 0.0, 0.0, 1.0],
                [0.913014, 0.313415, 0.26109, 0.120616, 0.164189, -0.868276, 0.468117, 0.005618, 0.373427, -0.38452, -0.844177, 0.026802, 0.0, 0.0, 0.0, 1.0],
                [0.921821, 0.300929, 0.244295, 0.121178, 0.162702, -0.872471, 0.460779, 0.004533, 0.351815, -0.385, -0.853192, 0.02336, 0.0, 0.0, 0.0, 1.0],
                [0.929796, 0.288961, 0.227978, 0.121734, 0.162429, -0.877958, 0.450336, 0.003461, 0.330297, -0.381683, -0.863225, 0.019956, 0.0, 0.0, 0.0, 1.0],
                [0.936905, 0.277704, 0.212331, 0.12228, 0.163238, -0.884657, 0.436726, 0.002408, 0.309133, -0.374504, -0.874138, 0.016615, 0.0, 0.0, 0.0, 1.0],
                [0.943127, 0.267227, 0.19773, 0.12281, 0.164975, -0.892646, 0.419478, 0.001385, 0.288609, -0.362996, -0.88593, 0.013367, 0.0, 0.0, 0.0, 1.0],
                [0.948456, 0.257621, 0.184546, 0.123318, 0.167453, -0.901834, 0.39831, 0.000404, 0.269053, -0.346874, -0.898454, 0.010253, 0.0, 0.0, 0.0, 1.0],
                [0.9529, 0.248939, 0.173227, 0.123796, 0.170451, -0.912035, 0.373009, -0.000518, 0.250855, -0.325911, -0.911473, 0.007327, 0.0, 0.0, 0.0, 1.0],
                [0.956468, 0.241166, 0.164333, 0.12423, 0.173694, -0.922949, 0.343499, -0.001356, 0.23452, -0.3, -0.924624, 0.004668, 0.0, 0.0, 0.0, 1.0],
                [0.959165, 0.234278, 0.158475, 0.124601, 0.176829, -0.933989, 0.310472, -0.002073, 0.220759, -0.269771, -0.937239, 0.002394, 0.0, 0.0, 0.0, 1.0],
                [0.960954, 0.228562, 0.155965, 0.124877, 0.179357, -0.943719, 0.277891, -0.002605, 0.21071, -0.239067, -0.947827, 0.000705, 0.0, 0.0, 0.0, 1.0],
                [0.961653, 0.225772, 0.155718, 0.124994, 0.180479, -0.948441, 0.260546, -0.002831, 0.206521, -0.222452, -0.952781, -1.2e-05, 0.0, 0.0, 0.0, 1.0],
                [0.961653, 0.225772, 0.155718, 0.124994, 0.180479, -0.948441, 0.260546, -0.002831, 0.206521, -0.222452, -0.952781, -1.2e-05, 0.0, 0.0, 0.0, 1.0],
                [0.961653, 0.225772, 0.155718, 0.124994, 0.180479, -0.948441, 0.260546, -0.002831, 0.206521, -0.222452, -0.952781, -1.2e-05, 0.0, 0.0, 0.0, 1.0],
                [0.961653, 0.225772, 0.155718, 0.124994, 0.180479, -0.948441, 0.260546, -0.002831, 0.206521, -0.222452, -0.952781, -1.2e-05, 0.0, 0.0, 0.0, 1.0]
            ]
        },
        {
            "name": "Leg_R",
            "time": [0.0, 0.0167, 0.0333, 0.05, 0.0667, 0.0833, 0.1, 0.1167, 0.1333, 0.15, 0.1667, 0.1833, 0.2, 0.2167, 0.2333, 0.25, 0.2667, 0.2833, 0.3, 0.3167, 0.3333, 0.35, 0.3667, 0.3833, 0.4, 0.4167, 0.4333, 0.45, 0.4667, 0.4833, 0.5, 0.5167, 0.5333, 0.55, 0.5667, 0.5833, 0.6, 0.6167, 0.6333, 0.65, 0.6667, 0.6833, 0.7, 0.7167, 0.7333, 0.75, 0.7667, 0.7833, 0.8, 0.8167, 0.8333, 0.85, 0.8667, 0.8833, 0.9, 0.9167, 0.9333, 0.95, 0.9667, 0.9833, 1.0, 1.0167, 1.0333, 1.05, 1.0667, 1.0833, 1.1, 1.1167, 1.1333, 1.15, 1.1667, 1.1833, 1.2, 1.2167, 1.2333, 1.25, 1.2667, 1.2833, 1.3, 1.3167, 1.3333, 1.35, 1.3667, 1.3833, 1.4, 1.4167, 1.4333, 1.45, 1.4667, 1.4833, 1.5, 1.5167, 1.5333],
            "transform": [
                [0.999998, -0.001072, -0.001552, -0.0, 0.001182, -0.284664, 0.958614, 0.375166, -0.001469, -0.958638, -0.284654, -0.0, 0.0, 0.0, 0.0, 1.0],
                [0.999998, -0.001074, -0.001544, -0.0, 0.001185, -0.277709, 0.960652, 0.375166, -0.001461, -0.960676, -0.277699, -0.0, 0.0, 0.0, 0.0, 1.0],
                [0.999998, -0.001081, -0.001519, -0.0, 0.001192, -0.255588, 0.966772, 0.375166, -0.001434, -0.966797, -0.255578, -0.0, 0.0, 0.0, 0.0, 1.0],
                [0.999998, -0.001091, -0.001479, 0.0, 0.001203, -0.220131, 0.975456, 0.375166, -0.00139, -0.975482, -0.220121, -0.0, 0.0, 0.0, 0.0, 1.0],
                [0.999998, -0.0011, -0.001437, -0.0, 0.001213, -0.181843, 0.983313, 0.375166, -0.001343, -0.98334, -0.181834, -0.0, 0.0, 0.0, 0.0, 1.0],
                [0.999998, -0.001104, -0.001409, -0.0, 0.001218, -0.157586, 0.987491, 0.375166, -0.001313, -0.987519, -0.157577, -0.0, 0.0, 0.0, 0.0, 1.0],
                [0.999998, -0.001104, -0.001409, 0.0, 0.001218, -0.15722, 0.987549, 0.375166, -0.001312, -0.987577, -0.157211, 0.0, 0.0, 0.0, 0.0, 1.0],
                [0.999998, -0.001102, -0.001421, 0.0, 0.001216, -0.168019, 0.985769, 0.375166, -0.001326, -0.985797, -0.168009, -0.0, 0.0, 0.0, 0.0, 1.0],
                [0.999998, -0.001101, -0.001431, -0.0, 0.001214, -0.176613, 0.984266, 0.375166, -0.001336, -0.984293, -0.176604, -0.0, 0.0, 0.0, 0.0, 1.0],
                [0.999998, -0.0011, -0.001436, 0.0, 0.001213, -0.181714, 0.983337, 0.375166, -0.001342, -0.983364, -0.181705, -0.0, 0.0, 0.0, 0.0, 1.0],
                [0.999998, -0.0011, -0.001437, -0.0, 0.001213, -0.182199, 0.983247, 0.375166, -0.001343, -0.983274, -0.182189, 0.0, 0.0, 0.0, 0.0, 1.0],
                [0.999998, -0.001101, -0.001431, 0.0, 0.001214, -0.177234, 0.984154, 0.375166, -0.001337, -0.984181, -0.177225, 0.0, 0.0, 0.0, 0.0, 1.0],
                [0.999998, -0.001103, -0.001419, 0.0, 0.001216, -0.166394, 0.986045, 0.375166, -0.001323, -0.986072, -0.166384, -0.0, 0.0, 0.0, 0.0, 1.0],
                [0.999998, -0.001102, -0.001425, 0.0, 0.001215, -0.171137, 0.985233, 0.375166, -0.001329, -0.98526, -0.171127, 0.0, 0.0, 0.0, 0.0, 1.0],
                [0.999998, -0.001098, -0.001444, -0.0, 0.001211, -0.18861, 0.982038, 0.375166, -0.001351, -0.982065, -0.188601, 0.0, 0.0, 0.0, 0.0, 1.0],
                [0.999998, -0.001102, -0.001424, 0.0, 0.001215, -0.170333, 0.985372, 0.375166, -0.001328, -0.9854, -0.170323, -0.0, 0.0, 0.0, 0.0, 1.0],
                [0.999998, -0.001113, -0.001336, 0.0, 0.001228, -0.092167, 0.995728, 0.375166, -0.001232, -0.995759, -0.092158, 0.0, 0.0, 0.0, 0.0, 1.0],
                [0.999999, -0.001118, -0.001216, 0.0, 0.001233, 0.015165, 0.999869, 0.375166, -0.0011, -0.999902, 0.015175, -0.0, 0.0, 0.0, 0.0, 1.0],
                [0.999999, -0.001113, -0.001122, 0.0, 0.001227, 0.099531, 0.995018, 0.375166, -0.000996, -0.995053, 0.099541, -0.0, 0.0, 0.0, 0.0, 1.0],
                [0.999999, -0.001111, -0.001105, 0.0, 0.001225, 0.114619, 0.993393, 0.375166, -0.000977, -0.993428, 0.11463, 0.0, 0.0, 0.0, 0.0, 1.0],
                [0.999999, -0.001117, -0.001183, -0.0, 0.001232, 0.044936, 0.998973, 0.375166, -0.001063, -0.999008, 0.044947, -0.0, 0.0, 0.0, 0.0, 1.0],
                [0.999998, -0.001116, -0.001308, 0.0, 0.001231, -0.066985, 0.997738, 0.375166, -0.001201, -0.99777, -0.066975, -0.0, 0.0, 0.0, 0.0, 1.0],
                [0.999998, -0.001103, -0.001416, -0.0, 0.001217, -0.163001, 0.986611, 0.375166, -0.001319, -0.986639, -0.162991, -0.0, 0.0, 0.0, 0.0, 1.0],
                [0.999998, -0.001092, -0.001475, 0.0, 0.001204, -0.216313, 0.976309, 0.375166, -0.001385, -0.976336, -0.216304, -0.0, 0.0, 0.0, 0.0, 1.0],
                [0.999998, -0.001088, -0.001492, 0.0, 0.0012, -0.231796, 0.97275, 0.375166, -0.001404, -0.972776, -0.231787, -0.0, 0.0, 0.0, 0.0, 1.0],
                [0.999999, -0.001088, -0.00149, 0.0, 0.0012, -0.229366, 0.973326, 0.375166, -0.001401, -0.973352, -0.229356, -0.0, 0.0, 0.0, 0.0, 1.0],
                [0.999998, -0.00109, -0.001482, -0.0, 0.001203, -0.221997, 0.975033, 0.375166, -0.001392, -0.97506, -0.221987, -0.0, 0.0, 0.0, 0.0, 1.0],
                [0.999998, -0.001093, -0.001468, -0.0, 0.001206, -0.20956, 0.977781, 0.375166, -0.001377, -0.977808, -0.209551, 0.0, 0.0, 0.0, 0.0, 1.0],
                [0.999999, -0.001097, -0.001448, -0.0, 0.00121, -0.191916, 0.981397, 0.375166, -0.001355, -0.981424, -0.191906, 0.0, 0.0, 0.0, 0.0, 1.0],
                [0.999998, -0.001102, -0.001422, 0.0, 0.001216, -0.168927, 0.985614, 0.375166, -0.001327, -0.985642, -0.168918, 0.0, 0.0, 0.0, 0.0, 1.0],
                [0.999998, -0.001107, -0.00139, -0.0, 0.001221, -0.14048, 0.990068, 0.375166, -0.001292, -0.990098, -0.140471, -0.0, 0.0, 0.0, 0.0, 1.0],
                [0.999999, -0.001112, -0.001352, -0.0, 0.001226, -0.106509, 0.994296, 0.375166, -0.00125, -0.994326, -0.1065, -0.0, 0.0, 0.0, 0.0, 1.0],
                [0.999998, -0.001116, -0.001308, 0.0, 0.001231, -0.067002, 0.997738, 0.375166, -0.001201, -0.997768, -0.066993, -0.0, 0.0, 0.0, 0.0, 1.0],
                [0.999998, -0.001118, -0.001258, -0.0, 0.001233, -0.02188, 0.999745, 0.375166, -0.001145, -0.999777, -0.02187, -0.0, 0.0, 0.0, 0.0, 1.0],
                [0.999999, -0.001118, -0.001202, 0.0, 0.001233, 0.028177, 0.999587, 0.375166, -0.001084, -0.99962, 0.028187, -0.0, 0.0, 0.0, 0.0, 1.0],
                [0.999999, -0.001114, -0.001141, -0.0, 0.001229, 0.082961, 0.996537, 0.375166, -0.001016, -0.996571, 0.082972, -0.0, 0.0, 0.0, 0.0, 1.0],
                [0.999999, -0.001107, -0.001075, -0.0, 0.001221, 0.141873, 0.989869, 0.375166, -0.000943, -0.989904, 0.141884, -0.0, 0.0, 0.0, 0.0, 1.0],
                [0.999999, -0.001095, -0.001005, -0.0, 0.001207, 0.204346, 0.978883, 0.375166, -0.000866, -0.978919, 0.204357, -0.0, 0.0, 0.0, 0.0, 1.0],
                [0.999999, -0.001077, -0.000932, 0.0, 0.001188, 0.26904, 0.963112, 0.375166, -0.000787, -0.963149, 0.269053, -0.0, 0.0, 0.0, 0.0, 1.0],
                [0.999999, -0.001054, -0.000859, 0.0, 0.001162, 0.335018, 0.942194, 0.375167, -0.000705, -0.942232, 0.335031, -0.0, 0.0, 0.0, 0.0, 1.0],
                [1.0, -0.001024, -0.000785, 0.0, 0.00113, 0.401247, 0.915952, 0.375166, -0.000623, -0.915991, 0.40126, 0.0, 0.0, 0.0, 0.0, 1.0],
                [0.999999, -0.000989, -0.000712, 0.0, 0.001091, 0.466146, 0.884689, 0.375166, -0.000543, -0.884728, 0.466159, 0.0, 0.0, 0.0, 0.0, 1.0],
                [0.999999, -0.000949, -0.000642, -0.0, 0.001047, 0.5287, 0.84879, 0.375166, -0.000466, -0.848829, 0.528714, 0.0, 0.0, 0.0, 0.0, 1.0],
                [0.999999, -0.000905, -0.000576, -0.0, 0.000998, 0.587484, 0.809216, 0.375166, -0.000394, -0.809255, 0.587498, -0.0, 0.0, 0.0, 0.0, 1.0],
                [1.0, -0.000858, -0.000516, -0.0, 0.000946, 0.641553, 0.767059, 0.375166, -0.000327, -0.767097, 0.641566, 0.0, 0.0, 0.0, 0.0, 1.0],
                [1.0, -0.00081, -0.000462, 0.0, 0.000893, 0.689771, 0.724007, 0.375166, -0.000268, -0.724044, 0.689784, 0.0, 0.0, 0.0, 0.0, 1.0],
                [1.0, -0.000763, -0.000415, -0.0, 0.000841, 0.731449, 0.681876, 0.375166, -0.000216, -0.681911, 0.731461, -0.0, 0.0, 0.0, 0.0, 1.0],
                [1.0, -0.000719, -0.000377, -0.0, 0.000793, 0.765821, 0.643035, 0.375166, -0.000174, -0.643068, 0.765831, -0.0, 0.0, 0.0, 0.0, 1.0],
                [1.0, -0.000682, -0.000347, 0.0, 0.000752, 0.792514, 0.609835, 0.375166, -0.000141, -0.609866, 0.792524, 0.0, 0.0, 0.0, 0.0, 1.0],
                [1.0, -0.000654, -0.000326, -0.0, 0.000721, 0.811144, 0.584828, 0.375167, -0.000118, -0.584859, 0.811153, -0.0, 0.0, 0.0, 0.0, 1.0],
                [1.0, -0.000637, -0.000315, -0.0, 0.000703, 0.821604, 0.57004, 0.375166, -0.000105, -0.570069, 0.821613, 0.0, 0.0, 0.0, 0.0, 1.0],
                [0.999999, -0.000634, -0.000312, 0.0, 0.000699, 0.823901, 0.566716, 0.375166, -0.000102, -0.566746, 0.823909, 0.0, 0.0, 0.0, 0.0, 1.0],
                [1.0, -0.00065, -0.000324, -0.0, 0.000717, 0.813487, 0.581566, 0.375166, -0.000115, -0.581596, 0.813496, -0.0, 0.0, 0.0, 0.0, 1.0],
                [1.0, -0.000691, -0.000355, 0.0, 0.000763, 0.78586, 0.618386, 0.375166, -0.000149, -0.618418, 0.78587, 0.0, 0.0, 0.0, 0.0, 1.0],
                [1.0, -0.00075, -0.000404, -0.0, 0.000827, 0.741725, 0.670685, 0.375166, -0.000203, -0.670719, 0.741736, 0.0, 0.0, 0.0, 0.0, 1.0],
                [1.0, -0.000817, -0.00047, 0.0, 0.000901, 0.682865, 0.730526, 0.375166, -0.000276, -0.730562, 0.682876, -0.0, 0.0, 0.0, 0.0, 1.0],
                [0.999999, -0.000884, -0.000549, -0.0, 0.000975, 0.612053, 0.790797, 0.375166, -0.000364, -0.790835, 0.612066, -0.0, 0.0, 0.0, 0.0, 1.0],
                [0.999999, -0.000946, -0.000637, 0.0, 0.001043, 0.533177, 0.845985, 0.375166, -0.000461, -0.846023, 0.53319, -0.0, 0.0, 0.0, 0.0, 1.0],
                [0.999999, -0.000998, -0.00073, 0.0, 0.001101, 0.450436, 0.89279, 0.375166, -0.000563, -0.892829, 0.450449, 0.0, 0.0, 0.0, 0.0, 1.0],
                [0.999999, -0.00104, -0.000821, -0.0, 0.001146, 0.368522, 0.929601, 0.375166, -0.000664, -0.92964, 0.368535, 0.0, 0.0, 0.0, 0.0, 1.0],
                [0.999999, -0.00107, -0.000908, -0.0, 0.00118, 0.291213, 0.956641, 0.375166, -0.000759, -0.956679, 0.291225, 0.0, 0.0, 0.0, 0.0, 1.0],
                [0.999999, -0.00109, -0.000985, -0.0, 0.001203, 0.221824, 0.97507, 0.375166, -0.000845, -0.975107, 0.221835, -0.0, 0.0, 0.0, 0.0, 1.0],
                [0.999999, -0.001103, -0.001052, 0.0, 0.001217, 0.162208, 0.98674, 0.375166, -0.000918, -0.986776, 0.162219, 0.0, 0.0, 0.0, 0.0, 1.0],
                [0.999999, -0.001111, -0.001107, -0.0, 0.001225, 0.113276, 0.993547, 0.375166, -0.000979, -0.993583, 0.113287, 0.0, 0.0, 0.0, 0.0, 1.0],
                [0.999999, -0.001115, -0.001149, -0.0, 0.00123, 0.075705, 0.997114, 0.375166, -0.001025, -0.997149, 0.075715, 0.0, 0.0, 0.0, 0.0, 1.0],
                [0.999999, -0.001117, -0.001178, -0.0, 0.001232, 0.049253, 0.99877, 0.375166, -0.001057, -0.998805, 0.049263, -0.0, 0.0, 0.0, 0.0, 1.0],
                [0.999999, -0.001117, -0.001176, -0.0, 0.001232, 0.051127, 0.998676, 0.375166, -0.001055, -0.99871, 0.051137, -0.0, 0.0, 0.0, 0.0, 1.0],
