{
    "animation": [
        {
            "name": "Root",
            "time": [0.0, 0.0167, 0.0333, 0.05, 0.0667, 0.0833, 0.1, 0.1167, 0.1333, 0.15, 0.1667, 0.1833, 0.2, 0.2167, 0.2333, 0.25, 0.2667, 0.2833, 0.3, 0.3167, 0.3333, 0.35, 0.3667, 0.3833, 0.4, 0.4167, 0.4333, 0.45, 0.4667, 0.4833, 0.5, 0.5167, 0.5333, 0.55, 0.5667, 0.5833, 0.6, 0.6167, 0.6333, 0.65, 0.6667],
            "transform": [
                [0.816521, 0.0, 0.577316, -0.034952, 0.577316, 0.0, -0.816521, 0.721594, 0.0, 1.0, 0.0, 1.324703, 0.0, 0.0, 0.0, 1.0],
                [0.825426, 0.0, 0.564511, -0.031009, 0.564511, 0.0, -0.825426, 0.716878, 0.0, 1.0, 0.0, 1.336018, 0.0, 0.0, 0.0, 1.0],
                [0.851379, 0.0, 0.524551, -0.020603, 0.524551, 0.0, -0.851379, 0.703106, 0.0, 1.0, 0.0, 1.367892, 0.0, 0.0, 0.0, 1.0],
                [0.88652, 0.0, 0.462691, -0.009091, 0.462691, 0.0, -0.88652, 0.684305, 0.0, 1.0, 0.0, 1.408818, 0.0, 0.0, 0.0, 1.0],
                [0.918615, 0.0, 0.395154, -0.001962, 0.395154, 0.0, -0.918615, 0.668763, 0.0, 1.0, 0.0, 1.440691, 0.0, 0.0, 0.0, 1.0],
                [0.941275, 0.0, 0.33764, -5e-06, 0.33764, 0.0, -0.941275, 0.663025, 0.0, 1.0, 0.0, 1.452007, 0.0, 0.0, 0.0, 1.0],
                [0.960957, 0.0, 0.276698, -0.000557, 0.276698, 0.0, -0.960957, 0.631027, 0.0, 1.0, 0.0, 1.465148, 0.0, 0.0, 0.0, 1.0],
                [0.978434, 0.0, 0.206561, -0.000963, 0.206561, 0.0, -0.978434, 0.542167, 0.0, 1.0, 0.0, 1.499236, 0.0, 0.0, 0.0, 1.0],
                [0.990386, 0.0, 0.138331, -0.000771, 0.138331, 0.0, -0.990386, 0.416548, 0.0, 1.0, 0.0, 1.542245, 0.0, 0.0, 0.0, 1.0],
                [0.996573, 0.0, 0.082716, -0.0001, 0.082716, 0.0, -0.996573, 0.277795, 0.0, 1.0, 0.0, 1.581476, 0.0, 0.0, 0.0, 1.0],
                [0.998888, 0.0, 0.047139, 0.000698, 0.047139, 0.0, -0.998888, 0.14637, 0.0, 1.0, 0.0, 1.606932, 0.0, 0.0, 0.0, 1.0],
                [0.999385, 0.0, 0.035052, 0.001202, 0.035052, 0.0, -0.999385, 0.036363, 0.0, 1.0, 0.0, 1.612553, 0.0, 0.0, 0.0, 1.0],
                [0.999385, 0.0, 0.035052, 0.00142, 0.035052, 0.0, -0.999385, -0.064294, 0.0, 1.0, 0.0, 1.591849, 0.0, 0.0, 0.0, 1.0],
                [0.999385, 0.0, 0.035052, 0.001631, 0.035052, 0.0, -0.999385, -0.164976, 0.0, 1.0, 0.0, 1.543375, 0.0, 0.0, 0.0, 1.0],
                [0.999385, 0.0, 0.035052, 0.001832, 0.035052, 0.0, -0.999385, -0.261511, 0.0, 1.0, 0.0, 1.47387, 0.0, 0.0, 0.0, 1.0],
                [0.999385, 0.0, 0.035052, 0.002021, 0.035052, 0.0, -0.999385, -0.350456, 0.0, 1.0, 0.0, 1.391804, 0.0, 0.0, 0.0, 1.0],
                [0.999385, 0.0, 0.035052, 0.002198, 0.035052, 0.0, -0.999385, -0.429787, 0.0, 1.0, 0.0, 1.305144, 0.0, 0.0, 0.0, 1.0],
                [0.999385, 0.0, 0.035052, 0.00236, 0.035052, 0.0, -0.999385, -0.498904, 0.0, 1.0, 0.0, 1.219915, 0.0, 0.0, 0.0, 1.0],
                [0.999385, 0.0, 0.035052, 0.002505, 0.035052, 0.0, -0.999385, -0.555311, 0.0, 1.0, 0.0, 1.109332, 0.0, 0.0, 0.0, 1.0],
                [0.999385, 0.0, 0.035052, 0.002631, 0.035052, 0.0, -0.999385, -0.612733, 0.0, 1.0, 0.0, 0.975499, 0.0, 0.0, 0.0, 1.0],
                [0.999385, 0.0, 0.035052, 0.002736, 0.035052, 0.0, -0.999385, -0.664212, 0.0, 1.0, 0.0, 0.840952, 0.0, 0.0, 0.0, 1.0],
                [0.999385, 0.0, 0.035052, 0.002816, 0.035052, 0.0, -0.999385, -0.703924, 0.0, 1.0, 0.0, 0.726785, 0.0, 0.0, 0.0, 1.0],
                [0.999385, 0.0, 0.035052, 0.002868, 0.035052, 0.0, -0.999385, -0.728382, 0.0, 1.0, 0.0, 0.647947, 0.0, 0.0, 0.0, 1.0],
                [0.999385, 0.0, 0.035052, 0.002886, 0.035052, 0.0, -0.999385, -0.736472, 0.0, 1.0, 0.0, 0.612041, 0.0, 0.0, 0.0, 1.0],
                [0.999385, 0.0, 0.035052, 0.002886, 0.035052, 0.0, -0.999385, -0.736472, 0.0, 1.0, 0.0, 0.591768, 0.0, 0.0, 0.0, 1.0],
                [0.999385, 0.0, 0.035052, 0.002886, 0.035052, 0.0, -0.999385, -0.736472, 0.0, 1.0, 0.0, 0.56658, 0.0, 0.0, 0.0, 1.0],
                [0.999385, 0.0, 0.035052, 0.002886, 0.035052, 0.0, -0.999385, -0.736472, 0.0, 1.0, 0.0, 0.540346, 0.0, 0.0, 0.0, 1.0],
                [0.999385, 0.0, 0.035052, 0.002886, 0.035052, 0.0, -0.999385, -0.736472, 0.0, 1.0, 0.0, 0.516724, 0.0, 0.0, 0.0, 1.0],
                [0.999385, 0.0, 0.035052, 0.002886, 0.035052, 0.0, -0.999385, -0.736472, 0.0, 1.0, 0.0, 0.499455, 0.0, 0.0, 0.0, 1.0],
                [0.999385, 0.0, 0.035052, 0.002886, 0.035052, 0.0, -0.999385, -0.736472, 0.0, 1.0, 0.0, 0.492667, 0.0, 0.0, 0.0, 1.0],
                [0.987076, 0.0, 0.160251, -5e-06, 0.160251, 0.0, -0.987076, -0.804614, 0.0, 1.0, 0.0, 0.524472, 0.0, 0.0, 0.0, 1.0],
                [0.987076, 0.0, 0.160251, -5e-06, 0.160251, 0.0, -0.987076, -0.804614, 0.0, 1.0, 0.0, 0.553874, 0.0, 0.0, 0.0, 1.0],
                [0.987076, 0.0, 0.160251, -5e-06, 0.160251, 0.0, -0.987076, -0.804614, 0.0, 1.0, 0.0, 0.585065, 0.0, 0.0, 0.0, 1.0],
                [0.987076, 0.0, 0.160251, -5e-06, 0.160251, 0.0, -0.987076, -0.804614, 0.0, 1.0, 0.0, 0.61554, 0.0, 0.0, 0.0, 1.0],
                [0.987076, 0.0, 0.160251, -5e-06, 0.160251, 0.0, -0.987076, -0.804614, 0.0, 1.0, 0.0, 0.644159, 0.0, 0.0, 0.0, 1.0],
                [0.987076, 0.0, 0.160251, -5e-06, 0.160251, 0.0, -0.987076, -0.804614, 0.0, 1.0, 0.0, 0.67018, 0.0, 0.0, 0.0, 1.0],
                [0.987076, 0.0, 0.160251, -5e-06, 0.160251, 0.0, -0.987076, -0.804614, 0.0, 1.0, 0.0, 0.69299, 0.0, 0.0, 0.0, 1.0],
                [0.987076, 0.0, 0.160251, -5e-06, 0.160251, 0.0, -0.987076, -0.804614, 0.0, 1.0, 0.0, 0.711998, 0.0, 0.0, 0.0, 1.0],
                [0.987076, 0.0, 0.160251, -5e-06, 0.160251, 0.0, -0.987076, -0.804614, 0.0, 1.0, 0.0, 0.72657, 0.0, 0.0, 0.0, 1.0],
                [0.987076, 0.0, 0.160251, -5e-06, 0.160251, 0.0, -0.987076, -0.804614, 0.0, 1.0, 0.0, 0.735979, 0.0, 0.0, 0.0, 1.0],
                [0.987076, 0.0, 0.160251, -5e-06, 0.160251, 0.0, -0.987076, -0.804614, 0.0, 1.0, 0.0, 0.739346, 0.0, 0.0, 0.0, 1.0],
                [0.987076, 0.0, 0.160251, -5e-06, 0.160251, 0.0, -0.987076, -0.804614, 0.0, 1.0, 0.0, 0.739346, 0.0, 0.0, 0.0, 1.0]
            ]
        },
        {
            "name": "Thigh_R",
            "time": [0.0, 0.0167, 0.0333, 0.05, 0.0667, 0.0833, 0.1, 0.1167, 0.1333, 0.15, 0.1667, 0.1833, 0.2, 0.2167, 0.2333, 0.25, 0.2667, 0.2833, 0.3, 0.3167, 0.3333, 0.35, 0.3667, 0.3833, 0.4, 0.4167, 0.4333, 0.45, 0.4667, 0.4833, 0.5, 0.5167, 0.5333, 0.55, 0.5667, 0.5833, 0.6, 0.6167, 0.6333, 0.65, 0.6667],
            "transform": [
                [0.99607, -0.042364, 0.077786, 0.109936, -0.025788, -0.978861, -0.202864, 0.02623, 0.084739, 0.200082, -0.976075, 0.092224, 0.0, 0.0, 0.0, 1.0],
                [0.996776, -0.015072, 0.078804, 0.111275, -0.004165, -0.990591, -0.136752, 0.023647, 0.080127, 0.136004, -0.987429, 0.084025, 0.0, 0.0, 0.0, 1.0],
                [0.995327, 0.060563, 0.075207, 0.115045, 0.05878, -0.997937, 0.025723, 0.016371, 0.076612, -0.021165, -0.996801, 0.060932, 0.0, 0.0, 0.0, 1.0],
                [0.985396, 0.152591, 0.075563, 0.119885, 0.136913, -0.973871, 0.181189, 0.007029, 0.10124, -0.168186, -0.980505, 0.03128, 0.0, 0.0, 0.0, 1.0],
                [0.970587, 0.214593, 0.109133, 0.123655, 0.182103, -0.950903, 0.250241, -0.000248, 0.157481, -0.223003, -0.961974, 0.008187, 0.0, 0.0, 0.0, 1.0],
                [0.961653, 0.225772, 0.155718, 0.124994, 0.180479, -0.948441, 0.260546, -0.002831, 0.206521, -0.222452, -0.952781, -1.2e-05, 0.0, 0.0, 0.0, 1.0],
                [0.959033, 0.208875, 0.191368, 0.124994, 0.142466, -0.93951, 0.31148, -0.002831, 0.244862, -0.27146, -0.930742, -1.2e-05, 0.0, 0.0, 0.0, 1.0],
                [0.950561, 0.175781, 0.255986, 0.124994, 0.0699, -0.924328, 0.375134, -0.002831, 0.302568, -0.338698, -0.890882, -1.2e-05, 0.0, 0.0, 0.0, 1.0],
                [0.930954, 0.135684, 0.338978, 0.124994, -0.016724, -0.911575, 0.410786, -0.002831, 0.364755, -0.388097, -0.84633, -1.2e-05, 0.0, 0.0, 0.0, 1.0],
                [0.905618, 0.097825, 0.412642, 0.124994, -0.092377, -0.904167, 0.417064, -0.002831, 0.413912, -0.415825, -0.809759, -1.2e-05, 0.0, 0.0, 0.0, 1.0],
                [0.88602, 0.07364, 0.457743, 0.124994, -0.140568, -0.898171, 0.41656, -0.002831, 0.441824, -0.433431, -0.785414, -1.2e-05, 0.0, 0.0, 0.0, 1.0],
                [0.880643, 0.073199, 0.468073, 0.124994, -0.155245, -0.888863, 0.431063, -0.002831, 0.447623, -0.452284, -0.771375, -1.2e-05, 0.0, 0.0, 0.0, 1.0],
                [0.883623, 0.08542, 0.460323, 0.124994, -0.152655, -0.876922, 0.455738, -0.002831, 0.442614, -0.472976, -0.761796, -1.2e-05, 0.0, 0.0, 0.0, 1.0],
                [0.886509, 0.096672, 0.452482, 0.124994, -0.150302, -0.864736, 0.479201, -0.002831, 0.43762, -0.492829, -0.752034, -1.2e-05, 0.0, 0.0, 0.0, 1.0],
                [0.889286, 0.107079, 0.444621, 0.124994, -0.148212, -0.852264, 0.501668, -0.002831, 0.432669, -0.512029, -0.742004, -1.2e-05, 0.0, 0.0, 0.0, 1.0],
                [0.891945, 0.116816, 0.436774, 0.124994, -0.146411, -0.839373, 0.523458, -0.002831, 0.427782, -0.530848, -0.731539, -1.2e-05, 0.0, 0.0, 0.0, 1.0],
                [0.894478, 0.126056, 0.428957, 0.124994, -0.144927, -0.825887, 0.544883, -0.002831, 0.422972, -0.549556, -0.720437, -1.2e-05, 0.0, 0.0, 0.0, 1.0],
                [0.896878, 0.134869, 0.421195, 0.124994, -0.143788, -0.811714, 0.56607, -0.002831, 0.418252, -0.568261, -0.708585, -1.2e-05, 0.0, 0.0, 0.0, 1.0],
                [0.89914, 0.143394, 0.413485, 0.124994, -0.143032, -0.796644, 0.587274, -0.002831, 0.413628, -0.587185, -0.695753, -1.2e-05, 0.0, 0.0, 0.0, 1.0],
                [0.901259, 0.151678, 0.405848, 0.124994, -0.1427, -0.780547, 0.608582, -0.002831, 0.409108, -0.606406, -0.6818, -1.2e-05, 0.0, 0.0, 0.0, 1.0],
                [0.903226, 0.15986, 0.398264, 0.124994, -0.142848, -0.763128, 0.630252, -0.002831, 0.404695, -0.626152, -0.666411, -1.2e-05, 0.0, 0.0, 0.0, 1.0],
                [0.905031, 0.167968, 0.390758, 0.124994, -0.143542, -0.74421, 0.65233, -0.002831, 0.400392, -0.64647, -0.649393, -1.2e-05, 0.0, 0.0, 0.0, 1.0],
                [0.906662, 0.176131, 0.383312, 0.124994, -0.144874, -0.7234, 0.675048, -0.002831, 0.396201, -0.667573, -0.630333, -1.2e-05, 0.0, 0.0, 0.0, 1.0],
                [0.908099, 0.184487, 0.37591, 0.124994, -0.146961, -0.70021, 0.698637, -0.002831, 0.392121, -0.689676, -0.608718, -1.2e-05, 0.0, 0.0, 0.0, 1.0],
                [0.91646, 0.21091, 0.34001, 0.124994, -0.131312, -0.644189, 0.753499, -0.002831, 0.377966, -0.735199, -0.56265, -1.2e-05, 0.0, 0.0, 0.0, 1.0],
                [0.934551, 0.248825, 0.254346, 0.124994, -0.080233, -0.549065, 0.831906, -0.002831, 0.346664, -0.797868, -0.493137, -1.2e-05, 0.0, 0.0, 0.0, 1.0],
                [0.953767, 0.27123, 0.129456, 0.124994, 0.004457, -0.443481, 0.896256, -0.002831, 0.300514, -0.854247, -0.424158, -1.2e-05, 0.0, 0.0, 0.0, 1.0],
                [0.963199, 0.268525, -0.011813, 0.124994, 0.112027, -0.361126, 0.925744, -0.002831, 0.244329, -0.893007, -0.37789, -1.2e-05, 0.0, 0.0, 0.0, 1.0],
                [0.958304, 0.253334, -0.132187, 0.124994, 0.211885, -0.319612, 0.923534, -0.002831, 0.191721, -0.913045, -0.359935, -1.2e-05, 0.0, 0.0, 0.0, 1.0],
                [0.951915, 0.244554, -0.184527, 0.124994, 0.257031, -0.309753, 0.915397, -0.002831, 0.166712, -0.918819, -0.357687, -1.2e-05, 0.0, 0.0, 0.0, 1.0],
                [0.938792, 0.3414, -0.045986, 0.124994, 0.182338, -0.379216, 0.907146, -0.002831, 0.292272, -0.860014, -0.418226, -1.2e-05, 0.0, 0.0, 0.0, 1.0],
                [0.940906, 0.336851, -0.035002, 0.124994, 0.201113, -0.472611, 0.858, -0.002831, 0.272486, -0.814342, -0.512397, -1.2e-05, 0.0, 0.0, 0.0, 1.0],
                [0.944372, 0.328676, -0.011525, 0.124994, 0.206648, -0.565771, 0.798234, -0.002831, 0.255849, -0.756214, -0.602187, -1.2e-05, 0.0, 0.0, 0.0, 1.0],
                [0.948098, 0.317599, 0.015499, 0.124994, 0.206, -0.65063, 0.730907, -0.002831, 0.242229, -0.68978, -0.682254, -1.2e-05, 0.0, 0.0, 0.0, 1.0],
                [0.951583, 0.304395, 0.04281, 0.124994, 0.202368, -0.725197, 0.65812, -0.002831, 0.231383, -0.617593, -0.751651, -1.2e-05, 0.0, 0.0, 0.0, 1.0],
                [0.954611, 0.289764, 0.068945, 0.124994, 0.197491, -0.789046, 0.581715, -0.002831, 0.222969, -0.541695, -0.810424, -1.2e-05, 0.0, 0.0, 0.0, 1.0],
                [0.957107, 0.274321, 0.093235, 0.124994, 0.1924, -0.842377, 0.503363, -0.002831, 0.21663, -0.463834, -0.858989, -1.2e-05, 0.0, 0.0, 0.0, 1.0],
                [0.959058, 0.258683, 0.115276, 0.124994, 0.187741, -0.885474, 0.425069, -0.002831, 0.21204, -0.386024, -0.89775, -1.2e-05, 0.0, 0.0, 0.0, 1.0],
                [0.960471, 0.243732, 0.13449, 0.124994, 0.18396, -0.918327, 0.350471, -0.002831, 0.208934, -0.311877, -0.926827, -1.2e-05, 0.0, 0.0, 0.0, 1.0],
                [0.961347, 0.231313, 0.149348, 0.124994, 0.181418, -0.940175, 0.288367, -0.002831, 0.207124, -0.250127, -0.945761, -1.2e-05, 0.0, 0.0, 0.0, 1.0],
                [0.961653, 0.225772, 0.155718, 0.124994, 0.180479, -0.948441, 0.260546, -0.002831, 0.206521, -0.222452, -0.952781, -1.2e-05, 0.0, 0.0, 0.0, 1.0],
                [0.961653, 0.225772, 0.155718, 0.124994, 0.180479, -0.948441, 0.260546, -0.002831, 0.206521, -0.222452, -0.952781, -1.2e-05, 0.0, 0.0, 0.0, 1.0]
            ]
        },
        {
            "name": "Leg_R",
            "time": [0.0, 0.0167, 0.0333, 0.05, 0.0667, 0.0833, 0.1, 0.1167, 0.1333, 0.15, 0.1667, 0.1833, 0.2, 0.2167, 0.2333, 0.25, 0.2667, 0.2833, 0.3, 0.3167, 0.3333, 0.35, 0.3667, 0.3833, 0.4, 0.4167, 0.4333, 0.45, 0.4667, 0.4833, 0.5, 0.5167, 0.5333, 0.55, 0.5667, 0.5833, 0.6, 0.6167, 0.6333, 0.65, 0.6667],
            "transform": [
                [0.999999, -0.000634, -0.000312, 0.0, 0.000699, 0.823901, 0.566716, 0.375166, -0.000102, -0.566746, 0.823909, 0.0, 0.0, 0.0, 0.0, 1.0],
                [1.0, -0.00068, -0.000346, 0.0, 0.00075, 0.793705, 0.608284, 0.375166, -0.000139, -0.608315, 0.793715, 0.0, 0.0, 0.0, 0.0, 1.0],
                [1.0, -0.000745, -0.0004, -0.0, 0.000822, 0.745579, 0.666398, 0.375166, -0.000199, -0.666432, 0.74559, -0.0, 0.0, 0.0, 0.0, 1.0],
                [1.0, -0.000706, -0.000367, -0.0, 0.000779, 0.775121, 0.631794, 0.375166, -0.000162, -0.631826, 0.775131, -0.0, 0.0, 0.0, 0.0, 1.0],
                [1.0, -0.000522, -0.000244, -0.0, 0.000576, 0.884359, 0.466792, 0.375166, -2.8e-05, -0.466814, 0.884365, 0.0, 0.0, 0.0, 0.0, 1.0],
                [1.0, -0.00031, -0.000159, 0.0, 0.000342, 0.960817, 0.277176, 0.375166, 6.7e-05, -0.277185, 0.960819, -0.0, 0.0, 0.0, 0.0, 1.0],
                [1.0, -0.000297, -0.000155, -0.0, 0.000328, 0.964022, 0.265817, 0.375166, 7.1e-05, -0.265825, 0.964024, 0.0, 0.0, 0.0, 0.0, 1.0],
                [1.0, -0.000365, -0.000176, -0.0, 0.000402, 0.945311, 0.32616, 0.375166, 4.8e-05, -0.326172, 0.945315, 0.0, 0.0, 0.0, 0.0, 1.0],
                [1.0, -0.000428, -0.0002, -0.0, 0.000472, 0.923794, 0.382878, 0.375166, 2.1e-05, -0.382894, 0.923798, -0.0, 0.0, 0.0, 0.0, 1.0],
                [1.0, -0.000471, -0.000219, -0.0, 0.00052, 0.906836, 0.42147, 0.375166, 0.0, -0.421489, 0.906841, -0.0, 0.0, 0.0, 0.0, 1.0],
                [1.0, -0.000511, -0.000239, 0.0, 0.000564, 0.889421, 0.457074, 0.375166, -2.1e-05, -0.457096, 0.889427, 0.0, 0.0, 0.0, 0.0, 1.0],
                [1.0, -0.000565, -0.000269, 0.0, 0.000624, 0.862728, 0.505652, 0.375166, -5.4e-05, -0.505677, 0.862735, -0.0, 0.0, 0.0, 0.0, 1.0],
                [1.0, -0.000626, -0.000306, 0.0, 0.00069, 0.828817, 0.559502, 0.375166, -9.6e-05, -0.55953, 0.828825, 0.0, 0.0, 0.0, 0.0, 1.0],
                [1.0, -0.000681, -0.000346, 0.0, 0.000751, 0.793037, 0.609154, 0.375166, -0.00014, -0.609185, 0.793047, -0.0, 0.0, 0.0, 0.0, 1.0],
                [0.999999, -0.000732, -0.000388, -0.0, 0.000808, 0.755648, 0.65496, 0.375166, -0.000186, -0.654992, 0.755658, -0.0, 0.0, 0.0, 0.0, 1.0],
                [0.999999, -0.00078, -0.000432, -0.0, 0.00086, 0.716633, 0.697431, 0.375166, -0.000234, -0.697465, 0.716644, 0.0, 0.0, 0.0, 0.0, 1.0],
                [0.999999, -0.000824, -0.000477, 0.0, 0.000909, 0.67585, 0.73702, 0.375166, -0.000285, -0.737056, 0.675862, 0.0, 0.0, 0.0, 0.0, 1.0],
                [0.999999, -0.000865, -0.000525, -0.0, 0.000954, 0.633364, 0.773835, 0.375166, -0.000337, -0.773871, 0.633377, -0.0, 0.0, 0.0, 0.0, 1.0],
                [0.999999, -0.000904, -0.000575, -0.0, 0.000997, 0.588967, 0.808138, 0.375166, -0.000392, -0.808175, 0.588979, 0.0, 0.0, 0.0, 0.0, 1.0],
                [0.999999, -0.000939, -0.000626, -0.0, 0.001036, 0.542696, 0.839911, 0.375166, -0.000449, -0.839948, 0.542709, 0.0, 0.0, 0.0, 0.0, 1.0],
                [0.999999, -0.000972, -0.000681, 0.0, 0.001072, 0.494227, 0.869315, 0.375166, -0.000509, -0.869352, 0.49424, 0.0, 0.0, 0.0, 0.0, 1.0],
                [0.999999, -0.001002, -0.000737, -0.0, 0.001105, 0.443638, 0.896188, 0.375166, -0.000571, -0.896226, 0.443651, -0.0, 0.0, 0.0, 0.0, 1.0],
                [0.999999, -0.001029, -0.000796, 0.0, 0.001135, 0.390589, 0.920548, 0.375166, -0.000637, -0.920585, 0.390602, -0.0, 0.0, 0.0, 0.0, 1.0],
                [0.999999, -0.001054, -0.000859, 0.0, 0.001162, 0.334711, 0.942304, 0.375166, -0.000705, -0.942341, 0.334723, -0.0, 0.0, 0.0, 0.0, 1.0],
                [0.999999, -0.00108, -0.000943, 0.0, 0.001191, 0.259227, 0.9658, 0.375166, -0.000799, -0.965836, 0.259238, -0.0, 0.0, 0.0, 0.0, 1.0],
                [0.999999, -0.001097, -0.001016, -0.0, 0.00121, 0.194158, 0.980954, 0.375166, -0.000879, -0.980989, 0.194169, -0.0, 0.0, 0.0, 0.0, 1.0],
                [0.999999, -0.001102, -0.001045, 0.0, 0.001216, 0.168714, 0.985649, 0.375166, -0.00091, -0.985684, 0.168725, 0.0, 0.0, 0.0, 0.0, 1.0],
                [0.999999, -0.001098, -0.001021, 0.0, 0.001211, 0.189883, 0.98179, 0.375166, -0.000884, -0.981826, 0.189894, -0.0, 0.0, 0.0, 0.0, 1.0],
                [0.999999, -0.001087, -0.00097, -0.0, 0.001199, 0.235459, 0.971867, 0.375166, -0.000828, -0.971904, 0.235471, -0.0, 0.0, 0.0, 0.0, 1.0],
                [0.999999, -0.001079, -0.000941, -0.0, 0.00119, 0.261311, 0.965238, 0.375166, -0.000796, -0.965274, 0.261323, 0.0, 0.0, 0.0, 0.0, 1.0],
                [0.999999, -0.001064, -0.000888, 0.0, 0.001173, 0.308511, 0.951204, 0.375166, -0.000738, -0.95124, 0.308523, 0.0, 0.0, 0.0, 0.0, 1.0],
                [0.999999, -0.001058, -0.000871, -0.0, 0.001167, 0.324028, 0.946031, 0.375166, -0.000719, -0.946067, 0.32404, -0.0, 0.0, 0.0, 0.0, 1.0],
                [0.999999, -0.001031, -0.000801, -0.0, 0.001137, 0.386535, 0.922257, 0.375166, -0.000642, -0.922294, 0.386548, 0.0, 0.0, 0.0, 0.0, 1.0],
                [0.999999, -0.000986, -0.000707, 0.0, 0.001088, 0.47105, 0.882088, 0.375166, -0.000537, -0.882126, 0.471063, 0.0, 0.0, 0.0, 0.0, 1.0],
                [0.999999, -0.000922, -0.000601, -0.0, 0.001017, 0.565789, 0.824531, 0.375166, -0.00042, -0.824568, 0.565802, 0.0, 0.0, 0.0, 0.0, 1.0],
                [0.999999, -0.000838, -0.000492, 0.0, 0.000924, 0.662489, 0.749052, 0.375166, -0.000301, -0.749088, 0.662502, -0.0, 0.0, 0.0, 0.0, 1.0],
                [1.0, -0.000734, -0.000389, -0.0, 0.000809, 0.754584, 0.656185, 0.375166, -0.000188, -0.656217, 0.754595, -0.0, 0.0, 0.0, 0.0, 1.0],
                [1.0, -0.000613, -0.000298, -0.0, 0.000676, 0.836208, 0.548395, 0.375166, -8.7e-05, -0.548422, 0.836216, 0.0, 0.0, 0.0, 0.0, 1.0],
                [1.0, -0.000484, -0.000225, 0.0, 0.000533, 0.9016, 0.432556, 0.375166, -6e-06, -0.432576, 0.901606, -0.0, 0.0, 0.0, 0.0, 1.0],
                [1.0, -0.000366, -0.000177, -0.0, 0.000403, 0.945017, 0.327013, 0.375166, 4.7e-05, -0.327025, 0.945019, 0.0, 0.0, 0.0, 0.0, 1.0],
                [1.0, -0.00031, -0.000159, 0.0, 0.000342, 0.960817, 0.277175, 0.375166, 6.7e-05, -0.277184, 0.960819, 0.0, 0.0, 0.0, 0.0, 1.0],
                [1.0, -0.00031, -0.000159, 0.0, 0.000342, 0.960817, 0.277175, 0.375166, 6.7e-05, -0.277184, 0.960819, 0.0, 0.0, 0.0, 0.0, 1.0]
            ]
        },
        {
            "name": "Knee_R",
            "time": [0.0, 0.0167, 0.0333, 0.05, 0.0667, 0.0833, 0.1, 0.1167, 0.1333, 0.15, 0.1667, 0.1833, 0.2, 0.2167, 0.2333, 0.25, 0.2667, 0.2833, 0.3, 0.3167, 0.3333, 0.35, 0.3667, 0.3833, 0.4, 0.4167, 0.4333, 0.45, 0.4667, 0.4833, 0.5, 0.5167, 0.5333, 0.55, 0.5667, 0.5833, 0.6, 0.6167, 0.6333, 0.65, 0.6667],
            "transform": [
                [1.0, -5.7e-05, 5.4e-05, 0.0, 5.7e-05, 0.048757, -0.998811, 0.375166, 5.4e-05, 0.998811, 0.048757, 0.0, 0.0, 0.0, 0.0, 1.0],
                [1.0, -5.7e-05, 5.4e-05, 0.0, 5.7e-05, 0.048757, -0.998811, 0.375166, 5.4e-05, 0.998811, 0.048757, 0.0, 0.0, 0.0, 0.0, 1.0],
                [1.0, -5.7e-05, 5.4e-05, -0.0, 5.7e-05, 0.048757, -0.998811, 0.375166, 5.4e-05, 0.998811, 0.048757, -0.0, 0.0, 0.0, 0.0, 1.0],
                [1.0, -5.7e-05, 5.4e-05, -0.0, 5.7e-05, 0.048757, -0.998811, 0.375166, 5.4e-05, 0.998811, 0.048757, -0.0, 0.0, 0.0, 0.0, 1.0],
                [1.0, -5.7e-05, 5.4e-05, -0.0, 5.7e-05, 0.048757, -0.998811, 0.375166, 5.4e-05, 0.998811, 0.048757, 0.0, 0.0, 0.0, 0.0, 1.0],
                [1.0, -5.7e-05, 5.4e-05, 0.0, 5.7e-05, 0.048757, -0.998811, 0.375166, 5.4e-05, 0.998811, 0.048757, -0.0, 0.0, 0.0, 0.0, 1.0],
                [1.0, -5.7e-05, 5.4e-05, -0.0, 5.7e-05, 0.048757, -0.998811, 0.375166, 5.4e-05, 0.998811, 0.048757, 0.0, 0.0, 0.0, 0.0, 1.0],
                [1.0, -5.7e-05, 5.4e-05, -0.0, 5.7e-05, 0.048757, -0.998811, 0.375166, 5.4e-05, 0.998811, 0.048757, 0.0, 0.0, 0.0, 0.0, 1.0],
                [1.0, -5.7e-05, 5.4e-05, -0.0, 5.7e-05, 0.048757, -0.998811, 0.375166, 5.4e-05, 0.998811, 0.048757, -0.0, 0.0, 0.0, 0.0, 1.0],
                [1.0, -5.7e-05, 5.4e-05, -0.0, 5.7e-05, 0.048757, -0.998811, 0.375166, 5.4e-05, 0.998811, 0.048757, -0.0, 0.0, 0.0, 0.0, 1.0],
                [1.0, -5.7e-05, 5.4e-05, 0.0, 5.7e-05, 0.048757, -0.998811, 0.375166, 5.4e-05, 0.998811, 0.048757, 0.0, 0.0, 0.0, 0.0, 1.0],
                [1.0, -5.7e-05, 5.4e-05, 0.0, 5.7e-05, 0.048757, -0.998811, 0.375166, 5.4e-05, 0.998811, 0.048757, -0.0, 0.0, 0.0, 0.0, 1.0],
                [1.0, -5.7e-05, 5.4e-05, 0.0, 5.7e-05, 0.048757, -0.998811, 0.375166, 5.4e-05, 0.998811, 0.048757, 0.0, 0.0, 0.0, 0.0, 1.0],
                [1.0, -5.7e-05, 5.4e-05, 0.0, 5.7e-05, 0.048757, -0.998811, 0.375166, 5.4e-05, 0.998811, 0.048757, -0.0, 0.0, 0.0, 0.0, 1.0],
                [1.0, -5.7e-05, 5.4e-05, -0.0, 5.7e-05, 0.048757, -0.998811, 0.375166, 5.4e-05, 0.998811, 0.048757, -0.0, 0.0, 0.0, 0.0, 1.0],
                [1.0, -5.7e-05, 5.4e-05, -0.0, 5.7e-05, 0.048757, -0.998811, 0.375166, 5.4e-05, 0.998811, 0.048757, 0.0, 0.0, 0.0, 0.0, 1.0],
                [1.0, -5.7e-05, 5.4e-05, 0.0, 5.7e-05, 0.048757, -0.998811, 0.375166, 5.4e-05, 0.998811, 0.048757, 0.0, 0.0, 0.0, 0.0, 1.0],
                [1.0, -5.7e-05, 5.4e-05, -0.0, 5.7e-05, 0.048757, -0.998811, 0.375166, 5.4e-05, 0.998811, 0.048757, -0.0, 0.0, 0.0, 0.0, 1.0],
                [1.0, -5.7e-05, 5.4e-05, -0.0, 5.7e-05, 0.048757, -0.998811, 0.375166, 5.4e-05, 0.998811, 0.048757, 0.0, 0.0, 0.0, 0.0, 1.0],
                [1.0, -5.7e-05, 5.4e-05, -0.0, 5.7e-05, 0.048757, -0.998811, 0.375166, 5.4e-05, 0.998811, 0.048757, 0.0, 0.0, 0.0, 0.0, 1.0],
                [1.0, -5.7e-05, 5.4e-05, 0.0, 5.7e-05, 0.048757, -0.998811, 0.375166, 5.4e-05, 0.998811, 0.048757, 0.0, 0.0, 0.0, 0.0, 1.0],
                [1.0, -5.7e-05, 5.4e-05, -0.0, 5.7e-05, 0.048757, -0.998811, 0.375166, 5.4e-05, 0.998811, 0.048757, -0.0, 0.0, 0.0, 0.0, 1.0],
                [1.0, -5.7e-05, 5.4e-05, 0.0, 5.7e-05, 0.048757, -0.998811, 0.375166, 5.4e-05, 0.998811, 0.048757, -0.0, 0.0, 0.0, 0.0, 1.0],
                [1.0, -5.7e-05, 5.4e-05, 0.0, 5.7e-05, 0.048757, -0.998811, 0.375166, 5.4e-05, 0.998811, 0.048757, -0.0, 0.0, 0.0, 0.0, 1.0],
                [1.0, -5.7e-05, 5.4e-05, 0.0, 5.7e-05, 0.048757, -0.998811, 0.375166, 5.4e-05, 0.998811, 0.048757, -0.0, 0.0, 0.0, 0.0, 1.0],
                [1.0, -5.7e-05, 5.4e-05, -0.0, 5.7e-05, 0.048757, -0.998811, 0.375166, 5.4e-05, 0.998811, 0.048757, -0.0, 0.0, 0.0, 0.0, 1.0],
                [1.0, -5.7e-05, 5.4e-05, 0.0, 5.7e-05, 0.048757, -0.998811, 0.375166, 5.4e-05, 0.998811, 0.048757, 0.0, 0.0, 0.0, 0.0, 1.0],
                [1.0, -5.7e-05, 5.4e-05, 0.0, 5.7e-05, 0.048757, -0.998811, 0.375166, 5.4e-05, 0.998811, 0.048757, -0.0, 0.0, 0.0, 0.0, 1.0],
                [1.0, -5.7e-05, 5.4e-05, -0.0, 5.7e-05, 0.048757, -0.998811, 0.375166, 5.4e-05, 0.998811, 0.048757, -0.0, 0.0, 0.0, 0.0, 1.0],
                [1.0, -5.7e-05, 5.4e-05, -0.0, 5.7e-05, 0.048757, -0.998811, 0.375166, 5.4e-05, 0.998811, 0.048757, 0.0, 0.0, 0.0, 0.0, 1.0],
                [1.0, -5.7e-05, 5.4e-05, 0.0, 5.7e-05, 0.048757, -0.998811, 0.375166, 5.4e-05, 0.998811, 0.048757, 0.0, 0.0, 0.0, 0.0, 1.0],
                [1.0, -5.7e-05, 5.4e-05, -0.0, 5.7e-05, 0.048757, -0.998811, 0.375166, 5.4e-05, 0.998811, 0.048757, -0.0, 0.0, 0.0, 0.0, 1.0],
                [1.0, -5.7e-05, 5.4e-05, -0.0, 5.7e-05, 0.048757, -0.998811, 0.375166, 5.4e-05, 0.998811, 0.048757, 0.0, 0.0, 0.0, 0.0, 1.0],
                [1.0, -5.7e-05, 5.4e-05, 0.0, 5.7e-05, 0.048757, -0.998811, 0.375166, 5.4e-05, 0.998811, 0.048757, 0.0, 0.0, 0.0, 0.0, 1.0],
                [1.0, -5.7e-05, 5.4e-05, -0.0, 5.7e-05, 0.048757, -0.998811, 0.375166, 5.4e-05, 0.998811, 0.048757, 0.0, 0.0, 0.0, 0.0, 1.0],
                [1.0, -5.7e-05, 5.4e-05, 0.0, 5.7e-05, 0.048757, -0.998811, 0.375166, 5.4e-05, 0.998811, 0.048757, -0.0, 0.0, 0.0, 0.0, 1.0],
                [1.0, -5.7e-05, 5.4e-05, -0.0, 5.7e-05, 0.048757, -0.998811, 0.375166, 5.4e-05, 0.998811, 0.048757, -0.0, 0.0, 0.0, 0.0, 1.0],
                [1.0, -5.7e-05, 5.4e-05, -0.0, 5.7e-05, 0.048757, -0.998811, 0.375166, 5.4e-05, 0.998811, 0.048757, 0.0, 0.0, 0.0, 0.0, 1.0],
                [1.0, -5.7e-05, 5.4e-05, 0.0, 5.7e-05, 0.048757, -0.998811, 0.375166, 5.4e-05, 0.998811, 0.048757, -0.0, 0.0, 0.0, 0.0, 1.0],
                [1.0, -5.7e-05, 5.4e-05, -0.0, 5.7e-05, 0.048757, -0.998811, 0.375166, 5.4e-05, 0.998811, 0.048757, 0.0, 0.0, 0.0, 0.0, 1.0],
                [1.0, -5.7e-05, 5.4e-05, 0.0, 5.7e-05, 0.048757, -0.998811, 0.375166, 5.4e-05, 0.998811, 0.048757, 0.0, 0.0, 0.0, 0.0, 1.0],
                [1.0, -5.7e-05, 5.4e-05, 0.0, 5.7e-05, 0.048757, -0.998811, 0.375166, 5.4e-05, 0.998811, 0.048757, 0.0, 0.0, 0.0, 0.0, 1.0]
            ]
        },
        {
            "name": "Thigh_L",
            "time": [0.0, 0.0167, 0.0333, 0.05, 0.0667, 0.0833, 0.1, 0.1167, 0.1333, 0.15, 0.1667, 0.1833, 0.2, 0.2167, 0.2333, 0.25, 0.2667, 0.2833, 0.3, 0.3167, 0.3333, 0.35, 0.3667, 0.3833, 0.4, 0.4167, 0.4333, 0.45, 0.4667, 0.4833, 0.5, 0.5167, 0.5333, 0.55, 0.5667, 0.5833, 0.6, 0.6167, 0.6333, 0.65, 0.6667],
            "transform": [
                [0.999858, -0.015977, -0.005364, -0.116867, -0.010383, -0.834657, 0.550663, 0.000984, -0.013275, -0.550517, -0.834668, -0.131478, 0.0, 0.0, 0.0, 1.0],
                [0.999699, -0.024058, 0.004903, -0.117591, -0.022955, -0.844989, 0.534283, 0.000645, -0.008711, -0.534223, -0.845248, -0.119792, 0.0, 0.0, 0.0, 1.0],
                [0.99841, -0.047092, 0.03098, -0.119628, -0.056183, -0.875868, 0.479262, -0.00031, 0.004565, -0.48023, -0.877081, -0.086876, 0.0, 0.0, 0.0, 1.0],
                [0.995269, -0.078735, 0.056926, -0.122245, -0.094595, -0.918974, 0.382799, -0.001536, 0.022175, -0.386365, -0.922031, -0.044613, 0.0, 0.0, 0.0, 1.0],
                [0.991924, -0.107006, 0.068092, -0.124283, -0.121599, -0.954964, 0.270658, -0.002492, 0.036066, -0.276747, -0.960218, -0.011698, 0.0, 0.0, 0.0, 1.0],
                [0.990583, -0.118566, 0.068466, -0.125006, -0.130632, -0.96821, 0.213315, -0.002831, 0.041, -0.220246, -0.974535, -1.2e-05, 0.0, 0.0, 0.0, 1.0],
                [0.991986, -0.104675, 0.070762, -0.125006, -0.120729, -0.950439, 0.286508, -0.002831, 0.037267, -0.292753, -0.955414, -1.2e-05, 0.0, 0.0, 0.0, 1.0],
                [0.995343, -0.07677, 0.058297, -0.125006, -0.09256, -0.930065, 0.355534, -0.002831, 0.026927, -0.359283, -0.932794, -1.2e-05, 0.0, 0.0, 0.0, 1.0],
                [0.998683, -0.040227, 0.031838, -0.125006, -0.049964, -0.903474, 0.425701, -0.002831, 0.011641, -0.42675, -0.904252, -1.2e-05, 0.0, 0.0, 0.0, 1.0],
                [0.999984, -0.004333, -0.003482, -0.125006, -0.001602, -0.824555, 0.565753, -0.002831, -0.005323, -0.565764, -0.824511, -1.2e-05, 0.0, 0.0, 0.0, 1.0],
                [0.999107, 0.016984, -0.038672, -0.125006, 0.037833, -0.766961, 0.640547, -0.002831, -0.018782, -0.641468, -0.766884, -1.2e-05, 0.0, 0.0, 0.0, 1.0],
                [0.998329, 0.023761, -0.052668, -0.125006, 0.052755, -0.746687, 0.663048, -0.002831, -0.023573, -0.66475, -0.746659, -1.2e-05, 0.0, 0.0, 0.0, 1.0],
                [0.998544, 0.023044, -0.048765, -0.125006, 0.049214, -0.75927, 0.648882, -0.002831, -0.022074, -0.650367, -0.759264, -1.2e-05, 0.0, 0.0, 0.0, 1.0],
                [0.998851, 0.021804, -0.042663, -0.125006, 0.043578, -0.783547, 0.619773, -0.002831, -0.019916, -0.620949, -0.783562, -1.2e-05, 0.0, 0.0, 0.0, 1.0],
                [0.999136, 0.020232, -0.036295, -0.125006, 0.037596, -0.812171, 0.582179, -0.002831, -0.0177, -0.583068, -0.812193, -1.2e-05, 0.0, 0.0, 0.0, 1.0],
                [0.999371, 0.018426, -0.030269, -0.125006, 0.031814, -0.842788, 0.537279, -0.002831, -0.015611, -0.537929, -0.842806, -1.2e-05, 0.0, 0.0, 0.0, 1.0],
                [0.999556, 0.016414, -0.024857, -0.125006, 0.026442, -0.873189, 0.486641, -0.002831, -0.013718, -0.487104, -0.873195, -1.2e-05, 0.0, 0.0, 0.0, 1.0],
                [0.999695, 0.009644, -0.022736, -0.125006, 0.021563, -0.78973, 0.613056, -0.002831, -0.012043, -0.613376, -0.789655, -1.2e-05, 0.0, 0.0, 0.0, 1.0],
                [0.999795, 0.005635, -0.019407, -0.125006, 0.017211, -0.740752, 0.671541, -0.002831, -0.010592, -0.671749, -0.740655, -1.2e-05, 0.0, 0.0, 0.0, 1.0],
                [0.999866, 0.003221, -0.016029, -0.125006, 0.013405, -0.722865, 0.690844, -0.002831, -0.009362, -0.690973, -0.72277, -1.2e-05, 0.0, 0.0, 0.0, 1.0],
                [0.999913, 0.001487, -0.01307, -0.125006, 0.010164, -0.718084, 0.695868, -0.002831, -0.008351, -0.695944, -0.717996, -1.2e-05, 0.0, 0.0, 0.0, 1.0],
                [0.999943, 0.000146, -0.010662, -0.125006, 0.007525, -0.718114, 0.695872, -0.002831, -0.007556, -0.695913, -0.718034, -1.2e-05, 0.0, 0.0, 0.0, 1.0],
                [0.99996, -0.000883, -0.008873, -0.125006, 0.005552, -0.716998, 0.69704, -0.002831, -0.006977, -0.69706, -0.716926, -1.2e-05, 0.0, 0.0, 0.0, 1.0],
                [0.999968, -0.001578, -0.007766, -0.125006, 0.004355, -0.709358, 0.704822, -0.002831, -0.006621, -0.70483, -0.709291, -1.2e-05, 0.0, 0.0, 0.0, 1.0],
                [0.999864, -0.007878, -0.014489, -0.125006, 0.005228, -0.681848, 0.731463, -0.002831, -0.015643, -0.731434, -0.681677, -1.2e-05, 0.0, 0.0, 0.0, 1.0],
                [0.999248, -0.023677, -0.030703, -0.125006, 0.008341, -0.642094, 0.766567, -0.002831, -0.037866, -0.766241, -0.641378, -1.2e-05, 0.0, 0.0, 0.0, 1.0],
                [0.997725, -0.045389, -0.049841, -0.125006, 0.012777, -0.598642, 0.800901, -0.002831, -0.066193, -0.79971, -0.596667, -1.2e-05, 0.0, 0.0, 0.0, 1.0],
                [0.995407, -0.068357, -0.067015, -0.125006, 0.017291, -0.560173, 0.828181, -0.002831, -0.094156, -0.82553, -0.556386, -1.2e-05, 0.0, 0.0, 0.0, 1.0],
                [0.993103, -0.086876, -0.078716, -0.125006, 0.019848, -0.537165, 0.843229, -0.002831, -0.115546, -0.83897, -0.531705, -1.2e-05, 0.0, 0.0, 0.0, 1.0],
                [0.992127, -0.094571, -0.082088, -0.125006, 0.017984, -0.54113, 0.840733, -0.002831, -0.123935, -0.835582, -0.535138, -1.2e-05, 0.0, 0.0, 0.0, 1.0],
                [0.982673, -0.114385, 0.145842, -0.125006, -0.184299, -0.686666, 0.703213, -0.002831, 0.019709, -0.717895, -0.695817, -1.2e-05, 0.0, 0.0, 0.0, 1.0],
                [0.984368, -0.112366, 0.13562, -0.125006, -0.174535, -0.725562, 0.665645, -0.002831, 0.023606, -0.678899, -0.733798, -1.2e-05, 0.0, 0.0, 0.0, 1.0],
                [0.985877, -0.110993, 0.125406, -0.125006, -0.16523, -0.766765, 0.620289, -0.002831, 0.027311, -0.632239, -0.774239, -1.2e-05, 0.0, 0.0, 0.0, 1.0],
                [0.98712, -0.110387, 0.115795, -0.125006, -0.157035, -0.806844, 0.569502, -0.002831, 0.030565, -0.580341, -0.813749, -1.2e-05, 0.0, 0.0, 0.0, 1.0],
                [0.988118, -0.110537, 0.106789, -0.125006, -0.150038, -0.844431, 0.514215, -0.002831, 0.033338, -0.524118, -0.850943, -1.2e-05, 0.0, 0.0, 0.0, 1.0],
                [0.988908, -0.111343, 0.098306, -0.125006, -0.144189, -0.878498, 0.455461, -0.002831, 0.035651, -0.464576, -0.884766, -1.2e-05, 0.0, 0.0, 0.0, 1.0],
                [0.989522, -0.112687, 0.090268, -0.125006, -0.139421, -0.908259, 0.394491, -0.002831, 0.037535, -0.402935, -0.91441, -1.2e-05, 0.0, 0.0, 0.0, 1.0],
                [0.989984, -0.114414, 0.082704, -0.125006, -0.13568, -0.932957, 0.333435, -0.002831, 0.039011, -0.341311, -0.939093, -1.2e-05, 0.0, 0.0, 0.0, 1.0],
                [0.990313, -0.116287, 0.075882, -0.125006, -0.132943, -0.951812, 0.276367, -0.002831, 0.04009, -0.283772, -0.958006, -1.2e-05, 0.0, 0.0, 0.0, 1.0],
                [0.990513, -0.117879, 0.070626, -0.125006, -0.131233, -0.96389, 0.231715, -0.002831, 0.040763, -0.238781, -0.97017, -1.2e-05, 0.0, 0.0, 0.0, 1.0],
                [0.990583, -0.118566, 0.068466, -0.125006, -0.130632, -0.96821, 0.213315, -0.002831, 0.041, -0.220246, -0.974535, -1.2e-05, 0.0, 0.0, 0.0, 1.0],
                [0.990583, -0.118566, 0.068466, -0.125006, -0.130632, -0.96821, 0.213315, -0.002831, 0.041, -0.220246, -0.974535, -1.2e-05, 0.0, 0.0, 0.0, 1.0]
            ]
        },
        {
            "name": "Leg_L",
            "time": [0.0, 0.0167, 0.0333, 0.05, 0.0667, 0.0833, 0.1, 0.1167, 0.1333, 0.15, 0.1667, 0.1833, 0.2, 0.2167, 0.2333, 0.25, 0.2667, 0.2833, 0.3, 0.3167, 0.3333, 0.35, 0.3667, 0.3833, 0.4, 0.4167, 0.4333, 0.45, 0.4667, 0.4833, 0.5, 0.5167, 0.5333, 0.55, 0.5667, 0.5833, 0.6, 0.6167, 0.6333, 0.65, 0.6667],
            "transform": [
                [1.0, 2e-06, 2e-06, 0.0, -3e-06, 0.289025, 0.957302, 0.375166, 1e-06, -0.957346, 0.289039, -0.0, 0.0, 0.0, 0.0, 1.0],
                [1.0, 2e-06, 2e-06, -0.0, -3e-06, 0.336213, 0.941766, 0.375166, 1e-06, -0.941811, 0.336227, -0.0, 0.0, 0.0, 0.0, 1.0],
                [1.0, 2e-06, 2e-06, 0.0, -3e-06, 0.476616, 0.87909, 0.375167, 1e-06, -0.879136, 0.476632, -0.0, 0.0, 0.0, 0.0, 1.0],
                [1.0, 2e-06, 2e-06, 0.0, -2e-06, 0.67272, 0.739874, 0.375166, 0.0, -0.739918, 0.672735, -0.0, 0.0, 0.0, 0.0, 1.0],
                [1.0, 1e-06, 1e-06, -0.0, -2e-06, 0.837774, 0.545998, 0.375166, -0.0, -0.546031, 0.837783, -0.0, 0.0, 0.0, 0.0, 1.0],
                [1.0, 1e-06, 1e-06, 0.0, -1e-06, 0.899008, 0.437915, 0.375166, -0.0, -0.437941, 0.899014, 0.0, 0.0, 0.0, 0.0, 1.0],
                [1.0, 1e-06, 1e-06, 0.0, -1e-06, 0.892874, 0.450289, 0.375166, -0.0, -0.450315, 0.892881, 0.0, 0.0, 0.0, 0.0, 1.0],
                [1.0, 1e-06, 1e-06, -0.0, -1e-06, 0.965847, 0.259107, 0.375166, -1e-06, -0.259116, 0.965848, -0.0, 0.0, 0.0, 0.0, 1.0],
                [1.0, 0.0, 1e-06, -0.0, -0.0, 0.999987, 0.005381, 0.375166, -1e-06, -0.005367, 0.999985, 0.0, 0.0, 0.0, 0.0, 1.0],
                [1.0, 0.0, 1e-06, -0.0, -0.0, 0.999991, 0.004576, 0.375166, -1e-06, -0.004561, 0.99999, 0.0, 0.0, 0.0, 0.0, 1.0],
                [1.0, 0.0, 1e-06, 0.0, -0.0, 0.999991, 0.004601, 0.375166, -1e-06, -0.004586, 0.99999, -0.0, 0.0, 0.0, 0.0, 1.0],
                [1.0, 0.0, 1e-06, 0.0, -0.0, 0.999991, 0.004608, 0.375166, -1e-06, -0.004593, 0.999989, -0.0, 0.0, 0.0, 0.0, 1.0],
                [1.0, 0.0, 1e-06, 0.0, -0.0, 0.999991, 0.004599, 0.375166, -1e-06, -0.004585, 0.999989, 0.0, 0.0, 0.0, 0.0, 1.0],
                [1.0, 0.0, 1e-06, 0.0, -0.0, 0.999991, 0.004584, 0.375166, -1e-06, -0.004569, 0.999989, 0.0, 0.0, 0.0, 0.0, 1.0],
                [1.0, 0.0, 1e-06, 0.0, -0.0, 0.999986, 0.005409, 0.375166, -1e-06, -0.005395, 0.999985, -0.0, 0.0, 0.0, 0.0, 1.0],
                [1.0, 0.0, 1e-06, -0.0, -0.0, 0.999987, 0.005387, 0.375166, -1e-06, -0.005373, 0.999985, -0.0, 0.0, 0.0, 0.0, 1.0],
                [1.0, 0.0, 1e-06, 0.0, -0.0, 0.999987, 0.005365, 0.375166, -1e-06, -0.00535, 0.999985, 0.0, 0.0, 0.0, 0.0, 1.0],
                [1.0, 1e-06, 1e-06, -0.0, -1e-06, 0.907911, 0.419148, 0.375166, -0.0, -0.419171, 0.907916, 0.0, 0.0, 0.0, 0.0, 1.0],
                [1.0, 2e-06, 1e-06, 0.0, -2e-06, 0.757806, 0.652458, 0.375166, 0.0, -0.652497, 0.757817, 0.0, 0.0, 0.0, 0.0, 1.0],
                [1.0, 2e-06, 2e-06, -0.0, -2e-06, 0.632174, 0.774804, 0.375166, 0.0, -0.774848, 0.632188, -0.0, 0.0, 0.0, 0.0, 1.0],
                [1.0, 2e-06, 2e-06, -0.0, -3e-06, 0.527516, 0.849523, 0.375166, 1e-06, -0.849568, 0.527531, -0.0, 0.0, 0.0, 0.0, 1.0],
                [1.0, 2e-06, 2e-06, 0.0, -3e-06, 0.439609, 0.898169, 0.375166, 1e-06, -0.898213, 0.439623, -0.0, 0.0, 0.0, 0.0, 1.0],
                [1.0, 2e-06, 2e-06, -0.0, -3e-06, 0.364058, 0.931356, 0.375166, 1e-06, -0.931401, 0.364073, -0.0, 0.0, 0.0, 0.0, 1.0],
                [1.0, 2e-06, 2e-06, -0.0, -3e-06, 0.296467, 0.955024, 0.375166, 1e-06, -0.955067, 0.29648, -0.0, 0.0, 0.0, 0.0, 1.0],
                [1.0, 2e-06, 3e-06, 0.0, -3e-06, 0.207428, 0.978232, 0.375166, 2e-06, -0.978274, 0.20744, -0.0, 0.0, 0.0, 0.0, 1.0],
                [1.0, 2e-06, 3e-06, 0.0, -3e-06, 0.10468, 0.994488, 0.375166, 2e-06, -0.994528, 0.104691, -0.0, 0.0, 0.0, 0.0, 1.0],
                [1.0, 2e-06, 3e-06, -0.0, -3e-06, 0.003837, 0.999975, 0.375166, 2e-06, -1.000013, 0.003847, 0.0, 0.0, 0.0, 0.0, 1.0],
                [1.0, 2e-06, 3e-06, 0.0, -3e-06, -0.083354, 0.996503, 0.375166, 3e-06, -0.996538, -0.083344, -0.0, 0.0, 0.0, 0.0, 1.0],
                [1.0, 2e-06, 3e-06, -0.0, -3e-06, -0.146171, 0.989242, 0.375166, 3e-06, -0.989276, -0.146161, -0.0, 0.0, 0.0, 0.0, 1.0],
                [1.0, 2e-06, 4e-06, -0.0, -3e-06, -0.174162, 0.9847, 0.375166, 3e-06, -0.984733, -0.174153, 0.0, 0.0, 0.0, 0.0, 1.0],
                [1.0, 2e-06, 3e-06, -0.0, -3e-06, -0.043085, 0.999054, 0.375166, 3e-06, -0.999091, -0.043075, -0.0, 0.0, 0.0, 0.0, 1.0],
                [1.0, 2e-06, 3e-06, -0.0, -3e-06, 0.066396, 0.997776, 0.375166, 2e-06, -0.997815, 0.066406, -0.0, 0.0, 0.0, 0.0, 1.0],
                [1.0, 2e-06, 3e-06, 0.0, -3e-06, 0.189396, 0.981883, 0.375166, 2e-06, -0.981924, 0.189408, -0.0, 0.0, 0.0, 0.0, 1.0],
                [1.0, 2e-06, 2e-06, 0.0, -3e-06, 0.316072, 0.948716, 0.375166, 1e-06, -0.94876, 0.316086, 0.0, 0.0, 0.0, 0.0, 1.0],
                [1.0, 2e-06, 2e-06, -0.0, -3e-06, 0.441178, 0.897399, 0.375166, 1e-06, -0.897444, 0.441193, 0.0, 0.0, 0.0, 0.0, 1.0],
                [1.0, 2e-06, 2e-06, 0.0, -3e-06, 0.55994, 0.828511, 0.375166, 1e-06, -0.828556, 0.559955, -0.0, 0.0, 0.0, 0.0, 1.0],
                [1.0, 2e-06, 2e-06, 0.0, -2e-06, 0.667984, 0.744154, 0.375166, 0.0, -0.744197, 0.667998, -0.0, 0.0, 0.0, 0.0, 1.0],
                [1.0, 2e-06, 1e-06, -0.0, -2e-06, 0.760829, 0.648931, 0.375166, 0.0, -0.64897, 0.760841, -0.0, 0.0, 0.0, 0.0, 1.0],
                [1.0, 1e-06, 1e-06, 0.0, -2e-06, 0.833811, 0.552031, 0.375166, -0.0, -0.552064, 0.83382, 0.0, 0.0, 0.0, 0.0, 1.0],
                [1.0, 1e-06, 1e-06, -0.0, -1e-06, 0.881655, 0.471878, 0.375166, -0.0, -0.471905, 0.881662, -0.0, 0.0, 0.0, 0.0, 1.0],
                [1.0, 1e-06, 1e-06, -0.0, -1e-06, 0.899008, 0.437915, 0.375166, -0.0, -0.43794, 0.899015, 0.0, 0.0, 0.0, 0.0, 1.0],
                [1.0, 1e-06, 1e-06, -0.0, -1e-06, 0.899008, 0.437915, 0.375166, -0.0, -0.43794, 0.899015, 0.0, 0.0, 0.0, 0.0, 1.0]
            ]
        },
        {
            "name": "Knee_L",
            "time": [0.0, 0.0167, 0.0333, 0.05, 0.0667, 0.0833, 0.1, 0.1167, 0.1333, 0.15, 0.1667, 0.1833, 0.2, 0.2167, 0.2333, 0.25, 0.2667, 0.2833, 0.3, 0.3167, 0.3333, 0.35, 0.3667, 0.3833, 0.4, 0.4167, 0.4333, 0.45, 0.4667, 0.4833, 0.5, 0.5167, 0.5333, 0.55, 0.5667, 0.5833, 0.6, 0.6167, 0.6333, 0.65, 0.6667],
            "transform": [
