{
    "animation": [
        {
            "name": "Root",
            "time": [0.0, 0.0167, 0.0333, 0.05, 0.0667, 0.0833, 0.1, 0.1167, 0.1333, 0.15, 0.1667, 0.1833, 0.2, 0.2167, 0.2333, 0.25, 0.2667, 0.2833, 0.3, 0.3167, 0.3333, 0.35, 0.3667, 0.3833, 0.4, 0.4167, 0.4333, 0.45, 0.4667, 0.4833, 0.5, 0.5167, 0.5333, 0.55, 0.5667, 0.5833, 0.6, 0.6167, 0.6333, 0.65, 0.6667, 0.6833, 0.7, 0.7167, 0.7333, 0.75, 0.7667, 0.7833, 0.8, 2.0],
            "transform": [
                [0.816521, 0.0, 0.577316, -0.034952, 0.577316, 0.0, -0.816521, 0.059515, 0.0, 1.0, 0.0, 1.324703, 0.0, 0.0, 0.0, 1.0],
                [0.824703, 0.0, 0.565566, -0.029394, 0.565566, 0.0, -0.824703, 0.248679, 0.0, 1.0, 0.0, 1.283121, 0.0, 0.0, 0.0, 1.0],
                [0.852772, 0.0, 0.522284, -0.015512, 0.522284, 0.0, -0.852772, 0.743028, 0.0, 1.0, 0.0, 1.174356, 0.0, 0.0, 0.0, 1.0],
                [0.896481, 0.0, 0.443082, -0.003517, 0.443082, 0.0, -0.896481, 1.236282, 0.0, 1.0, 0.0, 1.06559, 0.0, 0.0, 0.0, 1.0],
                [0.941275, 0.0, 0.33764, -5e-06, 0.33764, 0.0, -0.941275, 1.424366, 0.0, 1.0, 0.0, 1.024009, 0.0, 0.0, 0.0, 1.0],
                [0.986399, 0.0, 0.164367, -2.9e-05, 0.164367, 0.0, -0.986399, 1.348492, 0.0, 1.0, 0.0, 1.0564, 0.0, 0.0, 0.0, 1.0],
                [0.994883, 0.0, -0.101033, 0.000183, -0.101033, 0.0, -0.994883, 1.123895, 0.0, 1.0, 0.0, 1.152356, 0.0, 0.0, 0.0, 1.0],
                [0.915243, 0.0, -0.402902, 0.001066, -0.402902, 0.0, -0.915243, 0.791122, 0.0, 1.0, 0.0, 1.294568, 0.0, 0.0, 0.0, 1.0],
                [0.769005, 0.0, -0.639243, 0.002682, -0.639243, 0.0, -0.769005, 0.439223, 0.0, 1.0, 0.0, 1.444891, 0.0, 0.0, 0.0, 1.0],
                [0.644611, 0.0, -0.764511, 0.004686, -0.764511, 0.0, -0.644611, 0.162426, 0.0, 1.0, 0.0, 1.563044, 0.0, 0.0, 0.0, 1.0],
                [0.599848, 0.0, -0.800114, 0.006736, -0.800114, 0.0, -0.599848, 0.012207, 0.0, 1.0, 0.0, 1.627144, 0.0, 0.0, 0.0, 1.0],
                [0.599848, 0.0, -0.800114, 0.008817, -0.800114, 0.0, -0.599848, -0.061178, 0.0, 1.0, 0.0, 1.659808, 0.0, 0.0, 0.0, 1.0],
                [0.599848, 0.0, -0.800114, 0.011085, -0.800114, 0.0, -0.599848, -0.116944, 0.0, 1.0, 0.0, 1.687288, 0.0, 0.0, 0.0, 1.0],
                [0.599848, 0.0, -0.800114, 0.013519, -0.800114, 0.0, -0.599848, -0.155129, 0.0, 1.0, 0.0, 1.708721, 0.0, 0.0, 0.0, 1.0],
                [0.599848, 0.0, -0.800114, 0.016095, -0.800114, 0.0, -0.599848, -0.178084, 0.0, 1.0, 0.0, 1.7236, 0.0, 0.0, 0.0, 1.0],
                [0.599848, 0.0, -0.800114, 0.018793, -0.800114, 0.0, -0.599848, -0.190852, 0.0, 1.0, 0.0, 1.732108, 0.0, 0.0, 0.0, 1.0],
                [0.599848, 0.0, -0.800114, 0.021593, -0.800114, 0.0, -0.599848, -0.200238, 0.0, 1.0, 0.0, 1.735219, 0.0, 0.0, 0.0, 1.0],
                [0.599848, 0.0, -0.800114, 0.024476, -0.800114, 0.0, -0.599848, -0.212848, 0.0, 1.0, 0.0, 1.734425, 0.0, 0.0, 0.0, 1.0],
                [0.599848, 0.0, -0.800114, 0.027423, -0.800114, 0.0, -0.599848, -0.233471, 0.0, 1.0, 0.0, 1.731259, 0.0, 0.0, 0.0, 1.0],
                [0.599848, 0.0, -0.800114, 0.030414, -0.800114, 0.0, -0.599848, -0.264666, 0.0, 1.0, 0.0, 1.726961, 0.0, 0.0, 0.0, 1.0],
                [0.644897, 0.0, -0.764269, 0.032151, -0.764269, 0.0, -0.644897, -0.300235, 0.0, 1.0, 0.0, 1.705973, 0.0, 0.0, 0.0, 1.0],
                [0.765777, 0.0, -0.643106, 0.030238, -0.643106, 0.0, -0.765777, -0.333633, 0.0, 1.0, 0.0, 1.64913, 0.0, 0.0, 0.0, 1.0],
                [0.902088, 0.0, -0.431552, 0.023357, -0.431552, 0.0, -0.902088, -0.367604, 0.0, 1.0, 0.0, 1.557715, 0.0, 0.0, 0.0, 1.0],
                [0.981264, 0.0, -0.192666, 0.013449, -0.192666, 0.0, -0.981264, -0.406234, 0.0, 1.0, 0.0, 1.443539, 0.0, 0.0, 0.0, 1.0],
                [0.999747, 0.0, -0.022516, 0.005342, -0.022516, 0.0, -0.999747, -0.450411, 0.0, 1.0, 0.0, 1.324058, 0.0, 0.0, 0.0, 1.0],
                [0.999385, 0.0, 0.035052, 0.002402, 0.035052, 0.0, -0.999385, -0.497915, 0.0, 1.0, 0.0, 1.212602, 0.0, 0.0, 0.0, 1.0],
                [0.999385, 0.0, 0.035052, 0.002529, 0.035052, 0.0, -0.999385, -0.553631, 0.0, 1.0, 0.0, 1.092279, 0.0, 0.0, 0.0, 1.0],
                [0.999385, 0.0, 0.035052, 0.002642, 0.035052, 0.0, -0.999385, -0.615315, 0.0, 1.0, 0.0, 0.956178, 0.0, 0.0, 0.0, 1.0],
                [0.999385, 0.0, 0.035052, 0.002736, 0.035052, 0.0, -0.999385, -0.664212, 0.0, 1.0, 0.0, 0.840952, 0.0, 0.0, 0.0, 1.0],
                [0.999385, 0.0, 0.035052, 0.002815, 0.035052, 0.0, -0.999385, -0.70232, 0.0, 1.0, 0.0, 0.738344, 0.0, 0.0, 0.0, 1.0],
                [0.999385, 0.0, 0.035052, 0.00287, 0.035052, 0.0, -0.999385, -0.728733, 0.0, 1.0, 0.0, 0.651519, 0.0, 0.0, 0.0, 1.0],
                [0.999385, 0.0, 0.035052, 0.002886, 0.035052, 0.0, -0.999385, -0.736472, 0.0, 1.0, 0.0, 0.612041, 0.0, 0.0, 0.0, 1.0],
                [0.999385, 0.0, 0.035052, 0.002886, 0.035052, 0.0, -0.999385, -0.736472, 0.0, 1.0, 0.0, 0.592984, 0.0, 0.0, 0.0, 1.0],
                [0.999385, 0.0, 0.035052, 0.002886, 0.035052, 0.0, -0.999385, -0.736472, 0.0, 1.0, 0.0, 0.568789, 0.0, 0.0, 0.0, 1.0],
                [0.999385, 0.0, 0.035052, 0.002886, 0.035052, 0.0, -0.999385, -0.736472, 0.0, 1.0, 0.0, 0.542232, 0.0, 0.0, 0.0, 1.0],
                [0.999385, 0.0, 0.035052, 0.002886, 0.035052, 0.0, -0.999385, -0.736472, 0.0, 1.0, 0.0, 0.517468, 0.0, 0.0, 0.0, 1.0],
                [0.999385, 0.0, 0.035052, 0.002886, 0.035052, 0.0, -0.999385, -0.736472, 0.0, 1.0, 0.0, 0.49944, 0.0, 0.0, 0.0, 1.0],
                [0.999385, 0.0, 0.035052, 0.002886, 0.035052, 0.0, -0.999385, -0.736472, 0.0, 1.0, 0.0, 0.492667, 0.0, 0.0, 0.0, 1.0],
                [0.987076, 0.0, 0.160251, -5e-06, 0.160251, 0.0, -0.987076, -0.804614, 0.0, 1.0, 0.0, 0.524472, 0.0, 0.0, 0.0, 1.0],
                [0.987076, 0.0, 0.160251, -5e-06, 0.160251, 0.0, -0.987076, -0.804614, 0.0, 1.0, 0.0, 0.553874, 0.0, 0.0, 0.0, 1.0],
                [0.987076, 0.0, 0.160251, -5e-06, 0.160251, 0.0, -0.987076, -0.804614, 0.0, 1.0, 0.0, 0.585065, 0.0, 0.0, 0.0, 1.0],
                [0.987076, 0.0, 0.160251, -5e-06, 0.160251, 0.0, -0.987076, -0.804614, 0.0, 1.0, 0.0, 0.61554, 0.0, 0.0, 0.0, 1.0],
                [0.987076, 0.0, 0.160251, -5e-06, 0.160251, 0.0, -0.987076, -0.804614, 0.0, 1.0, 0.0, 0.644159, 0.0, 0.0, 0.0, 1.0],
                [0.987076, 0.0, 0.160251, -5e-06, 0.160251, 0.0, -0.987076, -0.804614, 0.0, 1.0, 0.0, 0.67018, 0.0, 0.0, 0.0, 1.0],
                [0.987076, 0.0, 0.160251, -5e-06, 0.160251, 0.0, -0.987076, -0.804614, 0.0, 1.0, 0.0, 0.69299, 0.0, 0.0, 0.0, 1.0],
                [0.987076, 0.0, 0.160251, -5e-06, 0.160251, 0.0, -0.987076, -0.804614, 0.0, 1.0, 0.0, 0.711998, 0.0, 0.0, 0.0, 1.0],
                [0.987076, 0.0, 0.160251, -5e-06, 0.160251, 0.0, -0.987076, -0.804614, 0.0, 1.0, 0.0, 0.72657, 0.0, 0.0, 0.0, 1.0],
                [0.987076, 0.0, 0.160251, -5e-06, 0.160251, 0.0, -0.987076, -0.804614, 0.0, 1.0, 0.0, 0.735979, 0.0, 0.0, 0.0, 1.0],
                [0.987076, 0.0, 0.160251, -5e-06, 0.160251, 0.0, -0.987076, -0.804614, 0.0, 1.0, 0.0, 0.739346, 0.0, 0.0, 0.0, 1.0],
                [0.987076, 0.0, 0.160251, -5e-06, 0.160251, 0.0, -0.987076, -0.804614, 0.0, 1.0, 0.0, 0.739346, 0.0, 0.0, 0.0, 1.0]
            ]
        },
        {
            "name": "Thigh_R",
            "time": [0.0, 0.0167, 0.0333, 0.05, 0.0667, 0.0833, 0.1, 0.1167, 0.1333, 0.15, 0.1667, 0.1833, 0.2, 0.2167, 0.2333, 0.25, 0.2667, 0.2833, 0.3, 0.3167, 0.3333, 0.35, 0.3667, 0.3833, 0.4, 0.4167, 0.4333, 0.45, 0.4667, 0.4833, 0.5, 0.5167, 0.5333, 0.55, 0.5667, 0.5833, 0.6, 0.6167, 0.6333, 0.65, 0.6667, 0.6833, 0.7, 0.7167, 0.7333, 0.75, 0.7667, 0.7833, 0.8, 2.0],
            "transform": [
                [0.99607, -0.042364, 0.077786, 0.109936, -0.025788, -0.978861, -0.202864, 0.02623, 0.084739, 0.200083, -0.976075, 0.092224, 0.0, 0.0, 0.0, 1.0],
                [0.997476, -0.002465, 0.070953, 0.112018, 0.004343, -0.995404, -0.095616, 0.022212, 0.070866, 0.095703, -0.99285, 0.079469, 0.0, 0.0, 0.0, 1.0],
                [0.994227, 0.097528, 0.044734, 0.117465, 0.091367, -0.988114, 0.123609, 0.0117, 0.05626, -0.118794, -0.991287, 0.046106, 0.0, 0.0, 0.0, 1.0],
                [0.979153, 0.193863, 0.060623, 0.122912, 0.173528, -0.953503, 0.24641, 0.001188, 0.105578, -0.230748, -0.96723, 0.012743, 0.0, 0.0, 0.0, 1.0],
                [0.961653, 0.225772, 0.155718, 0.124994, 0.180479, -0.948441, 0.260545, -0.002831, 0.206521, -0.222452, -0.952781, -1.2e-05, 0.0, 0.0, 0.0, 1.0],
                [0.934261, 0.254564, 0.249696, 0.124994, 0.128301, -0.893336, 0.430678, -0.002831, 0.33271, -0.370332, -0.867234, -1.2e-05, 0.0, 0.0, 0.0, 1.0],
                [0.872225, 0.333672, 0.357594, 0.124994, 0.024498, -0.760038, 0.649405, -0.002831, 0.488492, -0.55767, -0.671068, -1.2e-05, 0.0, 0.0, 0.0, 1.0],
                [0.764881, 0.445565, 0.46519, 0.124994, -0.11945, -0.611556, 0.78212, -0.002831, 0.632999, -0.653799, -0.414521, -1.2e-05, 0.0, 0.0, 0.0, 1.0],
                [0.637987, 0.544488, 0.544488, 0.124994, -0.259303, -0.513911, 0.817702, -0.002831, 0.725075, -0.662875, -0.186662, -1.2e-05, 0.0, 0.0, 0.0, 1.0],
                [0.542584, 0.598128, 0.589746, 0.124994, -0.350298, -0.477023, 0.806054, -0.002831, 0.763475, -0.643943, -0.049286, -1.2e-05, 0.0, 0.0, 0.0, 1.0],
                [0.509634, 0.61383, 0.602859, 0.124994, -0.378644, -0.469193, 0.79779, -0.002831, 0.772595, -0.634854, -0.006678, -1.2e-05, 0.0, 0.0, 0.0, 1.0],
                [0.50995, 0.616304, 0.60006, 0.124994, -0.376886, -0.467004, 0.799904, -0.002831, 0.773245, -0.63407, -0.005857, -1.2e-05, 0.0, 0.0, 0.0, 1.0],
                [0.510289, 0.619013, 0.596976, 0.124994, -0.374988, -0.464562, 0.802215, -0.002831, 0.773944, -0.633225, -0.004924, -1.2e-05, 0.0, 0.0, 0.0, 1.0],
                [0.510646, 0.621928, 0.593632, 0.124994, -0.372975, -0.461879, 0.804699, -0.002831, 0.774681, -0.63233, -0.003878, -1.2e-05, 0.0, 0.0, 0.0, 1.0],
                [0.511016, 0.625027, 0.590048, 0.124994, -0.370872, -0.458963, 0.807335, -0.002831, 0.775447, -0.631397, -0.002717, -1.2e-05, 0.0, 0.0, 0.0, 1.0],
                [0.511394, 0.628289, 0.586245, 0.124994, -0.368703, -0.455819, 0.810105, -0.002831, 0.776231, -0.630436, -0.001436, -1.2e-05, 0.0, 0.0, 0.0, 1.0],
                [0.511775, 0.631785, 0.58214, 0.124994, -0.366494, -0.452323, 0.813061, -0.002831, 0.777025, -0.629459, 7.3e-05, -1.2e-05, 0.0, 0.0, 0.0, 1.0],
                [0.512155, 0.635326, 0.577938, 0.124994, -0.364274, -0.448716, 0.816052, -0.002831, 0.777818, -0.628476, 0.001635, -1.2e-05, 0.0, 0.0, 0.0, 1.0],
                [0.512528, 0.638983, 0.573558, 0.124994, -0.362074, -0.44487, 0.819131, -0.002831, 0.7786, -0.627501, 0.003365, -1.2e-05, 0.0, 0.0, 0.0, 1.0],
                [0.512889, 0.642746, 0.569014, 0.124994, -0.359929, -0.440774, 0.822284, -0.002831, 0.779356, -0.626548, 0.005289, -1.2e-05, 0.0, 0.0, 0.0, 1.0],
                [0.527335, 0.633925, 0.565696, 0.124994, -0.350141, -0.444515, 0.824493, -0.002831, 0.774157, -0.63286, -0.01243, -1.2e-05, 0.0, 0.0, 0.0, 1.0],
                [0.569013, 0.598663, 0.563724, 0.124994, -0.325878, -0.465256, 0.822996, -0.002831, 0.755001, -0.652003, -0.06963, -1.2e-05, 0.0, 0.0, 0.0, 1.0],
                [0.632269, 0.536818, 0.55859, 0.124994, -0.290851, -0.503816, 0.813362, -0.002831, 0.718082, -0.676732, -0.162395, -1.2e-05, 0.0, 0.0, 0.0, 1.0],
                [0.705805, 0.452951, 0.544648, 0.124994, -0.2512, -0.558875, 0.790278, -0.002831, 0.662373, -0.694599, -0.280655, -1.2e-05, 0.0, 0.0, 0.0, 1.0],
                [0.775759, 0.359727, 0.518428, 0.124994, -0.21353, -0.623477, 0.752108, -0.002831, 0.593804, -0.694155, -0.406832, -1.2e-05, 0.0, 0.0, 0.0, 1.0],
                [0.831655, 0.273786, 0.483083, 0.124994, -0.182714, -0.686625, 0.703667, -0.002831, 0.524371, -0.673476, -0.520984, -1.2e-05, 0.0, 0.0, 0.0, 1.0],
                [0.870039, 0.20869, 0.446613, 0.124994, -0.160853, -0.736217, 0.657342, -0.002831, 0.466003, -0.643753, -0.60694, -1.2e-05, 0.0, 0.0, 0.0, 1.0],
                [0.892763, 0.170672, 0.416929, 0.124994, -0.147869, -0.76319, 0.629018, -0.002831, 0.425568, -0.623217, -0.656081, -1.2e-05, 0.0, 0.0, 0.0, 1.0],
                [0.903226, 0.15986, 0.398264, 0.124994, -0.142848, -0.763128, 0.630252, -0.002831, 0.404695, -0.626152, -0.666411, -1.2e-05, 0.0, 0.0, 0.0, 1.0],
                [0.906769, 0.164124, 0.388354, 0.124994, -0.142433, -0.747727, 0.64854, -0.002831, 0.39684, -0.643392, -0.654609, -1.2e-05, 0.0, 0.0, 0.0, 1.0],
                [0.907501, 0.173444, 0.382553, 0.124994, -0.144067, -0.727, 0.671344, -0.002831, 0.394572, -0.664359, -0.634735, -1.2e-05, 0.0, 0.0, 0.0, 1.0],
                [0.908099, 0.184487, 0.37591, 0.124994, -0.146961, -0.70021, 0.698637, -0.002831, 0.392121, -0.689676, -0.608718, -1.2e-05, 0.0, 0.0, 0.0, 1.0],
                [0.914926, 0.207189, 0.346368, 0.124994, -0.135527, -0.650656, 0.747169, -0.002831, 0.380187, -0.730547, -0.567194, -1.2e-05, 0.0, 0.0, 0.0, 1.0],
                [0.931519, 0.243345, 0.270271, 0.124994, -0.091544, -0.562351, 0.821802, -0.002831, 0.351983, -0.790268, -0.501536, -1.2e-05, 0.0, 0.0, 0.0, 1.0],
                [0.951808, 0.26891, 0.147456, 0.124994, -0.009691, -0.454216, 0.890823, -0.002831, 0.30654, -0.849325, -0.429693, -1.2e-05, 0.0, 0.0, 0.0, 1.0],
                [0.963421, 0.267982, -0.002024, 0.124994, 0.10326, -0.364254, 0.925539, -0.002831, 0.2473, -0.891899, -0.378573, -1.2e-05, 0.0, 0.0, 0.0, 1.0],
                [0.958656, 0.252394, -0.131438, 0.124994, 0.2108, -0.319589, 0.923791, -0.002831, 0.19116, -0.913313, -0.359551, -1.2e-05, 0.0, 0.0, 0.0, 1.0],
                [0.951915, 0.244554, -0.184527, 0.124994, 0.257031, -0.309753, 0.915397, -0.002831, 0.166712, -0.918819, -0.357687, -1.2e-05, 0.0, 0.0, 0.0, 1.0],
                [0.938792, 0.3414, -0.045986, 0.124994, 0.182338, -0.379216, 0.907146, -0.002831, 0.292272, -0.860014, -0.418226, -1.2e-05, 0.0, 0.0, 0.0, 1.0],
                [0.940906, 0.336851, -0.035002, 0.124994, 0.201113, -0.472611, 0.858, -0.002831, 0.272486, -0.814342, -0.512397, -1.2e-05, 0.0, 0.0, 0.0, 1.0],
                [0.944372, 0.328676, -0.011525, 0.124994, 0.206648, -0.565771, 0.798234, -0.002831, 0.255849, -0.756214, -0.602187, -1.2e-05, 0.0, 0.0, 0.0, 1.0],
                [0.948098, 0.317599, 0.015499, 0.124994, 0.206, -0.65063, 0.730907, -0.002831, 0.242229, -0.68978, -0.682254, -1.2e-05, 0.0, 0.0, 0.0, 1.0],
                [0.951583, 0.304395, 0.04281, 0.124994, 0.202368, -0.725197, 0.65812, -0.002831, 0.231383, -0.617593, -0.751651, -1.2e-05, 0.0, 0.0, 0.0, 1.0],
                [0.954611, 0.289764, 0.068945, 0.124994, 0.197491, -0.789046, 0.581715, -0.002831, 0.222969, -0.541695, -0.810424, -1.2e-05, 0.0, 0.0, 0.0, 1.0],
                [0.957107, 0.274321, 0.093235, 0.124994, 0.1924, -0.842377, 0.503363, -0.002831, 0.21663, -0.463834, -0.858989, -1.2e-05, 0.0, 0.0, 0.0, 1.0],
                [0.959058, 0.258683, 0.115276, 0.124994, 0.187741, -0.885474, 0.425069, -0.002831, 0.21204, -0.386024, -0.89775, -1.2e-05, 0.0, 0.0, 0.0, 1.0],
                [0.960471, 0.243732, 0.13449, 0.124994, 0.18396, -0.918327, 0.350471, -0.002831, 0.208934, -0.311877, -0.926827, -1.2e-05, 0.0, 0.0, 0.0, 1.0],
                [0.961347, 0.231313, 0.149348, 0.124994, 0.181418, -0.940175, 0.288367, -0.002831, 0.207124, -0.250127, -0.945761, -1.2e-05, 0.0, 0.0, 0.0, 1.0],
                [0.961653, 0.225772, 0.155718, 0.124994, 0.180479, -0.948441, 0.260546, -0.002831, 0.206521, -0.222452, -0.952781, -1.2e-05, 0.0, 0.0, 0.0, 1.0],
                [0.961653, 0.225772, 0.155718, 0.124994, 0.180479, -0.948441, 0.260546, -0.002831, 0.206521, -0.222452, -0.952781, -1.2e-05, 0.0, 0.0, 0.0, 1.0]
            ]
        },
        {
            "name": "Leg_R",
            "time": [0.0, 0.0167, 0.0333, 0.05, 0.0667, 0.0833, 0.1, 0.1167, 0.1333, 0.15, 0.1667, 0.1833, 0.2, 0.2167, 0.2333, 0.25, 0.2667, 0.2833, 0.3, 0.3167, 0.3333, 0.35, 0.3667, 0.3833, 0.4, 0.4167, 0.4333, 0.45, 0.4667, 0.4833, 0.5, 0.5167, 0.5333, 0.55, 0.5667, 0.5833, 0.6, 0.6167, 0.6333, 0.65, 0.6667, 0.6833, 0.7, 0.7167, 0.7333, 0.75, 0.7667, 0.7833, 0.8, 2.0],
            "transform": [
                [0.999999, -0.000634, -0.000312, 0.0, 0.000699, 0.823901, 0.566716, 0.375166, -0.000102, -0.566746, 0.82391, 0.0, 0.0, 0.0, 0.0, 1.0],
                [1.0, -0.000706, -0.000366, 0.0, 0.000779, 0.775171, 0.631733, 0.375166, -0.000162, -0.631765, 0.775181, -0.0, 0.0, 0.0, 0.0, 1.0],
                [1.0, -0.000754, -0.000407, -0.0, 0.000832, 0.738466, 0.674272, 0.375166, -0.000207, -0.674306, 0.738477, 0.0, 0.0, 0.0, 0.0, 1.0],
                [1.0, -0.000583, -0.000279, -0.0, 0.000643, 0.853515, 0.521051, 0.375166, -6.6e-05, -0.521077, 0.853523, 0.0, 0.0, 0.0, 0.0, 1.0],
                [1.0, -0.00031, -0.000159, 0.0, 0.000342, 0.960817, 0.277175, 0.375166, 6.7e-05, -0.277184, 0.960819, -0.0, 0.0, 0.0, 0.0, 1.0],
                [1.0, -0.000504, -0.000235, 0.0, 0.000556, 0.892521, 0.45099, 0.375166, -1.7e-05, -0.451012, 0.892528, 0.0, 0.0, 0.0, 0.0, 1.0],
                [1.0, -0.000847, -0.000504, 0.0, 0.000934, 0.652629, 0.757658, 0.375166, -0.000313, -0.757694, 0.652642, -0.0, 0.0, 0.0, 0.0, 1.0],
                [0.999999, -0.001056, -0.000866, 0.0, 0.001165, 0.328725, 0.944409, 0.375166, -0.000713, -0.944446, 0.328737, -0.0, 0.0, 0.0, 0.0, 1.0],
                [0.999999, -0.001117, -0.001184, 0.0, 0.001232, 0.044256, 0.999005, 0.375166, -0.001064, -0.999038, 0.044266, 0.0, 0.0, 0.0, 0.0, 1.0],
                [0.999998, -0.001109, -0.001379, -0.0, 0.001223, -0.130575, 0.991424, 0.375166, -0.001279, -0.991453, -0.130566, 0.0, 0.0, 0.0, 0.0, 1.0],
                [0.999998, -0.001097, -0.001448, 0.0, 0.00121, -0.192067, 0.981367, 0.375166, -0.001355, -0.981395, -0.192057, 0.0, 0.0, 0.0, 0.0, 1.0],
                [0.999998, -0.001095, -0.00146, -0.0, 0.001208, -0.202677, 0.979231, 0.375166, -0.001368, -0.979259, -0.202667, 0.0, 0.0, 0.0, 0.0, 1.0],
                [0.999998, -0.001092, -0.001473, 0.0, 0.001205, -0.214344, 0.976743, 0.375166, -0.001383, -0.976771, -0.214335, -0.0, 0.0, 0.0, 0.0, 1.0],
                [0.999998, -0.001089, -0.001487, -0.0, 0.001201, -0.22697, 0.973887, 0.375166, -0.001398, -0.973914, -0.22696, -0.0, 0.0, 0.0, 0.0, 1.0],
                [0.999998, -0.001085, -0.001502, -0.0, 0.001197, -0.240463, 0.970644, 0.375166, -0.001415, -0.97067, -0.240453, 0.0, 0.0, 0.0, 0.0, 1.0],
                [0.999998, -0.001081, -0.001518, 0.0, 0.001193, -0.254746, 0.966994, 0.375166, -0.001432, -0.96702, -0.254737, 0.0, 0.0, 0.0, 0.0, 1.0],
                [0.999998, -0.001077, -0.001535, 0.0, 0.001187, -0.269942, 0.962862, 0.375166, -0.001451, -0.962888, -0.269932, 0.0, 0.0, 0.0, 0.0, 1.0],
                [0.999998, -0.001072, -0.001553, -0.0, 0.001182, -0.285612, 0.958332, 0.375166, -0.00147, -0.958357, -0.285602, -0.0, 0.0, 0.0, 0.0, 1.0],
                [0.999998, -0.001066, -0.001571, -0.0, 0.001176, -0.301886, 0.95333, 0.375166, -0.001491, -0.953355, -0.301876, -0.0, 0.0, 0.0, 0.0, 1.0],
                [0.999998, -0.00106, -0.00159, -0.0, 0.001169, -0.318718, 0.947836, 0.375166, -0.001511, -0.94786, -0.318708, 0.0, 0.0, 0.0, 0.0, 1.0],
                [0.999998, -0.001062, -0.001584, -0.0, 0.001171, -0.313912, 0.949438, 0.375166, -0.001505, -0.949463, -0.313901, -0.0, 0.0, 0.0, 0.0, 1.0],
                [0.999998, -0.001079, -0.001528, 0.0, 0.00119, -0.263625, 0.964611, 0.375166, -0.001444, -0.964636, -0.263615, -0.0, 0.0, 0.0, 0.0, 1.0],
                [0.999999, -0.001103, -0.00142, -0.0, 0.001216, -0.167034, 0.985936, 0.375166, -0.001324, -0.985965, -0.167024, -0.0, 0.0, 0.0, 0.0, 1.0],
                [0.999999, -0.001118, -0.001265, 0.0, 0.001233, -0.028279, 0.999585, 0.375166, -0.001153, -0.999617, -0.028269, 0.0, 0.0, 0.0, 0.0, 1.0],
                [0.999999, -0.001108, -0.001081, 0.0, 0.001222, 0.136037, 0.990688, 0.375166, -0.000951, -0.990722, 0.136048, -0.0, 0.0, 0.0, 0.0, 1.0],
                [0.999999, -0.001067, -0.0009, 0.0, 0.001177, 0.298275, 0.954463, 0.375166, -0.00075, -0.954499, 0.298287, -0.0, 0.0, 0.0, 0.0, 1.0],
                [0.999999, -0.001012, -0.000756, -0.0, 0.001116, 0.426365, 0.904534, 0.375166, -0.000592, -0.904571, 0.426377, -0.0, 0.0, 0.0, 0.0, 1.0],
                [0.999999, -0.000971, -0.000679, 0.0, 0.001071, 0.495517, 0.86858, 0.375166, -0.000507, -0.868617, 0.49553, -0.0, 0.0, 0.0, 0.0, 1.0],
                [0.999999, -0.000972, -0.000681, 0.0, 0.001072, 0.494227, 0.869315, 0.375166, -0.000509, -0.869352, 0.49424, 0.0, 0.0, 0.0, 0.0, 1.0],
                [0.999999, -0.000997, -0.000727, 0.0, 0.001099, 0.453095, 0.891444, 0.375166, -0.000559, -0.891482, 0.453108, -0.0, 0.0, 0.0, 0.0, 1.0],
                [0.999999, -0.001025, -0.000787, 0.0, 0.001131, 0.39953, 0.916703, 0.375166, -0.000626, -0.91674, 0.399543, -0.0, 0.0, 0.0, 0.0, 1.0],
                [0.999999, -0.001054, -0.000859, 0.0, 0.001162, 0.334711, 0.942304, 0.375166, -0.000705, -0.942341, 0.334723, -0.0, 0.0, 0.0, 0.0, 1.0],
                [0.999999, -0.001079, -0.00094, 0.0, 0.00119, 0.261932, 0.96507, 0.375166, -0.000795, -0.965106, 0.261943, 0.0, 0.0, 0.0, 0.0, 1.0],
                [0.999999, -0.001097, -0.001016, 0.0, 0.00121, 0.194038, 0.980978, 0.375166, -0.000879, -0.981013, 0.194049, 0.0, 0.0, 0.0, 0.0, 1.0],
                [0.999999, -0.001104, -0.001053, 0.0, 0.001217, 0.161699, 0.986824, 0.375166, -0.000919, -0.986859, 0.16171, -0.0, 0.0, 0.0, 0.0, 1.0],
                [0.999999, -0.0011, -0.00103, -0.0, 0.001213, 0.181835, 0.983313, 0.375166, -0.000894, -0.983348, 0.181846, -0.0, 0.0, 0.0, 0.0, 1.0],
                [0.999999, -0.001087, -0.000973, -0.0, 0.001199, 0.232814, 0.972505, 0.375166, -0.000831, -0.972541, 0.232825, -0.0, 0.0, 0.0, 0.0, 1.0],
                [0.999999, -0.001079, -0.000941, -0.0, 0.00119, 0.261311, 0.965238, 0.375166, -0.000796, -0.965274, 0.261323, 0.0, 0.0, 0.0, 0.0, 1.0],
                [0.999999, -0.001064, -0.000888, 0.0, 0.001173, 0.308511, 0.951204, 0.375166, -0.000738, -0.95124, 0.308523, 0.0, 0.0, 0.0, 0.0, 1.0],
                [0.999999, -0.001058, -0.000871, -0.0, 0.001167, 0.324028, 0.946031, 0.375166, -0.000719, -0.946067, 0.32404, -0.0, 0.0, 0.0, 0.0, 1.0],
                [0.999999, -0.001031, -0.000801, -0.0, 0.001137, 0.386535, 0.922257, 0.375166, -0.000642, -0.922294, 0.386548, 0.0, 0.0, 0.0, 0.0, 1.0],
                [0.999999, -0.000986, -0.000707, 0.0, 0.001088, 0.47105, 0.882088, 0.375166, -0.000537, -0.882126, 0.471063, 0.0, 0.0, 0.0, 0.0, 1.0],
                [0.999999, -0.000922, -0.000601, -0.0, 0.001017, 0.565789, 0.824531, 0.375166, -0.00042, -0.824568, 0.565802, 0.0, 0.0, 0.0, 0.0, 1.0],
                [0.999999, -0.000838, -0.000492, 0.0, 0.000924, 0.662489, 0.749052, 0.375166, -0.000301, -0.749088, 0.662502, -0.0, 0.0, 0.0, 0.0, 1.0],
                [1.0, -0.000734, -0.000389, -0.0, 0.000809, 0.754584, 0.656185, 0.375166, -0.000188, -0.656217, 0.754595, -0.0, 0.0, 0.0, 0.0, 1.0],
                [1.0, -0.000613, -0.000298, -0.0, 0.000676, 0.836208, 0.548395, 0.375166, -8.7e-05, -0.548422, 0.836216, 0.0, 0.0, 0.0, 0.0, 1.0],
                [1.0, -0.000484, -0.000225, 0.0, 0.000533, 0.9016, 0.432556, 0.375166, -6e-06, -0.432576, 0.901606, -0.0, 0.0, 0.0, 0.0, 1.0],
                [1.0, -0.000366, -0.000177, -0.0, 0.000403, 0.945017, 0.327013, 0.375166, 4.7e-05, -0.327025, 0.945019, 0.0, 0.0, 0.0, 0.0, 1.0],
                [1.0, -0.00031, -0.000159, 0.0, 0.000342, 0.960817, 0.277175, 0.375166, 6.7e-05, -0.277184, 0.960819, 0.0, 0.0, 0.0, 0.0, 1.0],
                [1.0, -0.00031, -0.000159, 0.0, 0.000342, 0.960817, 0.277175, 0.375166, 6.7e-05, -0.277184, 0.960819, 0.0, 0.0, 0.0, 0.0, 1.0]
            ]
        },
        {
            "name": "Knee_R",
            "time": [0.0, 0.0167, 0.0333, 0.05, 0.0667, 0.0833, 0.1, 0.1167, 0.1333, 0.15, 0.1667, 0.1833, 0.2, 0.2167, 0.2333, 0.25, 0.2667, 0.2833, 0.3, 0.3167, 0.3333, 0.35, 0.3667, 0.3833, 0.4, 0.4167, 0.4333, 0.45, 0.4667, 0.4833, 0.5, 0.5167, 0.5333, 0.55, 0.5667, 0.5833, 0.6, 0.6167, 0.6333, 0.65, 0.6667, 0.6833, 0.7, 0.7167, 0.7333, 0.75, 0.7667, 0.7833, 0.8, 2.0],
            "transform": [
                [1.0, -5.7e-05, 5.4e-05, 0.0, 5.7e-05, 0.048757, -0.998811, 0.375166, 5.4e-05, 0.998811, 0.048757, 0.0, 0.0, 0.0, 0.0, 1.0],
                [1.0, -5.7e-05, 5.4e-05, 0.0, 5.7e-05, 0.048757, -0.998811, 0.375166, 5.4e-05, 0.998811, 0.048757, -0.0, 0.0, 0.0, 0.0, 1.0],
                [1.0, -5.7e-05, 5.4e-05, -0.0, 5.7e-05, 0.048757, -0.998811, 0.375166, 5.4e-05, 0.998811, 0.048757, 0.0, 0.0, 0.0, 0.0, 1.0],
                [1.0, -5.7e-05, 5.4e-05, -0.0, 5.7e-05, 0.048757, -0.998811, 0.375166, 5.4e-05, 0.998811, 0.048757, 0.0, 0.0, 0.0, 0.0, 1.0],
                [1.0, -5.7e-05, 5.4e-05, 0.0, 5.7e-05, 0.048757, -0.998811, 0.375166, 5.4e-05, 0.998811, 0.048757, -0.0, 0.0, 0.0, 0.0, 1.0],
                [1.0, -5.7e-05, 5.4e-05, 0.0, 5.7e-05, 0.048757, -0.998811, 0.375166, 5.4e-05, 0.998811, 0.048757, 0.0, 0.0, 0.0, 0.0, 1.0],
                [1.0, -5.7e-05, 5.4e-05, 0.0, 5.7e-05, 0.048757, -0.998811, 0.375166, 5.4e-05, 0.998811, 0.048757, -0.0, 0.0, 0.0, 0.0, 1.0],
                [1.0, -5.7e-05, 5.4e-05, 0.0, 5.7e-05, 0.048757, -0.998811, 0.375166, 5.4e-05, 0.998811, 0.048757, -0.0, 0.0, 0.0, 0.0, 1.0],
                [1.0, -5.7e-05, 5.4e-05, 0.0, 5.7e-05, 0.048757, -0.998811, 0.375166, 5.4e-05, 0.998811, 0.048757, 0.0, 0.0, 0.0, 0.0, 1.0],
                [1.0, -5.7e-05, 5.4e-05, -0.0, 5.7e-05, 0.048757, -0.998811, 0.375166, 5.4e-05, 0.998811, 0.048757, 0.0, 0.0, 0.0, 0.0, 1.0],
                [1.0, -5.7e-05, 5.4e-05, 0.0, 5.7e-05, 0.048757, -0.998811, 0.375166, 5.4e-05, 0.998811, 0.048757, 0.0, 0.0, 0.0, 0.0, 1.0],
                [1.0, -5.7e-05, 5.4e-05, -0.0, 5.7e-05, 0.048757, -0.998811, 0.375166, 5.4e-05, 0.998811, 0.048757, 0.0, 0.0, 0.0, 0.0, 1.0],
                [1.0, -5.7e-05, 5.4e-05, 0.0, 5.7e-05, 0.048757, -0.998811, 0.375166, 5.4e-05, 0.998811, 0.048757, -0.0, 0.0, 0.0, 0.0, 1.0],
                [1.0, -5.7e-05, 5.4e-05, -0.0, 5.7e-05, 0.048757, -0.998811, 0.375166, 5.4e-05, 0.998811, 0.048757, -0.0, 0.0, 0.0, 0.0, 1.0],
                [1.0, -5.7e-05, 5.4e-05, -0.0, 5.7e-05, 0.048757, -0.998811, 0.375166, 5.4e-05, 0.998811, 0.048757, 0.0, 0.0, 0.0, 0.0, 1.0],
                [1.0, -5.7e-05, 5.4e-05, 0.0, 5.7e-05, 0.048757, -0.998811, 0.375166, 5.4e-05, 0.998811, 0.048757, 0.0, 0.0, 0.0, 0.0, 1.0],
                [1.0, -5.7e-05, 5.4e-05, 0.0, 5.7e-05, 0.048757, -0.998811, 0.375166, 5.4e-05, 0.998811, 0.048757, 0.0, 0.0, 0.0, 0.0, 1.0],
                [1.0, -5.7e-05, 5.4e-05, -0.0, 5.7e-05, 0.048757, -0.998811, 0.375166, 5.4e-05, 0.998811, 0.048757, -0.0, 0.0, 0.0, 0.0, 1.0],
                [1.0, -5.7e-05, 5.4e-05, -0.0, 5.7e-05, 0.048757, -0.998811, 0.375166, 5.4e-05, 0.998811, 0.048757, -0.0, 0.0, 0.0, 0.0, 1.0],
                [1.0, -5.7e-05, 5.4e-05, -0.0, 5.7e-05, 0.048757, -0.998811, 0.375166, 5.4e-05, 0.998811, 0.048757, 0.0, 0.0, 0.0, 0.0, 1.0],
                [1.0, -5.7e-05, 5.4e-05, -0.0, 5.7e-05, 0.048757, -0.998811, 0.375166, 5.4e-05, 0.998811, 0.048757, -0.0, 0.0, 0.0, 0.0, 1.0],
                [1.0, -5.7e-05, 5.4e-05, 0.0, 5.7e-05, 0.048757, -0.998811, 0.375166, 5.4e-05, 0.998811, 0.048757, -0.0, 0.0, 0.0, 0.0, 1.0],
                [1.0, -5.7e-05, 5.4e-05, -0.0, 5.7e-05, 0.048757, -0.998811, 0.375166, 5.4e-05, 0.998811, 0.048757, -0.0, 0.0, 0.0, 0.0, 1.0],
                [1.0, -5.7e-05, 5.4e-05, 0.0, 5.7e-05, 0.048757, -0.998811, 0.375166, 5.4e-05, 0.998811, 0.048757, 0.0, 0.0, 0.0, 0.0, 1.0],
                [1.0, -5.7e-05, 5.4e-05, 0.0, 5.7e-05, 0.048757, -0.998811, 0.375166, 5.4e-05, 0.998811, 0.048757, -0.0, 0.0, 0.0, 0.0, 1.0],
                [1.0, -5.7e-05, 5.4e-05, 0.0, 5.7e-05, 0.048757, -0.998811, 0.375166, 5.4e-05, 0.998811, 0.048757, -0.0, 0.0, 0.0, 0.0, 1.0],
                [1.0, -5.7e-05, 5.4e-05, -0.0, 5.7e-05, 0.048757, -0.998811, 0.375166, 5.4e-05, 0.998811, 0.048757, -0.0, 0.0, 0.0, 0.0, 1.0],
                [1.0, -5.7e-05, 5.4e-05, 0.0, 5.7e-05, 0.048757, -0.998811, 0.375166, 5.4e-05, 0.998811, 0.048757, -0.0, 0.0, 0.0, 0.0, 1.0],
                [1.0, -5.7e-05, 5.4e-05, 0.0, 5.7e-05, 0.048757, -0.998811, 0.375166, 5.4e-05, 0.998811, 0.048757, 0.0, 0.0, 0.0, 0.0, 1.0],
                [1.0, -5.7e-05, 5.4e-05, 0.0, 5.7e-05, 0.048757, -0.998811, 0.375166, 5.4e-05, 0.998811, 0.048757, -0.0, 0.0, 0.0, 0.0, 1.0],
                [1.0, -5.7e-05, 5.4e-05, 0.0, 5.7e-05, 0.048757, -0.998811, 0.375166, 5.4e-05, 0.998811, 0.048757, -0.0, 0.0, 0.0, 0.0, 1.0],
                [1.0, -5.7e-05, 5.4e-05, 0.0, 5.7e-05, 0.048757, -0.998811, 0.375166, 5.4e-05, 0.998811, 0.048757, -0.0, 0.0, 0.0, 0.0, 1.0],
                [1.0, -5.7e-05, 5.4e-05, 0.0, 5.7e-05, 0.048757, -0.998811, 0.375166, 5.4e-05, 0.998811, 0.048757, 0.0, 0.0, 0.0, 0.0, 1.0],
                [1.0, -5.7e-05, 5.4e-05, 0.0, 5.7e-05, 0.048757, -0.998811, 0.375166, 5.4e-05, 0.998811, 0.048757, 0.0, 0.0, 0.0, 0.0, 1.0],
                [1.0, -5.7e-05, 5.4e-05, 0.0, 5.7e-05, 0.048757, -0.998811, 0.375166, 5.4e-05, 0.998811, 0.048757, -0.0, 0.0, 0.0, 0.0, 1.0],
                [1.0, -5.7e-05, 5.4e-05, -0.0, 5.7e-05, 0.048757, -0.998811, 0.375166, 5.4e-05, 0.998811, 0.048757, -0.0, 0.0, 0.0, 0.0, 1.0],
                [1.0, -5.7e-05, 5.4e-05, -0.0, 5.7e-05, 0.048757, -0.998811, 0.375166, 5.4e-05, 0.998811, 0.048757, -0.0, 0.0, 0.0, 0.0, 1.0],
                [1.0, -5.7e-05, 5.4e-05, -0.0, 5.7e-05, 0.048757, -0.998811, 0.375166, 5.4e-05, 0.998811, 0.048757, 0.0, 0.0, 0.0, 0.0, 1.0],
                [1.0, -5.7e-05, 5.4e-05, 0.0, 5.7e-05, 0.048757, -0.998811, 0.375166, 5.4e-05, 0.998811, 0.048757, 0.0, 0.0, 0.0, 0.0, 1.0],
                [1.0, -5.7e-05, 5.4e-05, -0.0, 5.7e-05, 0.048757, -0.998811, 0.375166, 5.4e-05, 0.998811, 0.048757, -0.0, 0.0, 0.0, 0.0, 1.0],
                [1.0, -5.7e-05, 5.4e-05, -0.0, 5.7e-05, 0.048757, -0.998811, 0.375166, 5.4e-05, 0.998811, 0.048757, 0.0, 0.0, 0.0, 0.0, 1.0],
                [1.0, -5.7e-05, 5.4e-05, 0.0, 5.7e-05, 0.048757, -0.998811, 0.375166, 5.4e-05, 0.998811, 0.048757, 0.0, 0.0, 0.0, 0.0, 1.0],
                [1.0, -5.7e-05, 5.4e-05, -0.0, 5.7e-05, 0.048757, -0.998811, 0.375166, 5.4e-05, 0.998811, 0.048757, 0.0, 0.0, 0.0, 0.0, 1.0],
                [1.0, -5.7e-05, 5.4e-05, 0.0, 5.7e-05, 0.048757, -0.998811, 0.375166, 5.4e-05, 0.998811, 0.048757, -0.0, 0.0, 0.0, 0.0, 1.0],
                [1.0, -5.7e-05, 5.4e-05, -0.0, 5.7e-05, 0.048757, -0.998811, 0.375166, 5.4e-05, 0.998811, 0.048757, -0.0, 0.0, 0.0, 0.0, 1.0],
                [1.0, -5.7e-05, 5.4e-05, -0.0, 5.7e-05, 0.048757, -0.998811, 0.375166, 5.4e-05, 0.998811, 0.048757, 0.0, 0.0, 0.0, 0.0, 1.0],
                [1.0, -5.7e-05, 5.4e-05, 0.0, 5.7e-05, 0.048757, -0.998811, 0.375166, 5.4e-05, 0.998811, 0.048757, -0.0, 0.0, 0.0, 0.0, 1.0],
                [1.0, -5.7e-05, 5.4e-05, -0.0, 5.7e-05, 0.048757, -0.998811, 0.375166, 5.4e-05, 0.998811, 0.048757, 0.0, 0.0, 0.0, 0.0, 1.0],
                [1.0, -5.7e-05, 5.4e-05, 0.0, 5.7e-05, 0.048757, -0.998811, 0.375166, 5.4e-05, 0.998811, 0.048757, 0.0, 0.0, 0.0, 0.0, 1.0],
                [1.0, -5.7e-05, 5.4e-05, 0.0, 5.7e-05, 0.048757, -0.998811, 0.375166, 5.4e-05, 0.998811, 0.048757, 0.0, 0.0, 0.0, 0.0, 1.0]
            ]
        },
        {
            "name": "Thigh_L",
            "time": [0.0, 0.0167, 0.0333, 0.05, 0.0667, 0.0833, 0.1, 0.1167, 0.1333, 0.15, 0.1667, 0.1833, 0.2, 0.2167, 0.2333, 0.25, 0.2667, 0.2833, 0.3, 0.3167, 0.3333, 0.35, 0.3667, 0.3833, 0.4, 0.4167, 0.4333, 0.45, 0.4667, 0.4833, 0.5, 0.5167, 0.5333, 0.55, 0.5667, 0.5833, 0.6, 0.6167, 0.6333, 0.65, 0.6667, 0.6833, 0.7, 0.7167, 0.7333, 0.75, 0.7667, 0.7833, 0.8, 2.0],
            "transform": [
                [0.999858, -0.015977, -0.005364, -0.116867, -0.010383, -0.834657, 0.550663, 0.000984, -0.013275, -0.550517, -0.834668, -0.131478, 0.0, 0.0, 0.0, 1.0],
                [0.999789, -0.020488, 0.001657, -0.117993, -0.018308, -0.850956, 0.52491, 0.000457, -0.009344, -0.524818, -0.851113, -0.113298, 0.0, 0.0, 0.0, 1.0],
                [0.999024, -0.03811, 0.022334, -0.120937, -0.044053, -0.896703, 0.440428, -0.000923, 0.003242, -0.440973, -0.897466, -0.065745, 0.0, 0.0, 0.0, 1.0],
                [0.996237, -0.072831, 0.046985, -0.123881, -0.083842, -0.947203, 0.309475, -0.002303, 0.021966, -0.312244, -0.9497, -0.018192, 0.0, 0.0, 0.0, 1.0],
                [0.990583, -0.118566, 0.068466, -0.125006, -0.130632, -0.96821, 0.213315, -0.002831, 0.041, -0.220246, -0.974535, -1.2e-05, 0.0, 0.0, 0.0, 1.0],
                [0.978678, -0.172228, 0.11192, -0.125006, -0.195119, -0.949779, 0.244635, -0.002831, 0.06417, -0.261253, -0.963088, -1.2e-05, 0.0, 0.0, 0.0, 1.0],
                [0.951256, -0.233095, 0.20193, -0.125006, -0.292107, -0.891005, 0.347534, -0.002831, 0.098917, -0.389578, -0.915618, -1.2e-05, 0.0, 0.0, 0.0, 1.0],
                [0.899484, -0.288497, 0.328165, -0.125006, -0.413199, -0.805859, 0.424089, -0.002831, 0.142114, -0.517061, -0.84402, -1.2e-05, 0.0, 0.0, 0.0, 1.0],
                [0.828807, -0.336191, 0.447259, -0.125006, -0.528766, -0.732019, 0.42959, -0.002831, 0.182987, -0.592551, -0.784426, -1.2e-05, 0.0, 0.0, 0.0, 1.0],
                [0.767742, -0.375729, 0.519021, -0.125006, -0.605537, -0.690309, 0.395969, -0.002831, 0.209518, -0.6183, -0.757455, -1.2e-05, 0.0, 0.0, 0.0, 1.0],
                [0.744359, -0.389995, 0.542045, -0.125006, -0.63139, -0.675333, 0.381137, -0.002831, 0.217431, -0.625957, -0.748888, -1.2e-05, 0.0, 0.0, 0.0, 1.0],
                [0.743794, -0.38619, 0.545534, -0.125006, -0.632461, -0.670694, 0.387499, -0.002831, 0.21625, -0.633261, -0.743067, -1.2e-05, 0.0, 0.0, 0.0, 1.0],
                [0.743136, -0.382279, 0.549173, -0.125006, -0.633682, -0.665681, 0.394093, -0.002831, 0.214932, -0.640878, -0.736893, -1.2e-05, 0.0, 0.0, 0.0, 1.0],
                [0.742382, -0.378287, 0.552944, -0.125006, -0.635054, -0.660309, 0.400864, -0.002831, 0.213483, -0.648755, -0.730393, -1.2e-05, 0.0, 0.0, 0.0, 1.0],
                [0.741526, -0.374255, 0.556822, -0.125006, -0.63658, -0.654602, 0.407744, -0.002831, 0.211908, -0.656827, -0.723607, -1.2e-05, 0.0, 0.0, 0.0, 1.0],
                [0.740562, -0.370264, 0.56076, -0.125006, -0.638263, -0.648615, 0.414623, -0.002831, 0.210208, -0.664978, -0.716624, -1.2e-05, 0.0, 0.0, 0.0, 1.0],
                [0.739482, -0.366323, 0.56476, -0.125006, -0.64011, -0.642348, 0.421474, -0.002831, 0.208387, -0.673192, -0.709451, -1.2e-05, 0.0, 0.0, 0.0, 1.0],
                [0.738277, -0.362472, 0.568806, -0.125006, -0.642128, -0.635823, 0.428245, -0.002831, 0.206444, -0.68142, -0.702126, -1.2e-05, 0.0, 0.0, 0.0, 1.0],
                [0.736937, -0.358668, 0.57294, -0.125006, -0.644323, -0.628999, 0.434971, -0.002831, 0.204378, -0.689715, -0.69459, -1.2e-05, 0.0, 0.0, 0.0, 1.0],
                [0.735452, -0.355008, 0.577114, -0.125006, -0.646708, -0.621935, 0.44154, -0.002831, 0.202187, -0.697965, -0.686948, -1.2e-05, 0.0, 0.0, 0.0, 1.0],
                [0.74701, -0.337004, 0.573049, -0.125006, -0.635438, -0.615337, 0.466444, -0.002831, 0.195435, -0.712585, -0.673767, -1.2e-05, 0.0, 0.0, 0.0, 1.0],
                [0.784299, -0.293581, 0.546505, -0.125006, -0.593959, -0.609705, 0.524845, -0.002831, 0.179132, -0.736245, -0.652525, -1.2e-05, 0.0, 0.0, 0.0, 1.0],
                [0.841849, -0.235397, 0.485659, -0.125006, -0.517741, -0.606372, 0.603525, -0.002831, 0.15243, -0.75953, -0.632309, -1.2e-05, 0.0, 0.0, 0.0, 1.0],
                [0.905696, -0.175817, 0.385738, -0.125006, -0.407663, -0.610835, 0.678728, -0.002831, 0.116296, -0.77198, -0.624865, -1.2e-05, 0.0, 0.0, 0.0, 1.0],
                [0.957444, -0.122551, 0.261301, -0.125006, -0.278482, -0.630105, 0.72484, -0.002831, 0.075822, -0.766768, -0.637378, -1.2e-05, 0.0, 0.0, 0.0, 1.0],
                [0.986937, -0.075513, 0.142309, -0.125006, -0.156316, -0.662637, 0.73243, -0.002831, 0.038994, -0.745114, -0.665744, -1.2e-05, 0.0, 0.0, 0.0, 1.0],
                [0.997936, -0.035451, 0.053528, -0.125006, -0.063092, -0.695944, 0.715304, -0.002831, 0.011895, -0.71721, -0.696704, -1.2e-05, 0.0, 0.0, 0.0, 1.0],
                [0.999964, -0.007975, 0.002705, -0.125006, -0.007602, -0.716634, 0.697393, -0.002831, -0.003623, -0.697393, -0.716628, -1.2e-05, 0.0, 0.0, 0.0, 1.0],
                [0.999913, 0.001487, -0.01307, -0.125006, 0.010164, -0.718084, 0.695868, -0.002831, -0.008351, -0.695944, -0.717996, -1.2e-05, 0.0, 0.0, 0.0, 1.0],
                [0.99993, 0.000734, -0.011749, -0.125006, 0.008743, -0.714624, 0.69944, -0.002831, -0.007883, -0.699496, -0.714541, -1.2e-05, 0.0, 0.0, 0.0, 1.0],
                [0.999956, -0.000617, -0.009313, -0.125006, 0.006048, -0.717139, 0.696891, -0.002831, -0.007109, -0.696916, -0.717065, -1.2e-05, 0.0, 0.0, 0.0, 1.0],
                [0.999968, -0.001578, -0.007766, -0.125006, 0.004355, -0.709358, 0.704822, -0.002831, -0.006621, -0.70483, -0.709291, -1.2e-05, 0.0, 0.0, 0.0, 1.0],
                [0.999896, -0.006591, -0.012807, -0.125006, 0.004809, -0.685363, 0.728173, -0.002831, -0.013578, -0.728155, -0.685223, -1.2e-05, 0.0, 0.0, 0.0, 1.0],
                [0.999418, -0.020582, -0.027203, -0.125006, 0.007355, -0.648702, 0.760994, -0.002831, -0.033311, -0.760745, -0.648138, -1.2e-05, 0.0, 0.0, 0.0, 1.0],
                [0.998033, -0.042033, -0.046496, -0.125006, 0.011624, -0.604837, 0.796251, -0.002831, -0.061594, -0.79522, -0.603125, -1.2e-05, 0.0, 0.0, 0.0, 1.0],
                [0.995655, -0.066433, -0.065244, -0.125006, 0.016559, -0.563211, 0.826133, -0.002831, -0.091633, -0.823618, -0.559632, -1.2e-05, 0.0, 0.0, 0.0, 1.0],
                [0.993165, -0.086499, -0.078349, -0.125006, 0.019689, -0.537541, 0.842993, -0.002831, -0.115039, -0.838768, -0.532133, -1.2e-05, 0.0, 0.0, 0.0, 1.0],
                [0.992127, -0.094571, -0.082088, -0.125006, 0.017984, -0.54113, 0.840733, -0.002831, -0.123935, -0.835582, -0.535138, -1.2e-05, 0.0, 0.0, 0.0, 1.0],
                [0.982673, -0.114385, 0.145842, -0.125006, -0.184299, -0.686666, 0.703213, -0.002831, 0.019709, -0.717895, -0.695817, -1.2e-05, 0.0, 0.0, 0.0, 1.0],
                [0.984368, -0.112366, 0.13562, -0.125006, -0.174535, -0.725562, 0.665645, -0.002831, 0.023606, -0.678899, -0.733798, -1.2e-05, 0.0, 0.0, 0.0, 1.0],
                [0.985877, -0.110993, 0.125406, -0.125006, -0.16523, -0.766765, 0.620289, -0.002831, 0.027311, -0.632239, -0.774239, -1.2e-05, 0.0, 0.0, 0.0, 1.0],
                [0.98712, -0.110387, 0.115795, -0.125006, -0.157035, -0.806844, 0.569502, -0.002831, 0.030565, -0.580341, -0.813749, -1.2e-05, 0.0, 0.0, 0.0, 1.0],
                [0.988118, -0.110537, 0.106789, -0.125006, -0.150038, -0.844431, 0.514215, -0.002831, 0.033338, -0.524118, -0.850943, -1.2e-05, 0.0, 0.0, 0.0, 1.0],
                [0.988908, -0.111343, 0.098306, -0.125006, -0.144189, -0.878498, 0.455461, -0.002831, 0.035651, -0.464576, -0.884766, -1.2e-05, 0.0, 0.0, 0.0, 1.0],
                [0.989522, -0.112687, 0.090268, -0.125006, -0.139421, -0.908259, 0.394491, -0.002831, 0.037535, -0.402935, -0.91441, -1.2e-05, 0.0, 0.0, 0.0, 1.0],
                [0.989984, -0.114414, 0.082704, -0.125006, -0.13568, -0.932957, 0.333435, -0.002831, 0.039011, -0.341311, -0.939093, -1.2e-05, 0.0, 0.0, 0.0, 1.0],
                [0.990313, -0.116287, 0.075882, -0.125006, -0.132943, -0.951812, 0.276367, -0.002831, 0.04009, -0.283772, -0.958006, -1.2e-05, 0.0, 0.0, 0.0, 1.0],
                [0.990513, -0.117879, 0.070626, -0.125006, -0.131233, -0.96389, 0.231715, -0.002831, 0.040763, -0.238781, -0.97017, -1.2e-05, 0.0, 0.0, 0.0, 1.0],
                [0.990583, -0.118566, 0.068466, -0.125006, -0.130632, -0.96821, 0.213315, -0.002831, 0.041, -0.220246, -0.974535, -1.2e-05, 0.0, 0.0, 0.0, 1.0],
                [0.990583, -0.118566, 0.068466, -0.125006, -0.130632, -0.96821, 0.213315, -0.002831, 0.041, -0.220246, -0.974535, -1.2e-05, 0.0, 0.0, 0.0, 1.0]
