{
    "animation": [
        {
            "name": "Root",
            "time": [0.0, 0.0167, 0.0333, 0.05, 0.0667, 0.0833, 0.1, 0.1167, 0.1333, 0.15, 0.1667, 0.1833, 0.2, 0.2167, 0.2333, 0.25, 0.2667, 0.2833, 0.3, 0.3167, 0.3333, 0.35, 0.3667, 0.3833, 0.4, 0.4167, 0.4333, 0.45, 0.4667, 0.4833, 0.5, 0.5167, 0.5333, 0.55, 0.5667, 0.5833, 0.6, 0.6167, 0.6333, 0.65, 0.6667, 0.6833, 0.7, 0.7167, 0.7333, 0.75, 0.7667, 0.7833, 0.8, 0.8167, 0.8333, 0.85, 0.8667, 0.8833, 0.9, 0.9167, 0.9333, 0.95, 0.9667, 0.9833, 1.0, 1.0167, 1.0333, 1.05, 1.0667, 1.0833, 1.1, 1.1167, 1.1333, 1.15, 1.1667, 1.1833, 1.2, 1.2167, 1.2333, 1.25, 1.2667, 1.2833, 1.3, 1.3167, 1.3333, 1.35, 1.3667, 1.3833, 1.4, 1.4167, 1.4333, 1.45, 1.4667, 1.4833, 1.5],
            "transform": [
                [0.987076, 0.0, 0.160251, -5e-06, 0.160251, 0.0, -0.987076, 0.000946, 0.0, 1.0, 0.0, 0.739346, 0.0, 0.0, 0.0, 1.0],
                [0.98669, 0.0, 0.162611, 0.000325, 0.162611, 0.0, -0.98669, 0.001453, 0.0, 1.0, 0.0, 0.739346, 0.0, 0.0, 0.0, 1.0],
                [0.985489, 0.0, 0.16974, 0.001322, 0.16974, 0.0, -0.985489, 0.002983, 0.0, 1.0, 0.0, 0.739346, 0.0, 0.0, 0.0, 1.0],
                [0.983359, 0.0, 0.181671, 0.002991, 0.181671, 0.0, -0.983359, 0.005544, 0.0, 1.0, 0.0, 0.739346, 0.0, 0.0, 0.0, 1.0],
                [0.980127, 0.0, 0.19837, 0.005328, 0.19837, 0.0, -0.980127, 0.009131, 0.0, 1.0, 0.0, 0.739346, 0.0, 0.0, 0.0, 1.0],
                [0.975565, 0.0, 0.219709, 0.008317, 0.219709, 0.0, -0.975565, 0.01372, 0.0, 1.0, 0.0, 0.739346, 0.0, 0.0, 0.0, 1.0],
                [0.96941, 0.0, 0.245448, 0.011932, 0.245448, 0.0, -0.96941, 0.019269, 0.0, 1.0, 0.0, 0.739346, 0.0, 0.0, 0.0, 1.0],
                [0.961385, 0.0, 0.275208, 0.016129, 0.275208, 0.0, -0.961385, 0.02571, 0.0, 1.0, 0.0, 0.739346, 0.0, 0.0, 0.0, 1.0],
                [0.951237, 0.0, 0.308462, 0.020847, 0.308462, 0.0, -0.951237, 0.032952, 0.0, 1.0, 0.0, 0.739346, 0.0, 0.0, 0.0, 1.0],
                [0.938777, 0.0, 0.344525, 0.026009, 0.344525, 0.0, -0.938777, 0.040875, 0.0, 1.0, 0.0, 0.739346, 0.0, 0.0, 0.0, 1.0],
                [0.923924, 0.0, 0.382577, 0.031521, 0.382577, 0.0, -0.923924, 0.049337, 0.0, 1.0, 0.0, 0.739346, 0.0, 0.0, 0.0, 1.0],
                [0.90674, 0.0, 0.42169, 0.037277, 0.42169, 0.0, -0.90674, 0.058171, 0.0, 1.0, 0.0, 0.739346, 0.0, 0.0, 0.0, 1.0],
                [0.887458, 0.0, 0.460888, 0.043156, 0.460888, 0.0, -0.887458, 0.067196, 0.0, 1.0, 0.0, 0.739346, 0.0, 0.0, 0.0, 1.0],
                [0.866483, 0.0, 0.499207, 0.049035, 0.499207, 0.0, -0.866483, 0.07622, 0.0, 1.0, 0.0, 0.739346, 0.0, 0.0, 0.0, 1.0],
                [0.84437, 0.0, 0.53576, 0.054791, 0.53576, 0.0, -0.84437, 0.085054, 0.0, 1.0, 0.0, 0.739346, 0.0, 0.0, 0.0, 1.0],
                [0.821786, 0.0, 0.569797, 0.060303, 0.569797, 0.0, -0.821786, 0.093516, 0.0, 1.0, 0.0, 0.739346, 0.0, 0.0, 0.0, 1.0],
                [0.799451, 0.0, 0.600732, 0.065465, 0.600732, 0.0, -0.799451, 0.101439, 0.0, 1.0, 0.0, 0.739346, 0.0, 0.0, 0.0, 1.0],
                [0.778085, 0.0, 0.628159, 0.070183, 0.628159, 0.0, -0.778085, 0.108681, 0.0, 1.0, 0.0, 0.739346, 0.0, 0.0, 0.0, 1.0],
                [0.758355, 0.0, 0.651841, 0.07438, 0.651841, 0.0, -0.758355, 0.115122, 0.0, 1.0, 0.0, 0.739346, 0.0, 0.0, 0.0, 1.0],
                [0.740841, 0.0, 0.671681, 0.077995, 0.671681, 0.0, -0.740841, 0.120671, 0.0, 1.0, 0.0, 0.739346, 0.0, 0.0, 0.0, 1.0],
                [0.726008, 0.0, 0.687686, 0.080984, 0.687686, 0.0, -0.726008, 0.12526, 0.0, 1.0, 0.0, 0.739346, 0.0, 0.0, 0.0, 1.0],
                [0.714207, 0.0, 0.699935, 0.083321, 0.699935, 0.0, -0.714207, 0.128847, 0.0, 1.0, 0.0, 0.739346, 0.0, 0.0, 0.0, 1.0],
                [0.705671, 0.0, 0.708539, 0.08499, 0.708539, 0.0, -0.705671, 0.131408, 0.0, 1.0, 0.0, 0.739346, 0.0, 0.0, 0.0, 1.0],
                [0.700531, 0.0, 0.713622, 0.085987, 0.713622, 0.0, -0.700531, 0.132938, 0.0, 1.0, 0.0, 0.739346, 0.0, 0.0, 0.0, 1.0],
                [0.698822, 0.0, 0.715295, 0.086317, 0.715295, 0.0, -0.698822, 0.133445, 0.0, 1.0, 0.0, 0.739346, 0.0, 0.0, 0.0, 1.0],
                [0.698822, 0.0, 0.715295, 0.086317, 0.715295, 0.0, -0.698822, 0.133445, 0.0, 1.0, 0.0, 0.739346, 0.0, 0.0, 0.0, 1.0],
                [0.698822, 0.0, 0.715295, 0.086317, 0.715295, 0.0, -0.698822, 0.133445, 0.0, 1.0, 0.0, 0.739346, 0.0, 0.0, 0.0, 1.0],
                [0.698822, 0.0, 0.715295, 0.086317, 0.715295, 0.0, -0.698822, 0.133445, 0.0, 1.0, 0.0, 0.739346, 0.0, 0.0, 0.0, 1.0],
                [0.698822, 0.0, 0.715295, 0.086317, 0.715295, 0.0, -0.698822, 0.133445, 0.0, 1.0, 0.0, 0.739346, 0.0, 0.0, 0.0, 1.0],
                [0.698822, 0.0, 0.715295, 0.086317, 0.715295, 0.0, -0.698822, 0.133445, 0.0, 1.0, 0.0, 0.739346, 0.0, 0.0, 0.0, 1.0],
                [0.698822, 0.0, 0.715295, 0.086317, 0.715295, 0.0, -0.698822, 0.133445, 0.0, 1.0, 0.0, 0.739346, 0.0, 0.0, 0.0, 1.0],
                [0.698822, 0.0, 0.715295, 0.086317, 0.715295, 0.0, -0.698822, 0.133445, 0.0, 1.0, 0.0, 0.739346, 0.0, 0.0, 0.0, 1.0],
                [0.698822, 0.0, 0.715295, 0.086317, 0.715295, 0.0, -0.698822, 0.133445, 0.0, 1.0, 0.0, 0.739346, 0.0, 0.0, 0.0, 1.0],
                [0.698822, 0.0, 0.715295, 0.086317, 0.715295, 0.0, -0.698822, 0.133445, 0.0, 1.0, 0.0, 0.739346, 0.0, 0.0, 0.0, 1.0],
                [0.698822, 0.0, 0.715295, 0.086317, 0.715295, 0.0, -0.698822, 0.133445, 0.0, 1.0, 0.0, 0.739346, 0.0, 0.0, 0.0, 1.0],
                [0.698822, 0.0, 0.715295, 0.086317, 0.715295, 0.0, -0.698822, 0.133445, 0.0, 1.0, 0.0, 0.739346, 0.0, 0.0, 0.0, 1.0],
                [0.698822, 0.0, 0.715295, 0.086317, 0.715295, 0.0, -0.698822, 0.133445, 0.0, 1.0, 0.0, 0.739346, 0.0, 0.0, 0.0, 1.0],
                [0.698822, 0.0, 0.715295, 0.086317, 0.715295, 0.0, -0.698822, 0.133445, 0.0, 1.0, 0.0, 0.739346, 0.0, 0.0, 0.0, 1.0],
                [0.698822, 0.0, 0.715295, 0.086317, 0.715295, 0.0, -0.698822, 0.133445, 0.0, 1.0, 0.0, 0.739346, 0.0, 0.0, 0.0, 1.0],
                [0.698822, 0.0, 0.715295, 0.086317, 0.715295, 0.0, -0.698822, 0.133445, 0.0, 1.0, 0.0, 0.739346, 0.0, 0.0, 0.0, 1.0],
                [0.698822, 0.0, 0.715295, 0.086317, 0.715295, 0.0, -0.698822, 0.133445, 0.0, 1.0, 0.0, 0.739346, 0.0, 0.0, 0.0, 1.0],
                [0.698822, 0.0, 0.715295, 0.086317, 0.715295, 0.0, -0.698822, 0.133445, 0.0, 1.0, 0.0, 0.739346, 0.0, 0.0, 0.0, 1.0],
                [0.698822, 0.0, 0.715295, 0.086317, 0.715295, 0.0, -0.698822, 0.133445, 0.0, 1.0, 0.0, 0.739346, 0.0, 0.0, 0.0, 1.0],
                [0.698822, 0.0, 0.715295, 0.086317, 0.715295, 0.0, -0.698822, 0.133445, 0.0, 1.0, 0.0, 0.739346, 0.0, 0.0, 0.0, 1.0],
                [0.698822, 0.0, 0.715295, 0.086317, 0.715295, 0.0, -0.698822, 0.133445, 0.0, 1.0, 0.0, 0.739346, 0.0, 0.0, 0.0, 1.0],
                [0.698822, 0.0, 0.715295, 0.086317, 0.715295, 0.0, -0.698822, 0.133445, 0.0, 1.0, 0.0, 0.739346, 0.0, 0.0, 0.0, 1.0],
                [0.698822, 0.0, 0.715295, 0.086317, 0.715295, 0.0, -0.698822, 0.133445, 0.0, 1.0, 0.0, 0.739346, 0.0, 0.0, 0.0, 1.0],
                [0.698822, 0.0, 0.715295, 0.086317, 0.715295, 0.0, -0.698822, 0.133445, 0.0, 1.0, 0.0, 0.739346, 0.0, 0.0, 0.0, 1.0],
                [0.698822, 0.0, 0.715295, 0.086317, 0.715295, 0.0, -0.698822, 0.133445, 0.0, 1.0, 0.0, 0.739346, 0.0, 0.0, 0.0, 1.0],
                [0.698822, 0.0, 0.715295, 0.086317, 0.715295, 0.0, -0.698822, 0.133445, 0.0, 1.0, 0.0, 0.739346, 0.0, 0.0, 0.0, 1.0],
                [0.698822, 0.0, 0.715295, 0.086317, 0.715295, 0.0, -0.698822, 0.133445, 0.0, 1.0, 0.0, 0.739346, 0.0, 0.0, 0.0, 1.0],
                [0.698822, 0.0, 0.715295, 0.086317, 0.715295, 0.0, -0.698822, 0.133445, 0.0, 1.0, 0.0, 0.739346, 0.0, 0.0, 0.0, 1.0],
                [0.698822, 0.0, 0.715295, 0.086317, 0.715295, 0.0, -0.698822, 0.133445, 0.0, 1.0, 0.0, 0.739346, 0.0, 0.0, 0.0, 1.0],
                [0.698822, 0.0, 0.715295, 0.086317, 0.715295, 0.0, -0.698822, 0.133445, 0.0, 1.0, 0.0, 0.739346, 0.0, 0.0, 0.0, 1.0],
                [0.698822, 0.0, 0.715295, 0.086317, 0.715295, 0.0, -0.698822, 0.133445, 0.0, 1.0, 0.0, 0.739346, 0.0, 0.0, 0.0, 1.0],
                [0.698822, 0.0, 0.715295, 0.086317, 0.715295, 0.0, -0.698822, 0.133445, 0.0, 1.0, 0.0, 0.739346, 0.0, 0.0, 0.0, 1.0],
                [0.698822, 0.0, 0.715295, 0.086317, 0.715295, 0.0, -0.698822, 0.133445, 0.0, 1.0, 0.0, 0.739346, 0.0, 0.0, 0.0, 1.0],
                [0.698822, 0.0, 0.715295, 0.086317, 0.715295, 0.0, -0.698822, 0.133445, 0.0, 1.0, 0.0, 0.739346, 0.0, 0.0, 0.0, 1.0],
                [0.698822, 0.0, 0.715295, 0.086317, 0.715295, 0.0, -0.698822, 0.133445, 0.0, 1.0, 0.0, 0.739346, 0.0, 0.0, 0.0, 1.0],
                [0.698822, 0.0, 0.715295, 0.086317, 0.715295, 0.0, -0.698822, 0.133445, 0.0, 1.0, 0.0, 0.739346, 0.0, 0.0, 0.0, 1.0],
                [0.698822, 0.0, 0.715295, 0.086317, 0.715295, 0.0, -0.698822, 0.133445, 0.0, 1.0, 0.0, 0.739346, 0.0, 0.0, 0.0, 1.0],
                [0.698822, 0.0, 0.715295, 0.086317, 0.715295, 0.0, -0.698822, 0.133445, 0.0, 1.0, 0.0, 0.739346, 0.0, 0.0, 0.0, 1.0],
                [0.698822, 0.0, 0.715295, 0.086317, 0.715295, 0.0, -0.698822, 0.133445, 0.0, 1.0, 0.0, 0.739346, 0.0, 0.0, 0.0, 1.0],
                [0.698822, 0.0, 0.715295, 0.086317, 0.715295, 0.0, -0.698822, 0.133445, 0.0, 1.0, 0.0, 0.739346, 0.0, 0.0, 0.0, 1.0],
                [0.698822, 0.0, 0.715295, 0.086317, 0.715295, 0.0, -0.698822, 0.133445, 0.0, 1.0, 0.0, 0.739346, 0.0, 0.0, 0.0, 1.0],
                [0.698822, 0.0, 0.715295, 0.086317, 0.715295, 0.0, -0.698822, 0.133445, 0.0, 1.0, 0.0, 0.739346, 0.0, 0.0, 0.0, 1.0],
                [0.698822, 0.0, 0.715295, 0.086317, 0.715295, 0.0, -0.698822, 0.133445, 0.0, 1.0, 0.0, 0.739346, 0.0, 0.0, 0.0, 1.0],
                [0.700531, 0.0, 0.713622, 0.085987, 0.713622, 0.0, -0.700531, 0.133774, 0.0, 1.0, 0.0, 0.739346, 0.0, 0.0, 0.0, 1.0],
                [0.705672, 0.0, 0.708539, 0.08499, 0.708539, 0.0, -0.705672, 0.134769, 0.0, 1.0, 0.0, 0.739346, 0.0, 0.0, 0.0, 1.0],
                [0.714207, 0.0, 0.699935, 0.083321, 0.699935, 0.0, -0.714207, 0.136434, 0.0, 1.0, 0.0, 0.739346, 0.0, 0.0, 0.0, 1.0],
                [0.726008, 0.0, 0.687686, 0.080984, 0.687686, 0.0, -0.726008, 0.138766, 0.0, 1.0, 0.0, 0.739346, 0.0, 0.0, 0.0, 1.0],
                [0.740841, 0.0, 0.671681, 0.077995, 0.671681, 0.0, -0.740841, 0.141749, 0.0, 1.0, 0.0, 0.739346, 0.0, 0.0, 0.0, 1.0],
                [0.758355, 0.0, 0.651841, 0.07438, 0.651841, 0.0, -0.758355, 0.145356, 0.0, 1.0, 0.0, 0.739346, 0.0, 0.0, 0.0, 1.0],
                [0.778085, 0.0, 0.628159, 0.070183, 0.628159, 0.0, -0.778085, 0.149544, 0.0, 1.0, 0.0, 0.739346, 0.0, 0.0, 0.0, 1.0],
                [0.799451, 0.0, 0.600732, 0.065465, 0.600732, 0.0, -0.799451, 0.154251, 0.0, 1.0, 0.0, 0.739346, 0.0, 0.0, 0.0, 1.0],
                [0.821786, 0.0, 0.569797, 0.060303, 0.569797, 0.0, -0.821786, 0.159402, 0.0, 1.0, 0.0, 0.739346, 0.0, 0.0, 0.0, 1.0],
                [0.84437, 0.0, 0.53576, 0.054791, 0.53576, 0.0, -0.84437, 0.164903, 0.0, 1.0, 0.0, 0.739346, 0.0, 0.0, 0.0, 1.0],
                [0.866483, 0.0, 0.499207, 0.049035, 0.499207, 0.0, -0.866483, 0.170646, 0.0, 1.0, 0.0, 0.739346, 0.0, 0.0, 0.0, 1.0],
                [0.887458, 0.0, 0.460888, 0.043156, 0.460888, 0.0, -0.887458, 0.176513, 0.0, 1.0, 0.0, 0.739346, 0.0, 0.0, 0.0, 1.0],
                [0.90674, 0.0, 0.42169, 0.037277, 0.42169, 0.0, -0.90674, 0.18238, 0.0, 1.0, 0.0, 0.739346, 0.0, 0.0, 0.0, 1.0],
                [0.923924, 0.0, 0.382577, 0.031521, 0.382577, 0.0, -0.923924, 0.188123, 0.0, 1.0, 0.0, 0.739346, 0.0, 0.0, 0.0, 1.0],
                [0.938777, 0.0, 0.344526, 0.026009, 0.344526, 0.0, -0.938777, 0.193624, 0.0, 1.0, 0.0, 0.739346, 0.0, 0.0, 0.0, 1.0],
                [0.951237, 0.0, 0.308462, 0.020847, 0.308462, 0.0, -0.951237, 0.198775, 0.0, 1.0, 0.0, 0.739346, 0.0, 0.0, 0.0, 1.0],
                [0.961385, 0.0, 0.275208, 0.016129, 0.275208, 0.0, -0.961385, 0.203483, 0.0, 1.0, 0.0, 0.739346, 0.0, 0.0, 0.0, 1.0],
                [0.96941, 0.0, 0.245448, 0.011932, 0.245448, 0.0, -0.96941, 0.20767, 0.0, 1.0, 0.0, 0.739346, 0.0, 0.0, 0.0, 1.0],
                [0.975565, 0.0, 0.219709, 0.008317, 0.219709, 0.0, -0.975565, 0.211277, 0.0, 1.0, 0.0, 0.739346, 0.0, 0.0, 0.0, 1.0],
                [0.980127, 0.0, 0.19837, 0.005328, 0.19837, 0.0, -0.980127, 0.214261, 0.0, 1.0, 0.0, 0.739346, 0.0, 0.0, 0.0, 1.0],
                [0.983359, 0.0, 0.181671, 0.002991, 0.181671, 0.0, -0.983359, 0.216593, 0.0, 1.0, 0.0, 0.739346, 0.0, 0.0, 0.0, 1.0],
                [0.985489, 0.0, 0.16974, 0.001322, 0.16974, 0.0, -0.985489, 0.218258, 0.0, 1.0, 0.0, 0.739346, 0.0, 0.0, 0.0, 1.0],
                [0.98669, 0.0, 0.162611, 0.000325, 0.162611, 0.0, -0.98669, 0.219252, 0.0, 1.0, 0.0, 0.739346, 0.0, 0.0, 0.0, 1.0],
                [0.987076, 0.0, 0.160251, -5e-06, 0.160251, 0.0, -0.987076, 0.219582, 0.0, 1.0, 0.0, 0.739346, 0.0, 0.0, 0.0, 1.0]
            ]
        },
        {
            "name": "Thigh_R",
            "time": [0.0, 0.0167, 0.0333, 0.05, 0.0667, 0.0833, 0.1, 0.1167, 0.1333, 0.15, 0.1667, 0.1833, 0.2, 0.2167, 0.2333, 0.25, 0.2667, 0.2833, 0.3, 0.3167, 0.3333, 0.35, 0.3667, 0.3833, 0.4, 0.4167, 0.4333, 0.45, 0.4667, 0.4833, 0.5, 0.5167, 0.5333, 0.55, 0.5667, 0.5833, 0.6, 0.6167, 0.6333, 0.65, 0.6667, 0.6833, 0.7, 0.7167, 0.7333, 0.75, 0.7667, 0.7833, 0.8, 0.8167, 0.8333, 0.85, 0.8667, 0.8833, 0.9, 0.9167, 0.9333, 0.95, 0.9667, 0.9833, 1.0, 1.0167, 1.0333, 1.05, 1.0667, 1.0833, 1.1, 1.1167, 1.1333, 1.15, 1.1667, 1.1833, 1.2, 1.2167, 1.2333, 1.25, 1.2667, 1.2833, 1.3, 1.3167, 1.3333, 1.35, 1.3667, 1.3833, 1.4, 1.4167, 1.4333, 1.45, 1.4667, 1.4833, 1.5],
            "transform": [
                [0.994395, 0.042427, 0.096835, 0.124994, 0.00651, -0.938782, 0.344445, -0.002831, 0.105525, -0.341885, -0.933759, -1.2e-05, 0.0, 0.0, 0.0, 1.0],
                [0.994441, 0.045917, 0.094752, 0.124994, 0.009111, -0.934055, 0.357007, -0.002831, 0.1049, -0.35416, -0.929244, -1.2e-05, 0.0, 0.0, 0.0, 1.0],
                [0.99454, 0.055905, 0.08811, 0.124994, 0.017076, -0.920189, 0.391096, -0.002831, 0.102945, -0.387456, -0.916083, -1.2e-05, 0.0, 0.0, 0.0, 1.0],
                [0.994566, 0.071052, 0.076093, 0.124994, 0.030618, -0.898209, 0.438495, -0.002831, 0.099507, -0.433782, -0.895467, -1.2e-05, 0.0, 0.0, 0.0, 1.0],
                [0.994285, 0.089683, 0.057917, 0.124994, 0.049808, -0.869532, 0.491352, -0.002831, 0.09443, -0.485658, -0.868993, -1.2e-05, 0.0, 0.0, 0.0, 1.0],
                [0.993372, 0.110028, 0.033271, 0.124994, 0.074374, -0.835913, 0.543791, -0.002831, 0.087647, -0.53771, -0.838521, -1.2e-05, 0.0, 0.0, 0.0, 1.0],
                [0.991466, 0.130334, 0.002732, 0.124994, 0.103481, -0.799595, 0.591549, -0.002831, 0.079286, -0.586216, -0.806225, -1.2e-05, 0.0, 0.0, 0.0, 1.0],
                [0.988306, 0.149093, -0.031974, 0.124994, 0.135574, -0.763201, 0.631769, -0.002831, 0.069792, -0.628713, -0.774457, -1.2e-05, 0.0, 0.0, 0.0, 1.0],
                [0.98389, 0.165306, -0.068071, 0.124994, 0.168407, -0.729251, 0.663189, -0.002831, 0.059991, -0.663965, -0.74531, -1.2e-05, 0.0, 0.0, 0.0, 1.0],
                [0.978601, 0.178644, -0.102113, 0.124994, 0.199335, -0.699905, 0.685846, -0.002831, 0.051054, -0.69152, -0.720507, -1.2e-05, 0.0, 0.0, 0.0, 1.0],
                [0.973172, 0.189357, -0.130687, 0.124994, 0.225761, -0.676395, 0.701077, -0.002831, 0.044359, -0.711768, -0.700968, -1.2e-05, 0.0, 0.0, 0.0, 1.0],
                [0.9685, 0.198083, -0.150901, 0.124994, 0.245566, -0.659235, 0.710699, -0.002831, 0.041299, -0.725363, -0.687081, -1.2e-05, 0.0, 0.0, 0.0, 1.0],
                [0.965358, 0.205568, -0.160703, 0.124994, 0.257343, -0.64831, 0.716557, -0.002831, 0.043117, -0.733084, -0.678723, -1.2e-05, 0.0, 0.0, 0.0, 1.0],
                [0.96416, 0.212549, -0.1588, 0.124994, 0.260413, -0.643515, 0.719764, -0.002831, 0.050796, -0.735316, -0.675773, -1.2e-05, 0.0, 0.0, 0.0, 1.0],
                [0.964241, 0.220486, -0.14705, 0.124994, 0.257398, -0.646965, 0.717752, -0.002831, 0.06312, -0.729932, -0.680553, -1.2e-05, 0.0, 0.0, 0.0, 1.0],
                [0.964772, 0.230087, -0.12757, 0.124994, 0.251142, -0.661006, 0.707096, -0.002831, 0.078372, -0.71422, -0.695475, -1.2e-05, 0.0, 0.0, 0.0, 1.0],
                [0.965465, 0.240403, -0.100418, 0.124994, 0.242114, -0.685537, 0.686591, -0.002831, 0.096221, -0.687188, -0.720036, -1.2e-05, 0.0, 0.0, 0.0, 1.0],
                [0.965982, 0.249923, -0.066459, 0.124994, 0.231198, -0.719447, 0.654929, -0.002831, 0.115873, -0.64801, -0.752723, -1.2e-05, 0.0, 0.0, 0.0, 1.0],
                [0.966058, 0.256856, -0.027508, 0.124994, 0.219543, -0.760242, 0.61141, -0.002831, 0.136136, -0.596693, -0.790796, -1.2e-05, 0.0, 0.0, 0.0, 1.0],
                [0.965599, 0.259662, 0.013933, 0.124994, 0.208319, -0.804517, 0.55619, -0.002831, 0.155636, -0.534151, -0.830898, -1.2e-05, 0.0, 0.0, 0.0, 1.0],
                [0.964706, 0.257532, 0.054943, 0.124994, 0.198466, -0.848218, 0.491051, -0.002831, 0.173072, -0.462813, -0.869356, -1.2e-05, 0.0, 0.0, 0.0, 1.0],
                [0.963615, 0.250746, 0.09258, 0.124994, 0.190582, -0.887398, 0.419759, -0.002831, 0.187415, -0.386841, -0.902862, -1.2e-05, 0.0, 0.0, 0.0, 1.0],
                [0.962602, 0.240744, 0.124246, 0.124994, 0.184936, -0.919069, 0.348005, -0.002831, 0.197978, -0.312013, -0.929183, -1.2e-05, 0.0, 0.0, 0.0, 1.0],
                [0.961901, 0.230565, 0.146916, 0.124994, 0.181582, -0.94052, 0.287136, -0.002831, 0.204389, -0.249519, -0.946516, -1.2e-05, 0.0, 0.0, 0.0, 1.0],
                [0.961653, 0.225772, 0.155718, 0.124994, 0.180479, -0.948442, 0.260545, -0.002831, 0.206521, -0.222451, -0.952781, -1.2e-05, 0.0, 0.0, 0.0, 1.0],
                [0.961653, 0.225772, 0.155718, 0.124994, 0.180479, -0.948442, 0.260545, -0.002831, 0.206521, -0.222451, -0.952781, -1.2e-05, 0.0, 0.0, 0.0, 1.0],
                [0.961653, 0.225772, 0.155718, 0.124994, 0.180479, -0.948442, 0.260545, -0.002831, 0.206521, -0.222451, -0.952781, -1.2e-05, 0.0, 0.0, 0.0, 1.0],
                [0.961653, 0.225772, 0.155718, 0.124994, 0.180479, -0.948442, 0.260545, -0.002831, 0.206521, -0.222451, -0.952781, -1.2e-05, 0.0, 0.0, 0.0, 1.0],
                [0.961653, 0.225772, 0.155718, 0.124994, 0.180479, -0.948442, 0.260545, -0.002831, 0.206521, -0.222451, -0.952781, -1.2e-05, 0.0, 0.0, 0.0, 1.0],
                [0.961653, 0.225772, 0.155718, 0.124994, 0.180479, -0.948442, 0.260545, -0.002831, 0.206521, -0.222451, -0.952781, -1.2e-05, 0.0, 0.0, 0.0, 1.0],
                [0.961653, 0.225772, 0.155718, 0.124994, 0.180479, -0.948442, 0.260545, -0.002831, 0.206521, -0.222451, -0.952781, -1.2e-05, 0.0, 0.0, 0.0, 1.0],
                [0.961653, 0.225772, 0.155718, 0.124994, 0.180479, -0.948442, 0.260545, -0.002831, 0.206521, -0.222451, -0.952781, -1.2e-05, 0.0, 0.0, 0.0, 1.0],
                [0.961653, 0.225772, 0.155718, 0.124994, 0.180479, -0.948442, 0.260545, -0.002831, 0.206521, -0.222451, -0.952781, -1.2e-05, 0.0, 0.0, 0.0, 1.0],
                [0.961653, 0.225772, 0.155718, 0.124994, 0.180479, -0.948442, 0.260545, -0.002831, 0.206521, -0.222451, -0.952781, -1.2e-05, 0.0, 0.0, 0.0, 1.0],
                [0.961653, 0.225772, 0.155718, 0.124994, 0.180479, -0.948442, 0.260545, -0.002831, 0.206521, -0.222451, -0.952781, -1.2e-05, 0.0, 0.0, 0.0, 1.0],
                [0.961653, 0.225772, 0.155718, 0.124994, 0.180479, -0.948442, 0.260545, -0.002831, 0.206521, -0.222451, -0.952781, -1.2e-05, 0.0, 0.0, 0.0, 1.0],
                [0.961653, 0.225772, 0.155718, 0.124994, 0.180479, -0.948442, 0.260545, -0.002831, 0.206521, -0.222451, -0.952781, -1.2e-05, 0.0, 0.0, 0.0, 1.0],
                [0.961653, 0.225772, 0.155718, 0.124994, 0.180479, -0.948442, 0.260545, -0.002831, 0.206521, -0.222451, -0.952781, -1.2e-05, 0.0, 0.0, 0.0, 1.0],
                [0.961653, 0.225772, 0.155718, 0.124994, 0.180479, -0.948442, 0.260545, -0.002831, 0.206521, -0.222451, -0.952781, -1.2e-05, 0.0, 0.0, 0.0, 1.0],
                [0.961653, 0.225772, 0.155718, 0.124994, 0.180479, -0.948442, 0.260545, -0.002831, 0.206521, -0.222451, -0.952781, -1.2e-05, 0.0, 0.0, 0.0, 1.0],
                [0.961653, 0.225772, 0.155718, 0.124994, 0.180479, -0.948442, 0.260545, -0.002831, 0.206521, -0.222451, -0.952781, -1.2e-05, 0.0, 0.0, 0.0, 1.0],
                [0.961653, 0.225772, 0.155718, 0.124994, 0.180479, -0.948442, 0.260545, -0.002831, 0.206521, -0.222451, -0.952781, -1.2e-05, 0.0, 0.0, 0.0, 1.0],
                [0.961653, 0.225772, 0.155718, 0.124994, 0.180479, -0.948442, 0.260545, -0.002831, 0.206521, -0.222451, -0.952781, -1.2e-05, 0.0, 0.0, 0.0, 1.0],
                [0.961653, 0.225772, 0.155718, 0.124994, 0.180479, -0.948442, 0.260545, -0.002831, 0.206521, -0.222451, -0.952781, -1.2e-05, 0.0, 0.0, 0.0, 1.0],
                [0.961653, 0.225772, 0.155718, 0.124994, 0.180479, -0.948442, 0.260545, -0.002831, 0.206521, -0.222451, -0.952781, -1.2e-05, 0.0, 0.0, 0.0, 1.0],
                [0.961653, 0.225772, 0.155718, 0.124994, 0.180479, -0.948442, 0.260545, -0.002831, 0.206521, -0.222451, -0.952781, -1.2e-05, 0.0, 0.0, 0.0, 1.0],
                [0.961653, 0.225772, 0.155718, 0.124994, 0.180479, -0.948442, 0.260545, -0.002831, 0.206521, -0.222451, -0.952781, -1.2e-05, 0.0, 0.0, 0.0, 1.0],
                [0.961653, 0.225772, 0.155718, 0.124994, 0.180479, -0.948442, 0.260545, -0.002831, 0.206521, -0.222451, -0.952781, -1.2e-05, 0.0, 0.0, 0.0, 1.0],
                [0.961653, 0.225772, 0.155718, 0.124994, 0.180479, -0.948442, 0.260545, -0.002831, 0.206521, -0.222451, -0.952781, -1.2e-05, 0.0, 0.0, 0.0, 1.0],
                [0.961653, 0.225772, 0.155718, 0.124994, 0.180479, -0.948442, 0.260545, -0.002831, 0.206521, -0.222451, -0.952781, -1.2e-05, 0.0, 0.0, 0.0, 1.0],
                [0.961653, 0.225772, 0.155718, 0.124994, 0.180479, -0.948442, 0.260545, -0.002831, 0.206521, -0.222451, -0.952781, -1.2e-05, 0.0, 0.0, 0.0, 1.0],
                [0.961653, 0.225772, 0.155718, 0.124994, 0.180479, -0.948442, 0.260545, -0.002831, 0.206521, -0.222451, -0.952781, -1.2e-05, 0.0, 0.0, 0.0, 1.0],
                [0.961653, 0.225772, 0.155718, 0.124994, 0.180479, -0.948442, 0.260545, -0.002831, 0.206521, -0.222451, -0.952781, -1.2e-05, 0.0, 0.0, 0.0, 1.0],
                [0.961653, 0.225772, 0.155718, 0.124994, 0.180479, -0.948442, 0.260545, -0.002831, 0.206521, -0.222451, -0.952781, -1.2e-05, 0.0, 0.0, 0.0, 1.0],
                [0.961653, 0.225772, 0.155718, 0.124994, 0.180479, -0.948442, 0.260545, -0.002831, 0.206521, -0.222451, -0.952781, -1.2e-05, 0.0, 0.0, 0.0, 1.0],
                [0.961653, 0.225772, 0.155718, 0.124994, 0.180479, -0.948442, 0.260545, -0.002831, 0.206521, -0.222451, -0.952781, -1.2e-05, 0.0, 0.0, 0.0, 1.0],
                [0.961653, 0.225772, 0.155718, 0.124994, 0.180479, -0.948442, 0.260545, -0.002831, 0.206521, -0.222451, -0.952781, -1.2e-05, 0.0, 0.0, 0.0, 1.0],
                [0.961653, 0.225772, 0.155718, 0.124994, 0.180479, -0.948442, 0.260545, -0.002831, 0.206521, -0.222451, -0.952781, -1.2e-05, 0.0, 0.0, 0.0, 1.0],
                [0.961653, 0.225772, 0.155718, 0.124994, 0.180479, -0.948442, 0.260545, -0.002831, 0.206521, -0.222451, -0.952781, -1.2e-05, 0.0, 0.0, 0.0, 1.0],
                [0.961653, 0.225772, 0.155718, 0.124994, 0.180479, -0.948442, 0.260545, -0.002831, 0.206521, -0.222451, -0.952781, -1.2e-05, 0.0, 0.0, 0.0, 1.0],
                [0.961653, 0.225772, 0.155718, 0.124994, 0.180479, -0.948442, 0.260545, -0.002831, 0.206521, -0.222451, -0.952781, -1.2e-05, 0.0, 0.0, 0.0, 1.0],
                [0.961653, 0.225772, 0.155718, 0.124994, 0.180479, -0.948442, 0.260545, -0.002831, 0.206521, -0.222451, -0.952781, -1.2e-05, 0.0, 0.0, 0.0, 1.0],
                [0.961653, 0.225772, 0.155718, 0.124994, 0.180479, -0.948442, 0.260545, -0.002831, 0.206521, -0.222451, -0.952781, -1.2e-05, 0.0, 0.0, 0.0, 1.0],
                [0.961653, 0.225772, 0.155718, 0.124994, 0.180479, -0.948442, 0.260545, -0.002831, 0.206521, -0.222451, -0.952781, -1.2e-05, 0.0, 0.0, 0.0, 1.0],
                [0.961653, 0.225772, 0.155718, 0.124994, 0.180479, -0.948442, 0.260545, -0.002831, 0.206521, -0.222451, -0.952781, -1.2e-05, 0.0, 0.0, 0.0, 1.0],
                [0.961653, 0.225772, 0.155718, 0.124994, 0.180479, -0.948442, 0.260545, -0.002831, 0.206521, -0.222451, -0.952781, -1.2e-05, 0.0, 0.0, 0.0, 1.0],
                [0.961653, 0.225772, 0.155718, 0.124994, 0.180479, -0.948442, 0.260545, -0.002831, 0.206521, -0.222451, -0.952781, -1.2e-05, 0.0, 0.0, 0.0, 1.0],
                [0.961653, 0.225772, 0.155718, 0.124994, 0.180479, -0.948442, 0.260545, -0.002831, 0.206521, -0.222451, -0.952781, -1.2e-05, 0.0, 0.0, 0.0, 1.0],
                [0.961653, 0.225772, 0.155718, 0.124994, 0.180479, -0.948442, 0.260545, -0.002831, 0.206521, -0.222451, -0.952781, -1.2e-05, 0.0, 0.0, 0.0, 1.0],
                [0.961653, 0.225772, 0.155718, 0.124994, 0.180479, -0.948442, 0.260544, -0.002831, 0.206521, -0.22245, -0.952782, -1.2e-05, 0.0, 0.0, 0.0, 1.0],
                [0.961653, 0.225772, 0.155718, 0.124994, 0.180479, -0.948442, 0.260544, -0.002831, 0.206521, -0.222451, -0.952781, -1.2e-05, 0.0, 0.0, 0.0, 1.0],
                [0.961653, 0.225772, 0.155718, 0.124994, 0.180479, -0.948442, 0.260545, -0.002831, 0.206521, -0.222451, -0.952781, -1.2e-05, 0.0, 0.0, 0.0, 1.0],
                [0.961653, 0.225772, 0.155718, 0.124994, 0.180479, -0.948442, 0.260545, -0.002831, 0.206521, -0.222451, -0.952781, -1.2e-05, 0.0, 0.0, 0.0, 1.0],
                [0.961653, 0.225772, 0.155718, 0.124994, 0.180479, -0.948442, 0.260545, -0.002831, 0.206521, -0.222451, -0.952781, -1.2e-05, 0.0, 0.0, 0.0, 1.0],
                [0.961653, 0.225772, 0.155718, 0.124994, 0.180479, -0.948442, 0.260545, -0.002831, 0.206521, -0.222451, -0.952781, -1.2e-05, 0.0, 0.0, 0.0, 1.0],
                [0.961653, 0.225772, 0.155718, 0.124994, 0.180479, -0.948442, 0.260545, -0.002831, 0.206521, -0.222451, -0.952781, -1.2e-05, 0.0, 0.0, 0.0, 1.0],
                [0.961653, 0.225772, 0.155718, 0.124994, 0.180479, -0.948442, 0.260545, -0.002831, 0.206521, -0.222451, -0.952781, -1.2e-05, 0.0, 0.0, 0.0, 1.0],
                [0.961653, 0.225772, 0.155718, 0.124994, 0.180479, -0.948442, 0.260545, -0.002831, 0.206521, -0.222451, -0.952781, -1.2e-05, 0.0, 0.0, 0.0, 1.0],
                [0.961653, 0.225772, 0.155718, 0.124994, 0.180479, -0.948442, 0.260545, -0.002831, 0.206521, -0.222451, -0.952781, -1.2e-05, 0.0, 0.0, 0.0, 1.0],
                [0.961653, 0.225772, 0.155718, 0.124994, 0.180479, -0.948442, 0.260545, -0.002831, 0.206521, -0.222451, -0.952782, -1.2e-05, 0.0, 0.0, 0.0, 1.0],
                [0.961653, 0.225772, 0.155718, 0.124994, 0.180479, -0.948442, 0.260545, -0.002831, 0.206521, -0.222451, -0.952781, -1.2e-05, 0.0, 0.0, 0.0, 1.0],
                [0.961653, 0.225772, 0.155718, 0.124994, 0.180479, -0.948442, 0.260545, -0.002831, 0.206521, -0.222451, -0.952782, -1.2e-05, 0.0, 0.0, 0.0, 1.0],
                [0.961653, 0.225772, 0.155718, 0.124994, 0.180479, -0.948442, 0.260545, -0.002831, 0.206521, -0.222451, -0.952781, -1.2e-05, 0.0, 0.0, 0.0, 1.0],
                [0.961653, 0.225772, 0.155718, 0.124994, 0.180479, -0.948442, 0.260545, -0.002831, 0.206521, -0.222451, -0.952781, -1.2e-05, 0.0, 0.0, 0.0, 1.0],
                [0.961653, 0.225772, 0.155718, 0.124994, 0.180479, -0.948442, 0.260545, -0.002831, 0.206521, -0.222451, -0.952781, -1.2e-05, 0.0, 0.0, 0.0, 1.0],
                [0.961653, 0.225772, 0.155718, 0.124994, 0.180479, -0.948441, 0.260546, -0.002831, 0.206521, -0.222452, -0.952781, -1.2e-05, 0.0, 0.0, 0.0, 1.0],
                [0.961653, 0.225772, 0.155718, 0.124994, 0.180479, -0.948441, 0.260545, -0.002831, 0.206521, -0.222452, -0.952781, -1.2e-05, 0.0, 0.0, 0.0, 1.0],
                [0.961653, 0.225772, 0.155718, 0.124994, 0.180479, -0.948441, 0.260545, -0.002831, 0.206521, -0.222452, -0.952781, -1.2e-05, 0.0, 0.0, 0.0, 1.0],
                [0.961653, 0.225772, 0.155718, 0.124994, 0.180479, -0.948442, 0.260545, -0.002831, 0.206521, -0.222451, -0.952782, -1.2e-05, 0.0, 0.0, 0.0, 1.0],
                [0.961653, 0.225772, 0.155718, 0.124994, 0.180479, -0.948442, 0.260545, -0.002831, 0.206521, -0.222451, -0.952781, -1.2e-05, 0.0, 0.0, 0.0, 1.0],
                [0.961653, 0.225772, 0.155718, 0.124994, 0.180479, -0.948442, 0.260545, -0.002831, 0.206521, -0.222451, -0.952781, -1.2e-05, 0.0, 0.0, 0.0, 1.0]
            ]
        },
        {
            "name": "Leg_R",
            "time": [0.0, 0.0167, 0.0333, 0.05, 0.0667, 0.0833, 0.1, 0.1167, 0.1333, 0.15, 0.1667, 0.1833, 0.2, 0.2167, 0.2333, 0.25, 0.2667, 0.2833, 0.3, 0.3167, 0.3333, 0.35, 0.3667, 0.3833, 0.4, 0.4167, 0.4333, 0.45, 0.4667, 0.4833, 0.5, 0.5167, 0.5333, 0.55, 0.5667, 0.5833, 0.6, 0.6167, 0.6333, 0.65, 0.6667, 0.6833, 0.7, 0.7167, 0.7333, 0.75, 0.7667, 0.7833, 0.8, 0.8167, 0.8333, 0.85, 0.8667, 0.8833, 0.9, 0.9167, 0.9333, 0.95, 0.9667, 0.9833, 1.0, 1.0167, 1.0333, 1.05, 1.0667, 1.0833, 1.1, 1.1167, 1.1333, 1.15, 1.1667, 1.1833, 1.2, 1.2167, 1.2333, 1.25, 1.2667, 1.2833, 1.3, 1.3167, 1.3333, 1.35, 1.3667, 1.3833, 1.4, 1.4167, 1.4333, 1.45, 1.4667, 1.4833, 1.5],
            "transform": [
                [1.0, -0.000504, -0.000235, -0.0, 0.000556, 0.892462, 0.451108, 0.375166, -1.8e-05, -0.451129, 0.892468, -0.0, 0.0, 0.0, 0.0, 1.0],
                [1.0, -0.000531, -0.000249, 0.0, 0.000585, 0.880296, 0.474409, 0.375166, -3.3e-05, -0.474432, 0.880302, 0.0, 0.0, 0.0, 0.0, 1.0],
                [1.0, -0.0006, -0.00029, 0.0, 0.000662, 0.843911, 0.536467, 0.375166, -7.8e-05, -0.536494, 0.843918, 0.0, 0.0, 0.0, 0.0, 1.0],
                [1.0, -0.000693, -0.000356, -0.0, 0.000764, 0.784956, 0.619533, 0.375166, -0.00015, -0.619565, 0.784966, -0.0, 0.0, 0.0, 0.0, 1.0],
                [1.0, -0.000791, -0.000442, 0.0, 0.000872, 0.70722, 0.706976, 0.375166, -0.000246, -0.70701, 0.707231, 0.0, 0.0, 0.0, 0.0, 1.0],
                [0.999999, -0.00088, -0.000544, 0.0, 0.000971, 0.616482, 0.78735, 0.375166, -0.000358, -0.787387, 0.616494, 0.0, 0.0, 0.0, 0.0, 1.0],
                [0.999999, -0.000955, -0.000652, -0.0, 0.001053, 0.520104, 0.854085, 0.375166, -0.000477, -0.854122, 0.520117, -0.0, 0.0, 0.0, 0.0, 1.0],
                [0.999999, -0.001012, -0.000757, -0.0, 0.001116, 0.425931, 0.904738, 0.375166, -0.000593, -0.904775, 0.425944, -0.0, 0.0, 0.0, 0.0, 1.0],
                [0.999999, -0.001051, -0.000852, -0.0, 0.00116, 0.340575, 0.940201, 0.375166, -0.000698, -0.940237, 0.340588, 0.0, 0.0, 0.0, 0.0, 1.0],
                [0.999999, -0.001077, -0.000932, 0.0, 0.001188, 0.26896, 0.963135, 0.375166, -0.000787, -0.963171, 0.268972, 0.0, 0.0, 0.0, 0.0, 1.0],
                [0.999999, -0.001092, -0.000995, 0.0, 0.001205, 0.213348, 0.97696, 0.375166, -0.000855, -0.976995, 0.21336, -0.0, 0.0, 0.0, 0.0, 1.0],
                [0.999999, -0.001101, -0.001038, -0.0, 0.001214, 0.174376, 0.984663, 0.375166, -0.000903, -0.984698, 0.174387, 0.0, 0.0, 0.0, 0.0, 1.0],
                [0.999999, -0.001105, -0.001064, 0.0, 0.001219, 0.151423, 0.988453, 0.375166, -0.000932, -0.988488, 0.151433, 0.0, 0.0, 0.0, 0.0, 1.0],
                [0.999999, -0.001107, -0.001072, -0.0, 0.00122, 0.144015, 0.98956, 0.375166, -0.000941, -0.989593, 0.144026, -0.0, 0.0, 0.0, 0.0, 1.0],
                [0.999999, -0.001104, -0.001058, -0.0, 0.001218, 0.157041, 0.987576, 0.375166, -0.000925, -0.98761, 0.157052, -0.0, 0.0, 0.0, 0.0, 1.0],
                [0.999999, -0.001097, -0.001014, 0.0, 0.001209, 0.196244, 0.980539, 0.375166, -0.000876, -0.980574, 0.196255, 0.0, 0.0, 0.0, 0.0, 1.0],
                [0.999999, -0.001079, -0.00094, -0.0, 0.00119, 0.262058, 0.965036, 0.375166, -0.000795, -0.965071, 0.262069, 0.0, 0.0, 0.0, 0.0, 1.0],
                [0.999999, -0.001046, -0.000839, 0.0, 0.001154, 0.352846, 0.935664, 0.375166, -0.000683, -0.935701, 0.352858, -0.0, 0.0, 0.0, 0.0, 1.0],
                [0.999999, -0.000991, -0.000715, 0.0, 0.001093, 0.463269, 0.8862, 0.375166, -0.000547, -0.886238, 0.463282, -0.0, 0.0, 0.0, 0.0, 1.0],
                [0.999999, -0.000907, -0.00058, 0.0, 0.001001, 0.584566, 0.811327, 0.375166, -0.000397, -0.811364, 0.584579, -0.0, 0.0, 0.0, 0.0, 1.0],
                [1.0, -0.000793, -0.000445, 0.0, 0.000875, 0.704744, 0.709443, 0.375166, -0.000249, -0.709478, 0.704756, 0.0, 0.0, 0.0, 0.0, 1.0],
                [1.0, -0.000654, -0.000326, -0.0, 0.000722, 0.810881, 0.585193, 0.375166, -0.000118, -0.585222, 0.810891, -0.0, 0.0, 0.0, 0.0, 1.0],
                [1.0, -0.000504, -0.000235, 0.0, 0.000555, 0.892847, 0.450346, 0.375166, -1.7e-05, -0.450368, 0.892852, -0.0, 0.0, 0.0, 0.0, 1.0],
                [1.0, -0.00037, -0.000178, -0.0, 0.000408, 0.943775, 0.330579, 0.375167, 4.6e-05, -0.330592, 0.943778, 0.0, 0.0, 0.0, 0.0, 1.0],
                [1.0, -0.00031, -0.000159, -0.0, 0.000342, 0.960818, 0.277173, 0.375166, 6.7e-05, -0.277182, 0.96082, 0.0, 0.0, 0.0, 0.0, 1.0],
                [1.0, -0.00031, -0.000159, -0.0, 0.000342, 0.960818, 0.277173, 0.375166, 6.7e-05, -0.277182, 0.96082, 0.0, 0.0, 0.0, 0.0, 1.0],
                [1.0, -0.00031, -0.000159, -0.0, 0.000342, 0.960818, 0.277173, 0.375166, 6.7e-05, -0.277182, 0.96082, 0.0, 0.0, 0.0, 0.0, 1.0],
                [1.0, -0.00031, -0.000159, -0.0, 0.000342, 0.960818, 0.277173, 0.375166, 6.7e-05, -0.277182, 0.96082, 0.0, 0.0, 0.0, 0.0, 1.0],
                [1.0, -0.00031, -0.000159, -0.0, 0.000342, 0.960818, 0.277173, 0.375166, 6.7e-05, -0.277182, 0.96082, 0.0, 0.0, 0.0, 0.0, 1.0],
                [1.0, -0.00031, -0.000159, -0.0, 0.000342, 0.960818, 0.277173, 0.375166, 6.7e-05, -0.277182, 0.96082, 0.0, 0.0, 0.0, 0.0, 1.0],
                [1.0, -0.00031, -0.000159, -0.0, 0.000342, 0.960818, 0.277173, 0.375166, 6.7e-05, -0.277182, 0.96082, 0.0, 0.0, 0.0, 0.0, 1.0],
                [1.0, -0.00031, -0.000159, -0.0, 0.000342, 0.960818, 0.277173, 0.375166, 6.7e-05, -0.277182, 0.96082, 0.0, 0.0, 0.0, 0.0, 1.0],
                [1.0, -0.00031, -0.000159, -0.0, 0.000342, 0.960818, 0.277173, 0.375166, 6.7e-05, -0.277182, 0.96082, 0.0, 0.0, 0.0, 0.0, 1.0],
                [1.0, -0.00031, -0.000159, -0.0, 0.000342, 0.960818, 0.277173, 0.375166, 6.7e-05, -0.277182, 0.96082, 0.0, 0.0, 0.0, 0.0, 1.0],
                [1.0, -0.00031, -0.000159, -0.0, 0.000342, 0.960818, 0.277173, 0.375166, 6.7e-05, -0.277182, 0.96082, 0.0, 0.0, 0.0, 0.0, 1.0],
                [1.0, -0.00031, -0.000159, -0.0, 0.000342, 0.960818, 0.277173, 0.375166, 6.7e-05, -0.277182, 0.96082, 0.0, 0.0, 0.0, 0.0, 1.0],
                [1.0, -0.00031, -0.000159, -0.0, 0.000342, 0.960818, 0.277173, 0.375166, 6.7e-05, -0.277182, 0.96082, 0.0, 0.0, 0.0, 0.0, 1.0],
                [1.0, -0.00031, -0.000159, -0.0, 0.000342, 0.960818, 0.277173, 0.375166, 6.7e-05, -0.277182, 0.96082, 0.0, 0.0, 0.0, 0.0, 1.0],
                [1.0, -0.00031, -0.000159, -0.0, 0.000342, 0.960818, 0.277173, 0.375166, 6.7e-05, -0.277182, 0.96082, 0.0, 0.0, 0.0, 0.0, 1.0],
                [1.0, -0.00031, -0.000159, -0.0, 0.000342, 0.960818, 0.277173, 0.375166, 6.7e-05, -0.277182, 0.96082, 0.0, 0.0, 0.0, 0.0, 1.0],
                [1.0, -0.00031, -0.000159, -0.0, 0.000342, 0.960818, 0.277173, 0.375166, 6.7e-05, -0.277182, 0.96082, 0.0, 0.0, 0.0, 0.0, 1.0],
                [1.0, -0.00031, -0.000159, -0.0, 0.000342, 0.960818, 0.277173, 0.375166, 6.7e-05, -0.277182, 0.96082, 0.0, 0.0, 0.0, 0.0, 1.0],
                [1.0, -0.00031, -0.000159, -0.0, 0.000342, 0.960818, 0.277173, 0.375166, 6.7e-05, -0.277182, 0.96082, 0.0, 0.0, 0.0, 0.0, 1.0],
                [1.0, -0.00031, -0.000159, -0.0, 0.000342, 0.960818, 0.277173, 0.375166, 6.7e-05, -0.277182, 0.96082, 0.0, 0.0, 0.0, 0.0, 1.0],
                [1.0, -0.00031, -0.000159, -0.0, 0.000342, 0.960818, 0.277173, 0.375166, 6.7e-05, -0.277182, 0.96082, 0.0, 0.0, 0.0, 0.0, 1.0],
                [1.0, -0.00031, -0.000159, -0.0, 0.000342, 0.960818, 0.277173, 0.375166, 6.7e-05, -0.277182, 0.96082, 0.0, 0.0, 0.0, 0.0, 1.0],
                [1.0, -0.00031, -0.000159, -0.0, 0.000342, 0.960818, 0.277173, 0.375166, 6.7e-05, -0.277182, 0.96082, 0.0, 0.0, 0.0, 0.0, 1.0],
                [1.0, -0.00031, -0.000159, -0.0, 0.000342, 0.960818, 0.277173, 0.375166, 6.7e-05, -0.277182, 0.96082, 0.0, 0.0, 0.0, 0.0, 1.0],
                [1.0, -0.00031, -0.000159, -0.0, 0.000342, 0.960818, 0.277173, 0.375166, 6.7e-05, -0.277182, 0.96082, 0.0, 0.0, 0.0, 0.0, 1.0],
                [1.0, -0.00031, -0.000159, -0.0, 0.000342, 0.960818, 0.277173, 0.375166, 6.7e-05, -0.277182, 0.96082, 0.0, 0.0, 0.0, 0.0, 1.0],
                [1.0, -0.00031, -0.000159, -0.0, 0.000342, 0.960818, 0.277173, 0.375166, 6.7e-05, -0.277182, 0.96082, 0.0, 0.0, 0.0, 0.0, 1.0],
                [1.0, -0.00031, -0.000159, -0.0, 0.000342, 0.960818, 0.277173, 0.375166, 6.7e-05, -0.277182, 0.96082, 0.0, 0.0, 0.0, 0.0, 1.0],
                [1.0, -0.00031, -0.000159, -0.0, 0.000342, 0.960818, 0.277173, 0.375166, 6.7e-05, -0.277182, 0.96082, 0.0, 0.0, 0.0, 0.0, 1.0],
                [1.0, -0.00031, -0.000159, -0.0, 0.000342, 0.960818, 0.277173, 0.375166, 6.7e-05, -0.277182, 0.96082, 0.0, 0.0, 0.0, 0.0, 1.0],
                [1.0, -0.00031, -0.000159, -0.0, 0.000342, 0.960818, 0.277173, 0.375166, 6.7e-05, -0.277182, 0.96082, 0.0, 0.0, 0.0, 0.0, 1.0],
                [1.0, -0.00031, -0.000159, -0.0, 0.000342, 0.960818, 0.277173, 0.375166, 6.7e-05, -0.277182, 0.96082, 0.0, 0.0, 0.0, 0.0, 1.0],
                [1.0, -0.00031, -0.000159, -0.0, 0.000342, 0.960818, 0.277173, 0.375166, 6.7e-05, -0.277182, 0.96082, 0.0, 0.0, 0.0, 0.0, 1.0],
                [1.0, -0.00031, -0.000159, -0.0, 0.000342, 0.960818, 0.277173, 0.375166, 6.7e-05, -0.277182, 0.96082, 0.0, 0.0, 0.0, 0.0, 1.0],
                [1.0, -0.00031, -0.000159, -0.0, 0.000342, 0.960818, 0.277173, 0.375166, 6.7e-05, -0.277182, 0.96082, 0.0, 0.0, 0.0, 0.0, 1.0],
                [1.0, -0.00031, -0.000159, -0.0, 0.000342, 0.960818, 0.277173, 0.375166, 6.7e-05, -0.277182, 0.96082, 0.0, 0.0, 0.0, 0.0, 1.0],
                [1.0, -0.00031, -0.000159, -0.0, 0.000342, 0.960818, 0.277173, 0.375166, 6.7e-05, -0.277182, 0.96082, 0.0, 0.0, 0.0, 0.0, 1.0],
                [1.0, -0.00031, -0.000159, -0.0, 0.000342, 0.960818, 0.277173, 0.375166, 6.7e-05, -0.277182, 0.96082, 0.0, 0.0, 0.0, 0.0, 1.0],
                [1.0, -0.00031, -0.000159, -0.0, 0.000342, 0.960818, 0.277173, 0.375166, 6.7e-05, -0.277182, 0.96082, 0.0, 0.0, 0.0, 0.0, 1.0],
                [1.0, -0.00031, -0.000159, -0.0, 0.000342, 0.960818, 0.277173, 0.375166, 6.7e-05, -0.277182, 0.96082, 0.0, 0.0, 0.0, 0.0, 1.0],
                [1.0, -0.00031, -0.000159, -0.0, 0.000342, 0.960818, 0.277173, 0.375166, 6.7e-05, -0.277182, 0.96082, 0.0, 0.0, 0.0, 0.0, 1.0],
                [1.0, -0.00031, -0.000159, -0.0, 0.000342, 0.960818, 0.277173, 0.375166, 6.7e-05, -0.277182, 0.96082, 0.0, 0.0, 0.0, 0.0, 1.0],
                [1.0, -0.00031, -0.000159, -0.0, 0.000342, 0.960818, 0.277173, 0.375166, 6.7e-05, -0.277182, 0.96082, 0.0, 0.0, 0.0, 0.0, 1.0],
                [1.0, -0.00031, -0.000159, -0.0, 0.000342, 0.960818, 0.277174, 0.375166, 6.7e-05, -0.277183, 0.96082, 0.0, 0.0, 0.0, 0.0, 1.0],
                [1.0, -0.00031, -0.000159, 0.0, 0.000342, 0.960818, 0.277174, 0.375166, 6.7e-05, -0.277183, 0.96082, -0.0, 0.0, 0.0, 0.0, 1.0],
                [1.0, -0.00031, -0.000159, 0.0, 0.000342, 0.960818, 0.277172, 0.375166, 6.7e-05, -0.277181, 0.960821, 0.0, 0.0, 0.0, 0.0, 1.0],
                [1.0, -0.00031, -0.000159, 0.0, 0.000342, 0.960818, 0.277172, 0.375166, 6.6e-05, -0.277181, 0.96082, -0.0, 0.0, 0.0, 0.0, 1.0],
                [1.0, -0.00031, -0.000159, 0.0, 0.000342, 0.960818, 0.277174, 0.375166, 6.7e-05, -0.277183, 0.96082, 0.0, 0.0, 0.0, 0.0, 1.0],
                [1.0, -0.00031, -0.000159, 0.0, 0.000342, 0.960818, 0.277174, 0.375166, 6.7e-05, -0.277183, 0.96082, -0.0, 0.0, 0.0, 0.0, 1.0],
                [1.0, -0.00031, -0.000159, -0.0, 0.000342, 0.960818, 0.277173, 0.375166, 6.7e-05, -0.277182, 0.96082, -0.0, 0.0, 0.0, 0.0, 1.0],
