{
    "animation": [
        {
            "name": "Root",
            "time": [0.0, 0.0167, 0.0333, 0.05, 0.0667, 0.0833, 0.1, 0.1167, 0.1333, 0.15, 0.1667, 0.1833, 0.2, 0.2167, 0.2333, 0.25, 0.2667, 0.2833, 0.3, 0.3167, 0.3333, 0.35, 0.3667, 0.3833, 0.4, 0.4167, 0.4333, 0.45, 0.4667, 0.4833, 0.5, 0.5167, 0.5333, 0.55, 0.5667, 0.5833, 0.6, 0.6167, 0.6333, 0.65, 0.6667, 0.6833, 0.7, 0.7167, 0.7333, 0.75, 0.7667, 0.7833, 0.8, 0.8167, 0.8333, 0.85, 0.8667, 0.8833, 0.9, 0.9167, 0.9333, 0.95, 0.9667, 0.9833, 1.0, 1.0167, 1.0333, 1.05, 1.0667, 1.0833, 1.1, 1.1167, 1.1333, 1.15, 1.1667, 1.1833, 1.2],
            "transform": [
                [0.900842, 0.0, -0.434148, -5e-06, -0.434148, 0.0, -0.900842, 0.226784, 0.0, 1.0, 0.0, 0.575716, 0.0, 0.0, 0.0, 1.0],
                [0.821417, 0.0, -0.570328, -0.035481, -0.570328, 0.0, -0.821417, 0.224117, 0.0, 1.0, 0.0, 0.575716, 0.0, 0.0, 0.0, 1.0],
                [0.581941, 0.0, -0.813231, -0.114607, -0.813231, 0.0, -0.581941, 0.198934, 0.0, 1.0, 0.0, 0.575716, 0.0, 0.0, 0.0, 1.0],
                [0.446588, 0.0, -0.89474, -0.155954, -0.89474, 0.0, -0.446588, 0.179027, 0.0, 1.0, 0.0, 0.575716, 0.0, 0.0, 0.0, 1.0],
                [0.446588, 0.0, -0.89474, -0.155954, -0.89474, 0.0, -0.446588, 0.179027, 0.0, 1.0, 0.0, 0.575716, 0.0, 0.0, 0.0, 1.0],
                [0.446588, 0.0, -0.89474, -0.155954, -0.89474, 0.0, -0.446588, 0.179027, 0.0, 1.0, 0.0, 0.575716, 0.0, 0.0, 0.0, 1.0],
                [0.446588, 0.0, -0.89474, -0.155954, -0.89474, 0.0, -0.446588, 0.179027, 0.0, 1.0, 0.0, 0.575716, 0.0, 0.0, 0.0, 1.0],
                [0.446588, 0.0, -0.89474, -0.155954, -0.89474, 0.0, -0.446588, 0.179027, 0.0, 1.0, 0.0, 0.575716, 0.0, 0.0, 0.0, 1.0],
                [0.446588, 0.0, -0.89474, -0.155954, -0.89474, 0.0, -0.446588, 0.179027, 0.0, 1.0, 0.0, 0.575716, 0.0, 0.0, 0.0, 1.0],
                [0.446588, 0.0, -0.89474, -0.155954, -0.89474, 0.0, -0.446588, 0.179027, 0.0, 1.0, 0.0, 0.575716, 0.0, 0.0, 0.0, 1.0],
                [0.478232, 0.0, -0.878233, -0.14497, -0.878233, 0.0, -0.478232, 0.18495, 0.0, 1.0, 0.0, 0.575716, 0.0, 0.0, 0.0, 1.0],
                [0.569291, 0.0, -0.822136, -0.112388, -0.822136, 0.0, -0.569291, 0.202784, 0.0, 1.0, 0.0, 0.575716, 0.0, 0.0, 0.0, 1.0],
                [0.702359, 0.0, -0.711823, -0.0609, -0.711823, 0.0, -0.702359, 0.231703, 0.0, 1.0, 0.0, 0.575716, 0.0, 0.0, 0.0, 1.0],
                [0.842075, 0.0, -0.53936, 0.004822, -0.53936, 0.0, -0.842075, 0.271083, 0.0, 1.0, 0.0, 0.575716, 0.0, 0.0, 0.0, 1.0],
                [0.946914, 0.0, -0.321487, 0.078528, -0.321487, 0.0, -0.946914, 0.323151, 0.0, 1.0, 0.0, 0.575716, 0.0, 0.0, 0.0, 1.0],
                [0.995164, 0.0, -0.098224, 0.151573, -0.098224, 0.0, -0.995164, 0.393395, 0.0, 1.0, 0.0, 0.575716, 0.0, 0.0, 0.0, 1.0],
                [0.986816, 0.0, 0.161844, 0.23517, 0.161844, 0.0, -0.986816, 0.530731, 0.0, 1.0, 0.0, 0.575716, 0.0, 0.0, 0.0, 1.0],
                [0.90072, 0.0, 0.4344, 0.296798, 0.4344, 0.0, -0.90072, 0.688728, 0.0, 1.0, 0.0, 0.575716, 0.0, 0.0, 0.0, 1.0],
                [0.758158, 0.0, 0.652071, 0.325995, 0.652071, 0.0, -0.758158, 0.833128, 0.0, 1.0, 0.0, 0.575716, 0.0, 0.0, 0.0, 1.0],
                [0.616491, 0.0, 0.787362, 0.3326, 0.787362, 0.0, -0.616491, 0.938841, 0.0, 1.0, 0.0, 0.575716, 0.0, 0.0, 0.0, 1.0],
                [0.520638, 0.0, 0.853777, 0.331089, 0.853777, 0.0, -0.520638, 0.999625, 0.0, 1.0, 0.0, 0.575716, 0.0, 0.0, 0.0, 1.0],
                [0.487979, 0.0, 0.872855, 0.329831, 0.872855, 0.0, -0.487979, 1.01892, 0.0, 1.0, 0.0, 0.575716, 0.0, 0.0, 0.0, 1.0],
                [0.487979, 0.0, 0.872855, 0.329831, 0.872855, 0.0, -0.487979, 1.01892, 0.0, 1.0, 0.0, 0.575716, 0.0, 0.0, 0.0, 1.0],
                [0.487979, 0.0, 0.872855, 0.329831, 0.872855, 0.0, -0.487979, 1.01892, 0.0, 1.0, 0.0, 0.575716, 0.0, 0.0, 0.0, 1.0],
                [0.487979, 0.0, 0.872855, 0.329831, 0.872855, 0.0, -0.487979, 1.01892, 0.0, 1.0, 0.0, 0.575716, 0.0, 0.0, 0.0, 1.0],
                [0.487979, 0.0, 0.872855, 0.329831, 0.872855, 0.0, -0.487979, 1.01892, 0.0, 1.0, 0.0, 0.575716, 0.0, 0.0, 0.0, 1.0],
                [0.487979, 0.0, 0.872855, 0.329831, 0.872855, 0.0, -0.487979, 1.01892, 0.0, 1.0, 0.0, 0.575716, 0.0, 0.0, 0.0, 1.0],
                [0.487979, 0.0, 0.872855, 0.329831, 0.872855, 0.0, -0.487979, 1.01892, 0.0, 1.0, 0.0, 0.575716, 0.0, 0.0, 0.0, 1.0],
                [0.487979, 0.0, 0.872855, 0.329831, 0.872855, 0.0, -0.487979, 1.01892, 0.0, 1.0, 0.0, 0.575716, 0.0, 0.0, 0.0, 1.0],
                [0.487979, 0.0, 0.872855, 0.329831, 0.872855, 0.0, -0.487979, 1.01892, 0.0, 1.0, 0.0, 0.575716, 0.0, 0.0, 0.0, 1.0],
                [0.487979, 0.0, 0.872855, 0.329831, 0.872855, 0.0, -0.487979, 1.01892, 0.0, 1.0, 0.0, 0.575716, 0.0, 0.0, 0.0, 1.0],
                [0.487979, 0.0, 0.872855, 0.329831, 0.872855, 0.0, -0.487979, 1.01892, 0.0, 1.0, 0.0, 0.575716, 0.0, 0.0, 0.0, 1.0],
                [0.487979, 0.0, 0.872855, 0.329831, 0.872855, 0.0, -0.487979, 1.01892, 0.0, 1.0, 0.0, 0.575716, 0.0, 0.0, 0.0, 1.0],
                [0.487979, 0.0, 0.872855, 0.329831, 0.872855, 0.0, -0.487979, 1.01892, 0.0, 1.0, 0.0, 0.575716, 0.0, 0.0, 0.0, 1.0],
                [0.487979, 0.0, 0.872855, 0.329831, 0.872855, 0.0, -0.487979, 1.01892, 0.0, 1.0, 0.0, 0.575716, 0.0, 0.0, 0.0, 1.0],
                [0.487979, 0.0, 0.872855, 0.329831, 0.872855, 0.0, -0.487979, 1.01892, 0.0, 1.0, 0.0, 0.575716, 0.0, 0.0, 0.0, 1.0],
                [0.487979, 0.0, 0.872855, 0.329831, 0.872855, 0.0, -0.487979, 1.01892, 0.0, 1.0, 0.0, 0.575716, 0.0, 0.0, 0.0, 1.0],
                [0.487979, 0.0, 0.872855, 0.329831, 0.872855, 0.0, -0.487979, 1.01892, 0.0, 1.0, 0.0, 0.575716, 0.0, 0.0, 0.0, 1.0],
                [0.487979, 0.0, 0.872855, 0.329831, 0.872855, 0.0, -0.487979, 1.01892, 0.0, 1.0, 0.0, 0.575716, 0.0, 0.0, 0.0, 1.0],
                [0.487979, 0.0, 0.872855, 0.329831, 0.872855, 0.0, -0.487979, 1.01892, 0.0, 1.0, 0.0, 0.575716, 0.0, 0.0, 0.0, 1.0],
                [0.487979, 0.0, 0.872855, 0.329831, 0.872855, 0.0, -0.487979, 1.01892, 0.0, 1.0, 0.0, 0.575716, 0.0, 0.0, 0.0, 1.0],
                [0.487979, 0.0, 0.872855, 0.329831, 0.872855, 0.0, -0.487979, 1.01892, 0.0, 1.0, 0.0, 0.575716, 0.0, 0.0, 0.0, 1.0],
                [0.487979, 0.0, 0.872855, 0.329831, 0.872855, 0.0, -0.487979, 1.01892, 0.0, 1.0, 0.0, 0.575716, 0.0, 0.0, 0.0, 1.0],
                [0.487979, 0.0, 0.872855, 0.329831, 0.872855, 0.0, -0.487979, 1.01892, 0.0, 1.0, 0.0, 0.575716, 0.0, 0.0, 0.0, 1.0],
                [0.487979, 0.0, 0.872855, 0.329831, 0.872855, 0.0, -0.487979, 1.01892, 0.0, 1.0, 0.0, 0.575716, 0.0, 0.0, 0.0, 1.0],
                [0.487979, 0.0, 0.872855, 0.329831, 0.872855, 0.0, -0.487979, 1.01892, 0.0, 1.0, 0.0, 0.575716, 0.0, 0.0, 0.0, 1.0],
                [0.487979, 0.0, 0.872855, 0.329831, 0.872855, 0.0, -0.487979, 1.01892, 0.0, 1.0, 0.0, 0.575716, 0.0, 0.0, 0.0, 1.0],
                [0.487979, 0.0, 0.872855, 0.329831, 0.872855, 0.0, -0.487979, 1.01892, 0.0, 1.0, 0.0, 0.575716, 0.0, 0.0, 0.0, 1.0],
                [0.487979, 0.0, 0.872855, 0.329831, 0.872855, 0.0, -0.487979, 1.01892, 0.0, 1.0, 0.0, 0.575716, 0.0, 0.0, 0.0, 1.0],
                [0.487979, 0.0, 0.872855, 0.329831, 0.872855, 0.0, -0.487979, 1.01892, 0.0, 1.0, 0.0, 0.575716, 0.0, 0.0, 0.0, 1.0],
                [0.487979, 0.0, 0.872855, 0.329831, 0.872855, 0.0, -0.487979, 1.01892, 0.0, 1.0, 0.0, 0.575716, 0.0, 0.0, 0.0, 1.0],
                [0.487979, 0.0, 0.872855, 0.329831, 0.872855, 0.0, -0.487979, 1.01892, 0.0, 1.0, 0.0, 0.575716, 0.0, 0.0, 0.0, 1.0],
                [0.493954, 0.0, 0.869488, 0.331211, 0.869488, 0.0, -0.493954, 1.017437, 0.0, 1.0, 0.0, 0.576534, 0.0, 0.0, 0.0, 1.0],
                [0.511966, 0.0, 0.859005, 0.335308, 0.859005, 0.0, -0.511966, 1.012759, 0.0, 1.0, 0.0, 0.579005, 0.0, 0.0, 0.0, 1.0],
                [0.541908, 0.0, 0.840438, 0.34189, 0.840438, 0.0, -0.541908, 1.004281, 0.0, 1.0, 0.0, 0.583139, 0.0, 0.0, 0.0, 1.0],
                [0.583215, 0.0, 0.812318, 0.350432, 0.812318, 0.0, -0.583215, 0.991073, 0.0, 1.0, 0.0, 0.588914, 0.0, 0.0, 0.0, 1.0],
                [0.634648, 0.0, 0.772802, 0.360007, 0.772802, 0.0, -0.634648, 0.97198, 0.0, 1.0, 0.0, 0.596269, 0.0, 0.0, 0.0, 1.0],
                [0.694046, 0.0, 0.719931, 0.369184, 0.719931, 0.0, -0.694046, 0.945812, 0.0, 1.0, 0.0, 0.605098, 0.0, 0.0, 0.0, 1.0],
                [0.758158, 0.0, 0.652071, 0.375995, 0.652071, 0.0, -0.758158, 0.911645, 0.0, 1.0, 0.0, 0.615242, 0.0, 0.0, 0.0, 1.0],
                [0.822676, 0.0, 0.568511, 0.378046, 0.568511, 0.0, -0.822676, 0.869206, 0.0, 1.0, 0.0, 0.626483, 0.0, 0.0, 0.0, 1.0],
                [0.88262, 0.0, 0.470087, 0.372855, 0.470087, 0.0, -0.88262, 0.819234, 0.0, 1.0, 0.0, 0.638556, 0.0, 0.0, 0.0, 1.0],
                [0.93311, 0.0, 0.35959, 0.358398, 0.35959, 0.0, -0.93311, 0.763659, 0.0, 1.0, 0.0, 0.651147, 0.0, 0.0, 0.0, 1.0],
                [0.970355, 0.0, 0.241686, 0.33371, 0.241686, 0.0, -0.970355, 0.70543, 0.0, 1.0, 0.0, 0.663915, 0.0, 0.0, 0.0, 1.0],
                [0.992501, 0.0, 0.122236, 0.299301, 0.122236, 0.0, -0.992501, 0.64799, 0.0, 1.0, 0.0, 0.676506, 0.0, 0.0, 0.0, 1.0],
                [0.999974, 0.0, 0.007236, 0.257173, 0.007236, 0.0, -0.999974, 0.594566, 0.0, 1.0, 0.0, 0.688579, 0.0, 0.0, 0.0, 1.0],
                [0.995164, 0.0, -0.098224, 0.210421, -0.098224, 0.0, -0.995164, 0.547565, 0.0, 1.0, 0.0, 0.699821, 0.0, 0.0, 0.0, 1.0],
                [0.981668, 0.0, -0.190598, 0.1626, -0.190598, 0.0, -0.981668, 0.508292, 0.0, 1.0, 0.0, 0.709964, 0.0, 0.0, 0.0, 1.0],
                [0.96342, 0.0, -0.267996, 0.117118, -0.267996, 0.0, -0.96342, 0.477015, 0.0, 1.0, 0.0, 0.718793, 0.0, 0.0, 0.0, 1.0],
                [0.94402, 0.0, -0.329887, 0.076831, -0.329887, 0.0, -0.94402, 0.453262, 0.0, 1.0, 0.0, 0.726148, 0.0, 0.0, 0.0, 1.0],
                [0.926362, 0.0, -0.376634, 0.043864, -0.376634, 0.0, -0.926362, 0.436175, 0.0, 1.0, 0.0, 0.731923, 0.0, 0.0, 0.0, 1.0],
                [0.91252, 0.0, -0.409032, 0.019625, -0.409032, 0.0, -0.91252, 0.424816, 0.0, 1.0, 0.0, 0.736057, 0.0, 0.0, 0.0, 1.0],
                [0.903798, 0.0, -0.427959, 0.004903, -0.427959, 0.0, -0.903798, 0.418379, 0.0, 1.0, 0.0, 0.738528, 0.0, 0.0, 0.0, 1.0],
                [0.900842, 0.0, -0.434148, -5e-06, -0.434148, 0.0, -0.900842, 0.416308, 0.0, 1.0, 0.0, 0.739346, 0.0, 0.0, 0.0, 1.0]
            ]
        },
        {
            "name": "Thigh_R",
            "time": [0.0, 0.0167, 0.0333, 0.05, 0.0667, 0.0833, 0.1, 0.1167, 0.1333, 0.15, 0.1667, 0.1833, 0.2, 0.2167, 0.2333, 0.25, 0.2667, 0.2833, 0.3, 0.3167, 0.3333, 0.35, 0.3667, 0.3833, 0.4, 0.4167, 0.4333, 0.45, 0.4667, 0.4833, 0.5, 0.5167, 0.5333, 0.55, 0.5667, 0.5833, 0.6, 0.6167, 0.6333, 0.65, 0.6667, 0.6833, 0.7, 0.7167, 0.7333, 0.75, 0.7667, 0.7833, 0.8, 0.8167, 0.8333, 0.85, 0.8667, 0.8833, 0.9, 0.9167, 0.9333, 0.95, 0.9667, 0.9833, 1.0, 1.0167, 1.0333, 1.05, 1.0667, 1.0833, 1.1, 1.1167, 1.1333, 1.15, 1.1667, 1.1833, 1.2],
            "transform": [
                [0.881386, 0.398631, 0.253461, 0.124994, 0.414742, -0.909866, -0.011199, -0.002831, 0.22616, 0.115015, -0.967245, -1.2e-05, 0.0, 0.0, 0.0, 1.0],
                [0.889377, 0.38527, 0.2461, 0.124994, 0.38898, -0.920558, 0.035447, -0.002831, 0.240215, 0.064228, -0.968564, -1.2e-05, 0.0, 0.0, 0.0, 1.0],
                [0.907763, 0.262934, 0.326834, 0.124994, 0.312989, -0.943306, -0.110379, -0.002831, 0.279292, 0.202522, -0.938586, -1.2e-05, 0.0, 0.0, 0.0, 1.0],
                [0.91451, 0.150173, 0.375646, 0.124994, 0.275255, -0.911455, -0.305683, -0.002831, 0.29649, 0.382976, -0.874871, -1.2e-05, 0.0, 0.0, 0.0, 1.0],
                [0.909806, 0.163609, 0.381412, 0.124994, 0.308397, -0.881518, -0.357451, -0.002831, 0.277749, 0.442864, -0.85247, -1.2e-05, 0.0, 0.0, 0.0, 1.0],
                [0.904626, 0.17737, 0.387532, 0.124994, 0.336839, -0.854641, -0.395072, -0.002831, 0.261137, 0.487954, -0.83288, -1.2e-05, 0.0, 0.0, 0.0, 1.0],
                [0.900159, 0.192567, 0.390666, 0.124994, 0.357569, -0.838879, -0.410342, -0.002831, 0.248712, 0.509088, -0.823987, -1.2e-05, 0.0, 0.0, 0.0, 1.0],
                [0.896363, 0.212274, 0.38918, 0.124994, 0.373319, -0.834901, -0.404385, -0.002831, 0.239094, 0.507789, -0.827627, -1.2e-05, 0.0, 0.0, 0.0, 1.0],
                [0.891623, 0.24025, 0.383766, 0.124994, 0.391193, -0.835539, -0.385742, -0.002831, 0.227986, 0.494087, -0.838977, -1.2e-05, 0.0, 0.0, 0.0, 1.0],
                [0.88359, 0.279495, 0.375683, 0.124994, 0.418114, -0.832147, -0.364235, -0.002831, 0.21083, 0.478936, -0.852146, -1.2e-05, 0.0, 0.0, 0.0, 1.0],
                [0.863607, 0.36826, 0.344314, 0.124994, 0.475693, -0.821448, -0.314481, -0.002831, 0.167031, 0.435397, -0.884596, -1.2e-05, 0.0, 0.0, 0.0, 1.0],
                [0.78861, 0.566327, 0.239472, 0.124994, 0.611125, -0.764925, -0.203429, -0.002831, 0.067973, 0.306793, -0.949334, -1.2e-05, 0.0, 0.0, 0.0, 1.0],
                [0.586823, 0.808474, -0.044505, 0.124994, 0.806558, -0.588486, -0.05596, -0.002831, -0.071437, -0.003039, -0.997424, -1.2e-05, 0.0, 0.0, 0.0, 1.0],
                [0.334634, 0.793837, -0.50776, 0.124994, 0.92716, -0.3737, 0.026768, -0.002831, -0.168509, -0.479714, -0.861064, -1.2e-05, 0.0, 0.0, 0.0, 1.0],
                [0.174057, 0.605562, -0.776518, 0.124994, 0.963023, -0.26935, 0.005807, -0.002831, -0.205647, -0.748801, -0.630041, -1.2e-05, 0.0, 0.0, 0.0, 1.0],
                [0.097125, 0.565063, -0.819301, 0.124994, 0.969462, -0.239965, -0.050574, -0.002831, -0.225191, -0.789357, -0.571094, -1.2e-05, 0.0, 0.0, 0.0, 1.0],
                [0.075703, 0.699196, -0.710901, 0.124994, 0.966075, -0.227973, -0.12134, -0.002831, -0.246917, -0.67759, -0.692707, -1.2e-05, 0.0, 0.0, 0.0, 1.0],
                [0.089642, 0.933877, -0.346172, 0.124994, 0.959518, -0.174152, -0.22134, -0.002831, -0.267003, -0.312313, -0.911648, -1.2e-05, 0.0, 0.0, 0.0, 1.0],
                [0.105056, 0.99386, -0.034714, 0.124994, 0.951321, -0.110607, -0.287659, -0.002831, -0.289744, -0.002804, -0.957063, -1.2e-05, 0.0, 0.0, 0.0, 1.0],
                [0.104234, 0.933916, -0.341953, 0.124994, 0.945148, -0.200037, -0.258213, -0.002831, -0.309566, -0.296283, -0.903503, -1.2e-05, 0.0, 0.0, 0.0, 1.0],
                [0.087415, 0.872401, -0.4809, 0.124994, 0.943448, -0.227475, -0.241153, -0.002831, -0.319789, -0.432631, -0.842914, -1.2e-05, 0.0, 0.0, 0.0, 1.0],
                [0.077064, 0.858349, -0.507232, 0.124994, 0.943594, -0.227103, -0.240932, -0.002831, -0.322011, -0.460064, -0.8274, -1.2e-05, 0.0, 0.0, 0.0, 1.0],
                [0.076394, 0.855583, -0.511986, 0.124994, 0.943694, -0.227811, -0.23987, -0.002831, -0.321878, -0.464843, -0.824777, -1.2e-05, 0.0, 0.0, 0.0, 1.0],
                [0.075724, 0.852833, -0.516652, 0.124994, 0.943794, -0.228493, -0.238827, -0.002831, -0.321744, -0.469538, -0.822165, -1.2e-05, 0.0, 0.0, 0.0, 1.0],
                [0.075053, 0.850095, -0.521241, 0.124994, 0.943893, -0.229153, -0.2378, -0.002831, -0.32161, -0.474158, -0.819562, -1.2e-05, 0.0, 0.0, 0.0, 1.0],
                [0.07438, 0.84737, -0.525755, 0.124994, 0.943992, -0.229789, -0.236791, -0.002831, -0.321476, -0.478706, -0.816968, -1.2e-05, 0.0, 0.0, 0.0, 1.0],
                [0.073707, 0.844658, -0.530195, 0.124994, 0.944091, -0.230405, -0.235797, -0.002831, -0.321341, -0.483183, -0.814381, -1.2e-05, 0.0, 0.0, 0.0, 1.0],
                [0.073032, 0.841957, -0.534566, 0.124994, 0.944189, -0.230999, -0.23482, -0.002831, -0.321206, -0.487592, -0.811802, -1.2e-05, 0.0, 0.0, 0.0, 1.0],
                [0.072356, 0.839212, -0.538956, 0.124994, 0.944287, -0.231597, -0.233834, -0.002831, -0.32107, -0.49202, -0.80918, -1.2e-05, 0.0, 0.0, 0.0, 1.0],
                [0.071679, 0.836529, -0.543201, 0.124994, 0.944385, -0.232155, -0.232884, -0.002831, -0.320934, -0.496308, -0.806612, -1.2e-05, 0.0, 0.0, 0.0, 1.0],
                [0.071001, 0.833858, -0.547381, 0.124994, 0.944483, -0.232693, -0.23195, -0.002831, -0.320798, -0.500533, -0.804051, -1.2e-05, 0.0, 0.0, 0.0, 1.0],
                [0.070322, 0.831197, -0.551499, 0.124994, 0.94458, -0.233213, -0.23103, -0.002831, -0.320661, -0.504699, -0.801497, -1.2e-05, 0.0, 0.0, 0.0, 1.0],
                [0.069642, 0.828547, -0.555559, 0.124994, 0.944677, -0.233716, -0.230123, -0.002831, -0.320524, -0.508808, -0.798951, -1.2e-05, 0.0, 0.0, 0.0, 1.0],
                [0.06896, 0.825906, -0.559561, 0.124994, 0.944774, -0.234202, -0.229231, -0.002831, -0.320387, -0.512861, -0.79641, -1.2e-05, 0.0, 0.0, 0.0, 1.0],
                [0.068277, 0.823286, -0.563492, 0.124994, 0.94487, -0.234668, -0.228356, -0.002831, -0.320249, -0.516846, -0.793886, -1.2e-05, 0.0, 0.0, 0.0, 1.0],
                [0.067594, 0.820673, -0.567372, 0.124994, 0.944966, -0.235119, -0.227493, -0.002831, -0.320111, -0.520781, -0.791366, -1.2e-05, 0.0, 0.0, 0.0, 1.0],
                [0.066909, 0.818072, -0.571196, 0.124994, 0.945061, -0.235554, -0.226645, -0.002831, -0.319973, -0.524662, -0.788855, -1.2e-05, 0.0, 0.0, 0.0, 1.0],
                [0.066222, 0.81548, -0.57497, 0.124994, 0.945157, -0.235974, -0.225808, -0.002831, -0.319834, -0.528494, -0.786349, -1.2e-05, 0.0, 0.0, 0.0, 1.0],
                [0.065535, 0.812898, -0.578694, 0.124994, 0.945252, -0.23638, -0.224984, -0.002831, -0.319694, -0.532278, -0.78385, -1.2e-05, 0.0, 0.0, 0.0, 1.0],
                [0.064847, 0.810324, -0.582369, 0.124994, 0.945346, -0.236773, -0.224172, -0.002831, -0.319555, -0.536014, -0.781357, -1.2e-05, 0.0, 0.0, 0.0, 1.0],
                [0.064157, 0.807761, -0.585995, 0.124994, 0.945441, -0.237151, -0.223373, -0.002831, -0.319415, -0.539703, -0.77887, -1.2e-05, 0.0, 0.0, 0.0, 1.0],
                [0.063466, 0.805205, -0.589576, 0.124994, 0.945535, -0.237516, -0.222585, -0.002831, -0.319274, -0.543349, -0.77639, -1.2e-05, 0.0, 0.0, 0.0, 1.0],
                [0.062774, 0.802599, -0.593192, 0.124994, 0.945629, -0.237891, -0.221785, -0.002831, -0.319133, -0.547028, -0.77386, -1.2e-05, 0.0, 0.0, 0.0, 1.0],
                [0.079342, 0.781249, -0.619142, 0.124994, 0.943267, -0.259728, -0.20684, -0.002831, -0.322416, -0.567616, -0.7575, -1.2e-05, 0.0, 0.0, 0.0, 1.0],
                [0.129823, 0.737737, -0.662473, 0.124994, 0.934346, -0.314654, -0.167288, -0.002831, -0.331878, -0.597271, -0.730117, -1.2e-05, 0.0, 0.0, 0.0, 1.0],
                [0.213468, 0.679654, -0.701769, 0.124994, 0.913741, -0.393087, -0.102743, -0.002831, -0.345701, -0.619311, -0.704906, -1.2e-05, 0.0, 0.0, 0.0, 1.0],
                [0.32259, 0.617285, -0.717545, 0.124994, 0.87538, -0.482936, -0.021901, -0.002831, -0.360063, -0.621067, -0.696117, -1.2e-05, 0.0, 0.0, 0.0, 1.0],
                [0.440689, 0.560541, -0.701116, 0.124994, 0.817668, -0.572972, 0.055863, -0.002831, -0.370422, -0.597904, -0.710806, -1.2e-05, 0.0, 0.0, 0.0, 1.0],
                [0.548477, 0.513118, -0.660198, 0.124994, 0.747693, -0.654439, 0.112526, -0.002831, -0.374336, -0.555349, -0.742567, -1.2e-05, 0.0, 0.0, 0.0, 1.0],
                [0.633726, 0.47008, -0.614326, 0.124994, 0.677817, -0.720144, 0.148171, -0.002831, -0.372766, -0.510304, -0.774969, -1.2e-05, 0.0, 0.0, 0.0, 1.0],
                [0.694145, 0.423043, -0.582392, 0.124994, 0.618386, -0.764591, 0.181655, -0.002831, -0.368459, -0.48624, -0.792307, -1.2e-05, 0.0, 0.0, 0.0, 1.0],
                [0.732976, 0.368923, -0.571512, 0.124994, 0.574732, -0.785304, 0.230173, -0.002831, -0.363909, -0.497178, -0.787607, -1.2e-05, 0.0, 0.0, 0.0, 1.0],
                [0.762585, 0.317805, -0.563426, 0.124994, 0.538255, -0.794848, 0.280172, -0.002831, -0.358812, -0.51692, -0.777167, -1.2e-05, 0.0, 0.0, 0.0, 1.0],
                [0.79214, 0.275546, -0.544587, 0.124994, 0.499154, -0.805947, 0.318263, -0.002831, -0.351226, -0.523938, -0.775931, -1.2e-05, 0.0, 0.0, 0.0, 1.0],
                [0.821072, 0.240431, -0.517708, 0.124994, 0.458136, -0.818597, 0.346419, -0.002831, -0.340518, -0.521611, -0.782246, -1.2e-05, 0.0, 0.0, 0.0, 1.0],
                [0.848783, 0.21163, -0.484529, 0.124994, 0.416151, -0.83269, 0.365297, -0.002831, -0.326168, -0.511689, -0.794812, -1.2e-05, 0.0, 0.0, 0.0, 1.0],
                [0.874707, 0.188511, -0.446478, 0.124994, 0.374328, -0.847937, 0.375336, -0.002831, -0.307842, -0.49543, -0.81223, -1.2e-05, 0.0, 0.0, 0.0, 1.0],
                [0.898356, 0.170591, -0.404779, 0.124994, 0.333866, -0.864016, 0.376836, -0.002831, -0.285463, -0.473667, -0.833118, -1.2e-05, 0.0, 0.0, 0.0, 1.0],
                [0.919366, 0.157362, -0.360552, 0.124994, 0.295903, -0.880564, 0.370195, -0.002831, -0.259245, -0.447024, -0.856093, -1.2e-05, 0.0, 0.0, 0.0, 1.0],
                [0.937506, 0.148213, -0.31482, 0.124994, 0.261383, -0.897189, 0.355987, -0.002831, -0.2297, -0.416018, -0.879829, -1.2e-05, 0.0, 0.0, 0.0, 1.0],
                [0.952685, 0.142424, -0.268519, 0.124994, 0.230961, -0.913507, 0.334901, -0.002831, -0.197604, -0.381062, -0.903147, -1.2e-05, 0.0, 0.0, 0.0, 1.0],
                [0.964943, 0.139113, -0.222552, 0.124994, 0.204966, -0.929059, 0.307952, -0.002831, -0.163931, -0.342761, -0.92497, -1.2e-05, 0.0, 0.0, 0.0, 1.0],
                [0.974435, 0.137409, -0.177747, 0.124994, 0.183406, -0.943465, 0.276103, -0.002831, -0.129765, -0.301633, -0.944513, -1.2e-05, 0.0, 0.0, 0.0, 1.0],
                [0.981416, 0.136483, -0.134884, 0.124994, 0.166032, -0.956387, 0.240323, -0.002831, -0.096205, -0.25824, -0.96124, -1.2e-05, 0.0, 0.0, 0.0, 1.0],
                [0.986225, 0.135613, -0.094709, 0.124994, 0.152411, -0.967511, 0.20172, -0.002831, -0.064279, -0.213365, -0.974818, -1.2e-05, 0.0, 0.0, 0.0, 1.0],
                [0.98925, 0.134291, -0.057879, 0.124994, 0.142016, -0.976631, 0.16131, -0.002831, -0.034865, -0.167784, -0.985169, -1.2e-05, 0.0, 0.0, 0.0, 1.0],
                [0.990904, 0.132244, -0.024934, 0.124994, 0.134296, -0.98365, 0.119984, -0.002831, -0.008659, -0.12223, -0.992426, -1.2e-05, 0.0, 0.0, 0.0, 1.0],
                [0.991583, 0.129417, 0.00369, 0.124994, 0.128728, -0.988546, 0.078774, -0.002831, 0.013843, -0.077625, -0.996848, -1.2e-05, 0.0, 0.0, 0.0, 1.0],
                [0.991648, 0.125962, 0.027688, 0.124994, 0.124852, -0.991418, 0.038742, -0.002831, 0.032331, -0.034951, -0.998828, -1.2e-05, 0.0, 0.0, 0.0, 1.0],
                [0.991398, 0.122224, 0.046805, 0.124994, 0.122283, -0.992493, 0.001621, -0.002831, 0.046653, 0.004127, -0.998865, -1.2e-05, 0.0, 0.0, 0.0, 1.0],
                [0.991062, 0.118711, 0.060845, 0.124994, 0.120711, -0.992224, -0.030302, -0.002831, 0.056777, 0.037386, -0.997649, -1.2e-05, 0.0, 0.0, 0.0, 1.0],
                [0.990801, 0.116109, 0.069516, 0.124994, 0.119897, -0.991368, -0.053031, -0.002831, 0.062761, 0.060887, -0.996132, -1.2e-05, 0.0, 0.0, 0.0, 1.0],
                [0.990703, 0.115138, 0.072456, 0.124994, 0.119659, -0.99091, -0.061465, -0.002831, 0.064723, 0.069573, -0.995437, -1.2e-05, 0.0, 0.0, 0.0, 1.0]
            ]
        },
        {
            "name": "Leg_R",
            "time": [0.0, 0.0167, 0.0333, 0.05, 0.0667, 0.0833, 0.1, 0.1167, 0.1333, 0.15, 0.1667, 0.1833, 0.2, 0.2167, 0.2333, 0.25, 0.2667, 0.2833, 0.3, 0.3167, 0.3333, 0.35, 0.3667, 0.3833, 0.4, 0.4167, 0.4333, 0.45, 0.4667, 0.4833, 0.5, 0.5167, 0.5333, 0.55, 0.5667, 0.5833, 0.6, 0.6167, 0.6333, 0.65, 0.6667, 0.6833, 0.7, 0.7167, 0.7333, 0.75, 0.7667, 0.7833, 0.8, 0.8167, 0.8333, 0.85, 0.8667, 0.8833, 0.9, 0.9167, 0.9333, 0.95, 0.9667, 0.9833, 1.0, 1.0167, 1.0333, 1.05, 1.0667, 1.0833, 1.1, 1.1167, 1.1333, 1.15, 1.1667, 1.1833, 1.2],
            "transform": [
                [0.999999, -0.00084, -0.000495, 0.0, 0.000926, 0.660203, 0.751068, 0.375166, -0.000304, -0.751105, 0.660216, 0.0, 0.0, 0.0, 0.0, 1.0],
                [0.999999, -0.001039, -0.000818, -0.0, 0.001145, 0.370993, 0.928617, 0.375166, -0.000661, -0.928656, 0.371006, 0.0, 0.0, 0.0, 0.0, 1.0],
                [0.999998, -0.001118, -0.001252, -0.0, 0.001233, -0.016979, 0.999839, 0.375166, -0.001139, -0.999873, -0.016969, -0.0, 0.0, 0.0, 0.0, 1.0],
                [0.999998, -0.001111, -0.001363, 0.0, 0.001225, -0.115831, 0.993252, 0.375166, -0.001261, -0.993285, -0.115821, 0.0, 0.0, 0.0, 0.0, 1.0],
                [0.999998, -0.001102, -0.001424, 0.0, 0.001215, -0.170713, 0.985305, 0.375166, -0.001329, -0.985336, -0.170703, 0.0, 0.0, 0.0, 0.0, 1.0],
                [0.999998, -0.001095, -0.001462, 0.0, 0.001207, -0.204496, 0.978851, 0.375166, -0.001371, -0.978881, -0.204486, 0.0, 0.0, 0.0, 0.0, 1.0],
                [0.999998, -0.001087, -0.001494, 0.0, 0.001199, -0.23345, 0.972353, 0.375166, -0.001406, -0.972382, -0.23344, 0.0, 0.0, 0.0, 0.0, 1.0],
                [0.999998, -0.001076, -0.001537, 0.0, 0.001187, -0.271269, 0.962488, 0.375166, -0.001453, -0.962516, -0.271259, 0.0, 0.0, 0.0, 0.0, 1.0],
                [0.999998, -0.001058, -0.001595, 0.0, 0.001167, -0.323662, 0.946158, 0.375166, -0.001517, -0.946184, -0.323652, -0.0, 0.0, 0.0, 0.0, 1.0],
                [0.999998, -0.00103, -0.001669, 0.0, 0.001136, -0.389366, 0.921069, 0.375166, -0.001599, -0.921093, -0.389354, 0.0, 0.0, 0.0, 0.0, 1.0],
                [0.999998, -0.000972, -0.001787, -0.0, 0.001072, -0.494733, 0.869033, 0.375166, -0.001728, -0.869052, -0.494721, 0.0, 0.0, 0.0, 0.0, 1.0],
                [0.999997, -0.000858, -0.00195, -0.0, 0.000946, -0.641234, 0.767337, 0.375166, -0.001909, -0.767349, -0.641221, -0.0, 0.0, 0.0, 0.0, 1.0],
                [0.999998, -0.000721, -0.002088, 0.0, 0.000795, -0.764747, 0.644326, 0.375166, -0.002061, -0.644332, -0.764735, -0.0, 0.0, 0.0, 0.0, 1.0],
                [0.999997, -0.00068, -0.002121, 0.0, 0.00075, -0.793596, 0.608441, 0.375166, -0.002097, -0.608445, -0.793584, -0.0, 0.0, 0.0, 0.0, 1.0],
                [0.999998, -0.000817, -0.001997, -0.0, 0.000901, -0.682859, 0.730544, 0.375166, -0.001961, -0.730553, -0.682846, -0.0, 0.0, 0.0, 0.0, 1.0],
                [0.999998, -0.001004, -0.001726, 0.0, 0.001107, -0.440544, 0.897719, 0.375166, -0.001662, -0.897739, -0.440533, 0.0, 0.0, 0.0, 0.0, 1.0],
                [0.999998, -0.001118, -0.001218, 0.0, 0.001233, 0.013755, 0.999889, 0.375166, -0.001101, -0.999923, 0.013765, 0.0, 0.0, 0.0, 0.0, 1.0],
                [1.0, -0.000717, -0.000375, -0.0, 0.00079, 0.767738, 0.640744, 0.375166, -0.000171, -0.640777, 0.767748, 0.0, 0.0, 0.0, 0.0, 1.0],
                [1.0, -6e-06, -0.000115, -0.0, 7e-06, 0.999987, 0.005376, 0.375166, 0.000115, -0.005364, 0.999986, -0.0, 0.0, 0.0, 0.0, 1.0],
                [1.0, -0.000462, -0.000215, -0.0, 0.00051, 0.910498, 0.4135, 0.375166, 5e-06, -0.413519, 0.910503, 0.0, 0.0, 0.0, 0.0, 1.0],
                [1.0, -0.000474, -0.00022, 0.0, 0.000523, 0.905749, 0.423802, 0.375166, -1e-06, -0.423822, 0.905753, 0.0, 0.0, 0.0, 0.0, 1.0],
                [1.0, -0.000402, -0.00019, 0.0, 0.000443, 0.93315, 0.359477, 0.375166, 3.3e-05, -0.359492, 0.933153, 0.0, 0.0, 0.0, 0.0, 1.0],
                [1.0, -0.000408, -0.000192, 0.0, 0.00045, 0.931073, 0.364822, 0.375166, 3e-05, -0.364837, 0.931077, 0.0, 0.0, 0.0, 0.0, 1.0],
                [1.0, -0.000414, -0.000194, -0.0, 0.000456, 0.92903, 0.369993, 0.375166, 2.8e-05, -0.37001, 0.929033, 0.0, 0.0, 0.0, 0.0, 1.0],
                [1.0, -0.000419, -0.000197, -0.0, 0.000463, 0.927015, 0.375012, 0.375166, 2.5e-05, -0.375028, 0.927019, -0.0, 0.0, 0.0, 0.0, 1.0],
                [1.0, -0.000425, -0.000199, 0.0, 0.000469, 0.92503, 0.379882, 0.375166, 2.3e-05, -0.379899, 0.925034, 0.0, 0.0, 0.0, 0.0, 1.0],
                [1.0, -0.00043, -0.000201, 0.0, 0.000474, 0.923074, 0.38461, 0.375166, 2e-05, -0.384627, 0.923078, 0.0, 0.0, 0.0, 0.0, 1.0],
                [1.0, -0.000435, -0.000203, 0.0, 0.00048, 0.921148, 0.3892, 0.375166, 1.8e-05, -0.389218, 0.921152, 0.0, 0.0, 0.0, 0.0, 1.0],
                [1.0, -0.00044, -0.000205, -0.0, 0.000486, 0.919171, 0.393845, 0.375166, 1.5e-05, -0.393863, 0.919176, -0.0, 0.0, 0.0, 0.0, 1.0],
                [1.0, -0.000445, -0.000207, 0.0, 0.000491, 0.917297, 0.398191, 0.375166, 1.3e-05, -0.398209, 0.917301, 0.0, 0.0, 0.0, 0.0, 1.0],
                [1.0, -0.00045, -0.00021, 0.0, 0.000496, 0.915453, 0.402411, 0.375166, 1.1e-05, -0.40243, 0.915458, 0.0, 0.0, 0.0, 0.0, 1.0],
                [1.0, -0.000455, -0.000212, -0.0, 0.000501, 0.913639, 0.406512, 0.375166, 9e-06, -0.406531, 0.913644, -0.0, 0.0, 0.0, 0.0, 1.0],
                [1.0, -0.000459, -0.000214, -0.0, 0.000506, 0.911855, 0.410498, 0.375166, 6e-06, -0.410518, 0.91186, 0.0, 0.0, 0.0, 0.0, 1.0],
                [1.0, -0.000463, -0.000215, -0.0, 0.000511, 0.9101, 0.414375, 0.375166, 4e-06, -0.414395, 0.910105, 0.0, 0.0, 0.0, 0.0, 1.0],
                [1.0, -0.000468, -0.000217, -0.0, 0.000516, 0.908389, 0.418113, 0.375166, 2e-06, -0.418132, 0.908394, 0.0, 0.0, 0.0, 0.0, 1.0],
                [1.0, -0.000472, -0.000219, -0.0, 0.00052, 0.906705, 0.421752, 0.375166, 0.0, -0.421772, 0.90671, -0.0, 0.0, 0.0, 0.0, 1.0],
                [1.0, -0.000476, -0.000221, -0.0, 0.000525, 0.905053, 0.425284, 0.375166, -2e-06, -0.425304, 0.905058, -0.0, 0.0, 0.0, 0.0, 1.0],
                [1.0, -0.000479, -0.000223, 0.0, 0.000529, 0.90343, 0.428722, 0.375166, -4e-06, -0.428743, 0.903435, -0.0, 0.0, 0.0, 0.0, 1.0],
                [1.0, -0.000483, -0.000225, -0.0, 0.000533, 0.901836, 0.432064, 0.375166, -6e-06, -0.432084, 0.901842, 0.0, 0.0, 0.0, 0.0, 1.0],
                [1.0, -0.000487, -0.000226, -0.0, 0.000537, 0.900272, 0.435313, 0.375166, -8e-06, -0.435334, 0.900277, 0.0, 0.0, 0.0, 0.0, 1.0],
                [1.0, -0.00049, -0.000228, 0.0, 0.000541, 0.898738, 0.438471, 0.375166, -1e-05, -0.438492, 0.898744, -0.0, 0.0, 0.0, 0.0, 1.0],
                [1.0, -0.000494, -0.00023, 0.0, 0.000545, 0.897232, 0.441545, 0.375166, -1.2e-05, -0.441566, 0.897237, 0.0, 0.0, 0.0, 0.0, 1.0],
                [1.0, -0.000497, -0.000232, 0.0, 0.000548, 0.895667, 0.444711, 0.375166, -1.4e-05, -0.444733, 0.895672, 0.0, 0.0, 0.0, 0.0, 1.0],
                [1.0, -0.000552, -0.000261, -0.0, 0.000609, 0.869725, 0.493521, 0.375166, -4.6e-05, -0.493546, 0.869732, 0.0, 0.0, 0.0, 0.0, 1.0],
                [1.0, -0.000639, -0.000316, 0.0, 0.000705, 0.820546, 0.571562, 0.375166, -0.000106, -0.571592, 0.820555, 0.0, 0.0, 0.0, 0.0, 1.0],
                [0.999999, -0.00072, -0.000377, 0.0, 0.000794, 0.765238, 0.643729, 0.375166, -0.000175, -0.643762, 0.765248, 0.0, 0.0, 0.0, 0.0, 1.0],
                [0.999999, -0.000767, -0.000419, -0.0, 0.000846, 0.727734, 0.68584, 0.375166, -0.000221, -0.685875, 0.727746, -0.0, 0.0, 0.0, 0.0, 1.0],
                [0.999999, -0.000772, -0.000424, 0.0, 0.000851, 0.723797, 0.689993, 0.375166, -0.000226, -0.690028, 0.723809, -0.0, 0.0, 0.0, 0.0, 1.0],
                [0.999999, -0.000743, -0.000398, -0.0, 0.00082, 0.747066, 0.66473, 0.375166, -0.000197, -0.664764, 0.747077, 0.0, 0.0, 0.0, 0.0, 1.0],
                [0.999999, -0.000713, -0.000372, 0.0, 0.000787, 0.77007, 0.63794, 0.375166, -0.000169, -0.637973, 0.770081, 0.0, 0.0, 0.0, 0.0, 1.0],
                [0.999999, -0.000727, -0.000384, 0.0, 0.000802, 0.759813, 0.650122, 0.375166, -0.000181, -0.650155, 0.759824, -0.0, 0.0, 0.0, 0.0, 1.0],
                [0.999999, -0.000806, -0.000458, 0.0, 0.000889, 0.693251, 0.720677, 0.375166, -0.000263, -0.720713, 0.693263, -0.0, 0.0, 0.0, 0.0, 1.0],
                [0.999999, -0.000891, -0.000557, -0.0, 0.000982, 0.604509, 0.796579, 0.375166, -0.000373, -0.796616, 0.604522, 0.0, 0.0, 0.0, 0.0, 1.0],
                [0.999999, -0.000945, -0.000635, -0.0, 0.001042, 0.534765, 0.844983, 0.375166, -0.000459, -0.84502, 0.534778, 0.0, 0.0, 0.0, 0.0, 1.0],
                [0.999999, -0.000979, -0.000693, 0.0, 0.00108, 0.483395, 0.875384, 0.375166, -0.000522, -0.875422, 0.483408, -0.0, 0.0, 0.0, 0.0, 1.0],
                [0.999999, -0.000999, -0.00073, -0.0, 0.001101, 0.450014, 0.893004, 0.375166, -0.000563, -0.893041, 0.450028, 0.0, 0.0, 0.0, 0.0, 1.0],
                [0.999999, -0.001008, -0.000748, -0.0, 0.001111, 0.433657, 0.90106, 0.375166, -0.000583, -0.901098, 0.433671, 0.0, 0.0, 0.0, 0.0, 1.0],
                [0.999999, -0.001008, -0.000749, -0.0, 0.001111, 0.433205, 0.901278, 0.375166, -0.000584, -0.901316, 0.433218, 0.0, 0.0, 0.0, 0.0, 1.0],
                [0.999999, -0.001, -0.000733, 0.0, 0.001103, 0.447225, 0.894404, 0.375166, -0.000567, -0.894441, 0.447238, 0.0, 0.0, 0.0, 0.0, 1.0],
                [0.999999, -0.000985, -0.000703, -0.0, 0.001086, 0.473947, 0.880536, 0.375166, -0.000534, -0.880573, 0.47396, 0.0, 0.0, 0.0, 0.0, 1.0],
                [0.999999, -0.000961, -0.000661, -0.0, 0.00106, 0.511399, 0.859325, 0.375166, -0.000488, -0.859363, 0.511413, 0.0, 0.0, 0.0, 0.0, 1.0],
                [1.0, -0.000929, -0.00061, -0.0, 0.001024, 0.557037, 0.830469, 0.375166, -0.000431, -0.830507, 0.55705, -0.0, 0.0, 0.0, 0.0, 1.0],
                [0.999999, -0.000887, -0.000553, -0.0, 0.000979, 0.608398, 0.793613, 0.375166, -0.000368, -0.79365, 0.608411, 0.0, 0.0, 0.0, 0.0, 1.0],
                [1.0, -0.000837, -0.000492, 0.0, 0.000923, 0.662995, 0.748605, 0.375166, -0.000301, -0.748641, 0.663007, 0.0, 0.0, 0.0, 0.0, 1.0],
                [1.0, -0.000778, -0.00043, 0.0, 0.000858, 0.718166, 0.695853, 0.375166, -0.000233, -0.695887, 0.718177, -0.0, 0.0, 0.0, 0.0, 1.0],
                [1.0, -0.000711, -0.00037, -0.0, 0.000785, 0.771554, 0.636146, 0.375166, -0.000167, -0.636178, 0.771564, 0.0, 0.0, 0.0, 0.0, 1.0],
                [1.0, -0.000638, -0.000315, -0.0, 0.000704, 0.821204, 0.570618, 0.375166, -0.000105, -0.570647, 0.821212, 0.0, 0.0, 0.0, 0.0, 1.0],
                [1.0, -0.00056, -0.000266, -0.0, 0.000618, 0.86537, 0.501118, 0.375166, -5.1e-05, -0.501143, 0.865377, -0.0, 0.0, 0.0, 0.0, 1.0],
                [1.0, -0.000481, -0.000224, 0.0, 0.00053, 0.902815, 0.430016, 0.375166, -5e-06, -0.430036, 0.90282, 0.0, 0.0, 0.0, 0.0, 1.0],
                [1.0, -0.000404, -0.000191, -0.0, 0.000446, 0.932451, 0.361284, 0.375166, 3.2e-05, -0.361299, 0.932455, -0.0, 0.0, 0.0, 0.0, 1.0],
                [0.999999, -0.000336, -0.000167, -0.0, 0.00037, 0.953843, 0.300297, 0.375166, 5.8e-05, -0.300308, 0.953845, -0.0, 0.0, 0.0, 0.0, 1.0],
                [1.0, -0.000286, -0.000152, -0.0, 0.000316, 0.96669, 0.255943, 0.375166, 7.4e-05, -0.25595, 0.966692, -0.0, 0.0, 0.0, 0.0, 1.0],
                [1.0, -0.000268, -0.000148, 0.0, 0.000295, 0.970946, 0.239293, 0.375166, 7.9e-05, -0.2393, 0.970948, -0.0, 0.0, 0.0, 0.0, 1.0]
            ]
        },
        {
            "name": "Knee_R",
            "time": [0.0, 0.0167, 0.0333, 0.05, 0.0667, 0.0833, 0.1, 0.1167, 0.1333, 0.15, 0.1667, 0.1833, 0.2, 0.2167, 0.2333, 0.25, 0.2667, 0.2833, 0.3, 0.3167, 0.3333, 0.35, 0.3667, 0.3833, 0.4, 0.4167, 0.4333, 0.45, 0.4667, 0.4833, 0.5, 0.5167, 0.5333, 0.55, 0.5667, 0.5833, 0.6, 0.6167, 0.6333, 0.65, 0.6667, 0.6833, 0.7, 0.7167, 0.7333, 0.75, 0.7667, 0.7833, 0.8, 0.8167, 0.8333, 0.85, 0.8667, 0.8833, 0.9, 0.9167, 0.9333, 0.95, 0.9667, 0.9833, 1.0, 1.0167, 1.0333, 1.05, 1.0667, 1.0833, 1.1, 1.1167, 1.1333, 1.15, 1.1667, 1.1833, 1.2],
            "transform": [
                [1.0, -5.7e-05, 5.4e-05, 0.0, 5.7e-05, 0.048757, -0.998811, 0.375166, 5.4e-05, 0.998811, 0.048757, 0.0, 0.0, 0.0, 0.0, 1.0],
                [1.0, -5.7e-05, 5.4e-05, -0.0, 5.7e-05, 0.048757, -0.998811, 0.375166, 5.4e-05, 0.998811, 0.048757, 0.0, 0.0, 0.0, 0.0, 1.0],
                [1.0, -5.7e-05, 5.4e-05, -0.0, 5.7e-05, 0.048757, -0.998811, 0.375166, 5.4e-05, 0.998811, 0.048757, -0.0, 0.0, 0.0, 0.0, 1.0],
                [1.0, -5.7e-05, 5.4e-05, 0.0, 5.7e-05, 0.048757, -0.998811, 0.375166, 5.4e-05, 0.998811, 0.048757, 0.0, 0.0, 0.0, 0.0, 1.0],
                [1.0, -5.7e-05, 5.4e-05, 0.0, 5.7e-05, 0.048757, -0.998811, 0.375166, 5.4e-05, 0.998811, 0.048757, 0.0, 0.0, 0.0, 0.0, 1.0],
                [1.0, -5.7e-05, 5.4e-05, 0.0, 5.7e-05, 0.048757, -0.998811, 0.375166, 5.4e-05, 0.998811, 0.048757, 0.0, 0.0, 0.0, 0.0, 1.0],
                [1.0, -5.7e-05, 5.4e-05, 0.0, 5.7e-05, 0.048757, -0.998811, 0.375166, 5.4e-05, 0.998811, 0.048757, 0.0, 0.0, 0.0, 0.0, 1.0],
                [1.0, -5.7e-05, 5.4e-05, 0.0, 5.7e-05, 0.048757, -0.998811, 0.375166, 5.4e-05, 0.998811, 0.048757, 0.0, 0.0, 0.0, 0.0, 1.0],
                [1.0, -5.7e-05, 5.4e-05, 0.0, 5.7e-05, 0.048757, -0.998811, 0.375166, 5.4e-05, 0.998811, 0.048757, -0.0, 0.0, 0.0, 0.0, 1.0],
                [1.0, -5.7e-05, 5.4e-05, 0.0, 5.7e-05, 0.048757, -0.998811, 0.375166, 5.4e-05, 0.998811, 0.048757, 0.0, 0.0, 0.0, 0.0, 1.0],
                [1.0, -5.7e-05, 5.4e-05, -0.0, 5.7e-05, 0.048757, -0.998811, 0.375166, 5.4e-05, 0.998811, 0.048757, 0.0, 0.0, 0.0, 0.0, 1.0],
                [1.0, -5.7e-05, 5.4e-05, -0.0, 5.7e-05, 0.048757, -0.998811, 0.375166, 5.4e-05, 0.998811, 0.048757, -0.0, 0.0, 0.0, 0.0, 1.0],
                [1.0, -5.7e-05, 5.4e-05, 0.0, 5.7e-05, 0.048757, -0.998811, 0.375166, 5.4e-05, 0.998811, 0.048757, -0.0, 0.0, 0.0, 0.0, 1.0],
                [1.0, -5.7e-05, 5.4e-05, 0.0, 5.7e-05, 0.048757, -0.998811, 0.375166, 5.4e-05, 0.998811, 0.048757, -0.0, 0.0, 0.0, 0.0, 1.0],
                [1.0, -5.7e-05, 5.4e-05, -0.0, 5.7e-05, 0.048757, -0.998811, 0.375166, 5.4e-05, 0.998811, 0.048757, -0.0, 0.0, 0.0, 0.0, 1.0],
                [1.0, -5.7e-05, 5.4e-05, 0.0, 5.7e-05, 0.048757, -0.998811, 0.375166, 5.4e-05, 0.998811, 0.048757, 0.0, 0.0, 0.0, 0.0, 1.0],
                [1.0, -5.7e-05, 5.4e-05, 0.0, 5.7e-05, 0.048757, -0.998811, 0.375166, 5.4e-05, 0.998811, 0.048757, 0.0, 0.0, 0.0, 0.0, 1.0],
                [1.0, -5.7e-05, 5.4e-05, -0.0, 5.7e-05, 0.048757, -0.998811, 0.375166, 5.4e-05, 0.998811, 0.048757, 0.0, 0.0, 0.0, 0.0, 1.0],
                [1.0, -5.7e-05, 5.4e-05, -0.0, 5.7e-05, 0.048757, -0.998811, 0.375166, 5.4e-05, 0.998811, 0.048757, -0.0, 0.0, 0.0, 0.0, 1.0],
                [1.0, -5.7e-05, 5.4e-05, -0.0, 5.7e-05, 0.048757, -0.998811, 0.375166, 5.4e-05, 0.998811, 0.048757, 0.0, 0.0, 0.0, 0.0, 1.0],
                [1.0, -5.7e-05, 5.4e-05, 0.0, 5.7e-05, 0.048757, -0.998811, 0.375166, 5.4e-05, 0.998811, 0.048757, 0.0, 0.0, 0.0, 0.0, 1.0],
                [1.0, -5.7e-05, 5.4e-05, 0.0, 5.7e-05, 0.048757, -0.998811, 0.375166, 5.4e-05, 0.998811, 0.048757, 0.0, 0.0, 0.0, 0.0, 1.0],
                [1.0, -5.7e-05, 5.4e-05, 0.0, 5.7e-05, 0.048757, -0.998811, 0.375166, 5.4e-05, 0.998811, 0.048757, 0.0, 0.0, 0.0, 0.0, 1.0],
                [1.0, -5.7e-05, 5.4e-05, -0.0, 5.7e-05, 0.048757, -0.998811, 0.375166, 5.4e-05, 0.998811, 0.048757, 0.0, 0.0, 0.0, 0.0, 1.0],
                [1.0, -5.7e-05, 5.4e-05, -0.0, 5.7e-05, 0.048757, -0.998811, 0.375166, 5.4e-05, 0.998811, 0.048757, -0.0, 0.0, 0.0, 0.0, 1.0],
                [1.0, -5.7e-05, 5.4e-05, 0.0, 5.7e-05, 0.048757, -0.998811, 0.375166, 5.4e-05, 0.998811, 0.048757, 0.0, 0.0, 0.0, 0.0, 1.0],
                [1.0, -5.7e-05, 5.4e-05, 0.0, 5.7e-05, 0.048757, -0.998811, 0.375166, 5.4e-05, 0.998811, 0.048757, 0.0, 0.0, 0.0, 0.0, 1.0],
                [1.0, -5.7e-05, 5.4e-05, 0.0, 5.7e-05, 0.048757, -0.998811, 0.375166, 5.4e-05, 0.998811, 0.048757, 0.0, 0.0, 0.0, 0.0, 1.0],
                [1.0, -5.7e-05, 5.4e-05, -0.0, 5.7e-05, 0.048757, -0.998811, 0.375166, 5.4e-05, 0.998811, 0.048757, -0.0, 0.0, 0.0, 0.0, 1.0],
                [1.0, -5.7e-05, 5.4e-05, 0.0, 5.7e-05, 0.048757, -0.998811, 0.375166, 5.4e-05, 0.998811, 0.048757, 0.0, 0.0, 0.0, 0.0, 1.0],
                [1.0, -5.7e-05, 5.4e-05, 0.0, 5.7e-05, 0.048757, -0.998811, 0.375166, 5.4e-05, 0.998811, 0.048757, 0.0, 0.0, 0.0, 0.0, 1.0],
                [1.0, -5.7e-05, 5.4e-05, -0.0, 5.7e-05, 0.048757, -0.998811, 0.375166, 5.4e-05, 0.998811, 0.048757, -0.0, 0.0, 0.0, 0.0, 1.0],
                [1.0, -5.7e-05, 5.4e-05, -0.0, 5.7e-05, 0.048757, -0.998811, 0.375166, 5.4e-05, 0.998811, 0.048757, 0.0, 0.0, 0.0, 0.0, 1.0],
                [1.0, -5.7e-05, 5.4e-05, -0.0, 5.7e-05, 0.048757, -0.998811, 0.375166, 5.4e-05, 0.998811, 0.048757, 0.0, 0.0, 0.0, 0.0, 1.0],
                [1.0, -5.7e-05, 5.4e-05, -0.0, 5.7e-05, 0.048757, -0.998811, 0.375166, 5.4e-05, 0.998811, 0.048757, 0.0, 0.0, 0.0, 0.0, 1.0],
