{
    "animation": [
        {
            "name": "Root",
            "time": [0.0, 0.0167, 0.0333, 0.05, 0.0667, 0.0833, 0.1, 0.1167, 0.1333, 0.15, 0.1667, 0.1833, 0.2, 0.2167, 0.2333, 0.25, 0.2667, 0.2833, 0.3, 0.3167, 0.3333, 0.35, 0.3667, 0.3833, 0.4, 0.4167, 0.4333, 0.45, 0.4667, 0.4833, 0.5, 0.5167, 0.5333, 0.55, 0.5667, 0.5833, 0.6, 0.6167, 0.6333, 0.65, 0.6667, 0.6833, 0.7, 0.7167, 0.7333, 0.75, 0.7667, 0.7833, 0.8, 0.8167, 0.8333, 0.85, 0.8667, 0.8833, 0.9, 0.9167, 0.9333, 0.95, 1.0],
            "transform": [
                [0.900842, 0.0, -0.434148, -5e-06, -0.434148, 0.0, -0.900842, 0.000946, 0.0, 1.0, 0.0, 0.739346, 0.0, 0.0, 0.0, 1.0],
                [0.900842, 0.0, -0.434148, -5e-06, -0.434148, 0.0, -0.900842, 0.000946, 0.0, 1.0, 0.0, 0.739346, 0.0, 0.0, 0.0, 1.0],
                [0.900842, 0.0, -0.434148, -5e-06, -0.434148, 0.0, -0.900842, 0.000946, 0.0, 1.0, 0.0, 0.739346, 0.0, 0.0, 0.0, 1.0],
                [0.900842, 0.0, -0.434148, -5e-06, -0.434148, 0.0, -0.900842, 0.000946, 0.0, 1.0, 0.0, 0.739346, 0.0, 0.0, 0.0, 1.0],
                [0.900842, 0.0, -0.434148, -5e-06, -0.434148, 0.0, -0.900842, 0.000946, 0.0, 1.0, 0.0, 0.739346, 0.0, 0.0, 0.0, 1.0],
                [0.900842, 0.0, -0.434148, -5e-06, -0.434148, 0.0, -0.900842, 0.000946, 0.0, 1.0, 0.0, 0.739346, 0.0, 0.0, 0.0, 1.0],
                [0.900842, 0.0, -0.434148, -5e-06, -0.434148, 0.0, -0.900842, 0.000946, 0.0, 1.0, 0.0, 0.739346, 0.0, 0.0, 0.0, 1.0],
                [0.900842, 0.0, -0.434148, -5e-06, -0.434148, 0.0, -0.900842, 0.000946, 0.0, 1.0, 0.0, 0.739346, 0.0, 0.0, 0.0, 1.0],
                [0.900842, 0.0, -0.434148, -5e-06, -0.434148, 0.0, -0.900842, 0.000946, 0.0, 1.0, 0.0, 0.739346, 0.0, 0.0, 0.0, 1.0],
                [0.900842, 0.0, -0.434148, -5e-06, -0.434148, 0.0, -0.900842, 0.000946, 0.0, 1.0, 0.0, 0.739346, 0.0, 0.0, 0.0, 1.0],
                [0.900842, 0.0, -0.434148, -5e-06, -0.434148, 0.0, -0.900842, 0.000946, 0.0, 1.0, 0.0, 0.739346, 0.0, 0.0, 0.0, 1.0],
                [0.900842, 0.0, -0.434148, -5e-06, -0.434148, 0.0, -0.900842, 0.000946, 0.0, 1.0, 0.0, 0.739346, 0.0, 0.0, 0.0, 1.0],
                [0.900842, 0.0, -0.434148, -5e-06, -0.434148, 0.0, -0.900842, 0.000946, 0.0, 1.0, 0.0, 0.739346, 0.0, 0.0, 0.0, 1.0],
                [0.900842, 0.0, -0.434148, -5e-06, -0.434148, 0.0, -0.900842, 0.019017, 0.0, 1.0, 0.0, 0.726253, 0.0, 0.0, 0.0, 1.0],
                [0.900842, 0.0, -0.434148, -5e-06, -0.434148, 0.0, -0.900842, 0.06702, 0.0, 1.0, 0.0, 0.691472, 0.0, 0.0, 0.0, 1.0],
                [0.900842, 0.0, -0.434148, -5e-06, -0.434148, 0.0, -0.900842, 0.113865, 0.0, 1.0, 0.0, 0.657531, 0.0, 0.0, 0.0, 1.0],
                [0.900842, 0.0, -0.434148, -5e-06, -0.434148, 0.0, -0.900842, 0.16071, 0.0, 1.0, 0.0, 0.62359, 0.0, 0.0, 0.0, 1.0],
                [0.900842, 0.0, -0.434148, -5e-06, -0.434148, 0.0, -0.900842, 0.208714, 0.0, 1.0, 0.0, 0.588809, 0.0, 0.0, 0.0, 1.0],
                [0.900842, 0.0, -0.434148, -5e-06, -0.434148, 0.0, -0.900842, 0.226784, 0.0, 1.0, 0.0, 0.575716, 0.0, 0.0, 0.0, 1.0],
                [0.900842, 0.0, -0.434148, -5e-06, -0.434148, 0.0, -0.900842, 0.226784, 0.0, 1.0, 0.0, 0.575716, 0.0, 0.0, 0.0, 1.0],
                [0.900842, 0.0, -0.434148, -5e-06, -0.434148, 0.0, -0.900842, 0.226784, 0.0, 1.0, 0.0, 0.575716, 0.0, 0.0, 0.0, 1.0],
                [0.900842, 0.0, -0.434148, -5e-06, -0.434148, 0.0, -0.900842, 0.226784, 0.0, 1.0, 0.0, 0.575716, 0.0, 0.0, 0.0, 1.0],
                [0.900842, 0.0, -0.434148, -5e-06, -0.434148, 0.0, -0.900842, 0.226784, 0.0, 1.0, 0.0, 0.575716, 0.0, 0.0, 0.0, 1.0],
                [0.900842, 0.0, -0.434148, -5e-06, -0.434148, 0.0, -0.900842, 0.226784, 0.0, 1.0, 0.0, 0.575716, 0.0, 0.0, 0.0, 1.0],
                [0.900842, 0.0, -0.434148, -5e-06, -0.434148, 0.0, -0.900842, 0.226784, 0.0, 1.0, 0.0, 0.575716, 0.0, 0.0, 0.0, 1.0],
                [0.900842, 0.0, -0.434148, -5e-06, -0.434148, 0.0, -0.900842, 0.226784, 0.0, 1.0, 0.0, 0.575716, 0.0, 0.0, 0.0, 1.0],
                [0.900842, 0.0, -0.434148, -5e-06, -0.434148, 0.0, -0.900842, 0.226784, 0.0, 1.0, 0.0, 0.575716, 0.0, 0.0, 0.0, 1.0],
                [0.900842, 0.0, -0.434148, -5e-06, -0.434148, 0.0, -0.900842, 0.226784, 0.0, 1.0, 0.0, 0.575716, 0.0, 0.0, 0.0, 1.0],
                [0.900842, 0.0, -0.434148, -5e-06, -0.434148, 0.0, -0.900842, 0.226784, 0.0, 1.0, 0.0, 0.575716, 0.0, 0.0, 0.0, 1.0],
                [0.900842, 0.0, -0.434148, -5e-06, -0.434148, 0.0, -0.900842, 0.226784, 0.0, 1.0, 0.0, 0.575716, 0.0, 0.0, 0.0, 1.0],
                [0.900842, 0.0, -0.434148, -5e-06, -0.434148, 0.0, -0.900842, 0.226784, 0.0, 1.0, 0.0, 0.575716, 0.0, 0.0, 0.0, 1.0],
                [0.900842, 0.0, -0.434148, -5e-06, -0.434148, 0.0, -0.900842, 0.226784, 0.0, 1.0, 0.0, 0.575716, 0.0, 0.0, 0.0, 1.0],
                [0.900842, 0.0, -0.434148, -5e-06, -0.434148, 0.0, -0.900842, 0.226784, 0.0, 1.0, 0.0, 0.575716, 0.0, 0.0, 0.0, 1.0],
                [0.900842, 0.0, -0.434148, -5e-06, -0.434148, 0.0, -0.900842, 0.226784, 0.0, 1.0, 0.0, 0.575716, 0.0, 0.0, 0.0, 1.0],
                [0.900842, 0.0, -0.434148, -5e-06, -0.434148, 0.0, -0.900842, 0.226784, 0.0, 1.0, 0.0, 0.575716, 0.0, 0.0, 0.0, 1.0],
                [0.900842, 0.0, -0.434148, -5e-06, -0.434148, 0.0, -0.900842, 0.226784, 0.0, 1.0, 0.0, 0.575716, 0.0, 0.0, 0.0, 1.0],
                [0.900842, 0.0, -0.434148, -5e-06, -0.434148, 0.0, -0.900842, 0.226784, 0.0, 1.0, 0.0, 0.575716, 0.0, 0.0, 0.0, 1.0],
                [0.900842, 0.0, -0.434148, -5e-06, -0.434148, 0.0, -0.900842, 0.226784, 0.0, 1.0, 0.0, 0.575716, 0.0, 0.0, 0.0, 1.0],
                [0.900842, 0.0, -0.434148, -5e-06, -0.434148, 0.0, -0.900842, 0.226784, 0.0, 1.0, 0.0, 0.575716, 0.0, 0.0, 0.0, 1.0],
                [0.900842, 0.0, -0.434148, -5e-06, -0.434148, 0.0, -0.900842, 0.226784, 0.0, 1.0, 0.0, 0.575716, 0.0, 0.0, 0.0, 1.0],
                [0.900842, 0.0, -0.434148, -5e-06, -0.434148, 0.0, -0.900842, 0.226784, 0.0, 1.0, 0.0, 0.575716, 0.0, 0.0, 0.0, 1.0],
                [0.900842, 0.0, -0.434148, -5e-06, -0.434148, 0.0, -0.900842, 0.226784, 0.0, 1.0, 0.0, 0.575716, 0.0, 0.0, 0.0, 1.0],
                [0.900842, 0.0, -0.434148, -5e-06, -0.434148, 0.0, -0.900842, 0.226784, 0.0, 1.0, 0.0, 0.575716, 0.0, 0.0, 0.0, 1.0],
                [0.900842, 0.0, -0.434148, -5e-06, -0.434148, 0.0, -0.900842, 0.224056, 0.0, 1.0, 0.0, 0.577693, 0.0, 0.0, 0.0, 1.0],
                [0.900842, 0.0, -0.434148, -5e-06, -0.434148, 0.0, -0.900842, 0.215455, 0.0, 1.0, 0.0, 0.583925, 0.0, 0.0, 0.0, 1.0],
                [0.900842, 0.0, -0.434148, -5e-06, -0.434148, 0.0, -0.900842, 0.201366, 0.0, 1.0, 0.0, 0.594133, 0.0, 0.0, 0.0, 1.0],
                [0.900842, 0.0, -0.434148, -5e-06, -0.434148, 0.0, -0.900842, 0.183933, 0.0, 1.0, 0.0, 0.606764, 0.0, 0.0, 0.0, 1.0],
                [0.900842, 0.0, -0.434148, -5e-06, -0.434148, 0.0, -0.900842, 0.166139, 0.0, 1.0, 0.0, 0.619656, 0.0, 0.0, 0.0, 1.0],
                [0.900842, 0.0, -0.434148, -5e-06, -0.434148, 0.0, -0.900842, 0.150166, 0.0, 1.0, 0.0, 0.63123, 0.0, 0.0, 0.0, 1.0],
                [0.900842, 0.0, -0.434148, -5e-06, -0.434148, 0.0, -0.900842, 0.133659, 0.0, 1.0, 0.0, 0.64319, 0.0, 0.0, 0.0, 1.0],
                [0.900842, 0.0, -0.434148, -5e-06, -0.434148, 0.0, -0.900842, 0.113736, 0.0, 1.0, 0.0, 0.657625, 0.0, 0.0, 0.0, 1.0],
                [0.900842, 0.0, -0.434148, -5e-06, -0.434148, 0.0, -0.900842, 0.091233, 0.0, 1.0, 0.0, 0.673929, 0.0, 0.0, 0.0, 1.0],
                [0.900842, 0.0, -0.434148, -5e-06, -0.434148, 0.0, -0.900842, 0.067707, 0.0, 1.0, 0.0, 0.690975, 0.0, 0.0, 0.0, 1.0],
                [0.900842, 0.0, -0.434148, -5e-06, -0.434148, 0.0, -0.900842, 0.045303, 0.0, 1.0, 0.0, 0.707208, 0.0, 0.0, 0.0, 1.0],
                [0.900842, 0.0, -0.434148, -5e-06, -0.434148, 0.0, -0.900842, 0.026224, 0.0, 1.0, 0.0, 0.721031, 0.0, 0.0, 0.0, 1.0],
                [0.900842, 0.0, -0.434148, -5e-06, -0.434148, 0.0, -0.900842, 0.012097, 0.0, 1.0, 0.0, 0.731267, 0.0, 0.0, 0.0, 1.0],
                [0.900842, 0.0, -0.434148, -5e-06, -0.434148, 0.0, -0.900842, 0.003671, 0.0, 1.0, 0.0, 0.737371, 0.0, 0.0, 0.0, 1.0],
                [0.900842, 0.0, -0.434148, -5e-06, -0.434148, 0.0, -0.900842, 0.000946, 0.0, 1.0, 0.0, 0.739346, 0.0, 0.0, 0.0, 1.0],
                [0.900842, 0.0, -0.434148, -5e-06, -0.434148, 0.0, -0.900842, 0.000946, 0.0, 1.0, 0.0, 0.739346, 0.0, 0.0, 0.0, 1.0]
            ]
        },
        {
            "name": "Thigh_R",
            "time": [0.0, 0.0167, 0.0333, 0.05, 0.0667, 0.0833, 0.1, 0.1167, 0.1333, 0.15, 0.1667, 0.1833, 0.2, 0.2167, 0.2333, 0.25, 0.2667, 0.2833, 0.3, 0.3167, 0.3333, 0.35, 0.3667, 0.3833, 0.4, 0.4167, 0.4333, 0.45, 0.4667, 0.4833, 0.5, 0.5167, 0.5333, 0.55, 0.5667, 0.5833, 0.6, 0.6167, 0.6333, 0.65, 0.6667, 0.6833, 0.7, 0.7167, 0.7333, 0.75, 0.7667, 0.7833, 0.8, 0.8167, 0.8333, 0.85, 0.8667, 0.8833, 0.9, 0.9167, 0.9333, 0.95, 1.0],
            "transform": [
                [0.990703, 0.115138, 0.072456, 0.124994, 0.119659, -0.99091, -0.061465, -0.002831, 0.064723, 0.069573, -0.995437, -1.2e-05, 0.0, 0.0, 0.0, 1.0],
                [0.990703, 0.115138, 0.072456, 0.124994, 0.119659, -0.99091, -0.061465, -0.002831, 0.064723, 0.069573, -0.995437, -1.2e-05, 0.0, 0.0, 0.0, 1.0],
                [0.990703, 0.115138, 0.072456, 0.124994, 0.119659, -0.99091, -0.061465, -0.002831, 0.064723, 0.069573, -0.995437, -1.2e-05, 0.0, 0.0, 0.0, 1.0],
                [0.990703, 0.115138, 0.072456, 0.124994, 0.119659, -0.99091, -0.061465, -0.002831, 0.064723, 0.069573, -0.995437, -1.2e-05, 0.0, 0.0, 0.0, 1.0],
                [0.990703, 0.115138, 0.072456, 0.124994, 0.119659, -0.99091, -0.061465, -0.002831, 0.064723, 0.069573, -0.995437, -1.2e-05, 0.0, 0.0, 0.0, 1.0],
                [0.990703, 0.115138, 0.072456, 0.124994, 0.119659, -0.99091, -0.061465, -0.002831, 0.064723, 0.069573, -0.995437, -1.2e-05, 0.0, 0.0, 0.0, 1.0],
                [0.990703, 0.115138, 0.072456, 0.124994, 0.119659, -0.99091, -0.061465, -0.002831, 0.064723, 0.069573, -0.995437, -1.2e-05, 0.0, 0.0, 0.0, 1.0],
                [0.990703, 0.115138, 0.072456, 0.124994, 0.119659, -0.99091, -0.061465, -0.002831, 0.064723, 0.069573, -0.995437, -1.2e-05, 0.0, 0.0, 0.0, 1.0],
                [0.990703, 0.115138, 0.072456, 0.124994, 0.119659, -0.99091, -0.061465, -0.002831, 0.064723, 0.069573, -0.995437, -1.2e-05, 0.0, 0.0, 0.0, 1.0],
                [0.990703, 0.115138, 0.072456, 0.124994, 0.119659, -0.99091, -0.061465, -0.002831, 0.064723, 0.069573, -0.995437, -1.2e-05, 0.0, 0.0, 0.0, 1.0],
                [0.990703, 0.115138, 0.072456, 0.124994, 0.119659, -0.99091, -0.061465, -0.002831, 0.064723, 0.069573, -0.995437, -1.2e-05, 0.0, 0.0, 0.0, 1.0],
                [0.990703, 0.115138, 0.072456, 0.124994, 0.119659, -0.99091, -0.061465, -0.002831, 0.064723, 0.069573, -0.995437, -1.2e-05, 0.0, 0.0, 0.0, 1.0],
                [0.990703, 0.115138, 0.072456, 0.124994, 0.119659, -0.99091, -0.061465, -0.002831, 0.064723, 0.069573, -0.995437, -1.2e-05, 0.0, 0.0, 0.0, 1.0],
                [0.987986, 0.134656, 0.075833, 0.124994, 0.135906, -0.990654, -0.011541, -0.002831, 0.073573, 0.02172, -0.997016, -1.2e-05, 0.0, 0.0, 0.0, 1.0],
                [0.977813, 0.186717, 0.09496, 0.124994, 0.18412, -0.982261, 0.035507, -0.002831, 0.099909, -0.017221, -0.994811, -1.2e-05, 0.0, 0.0, 0.0, 1.0],
                [0.962136, 0.242488, 0.124462, 0.124994, 0.23947, -0.970121, 0.038911, -0.002831, 0.130183, -0.007615, -0.991425, -1.2e-05, 0.0, 0.0, 0.0, 1.0],
                [0.937978, 0.304002, 0.166659, 0.124994, 0.304493, -0.952228, 0.023256, -0.002831, 0.165773, 0.028953, -0.985705, -1.2e-05, 0.0, 0.0, 0.0, 1.0],
                [0.900191, 0.372137, 0.226191, 0.124994, 0.382378, -0.924001, -0.001558, -0.002831, 0.208428, 0.087915, -0.974046, -1.2e-05, 0.0, 0.0, 0.0, 1.0],
                [0.881386, 0.398631, 0.253461, 0.124994, 0.414742, -0.909866, -0.011199, -0.002831, 0.22616, 0.115015, -0.967245, -1.2e-05, 0.0, 0.0, 0.0, 1.0],
                [0.881386, 0.398631, 0.253461, 0.124994, 0.414742, -0.909866, -0.011199, -0.002831, 0.22616, 0.115015, -0.967245, -1.2e-05, 0.0, 0.0, 0.0, 1.0],
                [0.881386, 0.398631, 0.253461, 0.124994, 0.414742, -0.909866, -0.011199, -0.002831, 0.22616, 0.115015, -0.967245, -1.2e-05, 0.0, 0.0, 0.0, 1.0],
                [0.881386, 0.398631, 0.253461, 0.124994, 0.414742, -0.909866, -0.011199, -0.002831, 0.22616, 0.115015, -0.967245, -1.2e-05, 0.0, 0.0, 0.0, 1.0],
                [0.881386, 0.398631, 0.253461, 0.124994, 0.414742, -0.909866, -0.011199, -0.002831, 0.22616, 0.115015, -0.967245, -1.2e-05, 0.0, 0.0, 0.0, 1.0],
                [0.881386, 0.398631, 0.253461, 0.124994, 0.414742, -0.909866, -0.011199, -0.002831, 0.22616, 0.115015, -0.967245, -1.2e-05, 0.0, 0.0, 0.0, 1.0],
                [0.881386, 0.398631, 0.253461, 0.124994, 0.414742, -0.909866, -0.011199, -0.002831, 0.22616, 0.115015, -0.967245, -1.2e-05, 0.0, 0.0, 0.0, 1.0],
                [0.881386, 0.398631, 0.253461, 0.124994, 0.414742, -0.909866, -0.011199, -0.002831, 0.22616, 0.115015, -0.967245, -1.2e-05, 0.0, 0.0, 0.0, 1.0],
                [0.881386, 0.398631, 0.253461, 0.124994, 0.414742, -0.909866, -0.011199, -0.002831, 0.22616, 0.115015, -0.967245, -1.2e-05, 0.0, 0.0, 0.0, 1.0],
                [0.881386, 0.398631, 0.253461, 0.124994, 0.414742, -0.909866, -0.011199, -0.002831, 0.22616, 0.115015, -0.967245, -1.2e-05, 0.0, 0.0, 0.0, 1.0],
                [0.881386, 0.398631, 0.253461, 0.124994, 0.414742, -0.909866, -0.011199, -0.002831, 0.22616, 0.115015, -0.967245, -1.2e-05, 0.0, 0.0, 0.0, 1.0],
                [0.881386, 0.398631, 0.253461, 0.124994, 0.414742, -0.909866, -0.011199, -0.002831, 0.22616, 0.115015, -0.967245, -1.2e-05, 0.0, 0.0, 0.0, 1.0],
                [0.881386, 0.398631, 0.253461, 0.124994, 0.414742, -0.909866, -0.011199, -0.002831, 0.22616, 0.115015, -0.967245, -1.2e-05, 0.0, 0.0, 0.0, 1.0],
                [0.881386, 0.398631, 0.253461, 0.124994, 0.414742, -0.909866, -0.011199, -0.002831, 0.22616, 0.115015, -0.967245, -1.2e-05, 0.0, 0.0, 0.0, 1.0],
                [0.881386, 0.398631, 0.253461, 0.124994, 0.414742, -0.909866, -0.011199, -0.002831, 0.22616, 0.115015, -0.967245, -1.2e-05, 0.0, 0.0, 0.0, 1.0],
                [0.881386, 0.398631, 0.253461, 0.124994, 0.414742, -0.909866, -0.011199, -0.002831, 0.22616, 0.115015, -0.967245, -1.2e-05, 0.0, 0.0, 0.0, 1.0],
                [0.881386, 0.398631, 0.253461, 0.124994, 0.414742, -0.909866, -0.011199, -0.002831, 0.22616, 0.115015, -0.967245, -1.2e-05, 0.0, 0.0, 0.0, 1.0],
                [0.881386, 0.398631, 0.253461, 0.124994, 0.414742, -0.909866, -0.011199, -0.002831, 0.22616, 0.115015, -0.967245, -1.2e-05, 0.0, 0.0, 0.0, 1.0],
                [0.881386, 0.398631, 0.253461, 0.124994, 0.414742, -0.909866, -0.011199, -0.002831, 0.22616, 0.115015, -0.967245, -1.2e-05, 0.0, 0.0, 0.0, 1.0],
                [0.881386, 0.398631, 0.253461, 0.124994, 0.414742, -0.909866, -0.011199, -0.002831, 0.22616, 0.115015, -0.967245, -1.2e-05, 0.0, 0.0, 0.0, 1.0],
                [0.881386, 0.398631, 0.253461, 0.124994, 0.414742, -0.909866, -0.011199, -0.002831, 0.22616, 0.115015, -0.967245, -1.2e-05, 0.0, 0.0, 0.0, 1.0],
                [0.881386, 0.398631, 0.253461, 0.124994, 0.414742, -0.909866, -0.011199, -0.002831, 0.22616, 0.115015, -0.967245, -1.2e-05, 0.0, 0.0, 0.0, 1.0],
                [0.881386, 0.398631, 0.253461, 0.124994, 0.414742, -0.909866, -0.011199, -0.002831, 0.22616, 0.115015, -0.967245, -1.2e-05, 0.0, 0.0, 0.0, 1.0],
                [0.881386, 0.398631, 0.253461, 0.124994, 0.414742, -0.909866, -0.011199, -0.002831, 0.22616, 0.115015, -0.967245, -1.2e-05, 0.0, 0.0, 0.0, 1.0],
                [0.881386, 0.398631, 0.253461, 0.124994, 0.414742, -0.909866, -0.011199, -0.002831, 0.22616, 0.115015, -0.967245, -1.2e-05, 0.0, 0.0, 0.0, 1.0],
                [0.884413, 0.394617, 0.249165, 0.124994, 0.409751, -0.912141, -0.009773, -0.002831, 0.223425, 0.110761, -0.968376, -1.2e-05, 0.0, 0.0, 0.0, 1.0],
                [0.893511, 0.38199, 0.236039, 0.124994, 0.39426, -0.918981, -0.005198, -0.002831, 0.214937, 0.097727, -0.971694, -1.2e-05, 0.0, 0.0, 0.0, 1.0],
                [0.907047, 0.361456, 0.21589, 0.124994, 0.369692, -0.929148, 0.002428, -0.002831, 0.201479, 0.077632, -0.976379, -1.2e-05, 0.0, 0.0, 0.0, 1.0],
                [0.92167, 0.336434, 0.193211, 0.124994, 0.3407, -0.940095, 0.01176, -0.002831, 0.185599, 0.055009, -0.981051, -1.2e-05, 0.0, 0.0, 0.0, 1.0],
                [0.934461, 0.31148, 0.172507, 0.124994, 0.312713, -0.949619, 0.020713, -0.002831, 0.170274, 0.03461, -0.984755, -1.2e-05, 0.0, 0.0, 0.0, 1.0],
                [0.944341, 0.289675, 0.155898, 0.124994, 0.288944, -0.956938, 0.02786, -0.002831, 0.15726, 0.018756, -0.987345, -1.2e-05, 0.0, 0.0, 0.0, 1.0],
                [0.953165, 0.26779, 0.140578, 0.124994, 0.265685, -0.963461, 0.033915, -0.002831, 0.144529, 0.005042, -0.989453, -1.2e-05, 0.0, 0.0, 0.0, 1.0],
                [0.96219, 0.242327, 0.124364, 0.124994, 0.239305, -0.970161, 0.038934, -0.002831, 0.130093, -0.007683, -0.991437, -1.2e-05, 0.0, 0.0, 0.0, 1.0],
                [0.970572, 0.214826, 0.108804, 0.124994, 0.211609, -0.976515, 0.040444, -0.002831, 0.114941, -0.016214, -0.993204, -1.2e-05, 0.0, 0.0, 0.0, 1.0],
                [0.97763, 0.187494, 0.095314, 0.124994, 0.184868, -0.982111, 0.035767, -0.002831, 0.100318, -0.017332, -0.994768, -1.2e-05, 0.0, 0.0, 0.0, 1.0],
                [0.983017, 0.162672, 0.084937, 0.124994, 0.161335, -0.986643, 0.022441, -0.002831, 0.087456, -0.008344, -0.996096, -1.2e-05, 0.0, 0.0, 0.0, 1.0],
                [0.986753, 0.142278, 0.07795, 0.124994, 0.142658, -0.989771, 0.000715, -0.002831, 0.077257, 0.010427, -0.996919, -1.2e-05, 0.0, 0.0, 0.0, 1.0],
                [0.989088, 0.127322, 0.074125, 0.124994, 0.129573, -0.991218, -0.026367, -0.002831, 0.07012, 0.035694, -0.996862, -1.2e-05, 0.0, 0.0, 0.0, 1.0],
                [0.990326, 0.118198, 0.07269, 0.124994, 0.12205, -0.991211, -0.051025, -0.002831, 0.066023, 0.059413, -0.99601, -1.2e-05, 0.0, 0.0, 0.0, 1.0],
                [0.990703, 0.115138, 0.072456, 0.124994, 0.119659, -0.99091, -0.061465, -0.002831, 0.064723, 0.069573, -0.995437, -1.2e-05, 0.0, 0.0, 0.0, 1.0],
                [0.990703, 0.115138, 0.072456, 0.124994, 0.119659, -0.99091, -0.061465, -0.002831, 0.064723, 0.069573, -0.995437, -1.2e-05, 0.0, 0.0, 0.0, 1.0]
            ]
        },
        {
            "name": "Leg_R",
            "time": [0.0, 0.0167, 0.0333, 0.05, 0.0667, 0.0833, 0.1, 0.1167, 0.1333, 0.15, 0.1667, 0.1833, 0.2, 0.2167, 0.2333, 0.25, 0.2667, 0.2833, 0.3, 0.3167, 0.3333, 0.35, 0.3667, 0.3833, 0.4, 0.4167, 0.4333, 0.45, 0.4667, 0.4833, 0.5, 0.5167, 0.5333, 0.55, 0.5667, 0.5833, 0.6, 0.6167, 0.6333, 0.65, 0.6667, 0.6833, 0.7, 0.7167, 0.7333, 0.75, 0.7667, 0.7833, 0.8, 0.8167, 0.8333, 0.85, 0.8667, 0.8833, 0.9, 0.9167, 0.9333, 0.95, 1.0],
            "transform": [
                [1.0, -0.000268, -0.000148, 0.0, 0.000295, 0.970946, 0.239293, 0.375166, 7.9e-05, -0.2393, 0.970948, 0.0, 0.0, 0.0, 0.0, 1.0],
                [1.0, -0.000268, -0.000148, 0.0, 0.000295, 0.970946, 0.239293, 0.375166, 7.9e-05, -0.2393, 0.970948, 0.0, 0.0, 0.0, 0.0, 1.0],
                [1.0, -0.000268, -0.000148, 0.0, 0.000295, 0.970946, 0.239293, 0.375166, 7.9e-05, -0.2393, 0.970948, 0.0, 0.0, 0.0, 0.0, 1.0],
                [1.0, -0.000268, -0.000148, 0.0, 0.000295, 0.970946, 0.239293, 0.375166, 7.9e-05, -0.2393, 0.970948, 0.0, 0.0, 0.0, 0.0, 1.0],
                [1.0, -0.000268, -0.000148, 0.0, 0.000295, 0.970946, 0.239293, 0.375166, 7.9e-05, -0.2393, 0.970948, 0.0, 0.0, 0.0, 0.0, 1.0],
                [1.0, -0.000268, -0.000148, 0.0, 0.000295, 0.970946, 0.239293, 0.375166, 7.9e-05, -0.2393, 0.970948, 0.0, 0.0, 0.0, 0.0, 1.0],
                [1.0, -0.000268, -0.000148, 0.0, 0.000295, 0.970946, 0.239293, 0.375166, 7.9e-05, -0.2393, 0.970948, 0.0, 0.0, 0.0, 0.0, 1.0],
                [1.0, -0.000268, -0.000148, 0.0, 0.000295, 0.970946, 0.239293, 0.375166, 7.9e-05, -0.2393, 0.970948, 0.0, 0.0, 0.0, 0.0, 1.0],
                [1.0, -0.000268, -0.000148, 0.0, 0.000295, 0.970946, 0.239293, 0.375166, 7.9e-05, -0.2393, 0.970948, 0.0, 0.0, 0.0, 0.0, 1.0],
                [1.0, -0.000268, -0.000148, 0.0, 0.000295, 0.970946, 0.239293, 0.375166, 7.9e-05, -0.2393, 0.970948, 0.0, 0.0, 0.0, 0.0, 1.0],
                [1.0, -0.000268, -0.000148, 0.0, 0.000295, 0.970946, 0.239293, 0.375166, 7.9e-05, -0.2393, 0.970948, 0.0, 0.0, 0.0, 0.0, 1.0],
                [1.0, -0.000268, -0.000148, 0.0, 0.000295, 0.970946, 0.239293, 0.375166, 7.9e-05, -0.2393, 0.970948, 0.0, 0.0, 0.0, 0.0, 1.0],
                [1.0, -0.000268, -0.000148, 0.0, 0.000295, 0.970946, 0.239293, 0.375166, 7.9e-05, -0.2393, 0.970948, 0.0, 0.0, 0.0, 0.0, 1.0],
                [1.0, -0.000423, -0.000198, -0.0, 0.000466, 0.925816, 0.377964, 0.375166, 2.4e-05, -0.377981, 0.92582, 0.0, 0.0, 0.0, 0.0, 1.0],
                [1.0, -0.000635, -0.000313, -0.0, 0.000701, 0.822895, 0.568176, 0.375166, -0.000103, -0.568206, 0.822904, 0.0, 0.0, 0.0, 0.0, 1.0],
                [1.0, -0.000744, -0.000398, 0.0, 0.000821, 0.746571, 0.665287, 0.375166, -0.000198, -0.665322, 0.746582, -0.0, 0.0, 0.0, 0.0, 1.0],
                [1.0, -0.000805, -0.000457, -0.0, 0.000888, 0.693964, 0.719991, 0.375166, -0.000263, -0.720027, 0.693976, -0.0, 0.0, 0.0, 0.0, 1.0],
                [1.0, -0.000835, -0.00049, -0.0, 0.000921, 0.664746, 0.74705, 0.375166, -0.000298, -0.747087, 0.664759, -0.0, 0.0, 0.0, 0.0, 1.0],
                [0.999999, -0.00084, -0.000495, 0.0, 0.000926, 0.660203, 0.751068, 0.375166, -0.000304, -0.751105, 0.660216, 0.0, 0.0, 0.0, 0.0, 1.0],
                [0.999999, -0.00084, -0.000495, 0.0, 0.000926, 0.660203, 0.751068, 0.375166, -0.000304, -0.751105, 0.660216, 0.0, 0.0, 0.0, 0.0, 1.0],
                [0.999999, -0.00084, -0.000495, 0.0, 0.000926, 0.660203, 0.751068, 0.375166, -0.000304, -0.751105, 0.660216, 0.0, 0.0, 0.0, 0.0, 1.0],
                [0.999999, -0.00084, -0.000495, 0.0, 0.000926, 0.660203, 0.751068, 0.375166, -0.000304, -0.751105, 0.660216, 0.0, 0.0, 0.0, 0.0, 1.0],
                [0.999999, -0.00084, -0.000495, 0.0, 0.000926, 0.660203, 0.751068, 0.375166, -0.000304, -0.751105, 0.660216, 0.0, 0.0, 0.0, 0.0, 1.0],
                [0.999999, -0.00084, -0.000495, 0.0, 0.000926, 0.660203, 0.751068, 0.375166, -0.000304, -0.751105, 0.660216, 0.0, 0.0, 0.0, 0.0, 1.0],
                [0.999999, -0.00084, -0.000495, 0.0, 0.000926, 0.660203, 0.751068, 0.375166, -0.000304, -0.751105, 0.660216, 0.0, 0.0, 0.0, 0.0, 1.0],
                [0.999999, -0.00084, -0.000495, 0.0, 0.000926, 0.660203, 0.751068, 0.375166, -0.000304, -0.751105, 0.660216, 0.0, 0.0, 0.0, 0.0, 1.0],
                [0.999999, -0.00084, -0.000495, 0.0, 0.000926, 0.660203, 0.751068, 0.375166, -0.000304, -0.751105, 0.660216, 0.0, 0.0, 0.0, 0.0, 1.0],
                [0.999999, -0.00084, -0.000495, 0.0, 0.000926, 0.660203, 0.751068, 0.375166, -0.000304, -0.751105, 0.660216, 0.0, 0.0, 0.0, 0.0, 1.0],
                [0.999999, -0.00084, -0.000495, 0.0, 0.000926, 0.660203, 0.751068, 0.375166, -0.000304, -0.751105, 0.660216, 0.0, 0.0, 0.0, 0.0, 1.0],
                [0.999999, -0.00084, -0.000495, 0.0, 0.000926, 0.660203, 0.751068, 0.375166, -0.000304, -0.751105, 0.660216, 0.0, 0.0, 0.0, 0.0, 1.0],
                [0.999999, -0.00084, -0.000495, 0.0, 0.000926, 0.660203, 0.751068, 0.375166, -0.000304, -0.751105, 0.660216, 0.0, 0.0, 0.0, 0.0, 1.0],
                [0.999999, -0.00084, -0.000495, 0.0, 0.000926, 0.660203, 0.751068, 0.375166, -0.000304, -0.751105, 0.660216, 0.0, 0.0, 0.0, 0.0, 1.0],
                [0.999999, -0.00084, -0.000495, 0.0, 0.000926, 0.660203, 0.751068, 0.375166, -0.000304, -0.751105, 0.660216, 0.0, 0.0, 0.0, 0.0, 1.0],
                [0.999999, -0.00084, -0.000495, 0.0, 0.000926, 0.660203, 0.751068, 0.375166, -0.000304, -0.751105, 0.660216, 0.0, 0.0, 0.0, 0.0, 1.0],
                [0.999999, -0.00084, -0.000495, 0.0, 0.000926, 0.660203, 0.751068, 0.375166, -0.000304, -0.751105, 0.660216, 0.0, 0.0, 0.0, 0.0, 1.0],
                [0.999999, -0.00084, -0.000495, 0.0, 0.000926, 0.660203, 0.751068, 0.375166, -0.000304, -0.751105, 0.660216, 0.0, 0.0, 0.0, 0.0, 1.0],
                [0.999999, -0.00084, -0.000495, 0.0, 0.000926, 0.660203, 0.751068, 0.375166, -0.000304, -0.751105, 0.660216, 0.0, 0.0, 0.0, 0.0, 1.0],
                [0.999999, -0.00084, -0.000495, 0.0, 0.000926, 0.660203, 0.751068, 0.375166, -0.000304, -0.751105, 0.660216, 0.0, 0.0, 0.0, 0.0, 1.0],
                [0.999999, -0.00084, -0.000495, 0.0, 0.000926, 0.660203, 0.751068, 0.375166, -0.000304, -0.751105, 0.660216, 0.0, 0.0, 0.0, 0.0, 1.0],
                [0.999999, -0.00084, -0.000495, 0.0, 0.000926, 0.660203, 0.751068, 0.375166, -0.000304, -0.751105, 0.660216, 0.0, 0.0, 0.0, 0.0, 1.0],
                [0.999999, -0.00084, -0.000495, 0.0, 0.000926, 0.660203, 0.751068, 0.375166, -0.000304, -0.751105, 0.660216, 0.0, 0.0, 0.0, 0.0, 1.0],
                [0.999999, -0.00084, -0.000495, 0.0, 0.000926, 0.660203, 0.751068, 0.375166, -0.000304, -0.751105, 0.660216, 0.0, 0.0, 0.0, 0.0, 1.0],
                [0.999999, -0.00084, -0.000495, 0.0, 0.000926, 0.660203, 0.751068, 0.375166, -0.000304, -0.751105, 0.660216, 0.0, 0.0, 0.0, 0.0, 1.0],
                [0.999999, -0.00084, -0.000494, 0.0, 0.000926, 0.660663, 0.750663, 0.375166, -0.000304, -0.750701, 0.660676, -0.0, 0.0, 0.0, 0.0, 1.0],
                [1.0, -0.000838, -0.000492, 0.0, 0.000924, 0.662638, 0.74892, 0.375166, -0.000301, -0.748957, 0.662651, -0.0, 0.0, 0.0, 0.0, 1.0],
                [1.0, -0.000833, -0.000487, 0.0, 0.000918, 0.667603, 0.744498, 0.375166, -0.000295, -0.744535, 0.667616, 0.0, 0.0, 0.0, 0.0, 1.0],
                [0.999999, -0.000823, -0.000477, -0.0, 0.000908, 0.676718, 0.736223, 0.375166, -0.000284, -0.73626, 0.676731, -0.0, 0.0, 0.0, 0.0, 1.0],
                [1.0, -0.00081, -0.000462, 0.0, 0.000893, 0.68941, 0.724352, 0.375166, -0.000268, -0.724388, 0.689422, 0.0, 0.0, 0.0, 0.0, 1.0],
                [1.0, -0.000794, -0.000446, 0.0, 0.000876, 0.703718, 0.71046, 0.375166, -0.00025, -0.710496, 0.70373, 0.0, 0.0, 0.0, 0.0, 1.0],
                [1.0, -0.000774, -0.000426, 0.0, 0.000854, 0.721468, 0.692429, 0.375166, -0.000228, -0.692464, 0.72148, -0.0, 0.0, 0.0, 0.0, 1.0],
                [1.0, -0.000744, -0.000398, 0.0, 0.00082, 0.746748, 0.665088, 0.375166, -0.000197, -0.665122, 0.746759, 0.0, 0.0, 0.0, 0.0, 1.0],
                [1.0, -0.000699, -0.00036, 0.0, 0.000771, 0.780544, 0.625083, 0.375166, -0.000156, -0.625115, 0.780554, -0.0, 0.0, 0.0, 0.0, 1.0],
                [1.0, -0.000637, -0.000315, -0.0, 0.000703, 0.821606, 0.570039, 0.375166, -0.000105, -0.570068, 0.821614, -0.0, 0.0, 0.0, 0.0, 1.0],
                [1.0, -0.000558, -0.000264, 0.0, 0.000616, 0.866445, 0.499258, 0.375166, -5e-05, -0.499283, 0.866452, -0.0, 0.0, 0.0, 0.0, 1.0],
                [1.0, -0.000467, -0.000217, -0.0, 0.000515, 0.908748, 0.417333, 0.375166, 2e-06, -0.417352, 0.908753, -0.0, 0.0, 0.0, 0.0, 1.0],
                [1.0, -0.000373, -0.000179, 0.0, 0.000412, 0.942652, 0.333768, 0.375166, 4.4e-05, -0.333782, 0.942655, -0.0, 0.0, 0.0, 0.0, 1.0],
                [1.0, -0.000298, -0.000155, 0.0, 0.000328, 0.963905, 0.26624, 0.375166, 7e-05, -0.266249, 0.963907, -0.0, 0.0, 0.0, 0.0, 1.0],
                [1.0, -0.000268, -0.000148, 0.0, 0.000295, 0.970946, 0.239293, 0.375166, 7.9e-05, -0.2393, 0.970948, 0.0, 0.0, 0.0, 0.0, 1.0],
                [1.0, -0.000268, -0.000148, 0.0, 0.000295, 0.970946, 0.239293, 0.375166, 7.9e-05, -0.2393, 0.970948, 0.0, 0.0, 0.0, 0.0, 1.0]
            ]
        },
        {
            "name": "Knee_R",
            "time": [0.0, 0.0167, 0.0333, 0.05, 0.0667, 0.0833, 0.1, 0.1167, 0.1333, 0.15, 0.1667, 0.1833, 0.2, 0.2167, 0.2333, 0.25, 0.2667, 0.2833, 0.3, 0.3167, 0.3333, 0.35, 0.3667, 0.3833, 0.4, 0.4167, 0.4333, 0.45, 0.4667, 0.4833, 0.5, 0.5167, 0.5333, 0.55, 0.5667, 0.5833, 0.6, 0.6167, 0.6333, 0.65, 0.6667, 0.6833, 0.7, 0.7167, 0.7333, 0.75, 0.7667, 0.7833, 0.8, 0.8167, 0.8333, 0.85, 0.8667, 0.8833, 0.9, 0.9167, 0.9333, 0.95, 1.0],
            "transform": [
                [1.0, -5.7e-05, 5.4e-05, 0.0, 5.7e-05, 0.048757, -0.998811, 0.375166, 5.4e-05, 0.998811, 0.048757, 0.0, 0.0, 0.0, 0.0, 1.0],
                [1.0, -5.7e-05, 5.4e-05, 0.0, 5.7e-05, 0.048757, -0.998811, 0.375166, 5.4e-05, 0.998811, 0.048757, 0.0, 0.0, 0.0, 0.0, 1.0],
                [1.0, -5.7e-05, 5.4e-05, 0.0, 5.7e-05, 0.048757, -0.998811, 0.375166, 5.4e-05, 0.998811, 0.048757, 0.0, 0.0, 0.0, 0.0, 1.0],
                [1.0, -5.7e-05, 5.4e-05, 0.0, 5.7e-05, 0.048757, -0.998811, 0.375166, 5.4e-05, 0.998811, 0.048757, 0.0, 0.0, 0.0, 0.0, 1.0],
                [1.0, -5.7e-05, 5.4e-05, 0.0, 5.7e-05, 0.048757, -0.998811, 0.375166, 5.4e-05, 0.998811, 0.048757, 0.0, 0.0, 0.0, 0.0, 1.0],
                [1.0, -5.7e-05, 5.4e-05, 0.0, 5.7e-05, 0.048757, -0.998811, 0.375166, 5.4e-05, 0.998811, 0.048757, 0.0, 0.0, 0.0, 0.0, 1.0],
                [1.0, -5.7e-05, 5.4e-05, 0.0, 5.7e-05, 0.048757, -0.998811, 0.375166, 5.4e-05, 0.998811, 0.048757, 0.0, 0.0, 0.0, 0.0, 1.0],
                [1.0, -5.7e-05, 5.4e-05, 0.0, 5.7e-05, 0.048757, -0.998811, 0.375166, 5.4e-05, 0.998811, 0.048757, 0.0, 0.0, 0.0, 0.0, 1.0],
                [1.0, -5.7e-05, 5.4e-05, 0.0, 5.7e-05, 0.048757, -0.998811, 0.375166, 5.4e-05, 0.998811, 0.048757, 0.0, 0.0, 0.0, 0.0, 1.0],
                [1.0, -5.7e-05, 5.4e-05, 0.0, 5.7e-05, 0.048757, -0.998811, 0.375166, 5.4e-05, 0.998811, 0.048757, 0.0, 0.0, 0.0, 0.0, 1.0],
                [1.0, -5.7e-05, 5.4e-05, 0.0, 5.7e-05, 0.048757, -0.998811, 0.375166, 5.4e-05, 0.998811, 0.048757, 0.0, 0.0, 0.0, 0.0, 1.0],
                [1.0, -5.7e-05, 5.4e-05, 0.0, 5.7e-05, 0.048757, -0.998811, 0.375166, 5.4e-05, 0.998811, 0.048757, 0.0, 0.0, 0.0, 0.0, 1.0],
                [1.0, -5.7e-05, 5.4e-05, 0.0, 5.7e-05, 0.048757, -0.998811, 0.375166, 5.4e-05, 0.998811, 0.048757, 0.0, 0.0, 0.0, 0.0, 1.0],
                [1.0, -5.7e-05, 5.4e-05, -0.0, 5.7e-05, 0.048757, -0.998811, 0.375166, 5.4e-05, 0.998811, 0.048757, 0.0, 0.0, 0.0, 0.0, 1.0],
                [1.0, -5.7e-05, 5.4e-05, -0.0, 5.7e-05, 0.048757, -0.998811, 0.375166, 5.4e-05, 0.998811, 0.048757, 0.0, 0.0, 0.0, 0.0, 1.0],
                [1.0, -5.7e-05, 5.4e-05, 0.0, 5.7e-05, 0.048757, -0.998811, 0.375166, 5.4e-05, 0.998811, 0.048757, -0.0, 0.0, 0.0, 0.0, 1.0],
                [1.0, -5.7e-05, 5.4e-05, -0.0, 5.7e-05, 0.048757, -0.998811, 0.375166, 5.4e-05, 0.998811, 0.048757, -0.0, 0.0, 0.0, 0.0, 1.0],
                [1.0, -5.7e-05, 5.4e-05, -0.0, 5.7e-05, 0.048757, -0.998811, 0.375166, 5.4e-05, 0.998811, 0.048757, -0.0, 0.0, 0.0, 0.0, 1.0],
                [1.0, -5.7e-05, 5.4e-05, 0.0, 5.7e-05, 0.048757, -0.998811, 0.375166, 5.4e-05, 0.998811, 0.048757, 0.0, 0.0, 0.0, 0.0, 1.0],
                [1.0, -5.7e-05, 5.4e-05, 0.0, 5.7e-05, 0.048757, -0.998811, 0.375166, 5.4e-05, 0.998811, 0.048757, 0.0, 0.0, 0.0, 0.0, 1.0],
                [1.0, -5.7e-05, 5.4e-05, 0.0, 5.7e-05, 0.048757, -0.998811, 0.375166, 5.4e-05, 0.998811, 0.048757, 0.0, 0.0, 0.0, 0.0, 1.0],
                [1.0, -5.7e-05, 5.4e-05, 0.0, 5.7e-05, 0.048757, -0.998811, 0.375166, 5.4e-05, 0.998811, 0.048757, 0.0, 0.0, 0.0, 0.0, 1.0],
                [1.0, -5.7e-05, 5.4e-05, 0.0, 5.7e-05, 0.048757, -0.998811, 0.375166, 5.4e-05, 0.998811, 0.048757, 0.0, 0.0, 0.0, 0.0, 1.0],
                [1.0, -5.7e-05, 5.4e-05, 0.0, 5.7e-05, 0.048757, -0.998811, 0.375166, 5.4e-05, 0.998811, 0.048757, 0.0, 0.0, 0.0, 0.0, 1.0],
                [1.0, -5.7e-05, 5.4e-05, 0.0, 5.7e-05, 0.048757, -0.998811, 0.375166, 5.4e-05, 0.998811, 0.048757, 0.0, 0.0, 0.0, 0.0, 1.0],
                [1.0, -5.7e-05, 5.4e-05, 0.0, 5.7e-05, 0.048757, -0.998811, 0.375166, 5.4e-05, 0.998811, 0.048757, 0.0, 0.0, 0.0, 0.0, 1.0],
                [1.0, -5.7e-05, 5.4e-05, 0.0, 5.7e-05, 0.048757, -0.998811, 0.375166, 5.4e-05, 0.998811, 0.048757, 0.0, 0.0, 0.0, 0.0, 1.0],
                [1.0, -5.7e-05, 5.4e-05, 0.0, 5.7e-05, 0.048757, -0.998811, 0.375166, 5.4e-05, 0.998811, 0.048757, 0.0, 0.0, 0.0, 0.0, 1.0],
                [1.0, -5.7e-05, 5.4e-05, 0.0, 5.7e-05, 0.048757, -0.998811, 0.375166, 5.4e-05, 0.998811, 0.048757, 0.0, 0.0, 0.0, 0.0, 1.0],
                [1.0, -5.7e-05, 5.4e-05, 0.0, 5.7e-05, 0.048757, -0.998811, 0.375166, 5.4e-05, 0.998811, 0.048757, 0.0, 0.0, 0.0, 0.0, 1.0],
                [1.0, -5.7e-05, 5.4e-05, 0.0, 5.7e-05, 0.048757, -0.998811, 0.375166, 5.4e-05, 0.998811, 0.048757, 0.0, 0.0, 0.0, 0.0, 1.0],
                [1.0, -5.7e-05, 5.4e-05, 0.0, 5.7e-05, 0.048757, -0.998811, 0.375166, 5.4e-05, 0.998811, 0.048757, 0.0, 0.0, 0.0, 0.0, 1.0],
                [1.0, -5.7e-05, 5.4e-05, 0.0, 5.7e-05, 0.048757, -0.998811, 0.375166, 5.4e-05, 0.998811, 0.048757, 0.0, 0.0, 0.0, 0.0, 1.0],
                [1.0, -5.7e-05, 5.4e-05, 0.0, 5.7e-05, 0.048757, -0.998811, 0.375166, 5.4e-05, 0.998811, 0.048757, 0.0, 0.0, 0.0, 0.0, 1.0],
                [1.0, -5.7e-05, 5.4e-05, 0.0, 5.7e-05, 0.048757, -0.998811, 0.375166, 5.4e-05, 0.998811, 0.048757, 0.0, 0.0, 0.0, 0.0, 1.0],
                [1.0, -5.7e-05, 5.4e-05, 0.0, 5.7e-05, 0.048757, -0.998811, 0.375166, 5.4e-05, 0.998811, 0.048757, 0.0, 0.0, 0.0, 0.0, 1.0],
                [1.0, -5.7e-05, 5.4e-05, 0.0, 5.7e-05, 0.048757, -0.998811, 0.375166, 5.4e-05, 0.998811, 0.048757, 0.0, 0.0, 0.0, 0.0, 1.0],
                [1.0, -5.7e-05, 5.4e-05, 0.0, 5.7e-05, 0.048757, -0.998811, 0.375166, 5.4e-05, 0.998811, 0.048757, 0.0, 0.0, 0.0, 0.0, 1.0],
                [1.0, -5.7e-05, 5.4e-05, 0.0, 5.7e-05, 0.048757, -0.998811, 0.375166, 5.4e-05, 0.998811, 0.048757, 0.0, 0.0, 0.0, 0.0, 1.0],
                [1.0, -5.7e-05, 5.4e-05, 0.0, 5.7e-05, 0.048757, -0.998811, 0.375166, 5.4e-05, 0.998811, 0.048757, 0.0, 0.0, 0.0, 0.0, 1.0],
                [1.0, -5.7e-05, 5.4e-05, 0.0, 5.7e-05, 0.048757, -0.998811, 0.375166, 5.4e-05, 0.998811, 0.048757, 0.0, 0.0, 0.0, 0.0, 1.0],
                [1.0, -5.7e-05, 5.4e-05, 0.0, 5.7e-05, 0.048757, -0.998811, 0.375166, 5.4e-05, 0.998811, 0.048757, 0.0, 0.0, 0.0, 0.0, 1.0],
                [1.0, -5.7e-05, 5.4e-05, 0.0, 5.7e-05, 0.048757, -0.998811, 0.375166, 5.4e-05, 0.998811, 0.048757, 0.0, 0.0, 0.0, 0.0, 1.0],
                [1.0, -5.7e-05, 5.4e-05, 0.0, 5.7e-05, 0.048757, -0.998811, 0.375166, 5.4e-05, 0.998811, 0.048757, -0.0, 0.0, 0.0, 0.0, 1.0],
                [1.0, -5.7e-05, 5.4e-05, 0.0, 5.7e-05, 0.048757, -0.998811, 0.375166, 5.4e-05, 0.998811, 0.048757, -0.0, 0.0, 0.0, 0.0, 1.0],
                [1.0, -5.7e-05, 5.4e-05, 0.0, 5.7e-05, 0.048757, -0.998811, 0.375166, 5.4e-05, 0.998811, 0.048757, 0.0, 0.0, 0.0, 0.0, 1.0],
                [1.0, -5.7e-05, 5.4e-05, -0.0, 5.7e-05, 0.048757, -0.998811, 0.375166, 5.4e-05, 0.998811, 0.048757, -0.0, 0.0, 0.0, 0.0, 1.0],
                [1.0, -5.7e-05, 5.4e-05, 0.0, 5.7e-05, 0.048757, -0.998811, 0.375166, 5.4e-05, 0.998811, 0.048757, 0.0, 0.0, 0.0, 0.0, 1.0],
                [1.0, -5.7e-05, 5.4e-05, 0.0, 5.7e-05, 0.048757, -0.998811, 0.375166, 5.4e-05, 0.998811, 0.048757, 0.0, 0.0, 0.0, 0.0, 1.0],
                [1.0, -5.7e-05, 5.4e-05, 0.0, 5.7e-05, 0.048757, -0.998811, 0.375166, 5.4e-05, 0.998811, 0.048757, -0.0, 0.0, 0.0, 0.0, 1.0],
                [1.0, -5.7e-05, 5.4e-05, 0.0, 5.7e-05, 0.048757, -0.998811, 0.375166, 5.4e-05, 0.998811, 0.048757, 0.0, 0.0, 0.0, 0.0, 1.0],
                [1.0, -5.7e-05, 5.4e-05, 0.0, 5.7e-05, 0.048757, -0.998811, 0.375166, 5.4e-05, 0.998811, 0.048757, -0.0, 0.0, 0.0, 0.0, 1.0],
                [1.0, -5.7e-05, 5.4e-05, -0.0, 5.7e-05, 0.048757, -0.998811, 0.375166, 5.4e-05, 0.998811, 0.048757, -0.0, 0.0, 0.0, 0.0, 1.0],
                [1.0, -5.7e-05, 5.4e-05, 0.0, 5.7e-05, 0.048757, -0.998811, 0.375166, 5.4e-05, 0.998811, 0.048757, -0.0, 0.0, 0.0, 0.0, 1.0],
                [1.0, -5.7e-05, 5.4e-05, -0.0, 5.7e-05, 0.048757, -0.998811, 0.375166, 5.4e-05, 0.998811, 0.048757, -0.0, 0.0, 0.0, 0.0, 1.0],
                [1.0, -5.7e-05, 5.4e-05, 0.0, 5.7e-05, 0.048757, -0.998811, 0.375166, 5.4e-05, 0.998811, 0.048757, -0.0, 0.0, 0.0, 0.0, 1.0],
                [1.0, -5.7e-05, 5.4e-05, 0.0, 5.7e-05, 0.048757, -0.998811, 0.375166, 5.4e-05, 0.998811, 0.048757, -0.0, 0.0, 0.0, 0.0, 1.0],
                [1.0, -5.7e-05, 5.4e-05, 0.0, 5.7e-05, 0.048757, -0.998811, 0.375166, 5.4e-05, 0.998811, 0.048757, 0.0, 0.0, 0.0, 0.0, 1.0],
                [1.0, -5.7e-05, 5.4e-05, 0.0, 5.7e-05, 0.048757, -0.998811, 0.375166, 5.4e-05, 0.998811, 0.048757, 0.0, 0.0, 0.0, 0.0, 1.0]
            ]
        },
        {
            "name": "Thigh_L",
            "time": [0.0, 0.0167, 0.0333, 0.05, 0.0667, 0.0833, 0.1, 0.1167, 0.1333, 0.15, 0.1667, 0.1833, 0.2, 0.2167, 0.2333, 0.25, 0.2667, 0.2833, 0.3, 0.3167, 0.3333, 0.35, 0.3667, 0.3833, 0.4, 0.4167, 0.4333, 0.45, 0.4667, 0.4833, 0.5, 0.5167, 0.5333, 0.55, 0.5667, 0.5833, 0.6, 0.6167, 0.6333, 0.65, 0.6667, 0.6833, 0.7, 0.7167, 0.7333, 0.75, 0.7667, 0.7833, 0.8, 0.8167, 0.8333, 0.85, 0.8667, 0.8833, 0.9, 0.9167, 0.9333, 0.95, 1.0],
            "transform": [
                [0.958733, -0.063711, -0.277066, -0.125006, 0.040085, -0.934543, 0.353577, -0.002831, -0.281469, -0.350099, -0.893379, -1.2e-05, 0.0, 0.0, 0.0, 1.0],
                [0.958733, -0.063711, -0.277066, -0.125006, 0.040085, -0.934543, 0.353577, -0.002831, -0.281469, -0.350099, -0.893379, -1.2e-05, 0.0, 0.0, 0.0, 1.0],
                [0.958733, -0.063711, -0.277066, -0.125006, 0.040085, -0.934543, 0.353577, -0.002831, -0.281469, -0.350099, -0.893379, -1.2e-05, 0.0, 0.0, 0.0, 1.0],
                [0.958733, -0.063711, -0.277066, -0.125006, 0.040085, -0.934543, 0.353577, -0.002831, -0.281469, -0.350099, -0.893379, -1.2e-05, 0.0, 0.0, 0.0, 1.0],
                [0.958733, -0.063711, -0.277066, -0.125006, 0.040085, -0.934543, 0.353577, -0.002831, -0.281469, -0.350099, -0.893379, -1.2e-05, 0.0, 0.0, 0.0, 1.0],
                [0.958733, -0.063711, -0.277066, -0.125006, 0.040085, -0.934543, 0.353577, -0.002831, -0.281469, -0.350099, -0.893379, -1.2e-05, 0.0, 0.0, 0.0, 1.0],
                [0.958733, -0.063711, -0.277066, -0.125006, 0.040085, -0.934543, 0.353577, -0.002831, -0.281469, -0.350099, -0.893379, -1.2e-05, 0.0, 0.0, 0.0, 1.0],
                [0.958733, -0.063711, -0.277066, -0.125006, 0.040085, -0.934543, 0.353577, -0.002831, -0.281469, -0.350099, -0.893379, -1.2e-05, 0.0, 0.0, 0.0, 1.0],
                [0.958733, -0.063711, -0.277066, -0.125006, 0.040085, -0.934543, 0.353577, -0.002831, -0.281469, -0.350099, -0.893379, -1.2e-05, 0.0, 0.0, 0.0, 1.0],
                [0.958733, -0.063711, -0.277066, -0.125006, 0.040085, -0.934543, 0.353577, -0.002831, -0.281469, -0.350099, -0.893379, -1.2e-05, 0.0, 0.0, 0.0, 1.0],
                [0.958733, -0.063711, -0.277066, -0.125006, 0.040085, -0.934543, 0.353577, -0.002831, -0.281469, -0.350099, -0.893379, -1.2e-05, 0.0, 0.0, 0.0, 1.0],
                [0.958733, -0.063711, -0.277066, -0.125006, 0.040085, -0.934543, 0.353577, -0.002831, -0.281469, -0.350099, -0.893379, -1.2e-05, 0.0, 0.0, 0.0, 1.0],
                [0.958733, -0.063711, -0.277066, -0.125006, 0.040085, -0.934543, 0.353577, -0.002831, -0.281469, -0.350099, -0.893379, -1.2e-05, 0.0, 0.0, 0.0, 1.0],
                [0.960016, -0.130588, -0.247608, -0.125006, 0.038738, -0.814052, 0.579486, -0.002831, -0.277253, -0.565912, -0.776403, -1.2e-05, 0.0, 0.0, 0.0, 1.0],
                [0.964072, -0.202277, -0.172175, -0.125006, 0.031161, -0.557597, 0.829509, -0.002831, -0.263807, -0.805076, -0.531224, -1.2e-05, 0.0, 0.0, 0.0, 1.0],
                [0.969067, -0.22279, -0.106157, -0.125006, 0.014847, -0.376769, 0.926167, -0.002831, -0.246349, -0.8991, -0.361773, -1.2e-05, 0.0, 0.0, 0.0, 1.0],
                [0.974344, -0.213565, -0.071009, -0.125006, -0.010271, -0.357403, 0.933871, -0.002831, -0.224832, -0.909189, -0.350393, -1.2e-05, 0.0, 0.0, 0.0, 1.0],
