{
    "animation": [
        {
            "name": "Root",
            "time": [0.0, 0.0167, 0.0333, 0.05, 0.0667, 0.0833, 0.1, 0.1167, 0.1333, 0.15, 0.1667, 0.1833, 0.2, 0.2167, 0.2333, 0.25, 0.2667, 0.2833, 0.3, 0.3167, 0.3333, 0.35, 0.3667, 0.3833, 0.4, 0.4167, 0.4333, 0.45, 0.4667, 0.4833, 0.5, 0.5167, 0.5333, 0.55, 0.5667, 0.5833, 0.6],
            "transform": [
                [0.900842, 0.0, -0.434148, -5e-06, -0.434148, 0.0, -0.900842, 0.226784, 0.0, 1.0, 0.0, 0.575716, 0.0, 0.0, 0.0, 1.0],
                [0.900842, 0.0, -0.434148, -5e-06, -0.434148, 0.0, -0.900842, 0.226784, 0.0, 1.0, 0.0, 0.575716, 0.0, 0.0, 0.0, 1.0],
                [0.900842, 0.0, -0.434148, -5e-06, -0.434148, 0.0, -0.900842, 0.226784, 0.0, 1.0, 0.0, 0.575716, 0.0, 0.0, 0.0, 1.0],
                [0.900842, 0.0, -0.434148, -5e-06, -0.434148, 0.0, -0.900842, 0.226784, 0.0, 1.0, 0.0, 0.575716, 0.0, 0.0, 0.0, 1.0],
                [0.900842, 0.0, -0.434148, -5e-06, -0.434148, 0.0, -0.900842, 0.226784, 0.0, 1.0, 0.0, 0.575716, 0.0, 0.0, 0.0, 1.0],
                [0.900842, 0.0, -0.434148, -5e-06, -0.434148, 0.0, -0.900842, 0.226784, 0.0, 1.0, 0.0, 0.575716, 0.0, 0.0, 0.0, 1.0],
                [0.900842, 0.0, -0.434148, -5e-06, -0.434148, 0.0, -0.900842, 0.226784, 0.0, 1.0, 0.0, 0.575716, 0.0, 0.0, 0.0, 1.0],
                [0.900842, 0.0, -0.434148, -5e-06, -0.434148, 0.0, -0.900842, 0.226784, 0.0, 1.0, 0.0, 0.575716, 0.0, 0.0, 0.0, 1.0],
                [0.900842, 0.0, -0.434148, -5e-06, -0.434148, 0.0, -0.900842, 0.226784, 0.0, 1.0, 0.0, 0.575716, 0.0, 0.0, 0.0, 1.0],
                [0.900842, 0.0, -0.434148, -5e-06, -0.434148, 0.0, -0.900842, 0.226784, 0.0, 1.0, 0.0, 0.575716, 0.0, 0.0, 0.0, 1.0],
                [0.900842, 0.0, -0.434148, -5e-06, -0.434148, 0.0, -0.900842, 0.226784, 0.0, 1.0, 0.0, 0.575716, 0.0, 0.0, 0.0, 1.0],
                [0.900842, 0.0, -0.434148, -5e-06, -0.434148, 0.0, -0.900842, 0.226784, 0.0, 1.0, 0.0, 0.575716, 0.0, 0.0, 0.0, 1.0],
                [0.900842, 0.0, -0.434148, -5e-06, -0.434148, 0.0, -0.900842, 0.226784, 0.0, 1.0, 0.0, 0.575716, 0.0, 0.0, 0.0, 1.0],
                [0.900842, 0.0, -0.434148, -5e-06, -0.434148, 0.0, -0.900842, 0.226784, 0.0, 1.0, 0.0, 0.575716, 0.0, 0.0, 0.0, 1.0],
                [0.900842, 0.0, -0.434148, -5e-06, -0.434148, 0.0, -0.900842, 0.226784, 0.0, 1.0, 0.0, 0.575716, 0.0, 0.0, 0.0, 1.0],
                [0.900842, 0.0, -0.434148, -5e-06, -0.434148, 0.0, -0.900842, 0.226784, 0.0, 1.0, 0.0, 0.575716, 0.0, 0.0, 0.0, 1.0],
                [0.900842, 0.0, -0.434148, -5e-06, -0.434148, 0.0, -0.900842, 0.226784, 0.0, 1.0, 0.0, 0.575716, 0.0, 0.0, 0.0, 1.0],
                [0.900842, 0.0, -0.434148, -5e-06, -0.434148, 0.0, -0.900842, 0.226784, 0.0, 1.0, 0.0, 0.575716, 0.0, 0.0, 0.0, 1.0],
                [0.900842, 0.0, -0.434148, -5e-06, -0.434148, 0.0, -0.900842, 0.226784, 0.0, 1.0, 0.0, 0.575716, 0.0, 0.0, 0.0, 1.0],
                [0.900842, 0.0, -0.434148, -5e-06, -0.434148, 0.0, -0.900842, 0.226784, 0.0, 1.0, 0.0, 0.575716, 0.0, 0.0, 0.0, 1.0],
                [0.900842, 0.0, -0.434148, -5e-06, -0.434148, 0.0, -0.900842, 0.226784, 0.0, 1.0, 0.0, 0.575716, 0.0, 0.0, 0.0, 1.0],
                [0.900842, 0.0, -0.434148, -5e-06, -0.434148, 0.0, -0.900842, 0.226784, 0.0, 1.0, 0.0, 0.575716, 0.0, 0.0, 0.0, 1.0],
                [0.900842, 0.0, -0.434148, -5e-06, -0.434148, 0.0, -0.900842, 0.224567, 0.0, 1.0, 0.0, 0.577323, 0.0, 0.0, 0.0, 1.0],
                [0.900842, 0.0, -0.434148, -5e-06, -0.434148, 0.0, -0.900842, 0.217864, 0.0, 1.0, 0.0, 0.58218, 0.0, 0.0, 0.0, 1.0],
                [0.900842, 0.0, -0.434148, -5e-06, -0.434148, 0.0, -0.900842, 0.20671, 0.0, 1.0, 0.0, 0.590261, 0.0, 0.0, 0.0, 1.0],
                [0.900842, 0.0, -0.434148, -5e-06, -0.434148, 0.0, -0.900842, 0.191338, 0.0, 1.0, 0.0, 0.601399, 0.0, 0.0, 0.0, 1.0],
                [0.900842, 0.0, -0.434148, -5e-06, -0.434148, 0.0, -0.900842, 0.172232, 0.0, 1.0, 0.0, 0.615242, 0.0, 0.0, 0.0, 1.0],
                [0.900842, 0.0, -0.434148, -5e-06, -0.434148, 0.0, -0.900842, 0.150166, 0.0, 1.0, 0.0, 0.63123, 0.0, 0.0, 0.0, 1.0],
                [0.900842, 0.0, -0.434148, -5e-06, -0.434148, 0.0, -0.900842, 0.126187, 0.0, 1.0, 0.0, 0.648604, 0.0, 0.0, 0.0, 1.0],
                [0.900842, 0.0, -0.434148, -5e-06, -0.434148, 0.0, -0.900842, 0.101544, 0.0, 1.0, 0.0, 0.666458, 0.0, 0.0, 0.0, 1.0],
                [0.900842, 0.0, -0.434148, -5e-06, -0.434148, 0.0, -0.900842, 0.077565, 0.0, 1.0, 0.0, 0.683833, 0.0, 0.0, 0.0, 1.0],
                [0.900842, 0.0, -0.434148, -5e-06, -0.434148, 0.0, -0.900842, 0.055498, 0.0, 1.0, 0.0, 0.699821, 0.0, 0.0, 0.0, 1.0],
                [0.900842, 0.0, -0.434148, -5e-06, -0.434148, 0.0, -0.900842, 0.036393, 0.0, 1.0, 0.0, 0.713663, 0.0, 0.0, 0.0, 1.0],
                [0.900842, 0.0, -0.434148, -5e-06, -0.434148, 0.0, -0.900842, 0.021021, 0.0, 1.0, 0.0, 0.724801, 0.0, 0.0, 0.0, 1.0],
                [0.900842, 0.0, -0.434148, -5e-06, -0.434148, 0.0, -0.900842, 0.009867, 0.0, 1.0, 0.0, 0.732882, 0.0, 0.0, 0.0, 1.0],
                [0.900842, 0.0, -0.434148, -5e-06, -0.434148, 0.0, -0.900842, 0.003164, 0.0, 1.0, 0.0, 0.737739, 0.0, 0.0, 0.0, 1.0],
                [0.900842, 0.0, -0.434148, -5e-06, -0.434148, 0.0, -0.900842, 0.000946, 0.0, 1.0, 0.0, 0.739346, 0.0, 0.0, 0.0, 1.0],
                [0.900842, 0.0, -0.434148, -5e-06, -0.434148, 0.0, -0.900842, 0.000946, 0.0, 1.0, 0.0, 0.739346, 0.0, 0.0, 0.0, 1.0]
            ]
        },
        {
            "name": "Thigh_R",
            "time": [0.0, 0.0167, 0.0333, 0.05, 0.0667, 0.0833, 0.1, 0.1167, 0.1333, 0.15, 0.1667, 0.1833, 0.2, 0.2167, 0.2333, 0.25, 0.2667, 0.2833, 0.3, 0.3167, 0.3333, 0.35, 0.3667, 0.3833, 0.4, 0.4167, 0.4333, 0.45, 0.4667, 0.4833, 0.5, 0.5167, 0.5333, 0.55, 0.5667, 0.5833, 0.6],
            "transform": [
                [0.881386, 0.398631, 0.253461, 0.124994, 0.414742, -0.909866, -0.011199, -0.002831, 0.22616, 0.115015, -0.967245, -1.2e-05, 0.0, 0.0, 0.0, 1.0],
                [0.881386, 0.398631, 0.253461, 0.124994, 0.414742, -0.909866, -0.011199, -0.002831, 0.22616, 0.115015, -0.967245, -1.2e-05, 0.0, 0.0, 0.0, 1.0],
                [0.881386, 0.398631, 0.253461, 0.124994, 0.414742, -0.909866, -0.011199, -0.002831, 0.22616, 0.115015, -0.967245, -1.2e-05, 0.0, 0.0, 0.0, 1.0],
                [0.881386, 0.398631, 0.253461, 0.124994, 0.414742, -0.909866, -0.011199, -0.002831, 0.22616, 0.115015, -0.967245, -1.2e-05, 0.0, 0.0, 0.0, 1.0],
                [0.881386, 0.398631, 0.253461, 0.124994, 0.414742, -0.909866, -0.011199, -0.002831, 0.22616, 0.115015, -0.967245, -1.2e-05, 0.0, 0.0, 0.0, 1.0],
                [0.881386, 0.398631, 0.253461, 0.124994, 0.414742, -0.909866, -0.011199, -0.002831, 0.22616, 0.115015, -0.967245, -1.2e-05, 0.0, 0.0, 0.0, 1.0],
                [0.881386, 0.398631, 0.253461, 0.124994, 0.414742, -0.909866, -0.011199, -0.002831, 0.22616, 0.115015, -0.967245, -1.2e-05, 0.0, 0.0, 0.0, 1.0],
                [0.881386, 0.398631, 0.253461, 0.124994, 0.414742, -0.909866, -0.011199, -0.002831, 0.22616, 0.115015, -0.967245, -1.2e-05, 0.0, 0.0, 0.0, 1.0],
                [0.881386, 0.398631, 0.253461, 0.124994, 0.414742, -0.909866, -0.011199, -0.002831, 0.22616, 0.115015, -0.967245, -1.2e-05, 0.0, 0.0, 0.0, 1.0],
                [0.881386, 0.398631, 0.253461, 0.124994, 0.414742, -0.909866, -0.011199, -0.002831, 0.22616, 0.115015, -0.967245, -1.2e-05, 0.0, 0.0, 0.0, 1.0],
                [0.881386, 0.398631, 0.253461, 0.124994, 0.414742, -0.909866, -0.011199, -0.002831, 0.22616, 0.115015, -0.967245, -1.2e-05, 0.0, 0.0, 0.0, 1.0],
                [0.881386, 0.398631, 0.253461, 0.124994, 0.414742, -0.909866, -0.011199, -0.002831, 0.22616, 0.115015, -0.967245, -1.2e-05, 0.0, 0.0, 0.0, 1.0],
                [0.881386, 0.398631, 0.253461, 0.124994, 0.414742, -0.909866, -0.011199, -0.002831, 0.22616, 0.115015, -0.967245, -1.2e-05, 0.0, 0.0, 0.0, 1.0],
                [0.881386, 0.398631, 0.253461, 0.124994, 0.414742, -0.909866, -0.011199, -0.002831, 0.22616, 0.115015, -0.967245, -1.2e-05, 0.0, 0.0, 0.0, 1.0],
                [0.881386, 0.398631, 0.253461, 0.124994, 0.414742, -0.909866, -0.011199, -0.002831, 0.22616, 0.115015, -0.967245, -1.2e-05, 0.0, 0.0, 0.0, 1.0],
                [0.881386, 0.398631, 0.253461, 0.124994, 0.414742, -0.909866, -0.011199, -0.002831, 0.22616, 0.115015, -0.967245, -1.2e-05, 0.0, 0.0, 0.0, 1.0],
                [0.881386, 0.398631, 0.253461, 0.124994, 0.414742, -0.909866, -0.011199, -0.002831, 0.22616, 0.115015, -0.967245, -1.2e-05, 0.0, 0.0, 0.0, 1.0],
                [0.881386, 0.398631, 0.253461, 0.124994, 0.414742, -0.909866, -0.011199, -0.002831, 0.22616, 0.115015, -0.967245, -1.2e-05, 0.0, 0.0, 0.0, 1.0],
                [0.881386, 0.398631, 0.253461, 0.124994, 0.414742, -0.909866, -0.011199, -0.002831, 0.22616, 0.115015, -0.967245, -1.2e-05, 0.0, 0.0, 0.0, 1.0],
                [0.881386, 0.398631, 0.253461, 0.124994, 0.414742, -0.909866, -0.011199, -0.002831, 0.22616, 0.115015, -0.967245, -1.2e-05, 0.0, 0.0, 0.0, 1.0],
                [0.881386, 0.398631, 0.253461, 0.124994, 0.414742, -0.909866, -0.011199, -0.002831, 0.22616, 0.115015, -0.967245, -1.2e-05, 0.0, 0.0, 0.0, 1.0],
                [0.881386, 0.398631, 0.253461, 0.124994, 0.414742, -0.909866, -0.011199, -0.002831, 0.22616, 0.115015, -0.967245, -1.2e-05, 0.0, 0.0, 0.0, 1.0],
                [0.883851, 0.395368, 0.249965, 0.124994, 0.410683, -0.911719, -0.010041, -0.002831, 0.223936, 0.111554, -0.968167, -1.2e-05, 0.0, 0.0, 0.0, 1.0],
                [0.891029, 0.385521, 0.239651, 0.124994, 0.398561, -0.917115, -0.006489, -0.002831, 0.217294, 0.10132, -0.970802, -1.2e-05, 0.0, 0.0, 0.0, 1.0],
                [0.902104, 0.369217, 0.223337, 0.124994, 0.378891, -0.925437, -0.000471, -0.002831, 0.206518, 0.085068, -0.974706, -1.2e-05, 0.0, 0.0, 0.0, 1.0],
                [0.915729, 0.347001, 0.202547, 0.124994, 0.352824, -0.935653, 0.007837, -0.002831, 0.192239, 0.064309, -0.979206, -1.2e-05, 0.0, 0.0, 0.0, 1.0],
                [0.930305, 0.319951, 0.179328, 0.124994, 0.322116, -0.946531, 0.017742, -0.002831, 0.175422, 0.041279, -0.983594, -1.2e-05, 0.0, 0.0, 0.0, 1.0],
                [0.944341, 0.289675, 0.155898, 0.124994, 0.288944, -0.956938, 0.02786, -0.002831, 0.15726, 0.018756, -0.987345, -1.2e-05, 0.0, 0.0, 0.0, 1.0],
                [0.956744, 0.258117, 0.134215, 0.124994, 0.255578, -0.96611, 0.036133, -0.002831, 0.138998, -0.00025, -0.990258, -1.2e-05, 0.0, 0.0, 0.0, 1.0],
                [0.966949, 0.227264, 0.115584, 0.124994, 0.224033, -0.973741, 0.040412, -0.002831, 0.121737, -0.013165, -0.992439, -1.2e-05, 0.0, 0.0, 0.0, 1.0],
                [0.974864, 0.198778, 0.100633, 0.124994, 0.195809, -0.979877, 0.038679, -0.002831, 0.1063, -0.017986, -0.994135, -1.2e-05, 0.0, 0.0, 0.0, 1.0],
                [0.980711, 0.173836, 0.089365, 0.124994, 0.171821, -0.984675, 0.029843, -0.002831, 0.093186, -0.013899, -0.995515, -1.2e-05, 0.0, 0.0, 0.0, 1.0],
                [0.984851, 0.153089, 0.08144, 0.124994, 0.152463, -0.98821, 0.013898, -0.002831, 0.08261, -0.001258, -0.996544, -1.2e-05, 0.0, 0.0, 0.0, 1.0],
                [0.987652, 0.136772, 0.076395, 0.124994, 0.137767, -0.990432, -0.007885, -0.002831, 0.074588, 0.018324, -0.997009, -1.2e-05, 0.0, 0.0, 0.0, 1.0],
                [0.989426, 0.124938, 0.073664, 0.124994, 0.127562, -0.991312, -0.032037, -0.002831, 0.069024, 0.041106, -0.99673, -1.2e-05, 0.0, 0.0, 0.0, 1.0],
                [0.990397, 0.117634, 0.072636, 0.124994, 0.121603, -0.99117, -0.05285, -0.002831, 0.06578, 0.061185, -0.995919, -1.2e-05, 0.0, 0.0, 0.0, 1.0],
                [0.990703, 0.115138, 0.072456, 0.124994, 0.119659, -0.99091, -0.061465, -0.002831, 0.064723, 0.069573, -0.995437, -1.2e-05, 0.0, 0.0, 0.0, 1.0],
                [0.990703, 0.115138, 0.072456, 0.124994, 0.119659, -0.99091, -0.061465, -0.002831, 0.064723, 0.069573, -0.995437, -1.2e-05, 0.0, 0.0, 0.0, 1.0]
            ]
        },
        {
            "name": "Leg_R",
            "time": [0.0, 0.0167, 0.0333, 0.05, 0.0667, 0.0833, 0.1, 0.1167, 0.1333, 0.15, 0.1667, 0.1833, 0.2, 0.2167, 0.2333, 0.25, 0.2667, 0.2833, 0.3, 0.3167, 0.3333, 0.35, 0.3667, 0.3833, 0.4, 0.4167, 0.4333, 0.45, 0.4667, 0.4833, 0.5, 0.5167, 0.5333, 0.55, 0.5667, 0.5833, 0.6],
            "transform": [
                [0.999999, -0.00084, -0.000495, 0.0, 0.000926, 0.660203, 0.751068, 0.375166, -0.000304, -0.751105, 0.660216, 0.0, 0.0, 0.0, 0.0, 1.0],
                [0.999999, -0.00084, -0.000495, 0.0, 0.000926, 0.660203, 0.751068, 0.375166, -0.000304, -0.751105, 0.660216, 0.0, 0.0, 0.0, 0.0, 1.0],
                [0.999999, -0.00084, -0.000495, 0.0, 0.000926, 0.660203, 0.751068, 0.375166, -0.000304, -0.751105, 0.660216, 0.0, 0.0, 0.0, 0.0, 1.0],
                [0.999999, -0.00084, -0.000495, 0.0, 0.000926, 0.660203, 0.751068, 0.375166, -0.000304, -0.751105, 0.660216, 0.0, 0.0, 0.0, 0.0, 1.0],
                [0.999999, -0.00084, -0.000495, 0.0, 0.000926, 0.660203, 0.751068, 0.375166, -0.000304, -0.751105, 0.660216, 0.0, 0.0, 0.0, 0.0, 1.0],
                [0.999999, -0.00084, -0.000495, 0.0, 0.000926, 0.660203, 0.751068, 0.375166, -0.000304, -0.751105, 0.660216, 0.0, 0.0, 0.0, 0.0, 1.0],
                [0.999999, -0.00084, -0.000495, 0.0, 0.000926, 0.660203, 0.751068, 0.375166, -0.000304, -0.751105, 0.660216, 0.0, 0.0, 0.0, 0.0, 1.0],
                [0.999999, -0.00084, -0.000495, 0.0, 0.000926, 0.660203, 0.751068, 0.375166, -0.000304, -0.751105, 0.660216, 0.0, 0.0, 0.0, 0.0, 1.0],
                [0.999999, -0.00084, -0.000495, 0.0, 0.000926, 0.660203, 0.751068, 0.375166, -0.000304, -0.751105, 0.660216, 0.0, 0.0, 0.0, 0.0, 1.0],
                [0.999999, -0.00084, -0.000495, 0.0, 0.000926, 0.660203, 0.751068, 0.375166, -0.000304, -0.751105, 0.660216, 0.0, 0.0, 0.0, 0.0, 1.0],
                [0.999999, -0.00084, -0.000495, 0.0, 0.000926, 0.660203, 0.751068, 0.375166, -0.000304, -0.751105, 0.660216, 0.0, 0.0, 0.0, 0.0, 1.0],
                [0.999999, -0.00084, -0.000495, 0.0, 0.000926, 0.660203, 0.751068, 0.375166, -0.000304, -0.751105, 0.660216, 0.0, 0.0, 0.0, 0.0, 1.0],
                [0.999999, -0.00084, -0.000495, 0.0, 0.000926, 0.660203, 0.751068, 0.375166, -0.000304, -0.751105, 0.660216, 0.0, 0.0, 0.0, 0.0, 1.0],
                [0.999999, -0.00084, -0.000495, 0.0, 0.000926, 0.660203, 0.751068, 0.375166, -0.000304, -0.751105, 0.660216, 0.0, 0.0, 0.0, 0.0, 1.0],
                [0.999999, -0.00084, -0.000495, 0.0, 0.000926, 0.660203, 0.751068, 0.375166, -0.000304, -0.751105, 0.660216, 0.0, 0.0, 0.0, 0.0, 1.0],
                [0.999999, -0.00084, -0.000495, 0.0, 0.000926, 0.660203, 0.751068, 0.375166, -0.000304, -0.751105, 0.660216, 0.0, 0.0, 0.0, 0.0, 1.0],
                [0.999999, -0.00084, -0.000495, 0.0, 0.000926, 0.660203, 0.751068, 0.375166, -0.000304, -0.751105, 0.660216, 0.0, 0.0, 0.0, 0.0, 1.0],
                [0.999999, -0.00084, -0.000495, 0.0, 0.000926, 0.660203, 0.751068, 0.375166, -0.000304, -0.751105, 0.660216, 0.0, 0.0, 0.0, 0.0, 1.0],
                [0.999999, -0.00084, -0.000495, 0.0, 0.000926, 0.660203, 0.751068, 0.375166, -0.000304, -0.751105, 0.660216, 0.0, 0.0, 0.0, 0.0, 1.0],
                [0.999999, -0.00084, -0.000495, 0.0, 0.000926, 0.660203, 0.751068, 0.375166, -0.000304, -0.751105, 0.660216, 0.0, 0.0, 0.0, 0.0, 1.0],
                [0.999999, -0.00084, -0.000495, 0.0, 0.000926, 0.660203, 0.751068, 0.375166, -0.000304, -0.751105, 0.660216, 0.0, 0.0, 0.0, 0.0, 1.0],
                [0.999999, -0.00084, -0.000495, 0.0, 0.000926, 0.660203, 0.751068, 0.375166, -0.000304, -0.751105, 0.660216, 0.0, 0.0, 0.0, 0.0, 1.0],
                [1.0, -0.00084, -0.000495, -0.0, 0.000926, 0.660571, 0.750744, 0.375166, -0.000304, -0.750782, 0.660583, 0.0, 0.0, 0.0, 0.0, 1.0],
                [1.0, -0.000838, -0.000493, 0.0, 0.000924, 0.662005, 0.74948, 0.375166, -0.000302, -0.749518, 0.662017, 0.0, 0.0, 0.0, 0.0, 1.0],
                [1.0, -0.000835, -0.000489, 0.0, 0.000921, 0.665467, 0.746408, 0.375166, -0.000298, -0.746444, 0.66548, 0.0, 0.0, 0.0, 0.0, 1.0],
                [0.999999, -0.000828, -0.000481, -0.0, 0.000913, 0.672445, 0.740127, 0.375166, -0.000289, -0.740164, 0.672458, 0.0, 0.0, 0.0, 0.0, 1.0],
                [1.0, -0.000815, -0.000468, -0.0, 0.000899, 0.684679, 0.728826, 0.375166, -0.000274, -0.728862, 0.684691, 0.0, 0.0, 0.0, 0.0, 1.0],
                [1.0, -0.000794, -0.000446, 0.0, 0.000876, 0.703718, 0.71046, 0.375166, -0.00025, -0.710496, 0.70373, 0.0, 0.0, 0.0, 0.0, 1.0],
                [1.0, -0.000764, -0.000416, 0.0, 0.000842, 0.730448, 0.68295, 0.375166, -0.000217, -0.682984, 0.730459, -0.0, 0.0, 0.0, 0.0, 1.0],
                [1.0, -0.000721, -0.000379, -0.0, 0.000795, 0.764332, 0.644804, 0.375166, -0.000176, -0.644837, 0.764343, -0.0, 0.0, 0.0, 0.0, 1.0],
                [1.0, -0.000665, -0.000335, -0.0, 0.000734, 0.803656, 0.595077, 0.375166, -0.000127, -0.595107, 0.803665, 0.0, 0.0, 0.0, 0.0, 1.0],
                [1.0, -0.000597, -0.000288, 0.0, 0.000659, 0.845327, 0.534233, 0.375166, -7.6e-05, -0.53426, 0.845335, -0.0, 0.0, 0.0, 0.0, 1.0],
                [1.0, -0.000519, -0.000243, -0.0, 0.000573, 0.885659, 0.464322, 0.375166, -2.6e-05, -0.464344, 0.885665, -0.0, 0.0, 0.0, 0.0, 1.0],
                [1.0, -0.000436, -0.000203, 0.0, 0.00048, 0.921048, 0.389439, 0.375166, 1.8e-05, -0.389456, 0.921052, 0.0, 0.0, 0.0, 0.0, 1.0],
                [1.0, -0.000355, -0.000173, -0.0, 0.000392, 0.948198, 0.317671, 0.375166, 5.1e-05, -0.317683, 0.948201, -0.0, 0.0, 0.0, 0.0, 1.0],
                [1.0, -0.000292, -0.000154, -0.0, 0.000322, 0.96521, 0.261468, 0.375166, 7.2e-05, -0.261476, 0.965212, 0.0, 0.0, 0.0, 0.0, 1.0],
                [1.0, -0.000268, -0.000148, 0.0, 0.000295, 0.970946, 0.239293, 0.375166, 7.9e-05, -0.2393, 0.970948, 0.0, 0.0, 0.0, 0.0, 1.0],
                [1.0, -0.000268, -0.000148, 0.0, 0.000295, 0.970946, 0.239293, 0.375166, 7.9e-05, -0.2393, 0.970948, 0.0, 0.0, 0.0, 0.0, 1.0]
            ]
        },
        {
            "name": "Knee_R",
            "time": [0.0, 0.0167, 0.0333, 0.05, 0.0667, 0.0833, 0.1, 0.1167, 0.1333, 0.15, 0.1667, 0.1833, 0.2, 0.2167, 0.2333, 0.25, 0.2667, 0.2833, 0.3, 0.3167, 0.3333, 0.35, 0.3667, 0.3833, 0.4, 0.4167, 0.4333, 0.45, 0.4667, 0.4833, 0.5, 0.5167, 0.5333, 0.55, 0.5667, 0.5833, 0.6],
            "transform": [
                [1.0, -5.7e-05, 5.4e-05, 0.0, 5.7e-05, 0.048757, -0.998811, 0.375166, 5.4e-05, 0.998811, 0.048757, 0.0, 0.0, 0.0, 0.0, 1.0],
                [1.0, -5.7e-05, 5.4e-05, 0.0, 5.7e-05, 0.048757, -0.998811, 0.375166, 5.4e-05, 0.998811, 0.048757, 0.0, 0.0, 0.0, 0.0, 1.0],
                [1.0, -5.7e-05, 5.4e-05, 0.0, 5.7e-05, 0.048757, -0.998811, 0.375166, 5.4e-05, 0.998811, 0.048757, 0.0, 0.0, 0.0, 0.0, 1.0],
                [1.0, -5.7e-05, 5.4e-05, 0.0, 5.7e-05, 0.048757, -0.998811, 0.375166, 5.4e-05, 0.998811, 0.048757, 0.0, 0.0, 0.0, 0.0, 1.0],
                [1.0, -5.7e-05, 5.4e-05, 0.0, 5.7e-05, 0.048757, -0.998811, 0.375166, 5.4e-05, 0.998811, 0.048757, 0.0, 0.0, 0.0, 0.0, 1.0],
                [1.0, -5.7e-05, 5.4e-05, 0.0, 5.7e-05, 0.048757, -0.998811, 0.375166, 5.4e-05, 0.998811, 0.048757, 0.0, 0.0, 0.0, 0.0, 1.0],
                [1.0, -5.7e-05, 5.4e-05, 0.0, 5.7e-05, 0.048757, -0.998811, 0.375166, 5.4e-05, 0.998811, 0.048757, 0.0, 0.0, 0.0, 0.0, 1.0],
                [1.0, -5.7e-05, 5.4e-05, 0.0, 5.7e-05, 0.048757, -0.998811, 0.375166, 5.4e-05, 0.998811, 0.048757, 0.0, 0.0, 0.0, 0.0, 1.0],
                [1.0, -5.7e-05, 5.4e-05, 0.0, 5.7e-05, 0.048757, -0.998811, 0.375166, 5.4e-05, 0.998811, 0.048757, 0.0, 0.0, 0.0, 0.0, 1.0],
                [1.0, -5.7e-05, 5.4e-05, 0.0, 5.7e-05, 0.048757, -0.998811, 0.375166, 5.4e-05, 0.998811, 0.048757, 0.0, 0.0, 0.0, 0.0, 1.0],
                [1.0, -5.7e-05, 5.4e-05, 0.0, 5.7e-05, 0.048757, -0.998811, 0.375166, 5.4e-05, 0.998811, 0.048757, 0.0, 0.0, 0.0, 0.0, 1.0],
                [1.0, -5.7e-05, 5.4e-05, 0.0, 5.7e-05, 0.048757, -0.998811, 0.375166, 5.4e-05, 0.998811, 0.048757, 0.0, 0.0, 0.0, 0.0, 1.0],
                [1.0, -5.7e-05, 5.4e-05, 0.0, 5.7e-05, 0.048757, -0.998811, 0.375166, 5.4e-05, 0.998811, 0.048757, 0.0, 0.0, 0.0, 0.0, 1.0],
                [1.0, -5.7e-05, 5.4e-05, 0.0, 5.7e-05, 0.048757, -0.998811, 0.375166, 5.4e-05, 0.998811, 0.048757, 0.0, 0.0, 0.0, 0.0, 1.0],
                [1.0, -5.7e-05, 5.4e-05, 0.0, 5.7e-05, 0.048757, -0.998811, 0.375166, 5.4e-05, 0.998811, 0.048757, 0.0, 0.0, 0.0, 0.0, 1.0],
                [1.0, -5.7e-05, 5.4e-05, 0.0, 5.7e-05, 0.048757, -0.998811, 0.375166, 5.4e-05, 0.998811, 0.048757, 0.0, 0.0, 0.0, 0.0, 1.0],
                [1.0, -5.7e-05, 5.4e-05, 0.0, 5.7e-05, 0.048757, -0.998811, 0.375166, 5.4e-05, 0.998811, 0.048757, 0.0, 0.0, 0.0, 0.0, 1.0],
                [1.0, -5.7e-05, 5.4e-05, 0.0, 5.7e-05, 0.048757, -0.998811, 0.375166, 5.4e-05, 0.998811, 0.048757, 0.0, 0.0, 0.0, 0.0, 1.0],
                [1.0, -5.7e-05, 5.4e-05, 0.0, 5.7e-05, 0.048757, -0.998811, 0.375166, 5.4e-05, 0.998811, 0.048757, 0.0, 0.0, 0.0, 0.0, 1.0],
                [1.0, -5.7e-05, 5.4e-05, 0.0, 5.7e-05, 0.048757, -0.998811, 0.375166, 5.4e-05, 0.998811, 0.048757, 0.0, 0.0, 0.0, 0.0, 1.0],
                [1.0, -5.7e-05, 5.4e-05, 0.0, 5.7e-05, 0.048757, -0.998811, 0.375166, 5.4e-05, 0.998811, 0.048757, 0.0, 0.0, 0.0, 0.0, 1.0],
                [1.0, -5.7e-05, 5.4e-05, 0.0, 5.7e-05, 0.048757, -0.998811, 0.375166, 5.4e-05, 0.998811, 0.048757, 0.0, 0.0, 0.0, 0.0, 1.0],
                [1.0, -5.7e-05, 5.4e-05, -0.0, 5.7e-05, 0.048757, -0.998811, 0.375166, 5.4e-05, 0.998811, 0.048757, 0.0, 0.0, 0.0, 0.0, 1.0],
                [1.0, -5.7e-05, 5.4e-05, 0.0, 5.7e-05, 0.048757, -0.998811, 0.375166, 5.4e-05, 0.998811, 0.048757, 0.0, 0.0, 0.0, 0.0, 1.0],
                [1.0, -5.7e-05, 5.4e-05, 0.0, 5.7e-05, 0.048757, -0.998811, 0.375166, 5.4e-05, 0.998811, 0.048757, 0.0, 0.0, 0.0, 0.0, 1.0],
                [1.0, -5.7e-05, 5.4e-05, -0.0, 5.7e-05, 0.048757, -0.998811, 0.375166, 5.4e-05, 0.998811, 0.048757, 0.0, 0.0, 0.0, 0.0, 1.0],
                [1.0, -5.7e-05, 5.4e-05, -0.0, 5.7e-05, 0.048757, -0.998811, 0.375166, 5.4e-05, 0.998811, 0.048757, 0.0, 0.0, 0.0, 0.0, 1.0],
                [1.0, -5.7e-05, 5.4e-05, 0.0, 5.7e-05, 0.048757, -0.998811, 0.375166, 5.4e-05, 0.998811, 0.048757, 0.0, 0.0, 0.0, 0.0, 1.0],
                [1.0, -5.7e-05, 5.4e-05, 0.0, 5.7e-05, 0.048757, -0.998811, 0.375166, 5.4e-05, 0.998811, 0.048757, -0.0, 0.0, 0.0, 0.0, 1.0],
                [1.0, -5.7e-05, 5.4e-05, -0.0, 5.7e-05, 0.048757, -0.998811, 0.375166, 5.4e-05, 0.998811, 0.048757, -0.0, 0.0, 0.0, 0.0, 1.0],
                [1.0, -5.7e-05, 5.4e-05, -0.0, 5.7e-05, 0.048757, -0.998811, 0.375166, 5.4e-05, 0.998811, 0.048757, 0.0, 0.0, 0.0, 0.0, 1.0],
                [1.0, -5.7e-05, 5.4e-05, 0.0, 5.7e-05, 0.048757, -0.998811, 0.375166, 5.4e-05, 0.998811, 0.048757, -0.0, 0.0, 0.0, 0.0, 1.0],
                [1.0, -5.7e-05, 5.4e-05, -0.0, 5.7e-05, 0.048757, -0.998811, 0.375166, 5.4e-05, 0.998811, 0.048757, -0.0, 0.0, 0.0, 0.0, 1.0],
                [1.0, -5.7e-05, 5.4e-05, 0.0, 5.7e-05, 0.048757, -0.998811, 0.375166, 5.4e-05, 0.998811, 0.048757, 0.0, 0.0, 0.0, 0.0, 1.0],
                [1.0, -5.7e-05, 5.4e-05, -0.0, 5.7e-05, 0.048757, -0.998811, 0.375166, 5.4e-05, 0.998811, 0.048757, -0.0, 0.0, 0.0, 0.0, 1.0],
                [1.0, -5.7e-05, 5.4e-05, -0.0, 5.7e-05, 0.048757, -0.998811, 0.375166, 5.4e-05, 0.998811, 0.048757, 0.0, 0.0, 0.0, 0.0, 1.0],
                [1.0, -5.7e-05, 5.4e-05, 0.0, 5.7e-05, 0.048757, -0.998811, 0.375166, 5.4e-05, 0.998811, 0.048757, 0.0, 0.0, 0.0, 0.0, 1.0],
                [1.0, -5.7e-05, 5.4e-05, 0.0, 5.7e-05, 0.048757, -0.998811, 0.375166, 5.4e-05, 0.998811, 0.048757, 0.0, 0.0, 0.0, 0.0, 1.0]
            ]
        },
        {
            "name": "Thigh_L",
            "time": [0.0, 0.0167, 0.0333, 0.05, 0.0667, 0.0833, 0.1, 0.1167, 0.1333, 0.15, 0.1667, 0.1833, 0.2, 0.2167, 0.2333, 0.25, 0.2667, 0.2833, 0.3, 0.3167, 0.3333, 0.35, 0.3667, 0.3833, 0.4, 0.4167, 0.4333, 0.45, 0.4667, 0.4833, 0.5, 0.5167, 0.5333, 0.55, 0.5667, 0.5833, 0.6],
            "transform": [
                [0.980066, -0.190068, -0.057823, -0.125006, -0.045365, -0.497491, 0.866259, -0.002831, -0.193423, -0.84638, -0.496159, -1.2e-05, 0.0, 0.0, 0.0, 1.0],
                [0.980066, -0.190068, -0.057823, -0.125006, -0.045365, -0.497491, 0.866259, -0.002831, -0.193423, -0.84638, -0.496159, -1.2e-05, 0.0, 0.0, 0.0, 1.0],
                [0.980066, -0.190068, -0.057823, -0.125006, -0.045365, -0.497491, 0.866259, -0.002831, -0.193423, -0.84638, -0.496159, -1.2e-05, 0.0, 0.0, 0.0, 1.0],
                [0.980066, -0.190068, -0.057823, -0.125006, -0.045365, -0.497491, 0.866259, -0.002831, -0.193423, -0.84638, -0.496159, -1.2e-05, 0.0, 0.0, 0.0, 1.0],
                [0.980066, -0.190068, -0.057823, -0.125006, -0.045365, -0.497491, 0.866259, -0.002831, -0.193423, -0.84638, -0.496159, -1.2e-05, 0.0, 0.0, 0.0, 1.0],
                [0.980066, -0.190068, -0.057823, -0.125006, -0.045365, -0.497491, 0.866259, -0.002831, -0.193423, -0.84638, -0.496159, -1.2e-05, 0.0, 0.0, 0.0, 1.0],
                [0.980066, -0.190068, -0.057823, -0.125006, -0.045365, -0.497491, 0.866259, -0.002831, -0.193423, -0.84638, -0.496159, -1.2e-05, 0.0, 0.0, 0.0, 1.0],
                [0.980066, -0.190068, -0.057823, -0.125006, -0.045365, -0.497491, 0.866259, -0.002831, -0.193423, -0.84638, -0.496159, -1.2e-05, 0.0, 0.0, 0.0, 1.0],
                [0.980066, -0.190068, -0.057823, -0.125006, -0.045365, -0.497491, 0.866259, -0.002831, -0.193423, -0.84638, -0.496159, -1.2e-05, 0.0, 0.0, 0.0, 1.0],
                [0.980066, -0.190068, -0.057823, -0.125006, -0.045365, -0.497491, 0.866259, -0.002831, -0.193423, -0.84638, -0.496159, -1.2e-05, 0.0, 0.0, 0.0, 1.0],
                [0.980066, -0.190068, -0.057823, -0.125006, -0.045365, -0.497491, 0.866259, -0.002831, -0.193423, -0.84638, -0.496159, -1.2e-05, 0.0, 0.0, 0.0, 1.0],
                [0.980066, -0.190068, -0.057823, -0.125006, -0.045365, -0.497491, 0.866259, -0.002831, -0.193423, -0.84638, -0.496159, -1.2e-05, 0.0, 0.0, 0.0, 1.0],
                [0.980066, -0.190068, -0.057823, -0.125006, -0.045365, -0.497491, 0.866259, -0.002831, -0.193423, -0.84638, -0.496159, -1.2e-05, 0.0, 0.0, 0.0, 1.0],
                [0.980066, -0.190068, -0.057823, -0.125006, -0.045365, -0.497491, 0.866259, -0.002831, -0.193423, -0.84638, -0.496159, -1.2e-05, 0.0, 0.0, 0.0, 1.0],
                [0.980066, -0.190068, -0.057823, -0.125006, -0.045365, -0.497491, 0.866259, -0.002831, -0.193423, -0.84638, -0.496159, -1.2e-05, 0.0, 0.0, 0.0, 1.0],
                [0.980066, -0.190068, -0.057823, -0.125006, -0.045365, -0.497491, 0.866259, -0.002831, -0.193423, -0.84638, -0.496159, -1.2e-05, 0.0, 0.0, 0.0, 1.0],
                [0.980066, -0.190068, -0.057823, -0.125006, -0.045365, -0.497491, 0.866259, -0.002831, -0.193423, -0.84638, -0.496159, -1.2e-05, 0.0, 0.0, 0.0, 1.0],
                [0.980066, -0.190068, -0.057823, -0.125006, -0.045365, -0.497491, 0.866259, -0.002831, -0.193423, -0.84638, -0.496159, -1.2e-05, 0.0, 0.0, 0.0, 1.0],
                [0.980066, -0.190068, -0.057823, -0.125006, -0.045365, -0.497491, 0.866259, -0.002831, -0.193423, -0.84638, -0.496159, -1.2e-05, 0.0, 0.0, 0.0, 1.0],
                [0.980066, -0.190068, -0.057823, -0.125006, -0.045365, -0.497491, 0.866259, -0.002831, -0.193423, -0.84638, -0.496159, -1.2e-05, 0.0, 0.0, 0.0, 1.0],
                [0.980066, -0.190068, -0.057823, -0.125006, -0.045365, -0.497491, 0.866259, -0.002831, -0.193423, -0.84638, -0.496159, -1.2e-05, 0.0, 0.0, 0.0, 1.0],
                [0.980066, -0.190068, -0.057823, -0.125006, -0.045365, -0.497491, 0.866259, -0.002831, -0.193423, -0.84638, -0.496159, -1.2e-05, 0.0, 0.0, 0.0, 1.0],
                [0.979936, -0.193754, -0.046724, -0.125006, -0.045544, -0.445934, 0.893883, -0.002831, -0.194038, -0.873832, -0.445775, -1.2e-05, 0.0, 0.0, 0.0, 1.0],
                [0.979536, -0.200608, -0.016267, -0.125006, -0.045578, -0.299845, 0.952874, -0.002831, -0.196041, -0.932643, -0.302819, -1.2e-05, 0.0, 0.0, 0.0, 1.0],
                [0.978838, -0.2032, 0.024177, -0.125006, -0.044127, -0.094255, 0.994543, -0.002831, -0.199821, -0.974572, -0.101196, -1.2e-05, 0.0, 0.0, 0.0, 1.0],
                [0.977751, -0.201057, 0.059814, -0.125006, -0.038436, 0.108574, 0.993316, -0.002831, -0.206217, -0.973523, 0.098458, -1.2e-05, 0.0, 0.0, 0.0, 1.0],
                [0.976036, -0.203971, 0.075824, -0.125006, -0.025693, 0.237962, 0.970904, -0.002831, -0.216089, -0.949592, 0.227044, -1.2e-05, 0.0, 0.0, 0.0, 1.0],
                [0.973683, -0.21795, 0.066612, -0.125006, -0.0102, 0.250286, 0.968087, -0.002831, -0.227678, -0.943297, 0.241501, -1.2e-05, 0.0, 0.0, 0.0, 1.0],
                [0.970945, -0.236486, 0.036586, -0.125006, 0.004266, 0.169936, 0.985417, -0.002831, -0.239266, -0.956635, 0.166033, -1.2e-05, 0.0, 0.0, 0.0, 1.0],
                [0.967946, -0.250988, -0.009139, -0.125006, 0.017837, 0.032369, 0.99929, -0.002831, -0.250526, -0.967427, 0.035835, -1.2e-05, 0.0, 0.0, 0.0, 1.0],
                [0.965202, -0.253303, -0.064955, -0.125006, 0.02771, -0.147951, 0.988583, -0.002831, -0.260033, -0.955986, -0.135755, -1.2e-05, 0.0, 0.0, 0.0, 1.0],
                [0.962969, -0.239746, -0.12332, -0.125006, 0.033878, -0.346209, 0.937525, -0.002831, -0.267474, -0.906989, -0.325235, -1.2e-05, 0.0, 0.0, 0.0, 1.0],
                [0.961282, -0.211287, -0.176888, -0.125006, 0.037334, -0.53617, 0.843266, -0.002831, -0.273026, -0.817224, -0.507487, -1.2e-05, 0.0, 0.0, 0.0, 1.0],
                [0.960084, -0.172074, -0.220505, -0.125006, 0.039068, -0.698153, 0.714867, -0.002831, -0.276969, -0.694951, -0.663524, -1.2e-05, 0.0, 0.0, 0.0, 1.0],
                [0.959302, -0.127759, -0.251816, -0.125006, 0.039812, -0.821698, 0.568519, -0.002831, -0.279563, -0.555411, -0.783128, -1.2e-05, 0.0, 0.0, 0.0, 1.0],
                [0.958868, -0.085647, -0.270609, -0.125006, 0.04005, -0.903031, 0.427693, -0.002831, -0.281012, -0.420945, -0.862415, -1.2e-05, 0.0, 0.0, 0.0, 1.0],
                [0.958733, -0.063711, -0.277066, -0.125006, 0.040085, -0.934543, 0.353577, -0.002831, -0.281469, -0.350099, -0.893379, -1.2e-05, 0.0, 0.0, 0.0, 1.0],
                [0.958733, -0.063711, -0.277066, -0.125006, 0.040085, -0.934543, 0.353577, -0.002831, -0.281469, -0.350099, -0.893379, -1.2e-05, 0.0, 0.0, 0.0, 1.0]
            ]
        },
        {
            "name": "Leg_L",
            "time": [0.0, 0.0167, 0.0333, 0.05, 0.0667, 0.0833, 0.1, 0.1167, 0.1333, 0.15, 0.1667, 0.1833, 0.2, 0.2167, 0.2333, 0.25, 0.2667, 0.2833, 0.3, 0.3167, 0.3333, 0.35, 0.3667, 0.3833, 0.4, 0.4167, 0.4333, 0.45, 0.4667, 0.4833, 0.5, 0.5167, 0.5333, 0.55, 0.5667, 0.5833, 0.6],
            "transform": [
                [1.0, 2e-06, 2e-06, -0.0, -3e-06, 0.468188, 0.883608, 0.375166, 1e-06, -0.883653, 0.468203, -0.0, 0.0, 0.0, 0.0, 1.0],
                [1.0, 2e-06, 2e-06, -0.0, -3e-06, 0.468188, 0.883608, 0.375166, 1e-06, -0.883653, 0.468203, -0.0, 0.0, 0.0, 0.0, 1.0],
                [1.0, 2e-06, 2e-06, -0.0, -3e-06, 0.468188, 0.883608, 0.375166, 1e-06, -0.883653, 0.468203, -0.0, 0.0, 0.0, 0.0, 1.0],
                [1.0, 2e-06, 2e-06, -0.0, -3e-06, 0.468188, 0.883608, 0.375166, 1e-06, -0.883653, 0.468203, -0.0, 0.0, 0.0, 0.0, 1.0],
                [1.0, 2e-06, 2e-06, -0.0, -3e-06, 0.468188, 0.883608, 0.375166, 1e-06, -0.883653, 0.468203, -0.0, 0.0, 0.0, 0.0, 1.0],
                [1.0, 2e-06, 2e-06, -0.0, -3e-06, 0.468188, 0.883608, 0.375166, 1e-06, -0.883653, 0.468203, -0.0, 0.0, 0.0, 0.0, 1.0],
                [1.0, 2e-06, 2e-06, -0.0, -3e-06, 0.468188, 0.883608, 0.375166, 1e-06, -0.883653, 0.468203, -0.0, 0.0, 0.0, 0.0, 1.0],
                [1.0, 2e-06, 2e-06, -0.0, -3e-06, 0.468188, 0.883608, 0.375166, 1e-06, -0.883653, 0.468203, -0.0, 0.0, 0.0, 0.0, 1.0],
                [1.0, 2e-06, 2e-06, -0.0, -3e-06, 0.468188, 0.883608, 0.375166, 1e-06, -0.883653, 0.468203, -0.0, 0.0, 0.0, 0.0, 1.0],
                [1.0, 2e-06, 2e-06, -0.0, -3e-06, 0.468188, 0.883608, 0.375166, 1e-06, -0.883653, 0.468203, -0.0, 0.0, 0.0, 0.0, 1.0],
                [1.0, 2e-06, 2e-06, -0.0, -3e-06, 0.468188, 0.883608, 0.375166, 1e-06, -0.883653, 0.468203, -0.0, 0.0, 0.0, 0.0, 1.0],
                [1.0, 2e-06, 2e-06, -0.0, -3e-06, 0.468188, 0.883608, 0.375166, 1e-06, -0.883653, 0.468203, -0.0, 0.0, 0.0, 0.0, 1.0],
                [1.0, 2e-06, 2e-06, -0.0, -3e-06, 0.468188, 0.883608, 0.375166, 1e-06, -0.883653, 0.468203, -0.0, 0.0, 0.0, 0.0, 1.0],
                [1.0, 2e-06, 2e-06, -0.0, -3e-06, 0.468188, 0.883608, 0.375166, 1e-06, -0.883653, 0.468203, -0.0, 0.0, 0.0, 0.0, 1.0],
                [1.0, 2e-06, 2e-06, -0.0, -3e-06, 0.468188, 0.883608, 0.375166, 1e-06, -0.883653, 0.468203, -0.0, 0.0, 0.0, 0.0, 1.0],
                [1.0, 2e-06, 2e-06, -0.0, -3e-06, 0.468188, 0.883608, 0.375166, 1e-06, -0.883653, 0.468203, -0.0, 0.0, 0.0, 0.0, 1.0],
                [1.0, 2e-06, 2e-06, -0.0, -3e-06, 0.468188, 0.883608, 0.375166, 1e-06, -0.883653, 0.468203, -0.0, 0.0, 0.0, 0.0, 1.0],
                [1.0, 2e-06, 2e-06, -0.0, -3e-06, 0.468188, 0.883608, 0.375166, 1e-06, -0.883653, 0.468203, -0.0, 0.0, 0.0, 0.0, 1.0],
                [1.0, 2e-06, 2e-06, -0.0, -3e-06, 0.468188, 0.883608, 0.375166, 1e-06, -0.883653, 0.468203, -0.0, 0.0, 0.0, 0.0, 1.0],
                [1.0, 2e-06, 2e-06, -0.0, -3e-06, 0.468188, 0.883608, 0.375166, 1e-06, -0.883653, 0.468203, -0.0, 0.0, 0.0, 0.0, 1.0],
                [1.0, 2e-06, 2e-06, -0.0, -3e-06, 0.468188, 0.883608, 0.375166, 1e-06, -0.883653, 0.468203, -0.0, 0.0, 0.0, 0.0, 1.0],
                [1.0, 2e-06, 2e-06, -0.0, -3e-06, 0.468188, 0.883608, 0.375166, 1e-06, -0.883653, 0.468203, -0.0, 0.0, 0.0, 0.0, 1.0],
                [1.0, 2e-06, 2e-06, -0.0, -3e-06, 0.384558, 0.92308, 0.375166, 1e-06, -0.923126, 0.384572, 0.0, 0.0, 0.0, 0.0, 1.0],
                [1.0, 2e-06, 3e-06, -0.0, -3e-06, 0.15617, 0.987711, 0.375166, 2e-06, -0.987754, 0.156182, -0.0, 0.0, 0.0, 0.0, 1.0],
                [1.0, 2e-06, 3e-06, 0.0, -3e-06, -0.129423, 0.991572, 0.375166, 3e-06, -0.991608, -0.129413, 0.0, 0.0, 0.0, 0.0, 1.0],
                [1.0, 2e-06, 4e-06, -0.0, -3e-06, -0.361529, 0.932345, 0.375166, 3e-06, -0.932374, -0.361519, 0.0, 0.0, 0.0, 0.0, 1.0],
                [1.0, 2e-06, 4e-06, -0.0, -3e-06, -0.486353, 0.873749, 0.375166, 4e-06, -0.873772, -0.486342, -0.0, 0.0, 0.0, 0.0, 1.0],
                [1.0, 2e-06, 4e-06, 0.0, -3e-06, -0.506749, 0.862081, 0.375166, 4e-06, -0.862102, -0.506738, 0.0, 0.0, 0.0, 0.0, 1.0],
                [1.0, 2e-06, 4e-06, -0.0, -3e-06, -0.460761, 0.887511, 0.375166, 4e-06, -0.887534, -0.46075, -0.0, 0.0, 0.0, 0.0, 1.0],
                [1.0, 2e-06, 4e-06, 0.0, -3e-06, -0.372312, 0.928092, 0.375166, 3e-06, -0.92812, -0.372302, -0.0, 0.0, 0.0, 0.0, 1.0],
                [1.0, 2e-06, 4e-06, -0.0, -3e-06, -0.228233, 0.97359, 0.375166, 3e-06, -0.973622, -0.228223, -0.0, 0.0, 0.0, 0.0, 1.0],
                [1.0, 2e-06, 3e-06, 0.0, -3e-06, -0.021966, 0.999741, 0.375166, 2e-06, -0.999779, -0.021956, -0.0, 0.0, 0.0, 0.0, 1.0],
                [1.0, 2e-06, 3e-06, -0.0, -3e-06, 0.234643, 0.972063, 0.375166, 2e-06, -0.972106, 0.234656, 0.0, 0.0, 0.0, 0.0, 1.0],
                [1.0, 2e-06, 2e-06, -0.0, -3e-06, 0.505822, 0.862617, 0.375166, 1e-06, -0.862662, 0.505837, -0.0, 0.0, 0.0, 0.0, 1.0],
                [1.0, 2e-06, 1e-06, 0.0, -2e-06, 0.742143, 0.670219, 0.375166, 0.0, -0.670259, 0.742156, 0.0, 0.0, 0.0, 0.0, 1.0],
                [1.0, 1e-06, 1e-06, -0.0, -1e-06, 0.9001, 0.435666, 0.375166, -0.0, -0.43569, 0.900107, 0.0, 0.0, 0.0, 0.0, 1.0],
                [1.0, 1e-06, 1e-06, 0.0, -1e-06, 0.954598, 0.297887, 0.375166, -1e-06, -0.2979, 0.954601, -0.0, 0.0, 0.0, 0.0, 1.0],
                [1.0, 1e-06, 1e-06, 0.0, -1e-06, 0.954598, 0.297887, 0.375166, -1e-06, -0.2979, 0.954601, -0.0, 0.0, 0.0, 0.0, 1.0]
            ]
        },
        {
            "name": "Knee_L",
            "time": [0.0, 0.0167, 0.0333, 0.05, 0.0667, 0.0833, 0.1, 0.1167, 0.1333, 0.15, 0.1667, 0.1833, 0.2, 0.2167, 0.2333, 0.25, 0.2667, 0.2833, 0.3, 0.3167, 0.3333, 0.35, 0.3667, 0.3833, 0.4, 0.4167, 0.4333, 0.45, 0.4667, 0.4833, 0.5, 0.5167, 0.5333, 0.55, 0.5667, 0.5833, 0.6],
            "transform": [
                [1.0, 0.0, -0.0, -0.0, -0.0, 0.048757, -0.998811, 0.375166, -0.0, 0.998811, 0.048757, -0.0, 0.0, 0.0, 0.0, 1.0],
                [1.0, 0.0, -0.0, -0.0, -0.0, 0.048757, -0.998811, 0.375166, -0.0, 0.998811, 0.048757, -0.0, 0.0, 0.0, 0.0, 1.0],
                [1.0, 0.0, -0.0, -0.0, -0.0, 0.048757, -0.998811, 0.375166, -0.0, 0.998811, 0.048757, -0.0, 0.0, 0.0, 0.0, 1.0],
                [1.0, 0.0, -0.0, -0.0, -0.0, 0.048757, -0.998811, 0.375166, -0.0, 0.998811, 0.048757, -0.0, 0.0, 0.0, 0.0, 1.0],
                [1.0, 0.0, -0.0, -0.0, -0.0, 0.048757, -0.998811, 0.375166, -0.0, 0.998811, 0.048757, -0.0, 0.0, 0.0, 0.0, 1.0],
                [1.0, 0.0, -0.0, -0.0, -0.0, 0.048757, -0.998811, 0.375166, -0.0, 0.998811, 0.048757, -0.0, 0.0, 0.0, 0.0, 1.0],
                [1.0, 0.0, -0.0, -0.0, -0.0, 0.048757, -0.998811, 0.375166, -0.0, 0.998811, 0.048757, -0.0, 0.0, 0.0, 0.0, 1.0],
                [1.0, 0.0, -0.0, -0.0, -0.0, 0.048757, -0.998811, 0.375166, -0.0, 0.998811, 0.048757, -0.0, 0.0, 0.0, 0.0, 1.0],
                [1.0, 0.0, -0.0, -0.0, -0.0, 0.048757, -0.998811, 0.375166, -0.0, 0.998811, 0.048757, -0.0, 0.0, 0.0, 0.0, 1.0],
                [1.0, 0.0, -0.0, -0.0, -0.0, 0.048757, -0.998811, 0.375166, -0.0, 0.998811, 0.048757, -0.0, 0.0, 0.0, 0.0, 1.0],
                [1.0, 0.0, -0.0, -0.0, -0.0, 0.048757, -0.998811, 0.375166, -0.0, 0.998811, 0.048757, -0.0, 0.0, 0.0, 0.0, 1.0],
                [1.0, 0.0, -0.0, -0.0, -0.0, 0.048757, -0.998811, 0.375166, -0.0, 0.998811, 0.048757, -0.0, 0.0, 0.0, 0.0, 1.0],
                [1.0, 0.0, -0.0, -0.0, -0.0, 0.048757, -0.998811, 0.375166, -0.0, 0.998811, 0.048757, -0.0, 0.0, 0.0, 0.0, 1.0],
                [1.0, 0.0, -0.0, -0.0, -0.0, 0.048757, -0.998811, 0.375166, -0.0, 0.998811, 0.048757, -0.0, 0.0, 0.0, 0.0, 1.0],
                [1.0, 0.0, -0.0, -0.0, -0.0, 0.048757, -0.998811, 0.375166, -0.0, 0.998811, 0.048757, -0.0, 0.0, 0.0, 0.0, 1.0],
                [1.0, 0.0, -0.0, -0.0, -0.0, 0.048757, -0.998811, 0.375166, -0.0, 0.998811, 0.048757, -0.0, 0.0, 0.0, 0.0, 1.0],
                [1.0, 0.0, -0.0, -0.0, -0.0, 0.048757, -0.998811, 0.375166, -0.0, 0.998811, 0.048757, -0.0, 0.0, 0.0, 0.0, 1.0],
                [1.0, 0.0, -0.0, -0.0, -0.0, 0.048757, -0.998811, 0.375166, -0.0, 0.998811, 0.048757, -0.0, 0.0, 0.0, 0.0, 1.0],
                [1.0, 0.0, -0.0, -0.0, -0.0, 0.048757, -0.998811, 0.375166, -0.0, 0.998811, 0.048757, -0.0, 0.0, 0.0, 0.0, 1.0],
                [1.0, 0.0, -0.0, -0.0, -0.0, 0.048757, -0.998811, 0.375166, -0.0, 0.998811, 0.048757, -0.0, 0.0, 0.0, 0.0, 1.0],
                [1.0, 0.0, -0.0, -0.0, -0.0, 0.048757, -0.998811, 0.375166, -0.0, 0.998811, 0.048757, -0.0, 0.0, 0.0, 0.0, 1.0],
                [1.0, 0.0, -0.0, -0.0, -0.0, 0.048757, -0.998811, 0.375166, -0.0, 0.998811, 0.048757, -0.0, 0.0, 0.0, 0.0, 1.0],
                [1.0, 0.0, -0.0, -0.0, -0.0, 0.048757, -0.998811, 0.375166, -0.0, 0.998811, 0.048757, 0.0, 0.0, 0.0, 0.0, 1.0],
                [1.0, 0.0, -0.0, -0.0, -0.0, 0.048757, -0.998811, 0.375166, -0.0, 0.998811, 0.048757, -0.0, 0.0, 0.0, 0.0, 1.0],
                [1.0, 0.0, -0.0, 0.0, -0.0, 0.048757, -0.998811, 0.375166, -0.0, 0.998811, 0.048757, 0.0, 0.0, 0.0, 0.0, 1.0],
                [1.0, 0.0, -0.0, -0.0, -0.0, 0.048757, -0.998811, 0.375166, -0.0, 0.998811, 0.048757, 0.0, 0.0, 0.0, 0.0, 1.0],
                [1.0, 0.0, -0.0, -0.0, -0.0, 0.048757, -0.998811, 0.375166, -0.0, 0.998811, 0.048757, -0.0, 0.0, 0.0, 0.0, 1.0],
                [1.0, 0.0, -0.0, 0.0, -0.0, 0.048757, -0.998811, 0.375166, -0.0, 0.998811, 0.048757, 0.0, 0.0, 0.0, 0.0, 1.0],
