{
    "animation": [
        {
            "name": "Root",
            "time": [0.0, 0.0167, 0.0333, 0.05, 0.0667, 0.0833, 0.1, 0.1167, 0.1333, 0.15, 0.1667, 0.1833, 0.2, 0.2167, 0.2333, 0.25, 0.2667, 0.2833, 0.3, 0.3167, 0.3333, 0.35, 0.3667, 0.3833, 0.4],
            "transform": [
                [0.900842, 0.0, -0.434148, -5e-06, -0.434148, 0.0, -0.900842, 0.000946, 0.0, 1.0, 0.0, 0.739346, 0.0, 0.0, 0.0, 1.0],
                [0.900842, 0.0, -0.434148, -5e-06, -0.434148, 0.0, -0.900842, 0.000946, 0.0, 1.0, 0.0, 0.739346, 0.0, 0.0, 0.0, 1.0],
                [0.900842, 0.0, -0.434148, -5e-06, -0.434148, 0.0, -0.900842, 0.000946, 0.0, 1.0, 0.0, 0.739346, 0.0, 0.0, 0.0, 1.0],
                [0.900842, 0.0, -0.434148, -5e-06, -0.434148, 0.0, -0.900842, 0.000946, 0.0, 1.0, 0.0, 0.739346, 0.0, 0.0, 0.0, 1.0],
                [0.900842, 0.0, -0.434148, -5e-06, -0.434148, 0.0, -0.900842, 0.000946, 0.0, 1.0, 0.0, 0.739346, 0.0, 0.0, 0.0, 1.0],
                [0.900842, 0.0, -0.434148, -5e-06, -0.434148, 0.0, -0.900842, 0.000946, 0.0, 1.0, 0.0, 0.739346, 0.0, 0.0, 0.0, 1.0],
                [0.900842, 0.0, -0.434148, -5e-06, -0.434148, 0.0, -0.900842, 0.000946, 0.0, 1.0, 0.0, 0.739346, 0.0, 0.0, 0.0, 1.0],
                [0.900842, 0.0, -0.434148, -5e-06, -0.434148, 0.0, -0.900842, 0.000946, 0.0, 1.0, 0.0, 0.739346, 0.0, 0.0, 0.0, 1.0],
                [0.900842, 0.0, -0.434148, -5e-06, -0.434148, 0.0, -0.900842, 0.000946, 0.0, 1.0, 0.0, 0.739346, 0.0, 0.0, 0.0, 1.0],
                [0.900842, 0.0, -0.434148, -5e-06, -0.434148, 0.0, -0.900842, 0.000946, 0.0, 1.0, 0.0, 0.739346, 0.0, 0.0, 0.0, 1.0],
                [0.900842, 0.0, -0.434148, -5e-06, -0.434148, 0.0, -0.900842, 0.000946, 0.0, 1.0, 0.0, 0.739346, 0.0, 0.0, 0.0, 1.0],
                [0.900842, 0.0, -0.434148, -5e-06, -0.434148, 0.0, -0.900842, 0.000946, 0.0, 1.0, 0.0, 0.739346, 0.0, 0.0, 0.0, 1.0],
                [0.900842, 0.0, -0.434148, -5e-06, -0.434148, 0.0, -0.900842, 0.000946, 0.0, 1.0, 0.0, 0.739346, 0.0, 0.0, 0.0, 1.0],
                [0.900842, 0.0, -0.434148, -5e-06, -0.434148, 0.0, -0.900842, 0.014897, 0.0, 1.0, 0.0, 0.729238, 0.0, 0.0, 0.0, 1.0],
                [0.900842, 0.0, -0.434148, -5e-06, -0.434148, 0.0, -0.900842, 0.055498, 0.0, 1.0, 0.0, 0.699821, 0.0, 0.0, 0.0, 1.0],
                [0.900842, 0.0, -0.434148, -5e-06, -0.434148, 0.0, -0.900842, 0.113865, 0.0, 1.0, 0.0, 0.657531, 0.0, 0.0, 0.0, 1.0],
                [0.900842, 0.0, -0.434148, -5e-06, -0.434148, 0.0, -0.900842, 0.172232, 0.0, 1.0, 0.0, 0.615242, 0.0, 0.0, 0.0, 1.0],
                [0.900842, 0.0, -0.434148, -5e-06, -0.434148, 0.0, -0.900842, 0.212834, 0.0, 1.0, 0.0, 0.585824, 0.0, 0.0, 0.0, 1.0],
                [0.900842, 0.0, -0.434148, -5e-06, -0.434148, 0.0, -0.900842, 0.226784, 0.0, 1.0, 0.0, 0.575716, 0.0, 0.0, 0.0, 1.0],
                [0.900842, 0.0, -0.434148, -5e-06, -0.434148, 0.0, -0.900842, 0.226784, 0.0, 1.0, 0.0, 0.575716, 0.0, 0.0, 0.0, 1.0],
                [0.900842, 0.0, -0.434148, -5e-06, -0.434148, 0.0, -0.900842, 0.226784, 0.0, 1.0, 0.0, 0.575716, 0.0, 0.0, 0.0, 1.0],
                [0.900842, 0.0, -0.434148, -5e-06, -0.434148, 0.0, -0.900842, 0.226784, 0.0, 1.0, 0.0, 0.575716, 0.0, 0.0, 0.0, 1.0],
                [0.900842, 0.0, -0.434148, -5e-06, -0.434148, 0.0, -0.900842, 0.226784, 0.0, 1.0, 0.0, 0.575716, 0.0, 0.0, 0.0, 1.0],
                [0.900842, 0.0, -0.434148, -5e-06, -0.434148, 0.0, -0.900842, 0.226784, 0.0, 1.0, 0.0, 0.575716, 0.0, 0.0, 0.0, 1.0],
                [0.900842, 0.0, -0.434148, -5e-06, -0.434148, 0.0, -0.900842, 0.226784, 0.0, 1.0, 0.0, 0.575716, 0.0, 0.0, 0.0, 1.0],
                [0.900842, 0.0, -0.434148, -5e-06, -0.434148, 0.0, -0.900842, 0.226784, 0.0, 1.0, 0.0, 0.575716, 0.0, 0.0, 0.0, 1.0]
            ]
        },
        {
            "name": "Thigh_R",
            "time": [0.0, 0.0167, 0.0333, 0.05, 0.0667, 0.0833, 0.1, 0.1167, 0.1333, 0.15, 0.1667, 0.1833, 0.2, 0.2167, 0.2333, 0.25, 0.2667, 0.2833, 0.3, 0.3167, 0.3333, 0.35, 0.3667, 0.3833, 0.4],
            "transform": [
                [0.990703, 0.115138, 0.072456, 0.124994, 0.119659, -0.99091, -0.061465, -0.002831, 0.064723, 0.069573, -0.995437, -1.2e-05, 0.0, 0.0, 0.0, 1.0],
                [0.990703, 0.115138, 0.072456, 0.124994, 0.119659, -0.99091, -0.061465, -0.002831, 0.064723, 0.069573, -0.995437, -1.2e-05, 0.0, 0.0, 0.0, 1.0],
                [0.990703, 0.115138, 0.072456, 0.124994, 0.119659, -0.99091, -0.061465, -0.002831, 0.064723, 0.069573, -0.995437, -1.2e-05, 0.0, 0.0, 0.0, 1.0],
                [0.990703, 0.115138, 0.072456, 0.124994, 0.119659, -0.99091, -0.061465, -0.002831, 0.064723, 0.069573, -0.995437, -1.2e-05, 0.0, 0.0, 0.0, 1.0],
                [0.990703, 0.115138, 0.072456, 0.124994, 0.119659, -0.99091, -0.061465, -0.002831, 0.064723, 0.069573, -0.995437, -1.2e-05, 0.0, 0.0, 0.0, 1.0],
                [0.990703, 0.115138, 0.072456, 0.124994, 0.119659, -0.99091, -0.061465, -0.002831, 0.064723, 0.069573, -0.995437, -1.2e-05, 0.0, 0.0, 0.0, 1.0],
                [0.990703, 0.115138, 0.072456, 0.124994, 0.119659, -0.99091, -0.061465, -0.002831, 0.064723, 0.069573, -0.995437, -1.2e-05, 0.0, 0.0, 0.0, 1.0],
                [0.990703, 0.115138, 0.072456, 0.124994, 0.119659, -0.99091, -0.061465, -0.002831, 0.064723, 0.069573, -0.995437, -1.2e-05, 0.0, 0.0, 0.0, 1.0],
                [0.990703, 0.115138, 0.072456, 0.124994, 0.119659, -0.99091, -0.061465, -0.002831, 0.064723, 0.069573, -0.995437, -1.2e-05, 0.0, 0.0, 0.0, 1.0],
                [0.990703, 0.115138, 0.072456, 0.124994, 0.119659, -0.99091, -0.061465, -0.002831, 0.064723, 0.069573, -0.995437, -1.2e-05, 0.0, 0.0, 0.0, 1.0],
                [0.990703, 0.115138, 0.072456, 0.124994, 0.119659, -0.99091, -0.061465, -0.002831, 0.064723, 0.069573, -0.995437, -1.2e-05, 0.0, 0.0, 0.0, 1.0],
                [0.990703, 0.115138, 0.072456, 0.124994, 0.119659, -0.99091, -0.061465, -0.002831, 0.064723, 0.069573, -0.995437, -1.2e-05, 0.0, 0.0, 0.0, 1.0],
                [0.990703, 0.115138, 0.072456, 0.124994, 0.119659, -0.99091, -0.061465, -0.002831, 0.064723, 0.069573, -0.995437, -1.2e-05, 0.0, 0.0, 0.0, 1.0],
                [0.988651, 0.130299, 0.074768, 0.124994, 0.132118, -0.991033, -0.0199, -0.002831, 0.071507, 0.029563, -0.996964, -1.2e-05, 0.0, 0.0, 0.0, 1.0],
                [0.980711, 0.173836, 0.089365, 0.124994, 0.171821, -0.984675, 0.029843, -0.002831, 0.093186, -0.013899, -0.995515, -1.2e-05, 0.0, 0.0, 0.0, 1.0],
                [0.962136, 0.242488, 0.124462, 0.124994, 0.23947, -0.970121, 0.038911, -0.002831, 0.130183, -0.007615, -0.991425, -1.2e-05, 0.0, 0.0, 0.0, 1.0],
                [0.930305, 0.319951, 0.179328, 0.124994, 0.322116, -0.946531, 0.017742, -0.002831, 0.175422, 0.041279, -0.983594, -1.2e-05, 0.0, 0.0, 0.0, 1.0],
                [0.896154, 0.378153, 0.232164, 0.124994, 0.389613, -0.920967, -0.003786, -0.002831, 0.212391, 0.09387, -0.972634, -1.2e-05, 0.0, 0.0, 0.0, 1.0],
                [0.881386, 0.398631, 0.253461, 0.124994, 0.414742, -0.909866, -0.011199, -0.002831, 0.22616, 0.115015, -0.967245, -1.2e-05, 0.0, 0.0, 0.0, 1.0],
                [0.881386, 0.398631, 0.253461, 0.124994, 0.414742, -0.909866, -0.011199, -0.002831, 0.22616, 0.115015, -0.967245, -1.2e-05, 0.0, 0.0, 0.0, 1.0],
                [0.881386, 0.398631, 0.253461, 0.124994, 0.414742, -0.909866, -0.011199, -0.002831, 0.22616, 0.115015, -0.967245, -1.2e-05, 0.0, 0.0, 0.0, 1.0],
                [0.881386, 0.398631, 0.253461, 0.124994, 0.414742, -0.909866, -0.011199, -0.002831, 0.22616, 0.115015, -0.967245, -1.2e-05, 0.0, 0.0, 0.0, 1.0],
                [0.881386, 0.398631, 0.253461, 0.124994, 0.414742, -0.909866, -0.011199, -0.002831, 0.22616, 0.115015, -0.967245, -1.2e-05, 0.0, 0.0, 0.0, 1.0],
                [0.881386, 0.398631, 0.253461, 0.124994, 0.414742, -0.909866, -0.011199, -0.002831, 0.22616, 0.115015, -0.967245, -1.2e-05, 0.0, 0.0, 0.0, 1.0],
                [0.881386, 0.398631, 0.253461, 0.124994, 0.414742, -0.909866, -0.011199, -0.002831, 0.22616, 0.115015, -0.967245, -1.2e-05, 0.0, 0.0, 0.0, 1.0],
                [0.881386, 0.398631, 0.253461, 0.124994, 0.414742, -0.909866, -0.011199, -0.002831, 0.22616, 0.115015, -0.967245, -1.2e-05, 0.0, 0.0, 0.0, 1.0]
            ]
        },
        {
            "name": "Leg_R",
            "time": [0.0, 0.0167, 0.0333, 0.05, 0.0667, 0.0833, 0.1, 0.1167, 0.1333, 0.15, 0.1667, 0.1833, 0.2, 0.2167, 0.2333, 0.25, 0.2667, 0.2833, 0.3, 0.3167, 0.3333, 0.35, 0.3667, 0.3833, 0.4],
            "transform": [
                [1.0, -0.000268, -0.000148, 0.0, 0.000295, 0.970946, 0.239293, 0.375166, 7.9e-05, -0.2393, 0.970948, 0.0, 0.0, 0.0, 0.0, 1.0],
                [1.0, -0.000268, -0.000148, 0.0, 0.000295, 0.970946, 0.239293, 0.375166, 7.9e-05, -0.2393, 0.970948, 0.0, 0.0, 0.0, 0.0, 1.0],
                [1.0, -0.000268, -0.000148, 0.0, 0.000295, 0.970946, 0.239293, 0.375166, 7.9e-05, -0.2393, 0.970948, 0.0, 0.0, 0.0, 0.0, 1.0],
                [1.0, -0.000268, -0.000148, 0.0, 0.000295, 0.970946, 0.239293, 0.375166, 7.9e-05, -0.2393, 0.970948, 0.0, 0.0, 0.0, 0.0, 1.0],
                [1.0, -0.000268, -0.000148, 0.0, 0.000295, 0.970946, 0.239293, 0.375166, 7.9e-05, -0.2393, 0.970948, 0.0, 0.0, 0.0, 0.0, 1.0],
                [1.0, -0.000268, -0.000148, 0.0, 0.000295, 0.970946, 0.239293, 0.375166, 7.9e-05, -0.2393, 0.970948, 0.0, 0.0, 0.0, 0.0, 1.0],
                [1.0, -0.000268, -0.000148, 0.0, 0.000295, 0.970946, 0.239293, 0.375166, 7.9e-05, -0.2393, 0.970948, 0.0, 0.0, 0.0, 0.0, 1.0],
                [1.0, -0.000268, -0.000148, 0.0, 0.000295, 0.970946, 0.239293, 0.375166, 7.9e-05, -0.2393, 0.970948, 0.0, 0.0, 0.0, 0.0, 1.0],
                [1.0, -0.000268, -0.000148, 0.0, 0.000295, 0.970946, 0.239293, 0.375166, 7.9e-05, -0.2393, 0.970948, 0.0, 0.0, 0.0, 0.0, 1.0],
                [1.0, -0.000268, -0.000148, 0.0, 0.000295, 0.970946, 0.239293, 0.375166, 7.9e-05, -0.2393, 0.970948, 0.0, 0.0, 0.0, 0.0, 1.0],
                [1.0, -0.000268, -0.000148, 0.0, 0.000295, 0.970946, 0.239293, 0.375166, 7.9e-05, -0.2393, 0.970948, 0.0, 0.0, 0.0, 0.0, 1.0],
                [1.0, -0.000268, -0.000148, 0.0, 0.000295, 0.970946, 0.239293, 0.375166, 7.9e-05, -0.2393, 0.970948, 0.0, 0.0, 0.0, 0.0, 1.0],
                [1.0, -0.000268, -0.000148, 0.0, 0.000295, 0.970946, 0.239293, 0.375166, 7.9e-05, -0.2393, 0.970948, 0.0, 0.0, 0.0, 0.0, 1.0],
                [1.0, -0.000394, -0.000187, -0.0, 0.000435, 0.935762, 0.352621, 0.375166, 3.6e-05, -0.352636, 0.935766, 0.0, 0.0, 0.0, 0.0, 1.0],
                [1.0, -0.000598, -0.000288, 0.0, 0.000659, 0.845327, 0.534233, 0.375166, -7.6e-05, -0.53426, 0.845335, -0.0, 0.0, 0.0, 0.0, 1.0],
                [1.0, -0.000744, -0.000398, 0.0, 0.000821, 0.746571, 0.665287, 0.375166, -0.000198, -0.665322, 0.746582, -0.0, 0.0, 0.0, 0.0, 1.0],
                [1.0, -0.000815, -0.000468, -0.0, 0.000899, 0.684679, 0.728826, 0.375166, -0.000274, -0.728862, 0.684691, -0.0, 0.0, 0.0, 0.0, 1.0],
                [1.0, -0.000837, -0.000491, 0.0, 0.000923, 0.6634, 0.748246, 0.375166, -0.0003, -0.748283, 0.663412, -0.0, 0.0, 0.0, 0.0, 1.0],
                [0.999999, -0.00084, -0.000495, 0.0, 0.000926, 0.660203, 0.751068, 0.375166, -0.000304, -0.751105, 0.660216, 0.0, 0.0, 0.0, 0.0, 1.0],
                [0.999999, -0.00084, -0.000495, 0.0, 0.000926, 0.660203, 0.751068, 0.375166, -0.000304, -0.751105, 0.660216, 0.0, 0.0, 0.0, 0.0, 1.0],
                [0.999999, -0.00084, -0.000495, 0.0, 0.000926, 0.660203, 0.751068, 0.375166, -0.000304, -0.751105, 0.660216, 0.0, 0.0, 0.0, 0.0, 1.0],
                [0.999999, -0.00084, -0.000495, 0.0, 0.000926, 0.660203, 0.751068, 0.375166, -0.000304, -0.751105, 0.660216, 0.0, 0.0, 0.0, 0.0, 1.0],
                [0.999999, -0.00084, -0.000495, 0.0, 0.000926, 0.660203, 0.751068, 0.375166, -0.000304, -0.751105, 0.660216, 0.0, 0.0, 0.0, 0.0, 1.0],
                [0.999999, -0.00084, -0.000495, 0.0, 0.000926, 0.660203, 0.751068, 0.375166, -0.000304, -0.751105, 0.660216, 0.0, 0.0, 0.0, 0.0, 1.0],
                [0.999999, -0.00084, -0.000495, 0.0, 0.000926, 0.660203, 0.751068, 0.375166, -0.000304, -0.751105, 0.660216, 0.0, 0.0, 0.0, 0.0, 1.0],
                [0.999999, -0.00084, -0.000495, 0.0, 0.000926, 0.660203, 0.751068, 0.375166, -0.000304, -0.751105, 0.660216, 0.0, 0.0, 0.0, 0.0, 1.0]
            ]
        },
        {
            "name": "Knee_R",
            "time": [0.0, 0.0167, 0.0333, 0.05, 0.0667, 0.0833, 0.1, 0.1167, 0.1333, 0.15, 0.1667, 0.1833, 0.2, 0.2167, 0.2333, 0.25, 0.2667, 0.2833, 0.3, 0.3167, 0.3333, 0.35, 0.3667, 0.3833, 0.4],
            "transform": [
                [1.0, -5.7e-05, 5.4e-05, 0.0, 5.7e-05, 0.048757, -0.998811, 0.375166, 5.4e-05, 0.998811, 0.048757, 0.0, 0.0, 0.0, 0.0, 1.0],
                [1.0, -5.7e-05, 5.4e-05, 0.0, 5.7e-05, 0.048757, -0.998811, 0.375166, 5.4e-05, 0.998811, 0.048757, 0.0, 0.0, 0.0, 0.0, 1.0],
                [1.0, -5.7e-05, 5.4e-05, 0.0, 5.7e-05, 0.048757, -0.998811, 0.375166, 5.4e-05, 0.998811, 0.048757, 0.0, 0.0, 0.0, 0.0, 1.0],
                [1.0, -5.7e-05, 5.4e-05, 0.0, 5.7e-05, 0.048757, -0.998811, 0.375166, 5.4e-05, 0.998811, 0.048757, 0.0, 0.0, 0.0, 0.0, 1.0],
                [1.0, -5.7e-05, 5.4e-05, 0.0, 5.7e-05, 0.048757, -0.998811, 0.375166, 5.4e-05, 0.998811, 0.048757, 0.0, 0.0, 0.0, 0.0, 1.0],
                [1.0, -5.7e-05, 5.4e-05, 0.0, 5.7e-05, 0.048757, -0.998811, 0.375166, 5.4e-05, 0.998811, 0.048757, 0.0, 0.0, 0.0, 0.0, 1.0],
                [1.0, -5.7e-05, 5.4e-05, 0.0, 5.7e-05, 0.048757, -0.998811, 0.375166, 5.4e-05, 0.998811, 0.048757, 0.0, 0.0, 0.0, 0.0, 1.0],
                [1.0, -5.7e-05, 5.4e-05, 0.0, 5.7e-05, 0.048757, -0.998811, 0.375166, 5.4e-05, 0.998811, 0.048757, 0.0, 0.0, 0.0, 0.0, 1.0],
                [1.0, -5.7e-05, 5.4e-05, 0.0, 5.7e-05, 0.048757, -0.998811, 0.375166, 5.4e-05, 0.998811, 0.048757, 0.0, 0.0, 0.0, 0.0, 1.0],
                [1.0, -5.7e-05, 5.4e-05, 0.0, 5.7e-05, 0.048757, -0.998811, 0.375166, 5.4e-05, 0.998811, 0.048757, 0.0, 0.0, 0.0, 0.0, 1.0],
                [1.0, -5.7e-05, 5.4e-05, 0.0, 5.7e-05, 0.048757, -0.998811, 0.375166, 5.4e-05, 0.998811, 0.048757, 0.0, 0.0, 0.0, 0.0, 1.0],
                [1.0, -5.7e-05, 5.4e-05, 0.0, 5.7e-05, 0.048757, -0.998811, 0.375166, 5.4e-05, 0.998811, 0.048757, 0.0, 0.0, 0.0, 0.0, 1.0],
                [1.0, -5.7e-05, 5.4e-05, 0.0, 5.7e-05, 0.048757, -0.998811, 0.375166, 5.4e-05, 0.998811, 0.048757, 0.0, 0.0, 0.0, 0.0, 1.0],
                [1.0, -5.7e-05, 5.4e-05, -0.0, 5.7e-05, 0.048757, -0.998811, 0.375166, 5.4e-05, 0.998811, 0.048757, 0.0, 0.0, 0.0, 0.0, 1.0],
                [1.0, -5.7e-05, 5.4e-05, 0.0, 5.7e-05, 0.048757, -0.998811, 0.375166, 5.4e-05, 0.998811, 0.048757, -0.0, 0.0, 0.0, 0.0, 1.0],
                [1.0, -5.7e-05, 5.4e-05, 0.0, 5.7e-05, 0.048757, -0.998811, 0.375166, 5.4e-05, 0.998811, 0.048757, -0.0, 0.0, 0.0, 0.0, 1.0],
                [1.0, -5.7e-05, 5.4e-05, -0.0, 5.7e-05, 0.048757, -0.998811, 0.375166, 5.4e-05, 0.998811, 0.048757, -0.0, 0.0, 0.0, 0.0, 1.0],
                [1.0, -5.7e-05, 5.4e-05, 0.0, 5.7e-05, 0.048757, -0.998811, 0.375166, 5.4e-05, 0.998811, 0.048757, -0.0, 0.0, 0.0, 0.0, 1.0],
                [1.0, -5.7e-05, 5.4e-05, 0.0, 5.7e-05, 0.048757, -0.998811, 0.375166, 5.4e-05, 0.998811, 0.048757, 0.0, 0.0, 0.0, 0.0, 1.0],
                [1.0, -5.7e-05, 5.4e-05, 0.0, 5.7e-05, 0.048757, -0.998811, 0.375166, 5.4e-05, 0.998811, 0.048757, 0.0, 0.0, 0.0, 0.0, 1.0],
                [1.0, -5.7e-05, 5.4e-05, 0.0, 5.7e-05, 0.048757, -0.998811, 0.375166, 5.4e-05, 0.998811, 0.048757, 0.0, 0.0, 0.0, 0.0, 1.0],
                [1.0, -5.7e-05, 5.4e-05, 0.0, 5.7e-05, 0.048757, -0.998811, 0.375166, 5.4e-05, 0.998811, 0.048757, 0.0, 0.0, 0.0, 0.0, 1.0],
                [1.0, -5.7e-05, 5.4e-05, 0.0, 5.7e-05, 0.048757, -0.998811, 0.375166, 5.4e-05, 0.998811, 0.048757, 0.0, 0.0, 0.0, 0.0, 1.0],
                [1.0, -5.7e-05, 5.4e-05, 0.0, 5.7e-05, 0.048757, -0.998811, 0.375166, 5.4e-05, 0.998811, 0.048757, 0.0, 0.0, 0.0, 0.0, 1.0],
                [1.0, -5.7e-05, 5.4e-05, 0.0, 5.7e-05, 0.048757, -0.998811, 0.375166, 5.4e-05, 0.998811, 0.048757, 0.0, 0.0, 0.0, 0.0, 1.0],
                [1.0, -5.7e-05, 5.4e-05, 0.0, 5.7e-05, 0.048757, -0.998811, 0.375166, 5.4e-05, 0.998811, 0.048757, 0.0, 0.0, 0.0, 0.0, 1.0]
            ]
        },
        {
            "name": "Thigh_L",
            "time": [0.0, 0.0167, 0.0333, 0.05, 0.0667, 0.0833, 0.1, 0.1167, 0.1333, 0.15, 0.1667, 0.1833, 0.2, 0.2167, 0.2333, 0.25, 0.2667, 0.2833, 0.3, 0.3167, 0.3333, 0.35, 0.3667, 0.3833, 0.4],
            "transform": [
                [0.958733, -0.063711, -0.277066, -0.125006, 0.040085, -0.934543, 0.353577, -0.002831, -0.281469, -0.350099, -0.893379, -1.2e-05, 0.0, 0.0, 0.0, 1.0],
                [0.958733, -0.063711, -0.277066, -0.125006, 0.040085, -0.934543, 0.353577, -0.002831, -0.281469, -0.350099, -0.893379, -1.2e-05, 0.0, 0.0, 0.0, 1.0],
                [0.958733, -0.063711, -0.277066, -0.125006, 0.040085, -0.934543, 0.353577, -0.002831, -0.281469, -0.350099, -0.893379, -1.2e-05, 0.0, 0.0, 0.0, 1.0],
                [0.958733, -0.063711, -0.277066, -0.125006, 0.040085, -0.934543, 0.353577, -0.002831, -0.281469, -0.350099, -0.893379, -1.2e-05, 0.0, 0.0, 0.0, 1.0],
                [0.958733, -0.063711, -0.277066, -0.125006, 0.040085, -0.934543, 0.353577, -0.002831, -0.281469, -0.350099, -0.893379, -1.2e-05, 0.0, 0.0, 0.0, 1.0],
                [0.958733, -0.063711, -0.277066, -0.125006, 0.040085, -0.934543, 0.353577, -0.002831, -0.281469, -0.350099, -0.893379, -1.2e-05, 0.0, 0.0, 0.0, 1.0],
                [0.958733, -0.063711, -0.277066, -0.125006, 0.040085, -0.934543, 0.353577, -0.002831, -0.281469, -0.350099, -0.893379, -1.2e-05, 0.0, 0.0, 0.0, 1.0],
                [0.958733, -0.063711, -0.277066, -0.125006, 0.040085, -0.934543, 0.353577, -0.002831, -0.281469, -0.350099, -0.893379, -1.2e-05, 0.0, 0.0, 0.0, 1.0],
                [0.958733, -0.063711, -0.277066, -0.125006, 0.040085, -0.934543, 0.353577, -0.002831, -0.281469, -0.350099, -0.893379, -1.2e-05, 0.0, 0.0, 0.0, 1.0],
                [0.958733, -0.063711, -0.277066, -0.125006, 0.040085, -0.934543, 0.353577, -0.002831, -0.281469, -0.350099, -0.893379, -1.2e-05, 0.0, 0.0, 0.0, 1.0],
                [0.958733, -0.063711, -0.277066, -0.125006, 0.040085, -0.934543, 0.353577, -0.002831, -0.281469, -0.350099, -0.893379, -1.2e-05, 0.0, 0.0, 0.0, 1.0],
                [0.958733, -0.063711, -0.277066, -0.125006, 0.040085, -0.934543, 0.353577, -0.002831, -0.281469, -0.350099, -0.893379, -1.2e-05, 0.0, 0.0, 0.0, 1.0],
                [0.958733, -0.063711, -0.277066, -0.125006, 0.040085, -0.934543, 0.353577, -0.002831, -0.281469, -0.350099, -0.893379, -1.2e-05, 0.0, 0.0, 0.0, 1.0],
                [0.959938, -0.129274, -0.248598, -0.125006, 0.037665, -0.81964, 0.571626, -0.002831, -0.277671, -0.558094, -0.781893, -1.2e-05, 0.0, 0.0, 0.0, 1.0],
                [0.96386, -0.20284, -0.172701, -0.125006, 0.027537, -0.568963, 0.821884, -0.002831, -0.264984, -0.796942, -0.542777, -1.2e-05, 0.0, 0.0, 0.0, 1.0],
                [0.969067, -0.22279, -0.106157, -0.125006, 0.014847, -0.376769, 0.926167, -0.002831, -0.246349, -0.8991, -0.361773, -1.2e-05, 0.0, 0.0, 0.0, 1.0],
                [0.974771, -0.211601, -0.071028, -0.125006, -0.006198, -0.343781, 0.939007, -0.002831, -0.223123, -0.914883, -0.336385, -1.2e-05, 0.0, 0.0, 0.0, 1.0],
                [0.978933, -0.196084, -0.056915, -0.125006, -0.03523, -0.43681, 0.898841, -0.002831, -0.201119, -0.87791, -0.43448, -1.2e-05, 0.0, 0.0, 0.0, 1.0],
                [0.980066, -0.190068, -0.057823, -0.125006, -0.045365, -0.497491, 0.866259, -0.002831, -0.193423, -0.84638, -0.496159, -1.2e-05, 0.0, 0.0, 0.0, 1.0],
                [0.980066, -0.190068, -0.057823, -0.125006, -0.045365, -0.497491, 0.866259, -0.002831, -0.193423, -0.84638, -0.496159, -1.2e-05, 0.0, 0.0, 0.0, 1.0],
                [0.980066, -0.190068, -0.057823, -0.125006, -0.045365, -0.497491, 0.866259, -0.002831, -0.193423, -0.84638, -0.496159, -1.2e-05, 0.0, 0.0, 0.0, 1.0],
                [0.980066, -0.190068, -0.057823, -0.125006, -0.045365, -0.497491, 0.866259, -0.002831, -0.193423, -0.84638, -0.496159, -1.2e-05, 0.0, 0.0, 0.0, 1.0],
                [0.980066, -0.190068, -0.057823, -0.125006, -0.045365, -0.497491, 0.866259, -0.002831, -0.193423, -0.84638, -0.496159, -1.2e-05, 0.0, 0.0, 0.0, 1.0],
                [0.980066, -0.190068, -0.057823, -0.125006, -0.045365, -0.497491, 0.866259, -0.002831, -0.193423, -0.84638, -0.496159, -1.2e-05, 0.0, 0.0, 0.0, 1.0],
                [0.980066, -0.190068, -0.057823, -0.125006, -0.045365, -0.497491, 0.866259, -0.002831, -0.193423, -0.84638, -0.496159, -1.2e-05, 0.0, 0.0, 0.0, 1.0],
                [0.980066, -0.190068, -0.057823, -0.125006, -0.045365, -0.497491, 0.866259, -0.002831, -0.193423, -0.84638, -0.496159, -1.2e-05, 0.0, 0.0, 0.0, 1.0]
            ]
        },
        {
            "name": "Leg_L",
            "time": [0.0, 0.0167, 0.0333, 0.05, 0.0667, 0.0833, 0.1, 0.1167, 0.1333, 0.15, 0.1667, 0.1833, 0.2, 0.2167, 0.2333, 0.25, 0.2667, 0.2833, 0.3, 0.3167, 0.3333, 0.35, 0.3667, 0.3833, 0.4],
            "transform": [
                [1.0, 1e-06, 1e-06, 0.0, -1e-06, 0.954598, 0.297887, 0.375166, -1e-06, -0.2979, 0.954601, -0.0, 0.0, 0.0, 0.0, 1.0],
                [1.0, 1e-06, 1e-06, 0.0, -1e-06, 0.954598, 0.297887, 0.375166, -1e-06, -0.2979, 0.954601, -0.0, 0.0, 0.0, 0.0, 1.0],
                [1.0, 1e-06, 1e-06, 0.0, -1e-06, 0.954598, 0.297887, 0.375166, -1e-06, -0.2979, 0.954601, -0.0, 0.0, 0.0, 0.0, 1.0],
                [1.0, 1e-06, 1e-06, 0.0, -1e-06, 0.954598, 0.297887, 0.375166, -1e-06, -0.2979, 0.954601, -0.0, 0.0, 0.0, 0.0, 1.0],
                [1.0, 1e-06, 1e-06, 0.0, -1e-06, 0.954598, 0.297887, 0.375166, -1e-06, -0.2979, 0.954601, -0.0, 0.0, 0.0, 0.0, 1.0],
                [1.0, 1e-06, 1e-06, 0.0, -1e-06, 0.954598, 0.297887, 0.375166, -1e-06, -0.2979, 0.954601, -0.0, 0.0, 0.0, 0.0, 1.0],
                [1.0, 1e-06, 1e-06, 0.0, -1e-06, 0.954598, 0.297887, 0.375166, -1e-06, -0.2979, 0.954601, -0.0, 0.0, 0.0, 0.0, 1.0],
                [1.0, 1e-06, 1e-06, 0.0, -1e-06, 0.954598, 0.297887, 0.375166, -1e-06, -0.2979, 0.954601, -0.0, 0.0, 0.0, 0.0, 1.0],
                [1.0, 1e-06, 1e-06, 0.0, -1e-06, 0.954598, 0.297887, 0.375166, -1e-06, -0.2979, 0.954601, -0.0, 0.0, 0.0, 0.0, 1.0],
                [1.0, 1e-06, 1e-06, 0.0, -1e-06, 0.954598, 0.297887, 0.375166, -1e-06, -0.2979, 0.954601, -0.0, 0.0, 0.0, 0.0, 1.0],
                [1.0, 1e-06, 1e-06, 0.0, -1e-06, 0.954598, 0.297887, 0.375166, -1e-06, -0.2979, 0.954601, -0.0, 0.0, 0.0, 0.0, 1.0],
                [1.0, 1e-06, 1e-06, 0.0, -1e-06, 0.954598, 0.297887, 0.375166, -1e-06, -0.2979, 0.954601, -0.0, 0.0, 0.0, 0.0, 1.0],
                [1.0, 1e-06, 1e-06, 0.0, -1e-06, 0.954598, 0.297887, 0.375166, -1e-06, -0.2979, 0.954601, -0.0, 0.0, 0.0, 0.0, 1.0],
                [1.0, 2e-06, 1e-06, 0.0, -2e-06, 0.749712, 0.661742, 0.375166, 0.0, -0.661782, 0.749724, -0.0, 0.0, 0.0, 0.0, 1.0],
                [1.0, 2e-06, 2e-06, -0.0, -3e-06, 0.341541, 0.939847, 0.375166, 1e-06, -0.939892, 0.341555, -0.0, 0.0, 0.0, 0.0, 1.0],
                [1.0, 2e-06, 3e-06, 0.0, -3e-06, 0.081097, 0.996688, 0.375166, 2e-06, -0.996728, 0.081108, -0.0, 0.0, 0.0, 0.0, 1.0],
                [1.0, 2e-06, 3e-06, 0.0, -3e-06, 0.091688, 0.995769, 0.375166, 2e-06, -0.99581, 0.091699, 0.0, 0.0, 0.0, 0.0, 1.0],
                [1.0, 2e-06, 2e-06, -0.0, -3e-06, 0.335836, 0.941901, 0.375166, 1e-06, -0.941945, 0.33585, -0.0, 0.0, 0.0, 0.0, 1.0],
                [1.0, 2e-06, 2e-06, -0.0, -3e-06, 0.468188, 0.883608, 0.375166, 1e-06, -0.883653, 0.468203, -0.0, 0.0, 0.0, 0.0, 1.0],
                [1.0, 2e-06, 2e-06, -0.0, -3e-06, 0.468188, 0.883608, 0.375166, 1e-06, -0.883653, 0.468203, -0.0, 0.0, 0.0, 0.0, 1.0],
                [1.0, 2e-06, 2e-06, -0.0, -3e-06, 0.468188, 0.883608, 0.375166, 1e-06, -0.883653, 0.468203, -0.0, 0.0, 0.0, 0.0, 1.0],
                [1.0, 2e-06, 2e-06, -0.0, -3e-06, 0.468188, 0.883608, 0.375166, 1e-06, -0.883653, 0.468203, -0.0, 0.0, 0.0, 0.0, 1.0],
                [1.0, 2e-06, 2e-06, -0.0, -3e-06, 0.468188, 0.883608, 0.375166, 1e-06, -0.883653, 0.468203, -0.0, 0.0, 0.0, 0.0, 1.0],
                [1.0, 2e-06, 2e-06, -0.0, -3e-06, 0.468188, 0.883608, 0.375166, 1e-06, -0.883653, 0.468203, -0.0, 0.0, 0.0, 0.0, 1.0],
                [1.0, 2e-06, 2e-06, -0.0, -3e-06, 0.468188, 0.883608, 0.375166, 1e-06, -0.883653, 0.468203, -0.0, 0.0, 0.0, 0.0, 1.0],
                [1.0, 2e-06, 2e-06, -0.0, -3e-06, 0.468188, 0.883608, 0.375166, 1e-06, -0.883653, 0.468203, -0.0, 0.0, 0.0, 0.0, 1.0]
            ]
        },
        {
            "name": "Knee_L",
            "time": [0.0, 0.0167, 0.0333, 0.05, 0.0667, 0.0833, 0.1, 0.1167, 0.1333, 0.15, 0.1667, 0.1833, 0.2, 0.2167, 0.2333, 0.25, 0.2667, 0.2833, 0.3, 0.3167, 0.3333, 0.35, 0.3667, 0.3833, 0.4],
            "transform": [
                [1.0, 0.0, -0.0, 0.0, -0.0, 0.048757, -0.998811, 0.375166, -0.0, 0.998811, 0.048757, -0.0, 0.0, 0.0, 0.0, 1.0],
                [1.0, 0.0, -0.0, 0.0, -0.0, 0.048757, -0.998811, 0.375166, -0.0, 0.998811, 0.048757, -0.0, 0.0, 0.0, 0.0, 1.0],
                [1.0, 0.0, -0.0, 0.0, -0.0, 0.048757, -0.998811, 0.375166, -0.0, 0.998811, 0.048757, -0.0, 0.0, 0.0, 0.0, 1.0],
                [1.0, 0.0, -0.0, 0.0, -0.0, 0.048757, -0.998811, 0.375166, -0.0, 0.998811, 0.048757, -0.0, 0.0, 0.0, 0.0, 1.0],
                [1.0, 0.0, -0.0, 0.0, -0.0, 0.048757, -0.998811, 0.375166, -0.0, 0.998811, 0.048757, -0.0, 0.0, 0.0, 0.0, 1.0],
                [1.0, 0.0, -0.0, 0.0, -0.0, 0.048757, -0.998811, 0.375166, -0.0, 0.998811, 0.048757, -0.0, 0.0, 0.0, 0.0, 1.0],
                [1.0, 0.0, -0.0, 0.0, -0.0, 0.048757, -0.998811, 0.375166, -0.0, 0.998811, 0.048757, -0.0, 0.0, 0.0, 0.0, 1.0],
                [1.0, 0.0, -0.0, 0.0, -0.0, 0.048757, -0.998811, 0.375166, -0.0, 0.998811, 0.048757, -0.0, 0.0, 0.0, 0.0, 1.0],
                [1.0, 0.0, -0.0, 0.0, -0.0, 0.048757, -0.998811, 0.375166, -0.0, 0.998811, 0.048757, -0.0, 0.0, 0.0, 0.0, 1.0],
                [1.0, 0.0, -0.0, 0.0, -0.0, 0.048757, -0.998811, 0.375166, -0.0, 0.998811, 0.048757, -0.0, 0.0, 0.0, 0.0, 1.0],
                [1.0, 0.0, -0.0, 0.0, -0.0, 0.048757, -0.998811, 0.375166, -0.0, 0.998811, 0.048757, -0.0, 0.0, 0.0, 0.0, 1.0],
                [1.0, 0.0, -0.0, 0.0, -0.0, 0.048757, -0.998811, 0.375166, -0.0, 0.998811, 0.048757, -0.0, 0.0, 0.0, 0.0, 1.0],
                [1.0, 0.0, -0.0, 0.0, -0.0, 0.048757, -0.998811, 0.375166, -0.0, 0.998811, 0.048757, -0.0, 0.0, 0.0, 0.0, 1.0],
                [1.0, 0.0, -0.0, 0.0, -0.0, 0.048757, -0.998811, 0.375166, -0.0, 0.998811, 0.048757, -0.0, 0.0, 0.0, 0.0, 1.0],
                [1.0, 0.0, -0.0, -0.0, -0.0, 0.048757, -0.998811, 0.375166, -0.0, 0.998811, 0.048757, -0.0, 0.0, 0.0, 0.0, 1.0],
                [1.0, 0.0, -0.0, 0.0, -0.0, 0.048757, -0.998811, 0.375166, -0.0, 0.998811, 0.048757, -0.0, 0.0, 0.0, 0.0, 1.0],
                [1.0, 0.0, -0.0, 0.0, -0.0, 0.048757, -0.998811, 0.375166, -0.0, 0.998811, 0.048757, 0.0, 0.0, 0.0, 0.0, 1.0],
                [1.0, 0.0, -0.0, -0.0, -0.0, 0.048757, -0.998811, 0.375166, -0.0, 0.998811, 0.048757, -0.0, 0.0, 0.0, 0.0, 1.0],
                [1.0, 0.0, -0.0, -0.0, -0.0, 0.048757, -0.998811, 0.375166, -0.0, 0.998811, 0.048757, -0.0, 0.0, 0.0, 0.0, 1.0],
                [1.0, 0.0, -0.0, -0.0, -0.0, 0.048757, -0.998811, 0.375166, -0.0, 0.998811, 0.048757, -0.0, 0.0, 0.0, 0.0, 1.0],
                [1.0, 0.0, -0.0, -0.0, -0.0, 0.048757, -0.998811, 0.375166, -0.0, 0.998811, 0.048757, -0.0, 0.0, 0.0, 0.0, 1.0],
                [1.0, 0.0, -0.0, -0.0, -0.0, 0.048757, -0.998811, 0.375166, -0.0, 0.998811, 0.048757, -0.0, 0.0, 0.0, 0.0, 1.0],
                [1.0, 0.0, -0.0, -0.0, -0.0, 0.048757, -0.998811, 0.375166, -0.0, 0.998811, 0.048757, -0.0, 0.0, 0.0, 0.0, 1.0],
                [1.0, 0.0, -0.0, -0.0, -0.0, 0.048757, -0.998811, 0.375166, -0.0, 0.998811, 0.048757, -0.0, 0.0, 0.0, 0.0, 1.0],
                [1.0, 0.0, -0.0, -0.0, -0.0, 0.048757, -0.998811, 0.375166, -0.0, 0.998811, 0.048757, -0.0, 0.0, 0.0, 0.0, 1.0],
                [1.0, 0.0, -0.0, -0.0, -0.0, 0.048757, -0.998811, 0.375166, -0.0, 0.998811, 0.048757, -0.0, 0.0, 0.0, 0.0, 1.0]
            ]
        },
        {
            "name": "Torso",
            "time": [0.0, 0.0167, 0.0333, 0.05, 0.0667, 0.0833, 0.1, 0.1167, 0.1333, 0.15, 0.1667, 0.1833, 0.2, 0.2167, 0.2333, 0.25, 0.2667, 0.2833, 0.3, 0.3167, 0.3333, 0.35, 0.3667, 0.3833, 0.4],
            "transform": [
                [0.999593, -0.009731, -0.026806, -0.0, 0.0, 0.939982, -0.341224, 0.05, 0.028518, 0.341085, 0.9396, -0.0, 0.0, 0.0, 0.0, 1.0],
                [0.999928, -0.004094, -0.011279, -0.0, 0.0, 0.939982, -0.341224, 0.05, 0.011999, 0.341199, 0.939915, -0.0, 0.0, 0.0, 0.0, 1.0],
                [0.999254, 0.013182, 0.036314, -0.0, 0.0, 0.939982, -0.341224, 0.05, -0.038632, 0.340969, 0.939281, -0.0, 0.0, 0.0, 0.0, 1.0],
                [0.992777, 0.040938, 0.112773, -0.0, 0.0, 0.939982, -0.341224, 0.05, -0.119973, 0.338759, 0.933193, -0.0, 0.0, 0.0, 0.0, 1.0],
                [0.975646, 0.074847, 0.206185, -0.0, 0.0, 0.939982, -0.341224, 0.05, -0.21935, 0.332914, 0.91709, -0.0, 0.0, 0.0, 0.0, 1.0],
                [0.948094, 0.108506, 0.298905, -0.0, 0.0, 0.939982, -0.341224, 0.05, -0.31799, 0.323512, 0.891192, -0.0, 0.0, 0.0, 0.0, 1.0],
                [0.916284, 0.13667, 0.37649, -0.0, 0.0, 0.939982, -0.341224, 0.05, -0.400529, 0.312658, 0.861291, -0.0, 0.0, 0.0, 0.0, 1.0],
                [0.887707, 0.157102, 0.432777, -0.0, 0.0, 0.939982, -0.341224, 0.05, -0.460409, 0.302907, 0.834429, -0.0, 0.0, 0.0, 0.0, 1.0],
                [0.860875, 0.17362, 0.478278, -0.0, 0.0, 0.939982, -0.341224, 0.05, -0.508816, 0.293751, 0.809208, -0.0, 0.0, 0.0, 0.0, 1.0],
                [0.832539, 0.189026, 0.520718, -0.0, 0.0, 0.939982, -0.341224, 0.05, -0.553966, 0.284082, 0.782572, -0.0, 0.0, 0.0, 0.0, 1.0],
                [0.808084, 0.201004, 0.553713, -0.0, 0.0, 0.939982, -0.341224, 0.05, -0.589068, 0.275737, 0.759584, -0.0, 0.0, 0.0, 0.0, 1.0],
                [0.792781, 0.207978, 0.572926, -0.0, 0.0, 0.939982, -0.341224, 0.05, -0.609507, 0.270516, 0.7452, -0.0, 0.0, 0.0, 0.0, 1.0],
                [0.787797, 0.210171, 0.578968, -0.0, 0.0, 0.939982, -0.341224, 0.05, -0.615935, 0.268815, 0.740515, -0.0, 0.0, 0.0, 0.0, 1.0],
                [0.80573, 0.175287, 0.565751, -0.0, 0.008368, 0.951739, -0.306796, 0.05, -0.592224, 0.251928, 0.765378, 0.0, 0.0, 0.0, 0.0, 1.0],
                [0.855371, 0.07298, 0.512849, -0.0, 0.038734, 0.978244, -0.203812, 0.05, -0.516565, 0.194199, 0.833935, -0.0, 0.0, 0.0, 0.0, 1.0],
                [0.913379, -0.068849, 0.401246, -0.0, 0.098627, 0.993658, -0.054011, 0.05, -0.394983, 0.088906, 0.914377, 0.0, 0.0, 0.0, 0.0, 1.0],
                [0.950008, -0.193299, 0.245195, -0.0, 0.176583, 0.980287, 0.088633, 0.05, -0.257494, -0.040905, 0.965414, 0.0, 0.0, 0.0, 0.0, 1.0],
                [0.960677, -0.260567, 0.095937, -0.0, 0.240947, 0.954009, 0.178356, 0.05, -0.137998, -0.148227, 0.979278, 0.0, 0.0, 0.0, 0.0, 1.0],
                [0.962349, -0.271693, -0.008265, -0.0, 0.267409, 0.940843, 0.208102, 0.05, -0.048764, -0.202477, 0.978072, 0.0, 0.0, 0.0, 0.0, 1.0],
                [0.962202, -0.258067, -0.086997, -0.0, 0.270957, 0.939279, 0.210567, 0.05, 0.027374, -0.22618, 0.973701, 0.0, 0.0, 0.0, 0.0, 1.0],
                [0.956336, -0.241531, -0.164575, -0.0, 0.27339, 0.93836, 0.211514, 0.05, 0.103344, -0.247272, 0.963419, 0.0, 0.0, 0.0, 0.0, 1.0],
                [0.946239, -0.224466, -0.23291, -0.0, 0.274527, 0.938091, 0.211237, 0.05, 0.171075, -0.263821, 0.94928, 0.0, 0.0, 0.0, 0.0, 1.0],
                [0.935637, -0.210299, -0.283473, -0.0, 0.274624, 0.938257, 0.21037, 0.05, 0.22173, -0.274679, 0.935621, 0.0, 0.0, 0.0, 0.0, 1.0],
                [0.928343, -0.201577, -0.312323, -0.0, 0.274299, 0.938528, 0.209585, 0.05, 0.250876, -0.280237, 0.926568, 0.0, 0.0, 0.0, 0.0, 1.0],
                [0.925951, -0.198817, -0.32107, -0.0, 0.274112, 0.93865, 0.209283, 0.05, 0.259763, -0.281795, 0.923642, 0.0, 0.0, 0.0, 0.0, 1.0],
                [0.925951, -0.198817, -0.32107, -0.0, 0.274112, 0.93865, 0.209283, 0.05, 0.259763, -0.281795, 0.923642, 0.0, 0.0, 0.0, 0.0, 1.0]
            ]
        },
        {
            "name": "Chest",
            "time": [0.0, 0.0167, 0.0333, 0.05, 0.0667, 0.0833, 0.1, 0.1167, 0.1333, 0.15, 0.1667, 0.1833, 0.2, 0.2167, 0.2333, 0.25, 0.2667, 0.2833, 0.3, 0.3167, 0.3333, 0.35, 0.3667, 0.3833, 0.4],
            "transform": [
                [0.999476, 0.031909, 0.005435, -0.0, -0.030756, 0.88388, 0.466701, 0.304568, 0.010088, -0.466624, 0.884398, -0.0, 0.0, 0.0, 0.0, 1.0],
                [0.999476, 0.031909, 0.005435, -0.0, -0.030756, 0.88388, 0.466701, 0.304568, 0.010088, -0.466624, 0.884398, -0.0, 0.0, 0.0, 0.0, 1.0],
                [0.999476, 0.031909, 0.005435, -0.0, -0.030756, 0.88388, 0.466701, 0.304568, 0.010088, -0.466624, 0.884398, -0.0, 0.0, 0.0, 0.0, 1.0],
                [0.999476, 0.031909, 0.005435, -0.0, -0.030756, 0.88388, 0.466701, 0.304568, 0.010088, -0.466624, 0.884398, 0.0, 0.0, 0.0, 0.0, 1.0],
                [0.999476, 0.031909, 0.005435, -0.0, -0.030756, 0.88388, 0.466701, 0.304568, 0.010088, -0.466624, 0.884398, 0.0, 0.0, 0.0, 0.0, 1.0],
                [0.999476, 0.031909, 0.005435, -0.0, -0.030756, 0.88388, 0.466701, 0.304568, 0.010088, -0.466624, 0.884398, -0.0, 0.0, 0.0, 0.0, 1.0],
                [0.999476, 0.031909, 0.005435, 0.0, -0.030756, 0.88388, 0.466701, 0.304568, 0.010088, -0.466624, 0.884398, 0.0, 0.0, 0.0, 0.0, 1.0],
                [0.999476, 0.031909, 0.005435, 0.0, -0.030756, 0.88388, 0.466701, 0.304568, 0.010088, -0.466624, 0.884398, -0.0, 0.0, 0.0, 0.0, 1.0],
                [0.999476, 0.031909, 0.005435, -0.0, -0.030756, 0.88388, 0.466701, 0.304568, 0.010088, -0.466624, 0.884398, -0.0, 0.0, 0.0, 0.0, 1.0],
                [0.999476, 0.031909, 0.005435, 0.0, -0.030756, 0.88388, 0.466701, 0.304568, 0.010088, -0.466624, 0.884398, 0.0, 0.0, 0.0, 0.0, 1.0],
                [0.999476, 0.031909, 0.005435, 0.0, -0.030756, 0.88388, 0.466701, 0.304568, 0.010088, -0.466624, 0.884398, 0.0, 0.0, 0.0, 0.0, 1.0],
                [0.999476, 0.031909, 0.005435, 0.0, -0.030756, 0.88388, 0.466701, 0.304568, 0.010088, -0.466624, 0.884398, -0.0, 0.0, 0.0, 0.0, 1.0],
                [0.999476, 0.031909, 0.005435, -0.0, -0.030756, 0.88388, 0.466701, 0.304568, 0.010088, -0.466624, 0.884398, 0.0, 0.0, 0.0, 0.0, 1.0],
                [0.999476, 0.031909, 0.005435, 0.0, -0.030756, 0.88388, 0.466701, 0.304568, 0.010088, -0.466624, 0.884398, -0.0, 0.0, 0.0, 0.0, 1.0],
                [0.999476, 0.031909, 0.005435, -0.0, -0.030756, 0.88388, 0.466701, 0.304568, 0.010088, -0.466624, 0.884398, 0.0, 0.0, 0.0, 0.0, 1.0],
                [0.999476, 0.031909, 0.005435, 0.0, -0.030756, 0.88388, 0.466701, 0.304568, 0.010088, -0.466624, 0.884398, 0.0, 0.0, 0.0, 0.0, 1.0],
                [0.999476, 0.031909, 0.005435, -0.0, -0.030756, 0.88388, 0.466701, 0.304568, 0.010088, -0.466624, 0.884398, 0.0, 0.0, 0.0, 0.0, 1.0],
                [0.999476, 0.031909, 0.005435, -0.0, -0.030756, 0.88388, 0.466701, 0.304568, 0.010088, -0.466624, 0.884398, 0.0, 0.0, 0.0, 0.0, 1.0],
                [0.999476, 0.031909, 0.005435, 0.0, -0.030756, 0.88388, 0.466701, 0.304568, 0.010088, -0.466624, 0.884398, 0.0, 0.0, 0.0, 0.0, 1.0],
                [0.999476, 0.031909, 0.005435, -0.0, -0.030756, 0.88388, 0.466701, 0.304568, 0.010088, -0.466624, 0.884398, -0.0, 0.0, 0.0, 0.0, 1.0],
                [0.999476, 0.031909, 0.005435, -0.0, -0.030756, 0.88388, 0.466701, 0.304568, 0.010088, -0.466624, 0.884398, -0.0, 0.0, 0.0, 0.0, 1.0],
                [0.999476, 0.031908, 0.005435, -0.0, -0.030756, 0.88388, 0.466701, 0.304568, 0.010088, -0.466624, 0.884398, 0.0, 0.0, 0.0, 0.0, 1.0],
                [0.999476, 0.031909, 0.005435, 0.0, -0.030756, 0.88388, 0.466701, 0.304568, 0.010088, -0.466624, 0.884398, -0.0, 0.0, 0.0, 0.0, 1.0],
                [0.999476, 0.031909, 0.005435, -0.0, -0.030756, 0.88388, 0.466701, 0.304568, 0.010088, -0.466624, 0.884398, 0.0, 0.0, 0.0, 0.0, 1.0],
                [0.999476, 0.031909, 0.005435, 0.0, -0.030756, 0.88388, 0.466701, 0.304568, 0.010088, -0.466624, 0.884398, -0.0, 0.0, 0.0, 0.0, 1.0],
                [0.999476, 0.031909, 0.005435, 0.0, -0.030756, 0.88388, 0.466701, 0.304568, 0.010088, -0.466624, 0.884398, -0.0, 0.0, 0.0, 0.0, 1.0]
            ]
        },
        {
            "name": "Head",
            "time": [0.0, 0.0167, 0.0333, 0.05, 0.0667, 0.0833, 0.1, 0.1167, 0.1333, 0.15, 0.1667, 0.1833, 0.2, 0.2167, 0.2333, 0.25, 0.2667, 0.2833, 0.3, 0.3167, 0.3333, 0.35, 0.3667, 0.3833, 0.4],
            "transform": [
                [0.893702, -0.006071, 0.44862, -0.0, 0.05242, 0.994473, -0.090968, 0.403437, -0.445588, 0.104815, 0.889081, 0.0, 0.0, 0.0, 0.0, 1.0],
                [0.900649, -0.005743, 0.434509, 0.0, 0.050907, 0.994422, -0.092378, 0.403437, -0.431555, 0.10532, 0.895917, -0.0, 0.0, 0.0, 0.0, 1.0],
                [0.920542, -0.004791, 0.390615, -0.0, 0.046133, 0.994261, -0.096524, 0.403437, -0.38791, 0.106875, 0.91548, -0.0, 0.0, 0.0, 0.0, 1.0],
                [0.948076, -0.00343, 0.318026, 0.0, 0.038026, 0.993991, -0.102641, 0.403437, -0.315763, 0.109405, 0.94251, -0.0, 0.0, 0.0, 0.0, 1.0],
                [0.974191, -0.00204, 0.225718, 0.0, 0.02738, 0.993644, -0.109192, 0.403437, -0.22406, 0.112554, 0.968054, 0.0, 0.0, 0.0, 0.0, 1.0],
                [0.991537, -0.000953, 0.129825, 0.0, 0.015966, 0.993278, -0.114647, 0.403437, -0.128842, 0.115749, 0.984887, 0.0, 0.0, 0.0, 0.0, 1.0],
                [0.998944, -0.000273, 0.045934, 0.0, 0.005713, 0.992956, -0.118347, 0.403437, -0.045578, 0.118484, 0.991909, 0.0, 0.0, 0.0, 0.0, 1.0],
                [0.999851, 8.5e-05, -0.017277, 0.0, -0.002166, 0.992712, -0.120489, 0.403437, 0.01714, 0.120509, 0.992564, 0.0, 0.0, 0.0, 0.0, 1.0],
                [0.997547, 0.000286, -0.069999, 0.0, -0.008835, 0.992509, -0.121855, 0.403437, 0.06944, 0.122174, 0.990077, -0.0, 0.0, 0.0, 0.0, 1.0],
                [0.992697, 0.000397, -0.120637, 0.0, -0.015321, 0.992313, -0.122802, 0.403438, 0.11966, 0.123753, 0.985072, -0.0, 0.0, 0.0, 0.0, 1.0],
                [0.98694, 0.00043, -0.161089, 0.0, -0.020557, 0.992157, -0.123299, 0.403437, 0.159772, 0.125, 0.979208, 0.0, 0.0, 0.0, 0.0, 1.0],
                [0.982715, 0.000426, -0.185122, 0.0, -0.023692, 0.992064, -0.123483, 0.403437, 0.1836, 0.125735, 0.974926, -0.0, 0.0, 0.0, 0.0, 1.0],
                [0.981246, 0.000421, -0.192758, -0.0, -0.024691, 0.992034, -0.123524, 0.403437, 0.19117, 0.125967, 0.97344, 0.0, 0.0, 0.0, 0.0, 1.0],
                [0.985383, -0.00201, -0.170342, -0.0, -0.024182, 0.988155, -0.151544, 0.403437, 0.168628, 0.153448, 0.973662, -0.0, 0.0, 0.0, 0.0, 1.0],
                [0.995158, -0.005482, -0.098133, 0.0, -0.018219, 0.97085, -0.238993, 0.403437, 0.096583, 0.239623, 0.96605, 0.0, 0.0, 0.0, 0.0, 1.0],
                [0.999756, 0.002845, 0.021882, 0.0, 0.005672, 0.925204, -0.379427, 0.403437, -0.021325, 0.379459, 0.924963, -0.0, 0.0, 0.0, 0.0, 1.0],
                [0.98466, 0.038025, 0.170291, 0.0, 0.059884, 0.843038, -0.53451, 0.403437, -0.163887, 0.536508, 0.827829, -0.0, 0.0, 0.0, 0.0, 1.0],
                [0.943883, 0.097266, 0.315634, 0.0, 0.137553, 0.753063, -0.643409, 0.403437, -0.300274, 0.650719, 0.697424, 0.0, 0.0, 0.0, 0.0, 1.0],
                [0.888297, 0.151625, 0.433517, -0.0, 0.206805, 0.710762, -0.672346, 0.403437, -0.410072, 0.686897, 0.600011, 0.0, 0.0, 0.0, 0.0, 1.0],
                [0.830212, 0.188552, 0.524591, -0.0, 0.25528, 0.707986, -0.658473, 0.403437, -0.49556, 0.680591, 0.539646, -0.0, 0.0, 0.0, 0.0, 1.0],
                [0.773386, 0.217242, 0.595551, 0.0, 0.29297, 0.710626, -0.639671, 0.403437, -0.562177, 0.669191, 0.485943, 0.0, 0.0, 0.0, 0.0, 1.0],
