{
    "animation": [
        {
            "name": "Root",
            "time": [0.0, 0.0167, 0.0333, 0.05, 0.0667, 0.0833, 0.1, 0.1167, 0.1333, 0.15, 0.1667, 0.1833, 0.2, 0.2167, 0.2333, 0.25, 0.2667, 0.2833, 0.3, 0.3167, 0.3333, 0.35, 0.3667, 0.3833, 0.4, 0.4167, 0.4333, 0.45, 0.4667, 0.4833, 0.5, 0.5167, 0.5333, 0.55, 0.5667, 0.5833, 0.6, 0.6167, 0.6333, 0.65, 0.6667, 0.6833, 0.7, 0.7167, 0.7333, 0.75, 0.7667, 0.7833, 0.8, 0.8167, 0.8333, 0.85, 0.8667, 0.8833, 0.9, 0.9167, 0.9333, 0.95, 0.9667, 0.9833, 1.0, 1.0167, 1.0333, 1.05, 1.0667, 1.0833, 1.1, 1.1167, 1.1333, 1.15, 1.1667, 1.1833, 1.2, 1.2167, 1.2333, 1.25, 1.2667, 1.2833, 1.3, 1.3167, 1.3333, 1.35, 1.3667, 1.3833, 1.4, 1.4167, 1.4333, 1.45, 1.4667, 1.4833, 1.5, 2.0],
            "transform": [
                [0.616548, 0.0, 0.787317, -0.015924, 0.787317, 0.0, -0.616548, -0.151737, 0.0, 1.0, 0.0, 0.724815, 0.0, 0.0, 0.0, 1.0],
                [0.632051, 0.0, 0.774927, -0.015534, 0.774927, 0.0, -0.632051, -0.15156, 0.0, 1.0, 0.0, 0.724815, 0.0, 0.0, 0.0, 1.0],
                [0.67837, 0.0, 0.73472, -0.014397, 0.73472, 0.0, -0.67837, -0.151038, 0.0, 1.0, 0.0, 0.724815, 0.0, 0.0, 0.0, 1.0],
                [0.751899, 0.0, 0.659278, -0.012668, 0.659278, 0.0, -0.751899, -0.150201, 0.0, 1.0, 0.0, 0.724815, 0.0, 0.0, 0.0, 1.0],
                [0.841996, 0.0, 0.539483, -0.010646, 0.539483, 0.0, -0.841996, -0.149063, 0.0, 1.0, 0.0, 0.724815, 0.0, 0.0, 0.0, 1.0],
                [0.928821, 0.0, 0.370529, -0.008721, 0.370529, 0.0, -0.928821, -0.147572, 0.0, 1.0, 0.0, 0.724815, 0.0, 0.0, 0.0, 1.0],
                [0.987014, 0.0, 0.160632, -0.007221, 0.160632, 0.0, -0.987014, -0.145598, 0.0, 1.0, 0.0, 0.724815, 0.0, 0.0, 0.0, 1.0],
                [0.997862, 0.0, -0.06535, -0.006242, -0.06535, 0.0, -0.997862, -0.143047, 0.0, 1.0, 0.0, 0.724815, 0.0, 0.0, 0.0, 1.0],
                [0.961335, 0.0, -0.275381, -0.005645, -0.275381, 0.0, -0.961335, -0.140049, 0.0, 1.0, 0.0, 0.724815, 0.0, 0.0, 0.0, 1.0],
                [0.894933, 0.0, -0.4462, -0.005246, -0.4462, 0.0, -0.894933, -0.13699, 0.0, 1.0, 0.0, 0.724815, 0.0, 0.0, 0.0, 1.0],
                [0.821292, 0.0, -0.570508, -0.004975, -0.570508, 0.0, -0.821292, -0.134351, 0.0, 1.0, 0.0, 0.724815, 0.0, 0.0, 0.0, 1.0],
                [0.7578, 0.0, -0.652487, -0.004876, -0.652487, 0.0, -0.7578, -0.132523, 0.0, 1.0, 0.0, 0.724815, 0.0, 0.0, 0.0, 1.0],
                [0.713997, 0.0, -0.700149, -0.005032, -0.700149, 0.0, -0.713997, -0.13173, 0.0, 1.0, 0.0, 0.724815, 0.0, 0.0, 0.0, 1.0],
                [0.684673, 0.0, -0.72885, -0.00527, -0.72885, 0.0, -0.684673, -0.131505, 0.0, 1.0, 0.0, 0.724815, 0.0, 0.0, 0.0, 1.0],
                [0.661876, 0.0, -0.749613, -0.005385, -0.749613, 0.0, -0.661876, -0.131321, 0.0, 1.0, 0.0, 0.724815, 0.0, 0.0, 0.0, 1.0],
                [0.645675, 0.0, -0.763612, -0.005399, -0.763612, 0.0, -0.645675, -0.131192, 0.0, 1.0, 0.0, 0.724815, 0.0, 0.0, 0.0, 1.0],
                [0.635381, 0.0, -0.772199, -0.00534, -0.772199, 0.0, -0.635381, -0.131121, 0.0, 1.0, 0.0, 0.724815, 0.0, 0.0, 0.0, 1.0],
                [0.629475, 0.0, -0.777021, -0.005248, -0.777021, 0.0, -0.629475, -0.131102, 0.0, 1.0, 0.0, 0.724815, 0.0, 0.0, 0.0, 1.0],
                [0.625694, 0.0, -0.780069, -0.005166, -0.780069, 0.0, -0.625694, -0.131121, 0.0, 1.0, 0.0, 0.724815, 0.0, 0.0, 0.0, 1.0],
                [0.621309, 0.0, -0.783566, -0.005141, -0.783566, 0.0, -0.621309, -0.131157, 0.0, 1.0, 0.0, 0.724815, 0.0, 0.0, 0.0, 1.0],
                [0.613553, 0.0, -0.789653, -0.005217, -0.789653, 0.0, -0.613553, -0.131187, 0.0, 1.0, 0.0, 0.724815, 0.0, 0.0, 0.0, 1.0],
                [0.600019, 0.0, -0.799986, -0.005424, -0.799986, 0.0, -0.600019, -0.131188, 0.0, 1.0, 0.0, 0.724815, 0.0, 0.0, 0.0, 1.0],
                [0.578876, 0.0, -0.815415, -0.00578, -0.815415, 0.0, -0.578876, -0.131138, 0.0, 1.0, 0.0, 0.724815, 0.0, 0.0, 0.0, 1.0],
                [0.548915, 0.0, -0.835878, -0.006283, -0.835878, 0.0, -0.548915, -0.131016, 0.0, 1.0, 0.0, 0.724815, 0.0, 0.0, 0.0, 1.0],
                [0.509489, 0.0, -0.860477, -0.006917, -0.860477, 0.0, -0.509489, -0.130803, 0.0, 1.0, 0.0, 0.724815, 0.0, 0.0, 0.0, 1.0],
                [0.456702, 0.0, -0.88962, -0.008389, -0.88962, 0.0, -0.456702, -0.131332, 0.0, 1.0, 0.0, 0.724815, 0.0, 0.0, 0.0, 1.0],
                [0.385757, 0.0, -0.922601, -0.011421, -0.922601, 0.0, -0.385757, -0.13343, 0.0, 1.0, 0.0, 0.724815, 0.0, 0.0, 0.0, 1.0],
                [0.295833, 0.0, -0.95524, -0.015932, -0.95524, 0.0, -0.295833, -0.136998, 0.0, 1.0, 0.0, 0.724815, 0.0, 0.0, 0.0, 1.0],
                [0.187915, 0.0, -0.982185, -0.021711, -0.982185, 0.0, -0.187915, -0.141813, 0.0, 1.0, 0.0, 0.724815, 0.0, 0.0, 0.0, 1.0],
                [0.065542, 0.0, -0.99785, -0.028393, -0.99785, 0.0, -0.065542, -0.147513, 0.0, 1.0, 0.0, 0.724815, 0.0, 0.0, 0.0, 1.0],
                [-0.065214, 0.0, -0.997871, -0.035487, -0.997871, 0.0, 0.065214, -0.15361, 0.0, 1.0, 0.0, 0.724815, 0.0, 0.0, 0.0, 1.0],
                [-0.196899, 0.0, -0.980424, -0.042443, -0.980424, 0.0, 0.196899, -0.159547, 0.0, 1.0, 0.0, 0.724815, 0.0, 0.0, 0.0, 1.0],
                [-0.322531, 0.0, -0.946559, -0.048749, -0.946559, 0.0, 0.322531, -0.164785, 0.0, 1.0, 0.0, 0.724815, 0.0, 0.0, 0.0, 1.0],
                [-0.437142, 0.0, -0.899392, -0.054007, -0.899392, 0.0, 0.437142, -0.168875, 0.0, 1.0, 0.0, 0.724815, 0.0, 0.0, 0.0, 1.0],
                [-0.538291, 0.0, -0.842759, -0.057972, -0.842759, 0.0, 0.538291, -0.171512, 0.0, 1.0, 0.0, 0.724815, 0.0, 0.0, 0.0, 1.0],
                [-0.62564, 0.0, -0.780112, -0.060531, -0.780112, 0.0, 0.62564, -0.172532, 0.0, 1.0, 0.0, 0.724815, 0.0, 0.0, 0.0, 1.0],
                [-0.700149, 0.0, -0.713997, -0.061674, -0.713997, 0.0, 0.700149, -0.171887, 0.0, 1.0, 0.0, 0.724816, 0.0, 0.0, 0.0, 1.0],
                [-0.771924, 0.0, -0.635715, -0.061945, -0.635715, 0.0, 0.771924, -0.17007, 0.0, 1.0, 0.0, 0.724816, 0.0, 0.0, 0.0, 1.0],
                [-0.846335, 0.0, -0.532651, -0.061785, -0.532651, 0.0, 0.846335, -0.167583, 0.0, 1.0, 0.0, 0.724816, 0.0, 0.0, 0.0, 1.0],
                [-0.915439, 0.0, -0.402457, -0.06109, -0.402457, 0.0, 0.915439, -0.164519, 0.0, 1.0, 0.0, 0.724816, 0.0, 0.0, 0.0, 1.0],
                [-0.968967, 0.0, -0.247188, -0.059806, -0.247188, 0.0, 0.968967, -0.161064, 0.0, 1.0, 0.0, 0.724816, 0.0, 0.0, 0.0, 1.0],
                [-0.997157, 0.0, -0.075346, -0.057981, -0.075346, 0.0, 0.997157, -0.157484, 0.0, 1.0, 0.0, 0.724816, 0.0, 0.0, 0.0, 1.0],
                [-0.995111, 0.0, 0.09876, -0.055792, 0.09876, 0.0, 0.995111, -0.154056, 0.0, 1.0, 0.0, 0.724816, 0.0, 0.0, 0.0, 1.0],
                [-0.965793, 0.0, 0.259316, -0.053499, 0.259316, 0.0, 0.965793, -0.150985, 0.0, 1.0, 0.0, 0.724816, 0.0, 0.0, 0.0, 1.0],
                [-0.918881, 0.0, 0.394535, -0.051359, 0.394535, 0.0, 0.918881, -0.148358, 0.0, 1.0, 0.0, 0.724816, 0.0, 0.0, 0.0, 1.0],
                [-0.866337, 0.0, 0.49946, -0.049551, 0.49946, 0.0, 0.866337, -0.146168, 0.0, 1.0, 0.0, 0.724816, 0.0, 0.0, 0.0, 1.0],
                [-0.818209, 0.0, 0.574921, -0.048155, 0.574921, 0.0, 0.818209, -0.144361, 0.0, 1.0, 0.0, 0.724816, 0.0, 0.0, 0.0, 1.0],
                [-0.780876, 0.0, 0.624686, -0.047182, 0.624686, 0.0, 0.780876, -0.142881, 0.0, 1.0, 0.0, 0.724816, 0.0, 0.0, 0.0, 1.0],
                [-0.757342, 0.0, 0.653019, -0.046606, 0.653019, 0.0, 0.757342, -0.141684, 0.0, 1.0, 0.0, 0.724816, 0.0, 0.0, 0.0, 1.0],
                [-0.742689, 0.0, 0.669636, -0.046253, 0.669636, 0.0, 0.742689, -0.140615, 0.0, 1.0, 0.0, 0.724816, 0.0, 0.0, 0.0, 1.0],
                [-0.731411, 0.0, 0.681937, -0.045967, 0.681937, 0.0, 0.731411, -0.13955, 0.0, 1.0, 0.0, 0.724816, 0.0, 0.0, 0.0, 1.0],
                [-0.723506, 0.0, 0.690318, -0.045732, 0.690318, 0.0, 0.723506, -0.138503, 0.0, 1.0, 0.0, 0.724816, 0.0, 0.0, 0.0, 1.0],
                [-0.718627, 0.0, 0.695395, -0.045525, 0.695395, 0.0, 0.718627, -0.137501, 0.0, 1.0, 0.0, 0.724816, 0.0, 0.0, 0.0, 1.0],
                [-0.716025, 0.0, 0.698075, -0.045316, 0.698075, 0.0, 0.716025, -0.136574, 0.0, 1.0, 0.0, 0.724816, 0.0, 0.0, 0.0, 1.0],
                [-0.714577, 0.0, 0.699557, -0.04507, 0.699557, 0.0, 0.714577, -0.135755, 0.0, 1.0, 0.0, 0.724816, 0.0, 0.0, 0.0, 1.0],
                [-0.712933, 0.0, 0.701232, -0.04475, 0.701232, 0.0, 0.712933, -0.135073, 0.0, 1.0, 0.0, 0.724816, 0.0, 0.0, 0.0, 1.0],
                [-0.709736, 0.0, 0.704467, -0.044325, 0.704467, 0.0, 0.709736, -0.134548, 0.0, 1.0, 0.0, 0.724816, 0.0, 0.0, 0.0, 1.0],
                [-0.703827, 0.0, 0.710371, -0.043775, 0.710371, 0.0, 0.703827, -0.134189, 0.0, 1.0, 0.0, 0.724816, 0.0, 0.0, 0.0, 1.0],
                [-0.694357, 0.0, 0.719631, -0.043089, 0.719631, 0.0, 0.694357, -0.133993, 0.0, 1.0, 0.0, 0.724816, 0.0, 0.0, 0.0, 1.0],
                [-0.680788, 0.0, 0.73248, -0.04227, 0.73248, 0.0, 0.680788, -0.133952, 0.0, 1.0, 0.0, 0.724816, 0.0, 0.0, 0.0, 1.0],
                [-0.66284, 0.0, 0.748761, -0.041327, 0.748761, 0.0, 0.66284, -0.134053, 0.0, 1.0, 0.0, 0.724816, 0.0, 0.0, 0.0, 1.0],
                [-0.626861, 0.0, 0.779131, -0.039798, 0.779131, 0.0, 0.626861, -0.134556, 0.0, 1.0, 0.0, 0.724816, 0.0, 0.0, 0.0, 1.0],
                [-0.581844, 0.0, 0.813301, -0.038079, 0.813301, 0.0, 0.581844, -0.13536, 0.0, 1.0, 0.0, 0.724816, 0.0, 0.0, 0.0, 1.0],
                [-0.530034, 0.0, 0.847977, -0.036275, 0.847977, 0.0, 0.530034, -0.136356, 0.0, 1.0, 0.0, 0.724816, 0.0, 0.0, 0.0, 1.0],
                [-0.472005, 0.0, 0.881596, -0.034426, 0.881596, 0.0, 0.472005, -0.137509, 0.0, 1.0, 0.0, 0.724816, 0.0, 0.0, 0.0, 1.0],
                [-0.407972, 0.0, 0.912994, -0.032559, 0.912994, 0.0, 0.407972, -0.138809, 0.0, 1.0, 0.0, 0.724816, 0.0, 0.0, 0.0, 1.0],
                [-0.338081, 0.0, 0.941117, -0.030693, 0.941117, 0.0, 0.338081, -0.140251, 0.0, 1.0, 0.0, 0.724816, 0.0, 0.0, 0.0, 1.0],
                [-0.262518, 0.0, 0.964927, -0.02885, 0.964927, 0.0, 0.262518, -0.141833, 0.0, 1.0, 0.0, 0.724816, 0.0, 0.0, 0.0, 1.0],
                [-0.181566, 0.0, 0.983379, -0.027048, 0.983379, 0.0, 0.181566, -0.143555, 0.0, 1.0, 0.0, 0.724816, 0.0, 0.0, 0.0, 1.0],
                [-0.095644, 0.0, 0.995416, -0.025308, 0.995416, 0.0, 0.095644, -0.145415, 0.0, 1.0, 0.0, 0.724816, 0.0, 0.0, 0.0, 1.0],
                [-0.005333, 0.0, 0.999986, -0.023652, 0.999986, 0.0, 0.005333, -0.147411, 0.0, 1.0, 0.0, 0.724816, 0.0, 0.0, 0.0, 1.0],
                [0.08861, 0.0, 0.996066, -0.022102, 0.996066, 0.0, -0.08861, -0.149538, 0.0, 1.0, 0.0, 0.724816, 0.0, 0.0, 0.0, 1.0],
                [0.185248, 0.0, 0.982692, -0.020681, 0.982692, 0.0, -0.185248, -0.151788, 0.0, 1.0, 0.0, 0.724816, 0.0, 0.0, 0.0, 1.0],
                [0.314868, 0.0, 0.949136, -0.019136, 0.949136, 0.0, -0.314868, -0.15499, 0.0, 1.0, 0.0, 0.724816, 0.0, 0.0, 0.0, 1.0],
                [0.459129, 0.0, 0.888369, -0.017758, 0.888369, 0.0, -0.459129, -0.158758, 0.0, 1.0, 0.0, 0.724816, 0.0, 0.0, 0.0, 1.0],
                [0.596902, 0.0, 0.802314, -0.016782, 0.802314, 0.0, -0.596902, -0.162632, 0.0, 1.0, 0.0, 0.724816, 0.0, 0.0, 0.0, 1.0],
                [0.718721, 0.0, 0.695299, -0.016242, 0.695299, 0.0, -0.718721, -0.16641, 0.0, 1.0, 0.0, 0.724816, 0.0, 0.0, 0.0, 1.0],
                [0.819134, 0.0, 0.573602, -0.016097, 0.573602, 0.0, -0.819134, -0.169951, 0.0, 1.0, 0.0, 0.724816, 0.0, 0.0, 0.0, 1.0],
                [0.895894, 0.0, 0.444269, -0.016269, 0.444269, 0.0, -0.895894, -0.173163, 0.0, 1.0, 0.0, 0.724816, 0.0, 0.0, 0.0, 1.0],
                [0.949428, 0.0, 0.313984, -0.016666, 0.313984, 0.0, -0.949428, -0.175998, 0.0, 1.0, 0.0, 0.724816, 0.0, 0.0, 0.0, 1.0],
                [0.982116, 0.0, 0.188277, -0.017195, 0.188277, 0.0, -0.982116, -0.178445, 0.0, 1.0, 0.0, 0.724816, 0.0, 0.0, 0.0, 1.0],
                [0.997464, 0.0, 0.071174, -0.017779, 0.071174, 0.0, -0.997464, -0.180521, 0.0, 1.0, 0.0, 0.724816, 0.0, 0.0, 0.0, 1.0],
                [0.999395, 0.0, -0.034782, -0.01836, -0.034782, 0.0, -0.999395, -0.182258, 0.0, 1.0, 0.0, 0.724816, 0.0, 0.0, 0.0, 1.0],
                [0.991738, 0.0, -0.12828, -0.018897, -0.12828, 0.0, -0.991738, -0.183697, 0.0, 1.0, 0.0, 0.724816, 0.0, 0.0, 0.0, 1.0],
                [0.977938, 0.0, -0.208898, -0.019369, -0.208898, 0.0, -0.977938, -0.184876, 0.0, 1.0, 0.0, 0.724816, 0.0, 0.0, 0.0, 1.0],
                [0.960939, 0.0, -0.27676, -0.019763, -0.27676, 0.0, -0.960939, -0.185832, 0.0, 1.0, 0.0, 0.724816, 0.0, 0.0, 0.0, 1.0],
                [0.943192, 0.0, -0.332249, -0.020079, -0.332249, 0.0, -0.943192, -0.186593, 0.0, 1.0, 0.0, 0.724816, 0.0, 0.0, 0.0, 1.0],
                [0.926719, 0.0, -0.375756, -0.020318, -0.375756, 0.0, -0.926719, -0.187178, 0.0, 1.0, 0.0, 0.724816, 0.0, 0.0, 0.0, 1.0],
                [0.913214, 0.0, -0.407481, -0.020487, -0.407481, 0.0, -0.913214, -0.187601, 0.0, 1.0, 0.0, 0.724816, 0.0, 0.0, 0.0, 1.0],
                [0.904145, 0.0, -0.427226, -0.020589, -0.427226, 0.0, -0.904145, -0.187862, 0.0, 1.0, 0.0, 0.724816, 0.0, 0.0, 0.0, 1.0],
                [0.900842, 0.0, -0.434148, -0.020624, -0.434148, 0.0, -0.900842, -0.187953, 0.0, 1.0, 0.0, 0.724816, 0.0, 0.0, 0.0, 1.0],
                [0.900842, 0.0, -0.434148, -0.020624, -0.434148, 0.0, -0.900842, -0.187953, 0.0, 1.0, 0.0, 0.724816, 0.0, 0.0, 0.0, 1.0]
            ]
        },
        {
            "name": "Thigh_R",
            "time": [0.0, 0.0167, 0.0333, 0.05, 0.0667, 0.0833, 0.1, 0.1167, 0.1333, 0.15, 0.1667, 0.1833, 0.2, 0.2167, 0.2333, 0.25, 0.2667, 0.2833, 0.3, 0.3167, 0.3333, 0.35, 0.3667, 0.3833, 0.4, 0.4167, 0.4333, 0.45, 0.4667, 0.4833, 0.5, 0.5167, 0.5333, 0.55, 0.5667, 0.5833, 0.6, 0.6167, 0.6333, 0.65, 0.6667, 0.6833, 0.7, 0.7167, 0.7333, 0.75, 0.7667, 0.7833, 0.8, 0.8167, 0.8333, 0.85, 0.8667, 0.8833, 0.9, 0.9167, 0.9333, 0.95, 0.9667, 0.9833, 1.0, 1.0167, 1.0333, 1.05, 1.0667, 1.0833, 1.1, 1.1167, 1.1333, 1.15, 1.1667, 1.1833, 1.2, 1.2167, 1.2333, 1.25, 1.2667, 1.2833, 1.3, 1.3167, 1.3333, 1.35, 1.3667, 1.3833, 1.4, 1.4167, 1.4333, 1.45, 1.4667, 1.4833, 1.5, 2.0],
            "transform": [
                [0.939903, -0.044194, 0.338555, 0.086814, -0.135933, -0.958051, 0.252306, -0.002831, 0.313215, -0.283169, -0.906447, -0.089074, 0.0, 0.0, 0.0, 1.0],
                [0.939903, -0.044193, 0.338555, 0.086814, -0.135933, -0.95805, 0.252307, -0.002831, 0.313215, -0.28317, -0.906446, -0.089074, 0.0, 0.0, 0.0, 1.0],
                [0.939903, -0.044194, 0.338555, 0.086814, -0.135933, -0.958051, 0.252305, -0.002831, 0.313215, -0.283169, -0.906447, -0.089074, 0.0, 0.0, 0.0, 1.0],
                [0.939903, -0.044194, 0.338555, 0.086814, -0.135933, -0.958051, 0.252306, -0.002831, 0.313215, -0.283169, -0.906447, -0.089074, 0.0, 0.0, 0.0, 1.0],
                [0.939903, -0.044194, 0.338555, 0.086814, -0.135933, -0.958051, 0.252306, -0.002831, 0.313215, -0.283169, -0.906447, -0.089074, 0.0, 0.0, 0.0, 1.0],
                [0.939904, -0.044194, 0.338555, 0.086814, -0.135933, -0.958051, 0.252306, -0.002831, 0.313215, -0.283169, -0.906447, -0.089074, 0.0, 0.0, 0.0, 1.0],
                [0.939904, -0.044194, 0.338555, 0.086814, -0.135933, -0.958051, 0.252305, -0.002831, 0.313215, -0.283169, -0.906447, -0.089074, 0.0, 0.0, 0.0, 1.0],
                [0.939903, -0.044193, 0.338555, 0.086814, -0.135933, -0.95805, 0.252307, -0.002831, 0.313215, -0.28317, -0.906446, -0.089074, 0.0, 0.0, 0.0, 1.0],
                [0.939903, -0.044194, 0.338555, 0.086814, -0.135933, -0.958051, 0.252306, -0.002831, 0.313215, -0.283169, -0.906447, -0.089074, 0.0, 0.0, 0.0, 1.0],
                [0.939904, -0.044193, 0.338555, 0.086814, -0.135933, -0.958051, 0.252306, -0.002831, 0.313215, -0.28317, -0.906446, -0.089074, 0.0, 0.0, 0.0, 1.0],
                [0.939903, -0.044193, 0.338555, 0.086814, -0.135933, -0.958051, 0.252306, -0.002831, 0.313215, -0.283169, -0.906447, -0.089074, 0.0, 0.0, 0.0, 1.0],
                [0.939903, -0.044193, 0.338555, 0.086814, -0.135933, -0.95805, 0.252307, -0.002831, 0.313215, -0.28317, -0.906446, -0.089074, 0.0, 0.0, 0.0, 1.0],
                [0.939903, -0.044194, 0.338555, 0.086814, -0.135933, -0.958051, 0.252306, -0.002831, 0.313215, -0.283169, -0.906447, -0.089074, 0.0, 0.0, 0.0, 1.0],
                [0.939903, -0.044193, 0.338555, 0.086814, -0.135933, -0.958051, 0.252306, -0.002831, 0.313215, -0.283169, -0.906447, -0.089074, 0.0, 0.0, 0.0, 1.0],
                [0.939903, -0.044194, 0.338555, 0.086814, -0.135933, -0.958051, 0.252306, -0.002831, 0.313215, -0.283169, -0.906447, -0.089074, 0.0, 0.0, 0.0, 1.0],
                [0.939903, -0.044193, 0.338555, 0.086814, -0.135933, -0.958051, 0.252306, -0.002831, 0.313215, -0.283169, -0.906447, -0.089074, 0.0, 0.0, 0.0, 1.0],
                [0.939903, -0.044194, 0.338555, 0.086814, -0.135933, -0.958051, 0.252306, -0.002831, 0.313215, -0.283169, -0.906447, -0.089074, 0.0, 0.0, 0.0, 1.0],
                [0.939903, -0.044193, 0.338555, 0.086814, -0.135933, -0.958051, 0.252306, -0.002831, 0.313215, -0.28317, -0.906446, -0.089074, 0.0, 0.0, 0.0, 1.0],
                [0.939903, -0.044194, 0.338555, 0.086814, -0.135933, -0.958051, 0.252306, -0.002831, 0.313215, -0.283169, -0.906447, -0.089074, 0.0, 0.0, 0.0, 1.0],
                [0.939904, -0.044194, 0.338555, 0.086814, -0.135933, -0.958051, 0.252306, -0.002831, 0.313215, -0.283169, -0.906447, -0.089074, 0.0, 0.0, 0.0, 1.0],
                [0.939903, -0.044194, 0.338555, 0.086814, -0.135933, -0.958051, 0.252305, -0.002831, 0.313215, -0.283169, -0.906447, -0.089074, 0.0, 0.0, 0.0, 1.0],
                [0.939903, -0.044194, 0.338555, 0.086814, -0.135933, -0.958051, 0.252306, -0.002831, 0.313215, -0.283169, -0.906447, -0.089074, 0.0, 0.0, 0.0, 1.0],
                [0.939903, -0.044193, 0.338555, 0.086814, -0.135933, -0.958051, 0.252306, -0.002831, 0.313215, -0.283169, -0.906447, -0.089074, 0.0, 0.0, 0.0, 1.0],
                [0.939903, -0.044194, 0.338555, 0.086814, -0.135933, -0.958051, 0.252305, -0.002831, 0.313215, -0.283168, -0.906447, -0.089074, 0.0, 0.0, 0.0, 1.0],
                [0.939903, -0.044193, 0.338555, 0.086814, -0.135933, -0.958051, 0.252306, -0.002831, 0.313215, -0.283169, -0.906447, -0.089074, 0.0, 0.0, 0.0, 1.0],
                [0.939904, -0.044194, 0.338555, 0.086814, -0.135933, -0.958051, 0.252306, -0.002831, 0.313215, -0.283169, -0.906447, -0.089074, 0.0, 0.0, 0.0, 1.0],
                [0.939903, -0.044194, 0.338555, 0.086814, -0.135933, -0.958051, 0.252306, -0.002831, 0.313215, -0.283169, -0.906446, -0.089074, 0.0, 0.0, 0.0, 1.0],
                [0.939903, -0.044194, 0.338555, 0.086814, -0.135933, -0.958051, 0.252305, -0.002831, 0.313215, -0.283168, -0.906447, -0.089074, 0.0, 0.0, 0.0, 1.0],
                [0.939903, -0.044193, 0.338555, 0.086814, -0.135933, -0.958051, 0.252306, -0.002831, 0.313215, -0.28317, -0.906447, -0.089074, 0.0, 0.0, 0.0, 1.0],
                [0.939903, -0.044194, 0.338555, 0.086814, -0.135933, -0.958051, 0.252306, -0.002831, 0.313215, -0.283169, -0.906447, -0.089074, 0.0, 0.0, 0.0, 1.0],
                [0.939904, -0.044194, 0.338555, 0.086814, -0.135933, -0.958051, 0.252306, -0.002831, 0.313215, -0.283169, -0.906447, -0.089074, 0.0, 0.0, 0.0, 1.0],
                [0.939903, -0.044194, 0.338555, 0.086814, -0.135933, -0.958051, 0.252306, -0.002831, 0.313215, -0.283169, -0.906447, -0.089074, 0.0, 0.0, 0.0, 1.0],
                [0.939903, -0.044194, 0.338555, 0.086814, -0.135933, -0.958051, 0.252306, -0.002831, 0.313215, -0.283169, -0.906447, -0.089074, 0.0, 0.0, 0.0, 1.0],
                [0.939903, -0.044194, 0.338555, 0.086814, -0.135933, -0.958051, 0.252306, -0.002831, 0.313215, -0.283169, -0.906447, -0.089074, 0.0, 0.0, 0.0, 1.0],
                [0.939903, -0.044194, 0.338555, 0.086814, -0.135933, -0.958051, 0.252305, -0.002831, 0.313215, -0.283168, -0.906447, -0.089074, 0.0, 0.0, 0.0, 1.0],
                [0.939903, -0.044194, 0.338555, 0.086814, -0.135933, -0.958051, 0.252305, -0.002831, 0.313215, -0.283168, -0.906447, -0.089074, 0.0, 0.0, 0.0, 1.0],
                [0.939903, -0.044194, 0.338555, 0.086814, -0.135933, -0.958051, 0.252306, -0.002831, 0.313215, -0.283169, -0.906447, -0.089074, 0.0, 0.0, 0.0, 1.0],
                [0.939903, -0.044193, 0.338555, 0.086814, -0.135933, -0.958051, 0.252306, -0.002831, 0.313215, -0.283169, -0.906447, -0.089074, 0.0, 0.0, 0.0, 1.0],
                [0.939904, -0.044194, 0.338555, 0.086814, -0.135933, -0.958051, 0.252306, -0.002831, 0.313215, -0.283169, -0.906447, -0.089074, 0.0, 0.0, 0.0, 1.0],
                [0.939903, -0.044193, 0.338555, 0.086814, -0.135933, -0.958051, 0.252306, -0.002831, 0.313215, -0.283169, -0.906447, -0.089074, 0.0, 0.0, 0.0, 1.0],
                [0.939903, -0.044194, 0.338555, 0.086814, -0.135933, -0.958051, 0.252305, -0.002831, 0.313215, -0.283168, -0.906447, -0.089074, 0.0, 0.0, 0.0, 1.0],
                [0.939903, -0.044194, 0.338555, 0.086814, -0.135933, -0.958051, 0.252306, -0.002831, 0.313215, -0.283169, -0.906447, -0.089074, 0.0, 0.0, 0.0, 1.0],
                [0.939903, -0.044193, 0.338555, 0.086814, -0.135933, -0.958051, 0.252306, -0.002831, 0.313215, -0.283169, -0.906447, -0.089074, 0.0, 0.0, 0.0, 1.0],
                [0.939903, -0.044194, 0.338555, 0.086814, -0.135933, -0.958051, 0.252306, -0.002831, 0.313215, -0.283169, -0.906447, -0.089074, 0.0, 0.0, 0.0, 1.0],
                [0.939903, -0.044194, 0.338555, 0.086814, -0.135933, -0.958051, 0.252306, -0.002831, 0.313215, -0.283169, -0.906447, -0.089074, 0.0, 0.0, 0.0, 1.0],
                [0.939903, -0.044194, 0.338555, 0.086814, -0.135933, -0.958051, 0.252306, -0.002831, 0.313215, -0.283169, -0.906447, -0.089074, 0.0, 0.0, 0.0, 1.0],
                [0.939903, -0.044194, 0.338555, 0.086814, -0.135933, -0.958051, 0.252306, -0.002831, 0.313215, -0.283169, -0.906447, -0.089074, 0.0, 0.0, 0.0, 1.0],
                [0.939904, -0.044194, 0.338555, 0.086814, -0.135933, -0.958051, 0.252306, -0.002831, 0.313215, -0.283169, -0.906447, -0.089074, 0.0, 0.0, 0.0, 1.0],
                [0.939903, -0.044194, 0.338555, 0.086814, -0.135933, -0.958051, 0.252305, -0.002831, 0.313215, -0.283168, -0.906447, -0.089074, 0.0, 0.0, 0.0, 1.0],
                [0.939903, -0.044194, 0.338555, 0.086814, -0.135933, -0.958051, 0.252306, -0.002831, 0.313215, -0.283169, -0.906447, -0.089074, 0.0, 0.0, 0.0, 1.0],
                [0.939903, -0.044194, 0.338555, 0.086814, -0.135933, -0.958051, 0.252305, -0.002831, 0.313215, -0.283168, -0.906447, -0.089074, 0.0, 0.0, 0.0, 1.0],
                [0.939903, -0.044194, 0.338555, 0.086814, -0.135933, -0.958051, 0.252305, -0.002831, 0.313215, -0.283168, -0.906447, -0.089074, 0.0, 0.0, 0.0, 1.0],
                [0.939903, -0.044194, 0.338555, 0.086814, -0.135933, -0.958051, 0.252306, -0.002831, 0.313215, -0.283169, -0.906447, -0.089074, 0.0, 0.0, 0.0, 1.0],
                [0.939903, -0.044194, 0.338555, 0.086814, -0.135933, -0.958051, 0.252305, -0.002831, 0.313215, -0.283168, -0.906447, -0.089074, 0.0, 0.0, 0.0, 1.0],
                [0.939903, -0.044193, 0.338555, 0.086814, -0.135933, -0.958051, 0.252306, -0.002831, 0.313215, -0.28317, -0.906447, -0.089074, 0.0, 0.0, 0.0, 1.0],
                [0.939903, -0.044194, 0.338555, 0.086814, -0.135933, -0.958051, 0.252305, -0.002831, 0.313215, -0.283168, -0.906447, -0.089074, 0.0, 0.0, 0.0, 1.0],
                [0.939903, -0.044194, 0.338555, 0.086814, -0.135933, -0.958051, 0.252305, -0.002831, 0.313215, -0.283169, -0.906447, -0.089074, 0.0, 0.0, 0.0, 1.0],
                [0.939903, -0.044193, 0.338555, 0.086814, -0.135933, -0.958051, 0.252306, -0.002831, 0.313215, -0.283169, -0.906447, -0.089074, 0.0, 0.0, 0.0, 1.0],
                [0.939903, -0.044194, 0.338555, 0.086814, -0.135933, -0.958051, 0.252305, -0.002831, 0.313215, -0.283169, -0.906447, -0.089074, 0.0, 0.0, 0.0, 1.0],
                [0.939904, -0.044194, 0.338555, 0.086814, -0.135933, -0.958051, 0.252305, -0.002831, 0.313215, -0.283168, -0.906447, -0.089074, 0.0, 0.0, 0.0, 1.0],
                [0.939903, -0.044194, 0.338555, 0.086814, -0.135933, -0.958051, 0.252305, -0.002831, 0.313215, -0.283168, -0.906447, -0.089074, 0.0, 0.0, 0.0, 1.0],
                [0.939903, -0.044193, 0.338555, 0.086814, -0.135933, -0.958051, 0.252306, -0.002831, 0.313215, -0.283169, -0.906447, -0.089074, 0.0, 0.0, 0.0, 1.0],
                [0.939904, -0.044194, 0.338556, 0.086814, -0.135933, -0.958051, 0.252306, -0.002831, 0.313215, -0.283169, -0.906447, -0.089074, 0.0, 0.0, 0.0, 1.0],
                [0.939903, -0.044194, 0.338555, 0.086814, -0.135933, -0.958051, 0.252306, -0.002831, 0.313215, -0.283169, -0.906447, -0.089074, 0.0, 0.0, 0.0, 1.0],
                [0.939903, -0.044194, 0.338555, 0.086814, -0.135933, -0.958051, 0.252306, -0.002831, 0.313215, -0.283169, -0.906447, -0.089074, 0.0, 0.0, 0.0, 1.0],
                [0.939904, -0.044194, 0.338555, 0.086814, -0.135933, -0.958051, 0.252306, -0.002831, 0.313215, -0.283169, -0.906447, -0.089074, 0.0, 0.0, 0.0, 1.0],
                [0.939903, -0.044194, 0.338555, 0.086814, -0.135933, -0.958051, 0.252306, -0.002831, 0.313215, -0.283169, -0.906447, -0.089074, 0.0, 0.0, 0.0, 1.0],
                [0.939903, -0.044194, 0.338555, 0.086814, -0.135933, -0.958051, 0.252304, -0.002831, 0.313215, -0.283168, -0.906447, -0.089074, 0.0, 0.0, 0.0, 1.0],
                [0.939903, -0.044193, 0.338555, 0.086814, -0.135933, -0.958051, 0.252306, -0.002831, 0.313215, -0.283169, -0.906447, -0.089074, 0.0, 0.0, 0.0, 1.0],
                [0.939903, -0.044193, 0.338555, 0.086814, -0.135933, -0.958051, 0.252306, -0.002831, 0.313215, -0.283169, -0.906446, -0.089074, 0.0, 0.0, 0.0, 1.0],
                [0.939904, -0.044193, 0.338555, 0.086814, -0.135933, -0.958051, 0.252306, -0.002831, 0.313215, -0.28317, -0.906447, -0.089074, 0.0, 0.0, 0.0, 1.0],
                [0.939903, -0.044193, 0.338555, 0.086814, -0.135933, -0.958051, 0.252306, -0.002831, 0.313215, -0.28317, -0.906446, -0.089074, 0.0, 0.0, 0.0, 1.0],
                [0.939903, -0.044194, 0.338555, 0.086814, -0.135933, -0.958051, 0.252305, -0.002831, 0.313215, -0.283168, -0.906447, -0.089074, 0.0, 0.0, 0.0, 1.0],
                [0.939903, -0.044194, 0.338555, 0.086814, -0.135933, -0.958051, 0.252305, -0.002831, 0.313215, -0.283168, -0.906447, -0.089074, 0.0, 0.0, 0.0, 1.0],
                [0.939904, -0.044194, 0.338555, 0.086814, -0.135933, -0.958051, 0.252305, -0.002831, 0.313215, -0.283168, -0.906447, -0.089074, 0.0, 0.0, 0.0, 1.0],
                [0.939903, -0.044194, 0.338555, 0.086814, -0.135933, -0.958051, 0.252305, -0.002831, 0.313215, -0.283168, -0.906447, -0.089074, 0.0, 0.0, 0.0, 1.0],
                [0.939903, -0.044194, 0.338555, 0.086814, -0.135933, -0.958051, 0.252306, -0.002831, 0.313215, -0.283169, -0.906447, -0.089074, 0.0, 0.0, 0.0, 1.0],
                [0.939903, -0.044193, 0.338555, 0.086814, -0.135933, -0.958051, 0.252306, -0.002831, 0.313215, -0.28317, -0.906447, -0.089074, 0.0, 0.0, 0.0, 1.0],
                [0.939903, -0.044193, 0.338555, 0.086814, -0.135933, -0.958051, 0.252306, -0.002831, 0.313215, -0.28317, -0.906446, -0.089074, 0.0, 0.0, 0.0, 1.0],
                [0.939903, -0.044193, 0.338555, 0.086814, -0.135933, -0.95805, 0.252307, -0.002831, 0.313215, -0.28317, -0.906446, -0.089074, 0.0, 0.0, 0.0, 1.0],
                [0.939903, -0.044194, 0.338555, 0.086814, -0.135933, -0.958051, 0.252305, -0.002831, 0.313215, -0.283169, -0.906447, -0.089074, 0.0, 0.0, 0.0, 1.0],
                [0.939903, -0.044194, 0.338555, 0.086814, -0.135933, -0.958051, 0.252306, -0.002831, 0.313215, -0.283169, -0.906447, -0.089074, 0.0, 0.0, 0.0, 1.0],
                [0.939903, -0.044194, 0.338555, 0.086814, -0.135933, -0.958051, 0.252305, -0.002831, 0.313215, -0.283168, -0.906447, -0.089074, 0.0, 0.0, 0.0, 1.0],
                [0.939903, -0.044193, 0.338555, 0.086814, -0.135933, -0.958051, 0.252306, -0.002831, 0.313215, -0.28317, -0.906446, -0.089074, 0.0, 0.0, 0.0, 1.0],
                [0.939904, -0.044194, 0.338555, 0.086814, -0.135933, -0.958051, 0.252306, -0.002831, 0.313215, -0.283169, -0.906447, -0.089074, 0.0, 0.0, 0.0, 1.0],
                [0.939903, -0.044193, 0.338555, 0.086814, -0.135933, -0.958051, 0.252306, -0.002831, 0.313215, -0.28317, -0.906446, -0.089074, 0.0, 0.0, 0.0, 1.0],
                [0.939903, -0.044194, 0.338555, 0.086814, -0.135933, -0.958051, 0.252305, -0.002831, 0.313215, -0.283168, -0.906447, -0.089074, 0.0, 0.0, 0.0, 1.0],
                [0.939903, -0.044193, 0.338555, 0.086814, -0.135933, -0.958051, 0.252306, -0.002831, 0.313215, -0.283169, -0.906447, -0.089074, 0.0, 0.0, 0.0, 1.0],
                [0.939903, -0.044194, 0.338555, 0.086814, -0.135933, -0.958051, 0.252306, -0.002831, 0.313215, -0.283169, -0.906447, -0.089074, 0.0, 0.0, 0.0, 1.0],
                [0.939903, -0.044193, 0.338555, 0.086814, -0.135933, -0.958051, 0.252306, -0.002831, 0.313215, -0.28317, -0.906447, -0.089074, 0.0, 0.0, 0.0, 1.0],
                [0.939903, -0.044193, 0.338555, 0.086814, -0.135933, -0.958051, 0.252306, -0.002831, 0.313215, -0.28317, -0.906447, -0.089074, 0.0, 0.0, 0.0, 1.0],
                [0.939903, -0.044193, 0.338555, 0.086814, -0.135933, -0.958051, 0.252306, -0.002831, 0.313215, -0.28317, -0.906447, -0.089074, 0.0, 0.0, 0.0, 1.0]
            ]
        },
        {
            "name": "Leg_R",
            "time": [0.0, 0.0167, 0.0333, 0.05, 0.0667, 0.0833, 0.1, 0.1167, 0.1333, 0.15, 0.1667, 0.1833, 0.2, 0.2167, 0.2333, 0.25, 0.2667, 0.2833, 0.3, 0.3167, 0.3333, 0.35, 0.3667, 0.3833, 0.4, 0.4167, 0.4333, 0.45, 0.4667, 0.4833, 0.5, 0.5167, 0.5333, 0.55, 0.5667, 0.5833, 0.6, 0.6167, 0.6333, 0.65, 0.6667, 0.6833, 0.7, 0.7167, 0.7333, 0.75, 0.7667, 0.7833, 0.8, 0.8167, 0.8333, 0.85, 0.8667, 0.8833, 0.9, 0.9167, 0.9333, 0.95, 0.9667, 0.9833, 1.0, 1.0167, 1.0333, 1.05, 1.0667, 1.0833, 1.1, 1.1167, 1.1333, 1.15, 1.1667, 1.1833, 1.2, 1.2167, 1.2333, 1.25, 1.2667, 1.2833, 1.3, 1.3167, 1.3333, 1.35, 1.3667, 1.3833, 1.4, 1.4167, 1.4333, 1.45, 1.4667, 1.4833, 1.5, 2.0],
            "transform": [
                [1.0, -0.00024, -0.000141, 0.0, 0.000265, 0.976706, 0.214576, 0.375166, 8.6e-05, -0.21458, 0.976708, -0.0, 0.0, 0.0, 0.0, 1.0],
                [1.0, -0.00024, -0.000141, -0.0, 0.000265, 0.976706, 0.214579, 0.375166, 8.6e-05, -0.214583, 0.976707, 0.0, 0.0, 0.0, 0.0, 1.0],
                [1.0, -0.00024, -0.000141, 0.0, 0.000265, 0.976707, 0.214576, 0.375166, 8.6e-05, -0.21458, 0.976708, 0.0, 0.0, 0.0, 0.0, 1.0],
                [1.0, -0.00024, -0.000141, 0.0, 0.000265, 0.976706, 0.214576, 0.375166, 8.6e-05, -0.21458, 0.976708, 0.0, 0.0, 0.0, 0.0, 1.0],
                [1.0, -0.00024, -0.000141, -0.0, 0.000265, 0.976707, 0.214576, 0.375166, 8.7e-05, -0.21458, 0.976708, -0.0, 0.0, 0.0, 0.0, 1.0],
                [1.0, -0.00024, -0.000141, -0.0, 0.000265, 0.976706, 0.214576, 0.375166, 8.6e-05, -0.21458, 0.976707, 0.0, 0.0, 0.0, 0.0, 1.0],
                [1.0, -0.00024, -0.000141, 0.0, 0.000265, 0.976707, 0.214576, 0.375166, 8.6e-05, -0.21458, 0.976708, 0.0, 0.0, 0.0, 0.0, 1.0],
                [1.0, -0.00024, -0.000141, 0.0, 0.000265, 0.976706, 0.214579, 0.375166, 8.6e-05, -0.214583, 0.976707, 0.0, 0.0, 0.0, 0.0, 1.0],
                [1.0, -0.00024, -0.000141, -0.0, 0.000265, 0.976706, 0.214576, 0.375166, 8.6e-05, -0.21458, 0.976707, 0.0, 0.0, 0.0, 0.0, 1.0],
                [1.0, -0.00024, -0.000141, -0.0, 0.000265, 0.976706, 0.214578, 0.375166, 8.6e-05, -0.214582, 0.976707, 0.0, 0.0, 0.0, 0.0, 1.0],
                [1.0, -0.00024, -0.000141, 0.0, 0.000265, 0.976706, 0.214576, 0.375166, 8.6e-05, -0.21458, 0.976707, -0.0, 0.0, 0.0, 0.0, 1.0],
                [1.0, -0.00024, -0.000141, 0.0, 0.000265, 0.976706, 0.214579, 0.375166, 8.6e-05, -0.214583, 0.976707, 0.0, 0.0, 0.0, 0.0, 1.0],
                [1.0, -0.00024, -0.000141, -0.0, 0.000265, 0.976707, 0.214576, 0.375166, 8.6e-05, -0.21458, 0.976707, 0.0, 0.0, 0.0, 0.0, 1.0],
                [1.0, -0.00024, -0.000141, -0.0, 0.000265, 0.976706, 0.214576, 0.375166, 8.6e-05, -0.21458, 0.976708, 0.0, 0.0, 0.0, 0.0, 1.0],
                [1.0, -0.00024, -0.000141, -0.0, 0.000265, 0.976706, 0.214576, 0.375166, 8.6e-05, -0.21458, 0.976707, 0.0, 0.0, 0.0, 0.0, 1.0],
                [1.0, -0.00024, -0.000141, 0.0, 0.000265, 0.976706, 0.214576, 0.375166, 8.6e-05, -0.21458, 0.976708, -0.0, 0.0, 0.0, 0.0, 1.0],
                [1.0, -0.00024, -0.000141, -0.0, 0.000265, 0.976706, 0.214576, 0.375166, 8.6e-05, -0.21458, 0.976707, -0.0, 0.0, 0.0, 0.0, 1.0],
                [1.0, -0.00024, -0.000141, 0.0, 0.000265, 0.976706, 0.214578, 0.375166, 8.6e-05, -0.214582, 0.976707, -0.0, 0.0, 0.0, 0.0, 1.0],
                [1.0, -0.00024, -0.000141, 0.0, 0.000265, 0.976706, 0.214576, 0.375166, 8.6e-05, -0.21458, 0.976708, 0.0, 0.0, 0.0, 0.0, 1.0],
                [1.0, -0.00024, -0.000141, 0.0, 0.000265, 0.976706, 0.214576, 0.375166, 8.6e-05, -0.21458, 0.976707, 0.0, 0.0, 0.0, 0.0, 1.0],
                [1.0, -0.00024, -0.000141, 0.0, 0.000265, 0.976706, 0.214576, 0.375166, 8.6e-05, -0.21458, 0.976708, 0.0, 0.0, 0.0, 0.0, 1.0],
                [1.0, -0.00024, -0.000141, -0.0, 0.000265, 0.976706, 0.214576, 0.375166, 8.6e-05, -0.21458, 0.976708, 0.0, 0.0, 0.0, 0.0, 1.0],
                [1.0, -0.00024, -0.000141, -0.0, 0.000265, 0.976706, 0.214577, 0.375166, 8.6e-05, -0.214581, 0.976707, -0.0, 0.0, 0.0, 0.0, 1.0],
                [1.0, -0.00024, -0.000141, -0.0, 0.000265, 0.976707, 0.214575, 0.375166, 8.6e-05, -0.214579, 0.976708, -0.0, 0.0, 0.0, 0.0, 1.0],
                [1.0, -0.00024, -0.000141, 0.0, 0.000265, 0.976707, 0.214576, 0.375166, 8.6e-05, -0.21458, 0.976707, 0.0, 0.0, 0.0, 0.0, 1.0],
                [1.0, -0.00024, -0.000141, -0.0, 0.000265, 0.976706, 0.214576, 0.375166, 8.6e-05, -0.21458, 0.976707, -0.0, 0.0, 0.0, 0.0, 1.0],
                [1.0, -0.00024, -0.000141, 0.0, 0.000265, 0.976706, 0.214576, 0.375166, 8.6e-05, -0.21458, 0.976707, 0.0, 0.0, 0.0, 0.0, 1.0],
                [1.0, -0.00024, -0.000141, -0.0, 0.000265, 0.976707, 0.214575, 0.375166, 8.6e-05, -0.214579, 0.976708, 0.0, 0.0, 0.0, 0.0, 1.0],
                [1.0, -0.00024, -0.000141, -0.0, 0.000265, 0.976706, 0.214577, 0.375166, 8.6e-05, -0.214581, 0.976707, 0.0, 0.0, 0.0, 0.0, 1.0],
                [1.0, -0.00024, -0.000141, 0.0, 0.000265, 0.976706, 0.214576, 0.375166, 8.6e-05, -0.21458, 0.976707, 0.0, 0.0, 0.0, 0.0, 1.0],
                [1.0, -0.00024, -0.000141, 0.0, 0.000265, 0.976706, 0.214576, 0.375166, 8.6e-05, -0.21458, 0.976707, -0.0, 0.0, 0.0, 0.0, 1.0],
                [1.0, -0.00024, -0.000141, 0.0, 0.000265, 0.976706, 0.214576, 0.375166, 8.6e-05, -0.21458, 0.976707, 0.0, 0.0, 0.0, 0.0, 1.0],
                [1.0, -0.00024, -0.000141, 0.0, 0.000265, 0.976707, 0.214576, 0.375166, 8.6e-05, -0.21458, 0.976708, 0.0, 0.0, 0.0, 0.0, 1.0],
                [1.0, -0.00024, -0.000141, 0.0, 0.000265, 0.976706, 0.214576, 0.375166, 8.6e-05, -0.21458, 0.976707, 0.0, 0.0, 0.0, 0.0, 1.0],
                [1.0, -0.00024, -0.000141, 0.0, 0.000265, 0.976707, 0.214575, 0.375166, 8.6e-05, -0.214579, 0.976708, -0.0, 0.0, 0.0, 0.0, 1.0],
                [1.0, -0.00024, -0.000141, 0.0, 0.000265, 0.976707, 0.214575, 0.375166, 8.6e-05, -0.214579, 0.976708, -0.0, 0.0, 0.0, 0.0, 1.0],
                [1.0, -0.00024, -0.000141, 0.0, 0.000265, 0.976706, 0.214576, 0.375166, 8.6e-05, -0.21458, 0.976707, -0.0, 0.0, 0.0, 0.0, 1.0],
                [1.0, -0.00024, -0.000141, 0.0, 0.000265, 0.976706, 0.214576, 0.375166, 8.6e-05, -0.21458, 0.976707, 0.0, 0.0, 0.0, 0.0, 1.0],
                [1.0, -0.00024, -0.000141, 0.0, 0.000265, 0.976706, 0.214576, 0.375166, 8.6e-05, -0.21458, 0.976707, 0.0, 0.0, 0.0, 0.0, 1.0],
                [1.0, -0.00024, -0.000141, -0.0, 0.000265, 0.976706, 0.214577, 0.375166, 8.6e-05, -0.214581, 0.976707, 0.0, 0.0, 0.0, 0.0, 1.0],
                [1.0, -0.00024, -0.000141, 0.0, 0.000265, 0.976707, 0.214575, 0.375166, 8.6e-05, -0.214579, 0.976708, -0.0, 0.0, 0.0, 0.0, 1.0],
                [1.0, -0.00024, -0.000141, -0.0, 0.000265, 0.976706, 0.214576, 0.375166, 8.6e-05, -0.21458, 0.976708, 0.0, 0.0, 0.0, 0.0, 1.0],
                [1.0, -0.00024, -0.000141, 0.0, 0.000265, 0.976706, 0.214576, 0.375166, 8.6e-05, -0.21458, 0.976707, -0.0, 0.0, 0.0, 0.0, 1.0],
                [1.0, -0.00024, -0.000141, -0.0, 0.000265, 0.976706, 0.214576, 0.375166, 8.6e-05, -0.21458, 0.976708, -0.0, 0.0, 0.0, 0.0, 1.0],
                [1.0, -0.00024, -0.000141, 0.0, 0.000265, 0.976706, 0.214576, 0.375166, 8.6e-05, -0.21458, 0.976707, -0.0, 0.0, 0.0, 0.0, 1.0],
                [1.0, -0.00024, -0.000141, 0.0, 0.000265, 0.976706, 0.214576, 0.375166, 8.6e-05, -0.21458, 0.976708, 0.0, 0.0, 0.0, 0.0, 1.0],
                [1.0, -0.00024, -0.000141, 0.0, 0.000265, 0.976707, 0.214576, 0.375166, 8.6e-05, -0.21458, 0.976708, -0.0, 0.0, 0.0, 0.0, 1.0],
                [1.0, -0.00024, -0.000141, 0.0, 0.000265, 0.976706, 0.214576, 0.375166, 8.6e-05, -0.21458, 0.976708, -0.0, 0.0, 0.0, 0.0, 1.0],
                [1.0, -0.00024, -0.000141, -0.0, 0.000265, 0.976707, 0.214575, 0.375166, 8.6e-05, -0.214579, 0.976708, 0.0, 0.0, 0.0, 0.0, 1.0],
                [1.0, -0.00024, -0.000141, 0.0, 0.000265, 0.976706, 0.214576, 0.375166, 8.6e-05, -0.21458, 0.976708, 0.0, 0.0, 0.0, 0.0, 1.0],
                [1.0, -0.00024, -0.000141, -0.0, 0.000265, 0.976707, 0.214575, 0.375166, 8.6e-05, -0.214579, 0.976708, 0.0, 0.0, 0.0, 0.0, 1.0],
                [1.0, -0.00024, -0.000141, -0.0, 0.000265, 0.976707, 0.214575, 0.375166, 8.6e-05, -0.214579, 0.976708, -0.0, 0.0, 0.0, 0.0, 1.0],
                [1.0, -0.00024, -0.000141, -0.0, 0.000265, 0.976707, 0.214576, 0.375166, 8.6e-05, -0.21458, 0.976708, 0.0, 0.0, 0.0, 0.0, 1.0],
                [1.0, -0.00024, -0.000141, 0.0, 0.000265, 0.976707, 0.214575, 0.375166, 8.6e-05, -0.214579, 0.976708, -0.0, 0.0, 0.0, 0.0, 1.0],
                [1.0, -0.00024, -0.000141, 0.0, 0.000265, 0.976706, 0.214578, 0.375166, 8.6e-05, -0.214582, 0.976707, 0.0, 0.0, 0.0, 0.0, 1.0],
                [1.0, -0.00024, -0.000141, 0.0, 0.000265, 0.976707, 0.214575, 0.375166, 8.6e-05, -0.214579, 0.976708, -0.0, 0.0, 0.0, 0.0, 1.0],
                [1.0, -0.00024, -0.000141, -0.0, 0.000265, 0.976707, 0.214576, 0.375166, 8.6e-05, -0.21458, 0.976707, 0.0, 0.0, 0.0, 0.0, 1.0],
                [1.0, -0.00024, -0.000141, -0.0, 0.000265, 0.976707, 0.214576, 0.375166, 8.6e-05, -0.21458, 0.976708, 0.0, 0.0, 0.0, 0.0, 1.0],
                [1.0, -0.00024, -0.000141, 0.0, 0.000265, 0.976707, 0.214576, 0.375166, 8.6e-05, -0.21458, 0.976708, -0.0, 0.0, 0.0, 0.0, 1.0],
                [1.0, -0.00024, -0.000141, -0.0, 0.000265, 0.976707, 0.214575, 0.375166, 8.6e-05, -0.214579, 0.976707, 0.0, 0.0, 0.0, 0.0, 1.0],
                [1.0, -0.00024, -0.000141, -0.0, 0.000265, 0.976707, 0.214575, 0.375166, 8.6e-05, -0.214579, 0.976708, 0.0, 0.0, 0.0, 0.0, 1.0],
                [1.0, -0.00024, -0.000141, -0.0, 0.000265, 0.976706, 0.214577, 0.375166, 8.6e-05, -0.214581, 0.976707, -0.0, 0.0, 0.0, 0.0, 1.0],
                [1.0, -0.00024, -0.000141, 0.0, 0.000265, 0.976706, 0.214576, 0.375166, 8.6e-05, -0.21458, 0.976708, -0.0, 0.0, 0.0, 0.0, 1.0],
                [1.0, -0.00024, -0.000141, -0.0, 0.000265, 0.976706, 0.214576, 0.375166, 8.6e-05, -0.21458, 0.976707, 0.0, 0.0, 0.0, 0.0, 1.0],
                [1.0, -0.00024, -0.000141, -0.0, 0.000265, 0.976706, 0.214576, 0.375166, 8.6e-05, -0.21458, 0.976707, 0.0, 0.0, 0.0, 0.0, 1.0],
                [1.0, -0.00024, -0.000141, 0.0, 0.000265, 0.976706, 0.214576, 0.375166, 8.6e-05, -0.21458, 0.976707, -0.0, 0.0, 0.0, 0.0, 1.0],
                [1.0, -0.00024, -0.000141, 0.0, 0.000265, 0.976706, 0.214576, 0.375166, 8.6e-05, -0.21458, 0.976707, 0.0, 0.0, 0.0, 0.0, 1.0],
                [1.0, -0.00024, -0.000141, -0.0, 0.000265, 0.976707, 0.214574, 0.375166, 8.6e-05, -0.214578, 0.976708, 0.0, 0.0, 0.0, 0.0, 1.0],
                [1.0, -0.00024, -0.000141, -0.0, 0.000265, 0.976706, 0.214576, 0.375166, 8.6e-05, -0.21458, 0.976707, 0.0, 0.0, 0.0, 0.0, 1.0],
