{
    "animation": [
        {
            "name": "Root",
            "time": [0.0, 0.1, 0.2, 0.3, 0.4, 0.5, 0.6],
            "transform": [
                [0.997526, 0.0, 0.070304, -5e-06, 0.070304, 0.0, -0.997526, 0.000946, 0.0, 1.0, 0.0, 0.653741, 0.0, 0.0, 0.0, 1.0],
                [0.997526, 0.0, 0.070304, -5e-06, 0.070304, 0.0, -0.997526, 0.000946, 0.0, 1.0, 0.0, 0.653741, 0.0, 0.0, 0.0, 1.0],
                [0.997526, 0.0, 0.070304, -5e-06, 0.070304, 0.0, -0.997526, 0.000946, 0.0, 1.0, 0.0, 0.597819, 0.0, 0.0, 0.0, 1.0],
                [0.997526, 0.0, 0.070304, -5e-06, 0.070304, 0.0, -0.997526, 0.000946, 0.0, 1.0, 0.0, 0.653741, 0.0, 0.0, 0.0, 1.0],
                [0.997526, 0.0, 0.070304, -5e-06, 0.070304, 0.0, -0.997526, 0.000946, 0.0, 1.0, 0.0, 0.653741, 0.0, 0.0, 0.0, 1.0],
                [0.997526, 0.0, 0.070304, -5e-06, 0.070304, 0.0, -0.997526, 0.000946, 0.0, 1.0, 0.0, 0.597819, 0.0, 0.0, 0.0, 1.0],
                [0.997526, 0.0, 0.070304, -5e-06, 0.070304, 0.0, -0.997526, 0.000946, 0.0, 1.0, 0.0, 0.653741, 0.0, 0.0, 0.0, 1.0],
                [0.997526, 0.0, 0.070304, -5e-06, 0.070304, 0.0, -0.997526, 0.000946, 0.0, 1.0, 0.0, 0.653741, 0.0, 0.0, 0.0, 1.0]
            ]
        },
        {
            "name": "Thigh_R",
            "time": [0.0, 0.1, 0.2, 0.3, 0.4, 0.5, 0.6],
            "transform": [
                [0.999654, 0.016834, 0.020236, 0.124994, 0.001101, -0.794827, 0.606824, -0.002831, 0.0263, -0.606573, -0.794552, -1.2e-05, 0.0, 0.0, 0.0, 1.0],
                [0.999786, 0.005011, 0.020095, 0.124994, -0.015027, -0.49222, 0.870314, -0.002831, 0.014253, -0.870454, -0.492012, -1.2e-05, 0.0, 0.0, 0.0, 1.0],
                [0.997772, 0.03043, -0.059379, 0.124994, 0.064283, -0.676902, 0.733236, -0.002831, -0.017883, -0.735442, -0.677321, -1.2e-05, 0.0, 0.0, 0.0, 1.0],
                [0.997622, -0.021626, 0.065435, 0.124994, -0.050041, -0.880165, 0.472016, -0.002831, 0.047388, -0.474159, -0.879122, -1.2e-05, 0.0, 0.0, 0.0, 1.0],
                [0.999829, -0.01093, 0.014929, 0.124994, -0.002562, -0.880862, -0.473347, -0.002831, 0.018324, 0.473249, -0.880705, -1.2e-05, 0.0, 0.0, 0.0, 1.0],
                [0.999795, 0.016379, 0.011945, 0.124994, 0.020269, -0.798203, -0.602022, -0.002831, -0.000326, 0.602167, -0.798341, -1.2e-05, 0.0, 0.0, 0.0, 1.0],
                [0.999654, 0.016834, 0.020236, 0.124994, 0.001101, -0.794827, 0.606824, -0.002831, 0.0263, -0.606573, -0.794552, -1.2e-05, 0.0, 0.0, 0.0, 1.0],
                [0.999654, 0.016834, 0.020236, 0.124994, 0.001101, -0.794827, 0.606824, -0.002831, 0.0263, -0.606573, -0.794552, -1.2e-05, 0.0, 0.0, 0.0, 1.0]
            ]
        },
        {
            "name": "Leg_R",
            "time": [0.0, 0.1, 0.2, 0.3, 0.4, 0.5, 0.6],
            "transform": [
                [0.999998, -0.001042, -0.001639, -0.0, 0.001149, -0.363016, 0.931769, 0.375166, -0.001566, -0.931792, -0.363006, 0.0, 0.0, 0.0, 0.0, 1.0],
                [1.0, -0.000582, -0.000278, 0.0, 0.000641, 0.854144, 0.52002, 0.375166, -6.5e-05, -0.520045, 0.854151, 0.0, 0.0, 0.0, 0.0, 1.0],
                [1.0, -0.000258, -0.000145, -0.0, 0.000285, 0.972959, 0.230974, 0.375166, 8.2e-05, -0.230979, 0.97296, 0.0, 0.0, 0.0, 0.0, 1.0],
                [0.999999, -0.000993, -0.000719, -0.0, 0.001095, 0.459808, 0.888, 0.375166, -0.000551, -0.888038, 0.459822, 0.0, 0.0, 0.0, 0.0, 1.0],
                [1.0, -0.000124, -0.000122, -0.0, 0.000136, 0.99386, 0.110652, 0.375166, 0.000107, -0.110648, 0.993859, -0.0, 0.0, 0.0, 0.0, 1.0],
                [1.0, -0.000148, -0.000125, 0.0, 0.000163, 0.99126, 0.131927, 0.375166, 0.000104, -0.131925, 0.99126, 0.0, 0.0, 0.0, 0.0, 1.0],
                [0.999998, -0.001042, -0.001639, -0.0, 0.001149, -0.363016, 0.931769, 0.375166, -0.001566, -0.931792, -0.363006, 0.0, 0.0, 0.0, 0.0, 1.0],
                [0.999998, -0.001042, -0.001639, -0.0, 0.001149, -0.363016, 0.931769, 0.375166, -0.001566, -0.931792, -0.363006, 0.0, 0.0, 0.0, 0.0, 1.0]
            ]
        },
        {
            "name": "Knee_R",
            "time": [0.0, 0.1, 0.2, 0.3, 0.4, 0.5, 0.6],
            "transform": [
                [1.0, -5.7e-05, 5.4e-05, -0.0, 5.7e-05, 0.048757, -0.998811, 0.375166, 5.4e-05, 0.998811, 0.048757, 0.0, 0.0, 0.0, 0.0, 1.0],
                [1.0, -5.7e-05, 5.4e-05, 0.0, 5.7e-05, 0.048757, -0.998811, 0.375166, 5.4e-05, 0.998811, 0.048757, 0.0, 0.0, 0.0, 0.0, 1.0],
                [1.0, -5.7e-05, 5.4e-05, -0.0, 5.7e-05, 0.048757, -0.998811, 0.375166, 5.4e-05, 0.998811, 0.048757, 0.0, 0.0, 0.0, 0.0, 1.0],
                [1.0, -5.7e-05, 5.4e-05, -0.0, 5.7e-05, 0.048757, -0.998811, 0.375166, 5.4e-05, 0.998811, 0.048757, 0.0, 0.0, 0.0, 0.0, 1.0],
                [1.0, -5.7e-05, 5.4e-05, -0.0, 5.7e-05, 0.048757, -0.998811, 0.375166, 5.4e-05, 0.998811, 0.048757, -0.0, 0.0, 0.0, 0.0, 1.0],
                [1.0, -5.7e-05, 5.4e-05, 0.0, 5.7e-05, 0.048757, -0.998811, 0.375166, 5.4e-05, 0.998811, 0.048757, 0.0, 0.0, 0.0, 0.0, 1.0],
                [1.0, -5.7e-05, 5.4e-05, -0.0, 5.7e-05, 0.048757, -0.998811, 0.375166, 5.4e-05, 0.998811, 0.048757, 0.0, 0.0, 0.0, 0.0, 1.0],
                [1.0, -5.7e-05, 5.4e-05, -0.0, 5.7e-05, 0.048757, -0.998811, 0.375166, 5.4e-05, 0.998811, 0.048757, 0.0, 0.0, 0.0, 0.0, 1.0]
            ]
        },
        {
            "name": "Thigh_L",
            "time": [0.0, 0.1, 0.2, 0.3, 0.4, 0.5, 0.6],
            "transform": [
                [0.998441, 0.036344, -0.042365, -0.125006, 0.05209, -0.879407, 0.473204, -0.002831, -0.020059, -0.474662, -0.87989, -1.2e-05, 0.0, 0.0, 0.0, 1.0],
                [0.999927, 0.011644, -0.003183, -0.125006, 0.008751, -0.880857, -0.473277, -0.002831, -0.008316, 0.47324, -0.880854, -1.2e-05, 0.0, 0.0, 0.0, 1.0],
                [0.999376, -0.030694, -0.017504, -0.125006, -0.035298, -0.84466, -0.534107, -0.002831, 0.001608, 0.534423, -0.845181, -1.2e-05, 0.0, 0.0, 0.0, 1.0],
                [0.999953, 0.000214, -0.00971, -0.125006, 0.006063, -0.794777, 0.606857, -0.002831, -0.007588, -0.606866, -0.794719, -1.2e-05, 0.0, 0.0, 0.0, 1.0],
                [0.999915, -0.002653, -0.012805, -0.125006, 0.009842, -0.492191, 0.8704, -0.002831, -0.008612, -0.87048, -0.492089, -1.2e-05, 0.0, 0.0, 0.0, 1.0],
                [0.999325, -0.023049, 0.028589, -0.125006, -0.036675, -0.666695, 0.744398, -0.002831, 0.001903, -0.744973, -0.667055, -1.2e-05, 0.0, 0.0, 0.0, 1.0],
                [0.998441, 0.036344, -0.042365, -0.125006, 0.05209, -0.879407, 0.473204, -0.002831, -0.020059, -0.474662, -0.87989, -1.2e-05, 0.0, 0.0, 0.0, 1.0],
                [0.998441, 0.036344, -0.042365, -0.125006, 0.05209, -0.879407, 0.473204, -0.002831, -0.020059, -0.474662, -0.87989, -1.2e-05, 0.0, 0.0, 0.0, 1.0]
            ]
        },
        {
            "name": "Leg_L",
            "time": [0.0, 0.1, 0.2, 0.3, 0.4, 0.5, 0.6],
            "transform": [
                [1.0, 2e-06, 2e-06, -0.0, -3e-06, 0.459805, 0.887999, 0.375166, 1e-06, -0.888045, 0.45982, -0.0, 0.0, 0.0, 0.0, 1.0],
                [1.0, 0.0, 1e-06, -0.0, -0.0, 0.99386, 0.110652, 0.375166, -1e-06, -0.110647, 0.99386, -0.0, 0.0, 0.0, 0.0, 1.0],
                [1.0, 1e-06, 1e-06, -0.0, -1e-06, 0.961507, 0.274772, 0.375166, -1e-06, -0.274783, 0.961509, -0.0, 0.0, 0.0, 0.0, 1.0],
                [1.0, 2e-06, 4e-06, 0.0, -3e-06, -0.363018, 0.931767, 0.375166, 4e-06, -0.931794, -0.363007, 0.0, 0.0, 0.0, 0.0, 1.0],
                [1.0, 1e-06, 1e-06, -0.0, -2e-06, 0.854144, 0.520018, 0.375166, -0.0, -0.520049, 0.854152, 0.0, 0.0, 0.0, 0.0, 1.0],
                [1.0, 1e-06, 1e-06, 0.0, -1e-06, 0.965194, 0.261528, 0.375166, -1e-06, -0.261538, 0.965196, -0.0, 0.0, 0.0, 0.0, 1.0],
                [1.0, 2e-06, 2e-06, -0.0, -3e-06, 0.459805, 0.887999, 0.375166, 1e-06, -0.888045, 0.45982, -0.0, 0.0, 0.0, 0.0, 1.0],
                [1.0, 2e-06, 2e-06, -0.0, -3e-06, 0.459805, 0.887999, 0.375166, 1e-06, -0.888045, 0.45982, -0.0, 0.0, 0.0, 0.0, 1.0]
            ]
        },
        {
            "name": "Knee_L",
            "time": [0.0, 0.1, 0.2, 0.3, 0.4, 0.5, 0.6],
            "transform": [
                [1.0, 0.0, -0.0, -0.0, -0.0, 0.048757, -0.998811, 0.375166, -0.0, 0.998811, 0.048757, -0.0, 0.0, 0.0, 0.0, 1.0],
                [1.0, 0.0, -0.0, -0.0, -0.0, 0.048757, -0.998811, 0.375166, -0.0, 0.998811, 0.048757, -0.0, 0.0, 0.0, 0.0, 1.0],
                [1.0, 0.0, -0.0, -0.0, -0.0, 0.048757, -0.998811, 0.375166, -0.0, 0.998811, 0.048757, -0.0, 0.0, 0.0, 0.0, 1.0],
                [1.0, 0.0, -0.0, 0.0, -0.0, 0.048757, -0.998811, 0.375166, -0.0, 0.998811, 0.048757, 0.0, 0.0, 0.0, 0.0, 1.0],
                [1.0, 0.0, -0.0, -0.0, -0.0, 0.048757, -0.998811, 0.375166, -0.0, 0.998811, 0.048757, 0.0, 0.0, 0.0, 0.0, 1.0],
                [1.0, 0.0, -0.0, 0.0, -0.0, 0.048757, -0.998811, 0.375166, -0.0, 0.998811, 0.048757, -0.0, 0.0, 0.0, 0.0, 1.0],
                [1.0, 0.0, -0.0, -0.0, -0.0, 0.048757, -0.998811, 0.375166, -0.0, 0.998811, 0.048757, -0.0, 0.0, 0.0, 0.0, 1.0],
                [1.0, 0.0, -0.0, -0.0, -0.0, 0.048757, -0.998811, 0.375166, -0.0, 0.998811, 0.048757, -0.0, 0.0, 0.0, 0.0, 1.0]
            ]
        },
        {
            "name": "Torso",
            "time": [0.0, 0.1, 0.2, 0.3, 0.4, 0.5, 0.6],
            "transform": [
                [0.999927, 0.011039, -0.005146, -0.0, -0.011174, 0.999577, -0.026886, 0.05, 0.004847, 0.026941, 0.999626, -0.0, 0.0, 0.0, 0.0, 1.0],
                [0.999927, 0.011039, -0.005146, -0.0, -0.011174, 0.999577, -0.026886, 0.05, 0.004847, 0.026941, 0.999626, -0.0, 0.0, 0.0, 0.0, 1.0],
                [0.999909, 0.01263, -0.004705, -0.0, -0.012602, 0.999903, 0.006023, 0.05, 0.00478, -0.005963, 0.999971, -0.0, 0.0, 0.0, 0.0, 1.0],
                [0.999927, 0.011039, -0.005146, -0.0, -0.011174, 0.999577, -0.026886, 0.05, 0.004847, 0.026941, 0.999626, -0.0, 0.0, 0.0, 0.0, 1.0],
                [0.999927, 0.011039, -0.005146, -0.0, -0.011174, 0.999577, -0.026886, 0.05, 0.004847, 0.026941, 0.999626, -0.0, 0.0, 0.0, 0.0, 1.0],
                [0.999909, 0.01263, -0.004705, -0.0, -0.012602, 0.999903, 0.006023, 0.05, 0.00478, -0.005963, 0.999971, -0.0, 0.0, 0.0, 0.0, 1.0],
                [0.999927, 0.011039, -0.005146, -0.0, -0.011174, 0.999577, -0.026886, 0.05, 0.004847, 0.026941, 0.999626, -0.0, 0.0, 0.0, 0.0, 1.0],
                [0.999927, 0.011039, -0.005146, -0.0, -0.011174, 0.999577, -0.026886, 0.05, 0.004847, 0.026941, 0.999626, -0.0, 0.0, 0.0, 0.0, 1.0]
            ]
        },
        {
            "name": "Chest",
            "time": [0.0, 0.1, 0.2, 0.3, 0.4, 0.5, 0.6],
            "transform": [
                [0.999621, 0.026926, 0.005596, 0.0, -0.025128, 0.811556, 0.583734, 0.304568, 0.011176, -0.583654, 0.811926, -0.0, 0.0, 0.0, 0.0, 1.0],
                [0.999621, 0.026926, 0.005596, 0.0, -0.025128, 0.811556, 0.583734, 0.304568, 0.011176, -0.583654, 0.811926, -0.0, 0.0, 0.0, 0.0, 1.0],
                [0.999693, 0.024421, 0.003971, 0.0, -0.022799, 0.846896, 0.531268, 0.304568, 0.009611, -0.531197, 0.847194, -0.0, 0.0, 0.0, 0.0, 1.0],
                [0.999621, 0.026926, 0.005596, 0.0, -0.025128, 0.811556, 0.583734, 0.304568, 0.011176, -0.583654, 0.811926, -0.0, 0.0, 0.0, 0.0, 1.0],
                [0.999621, 0.026926, 0.005596, 0.0, -0.025128, 0.811556, 0.583734, 0.304568, 0.011176, -0.583654, 0.811926, -0.0, 0.0, 0.0, 0.0, 1.0],
                [0.999693, 0.024421, 0.003971, 0.0, -0.022799, 0.846896, 0.531268, 0.304568, 0.009611, -0.531197, 0.847194, -0.0, 0.0, 0.0, 0.0, 1.0],
                [0.999621, 0.026926, 0.005596, 0.0, -0.025128, 0.811556, 0.583734, 0.304568, 0.011176, -0.583654, 0.811926, -0.0, 0.0, 0.0, 0.0, 1.0],
                [0.999621, 0.026926, 0.005596, 0.0, -0.025128, 0.811556, 0.583734, 0.304568, 0.011176, -0.583654, 0.811926, -0.0, 0.0, 0.0, 0.0, 1.0]
            ]
        },
        {
            "name": "Head",
            "time": [0.0, 0.1, 0.2, 0.3, 0.4, 0.5, 0.6],
            "transform": [
                [0.998507, -0.009961, -0.0537, 0.0, -0.016871, 0.878892, -0.476722, 0.403437, 0.051945, 0.476916, 0.877412, 0.0, 0.0, 0.0, 0.0, 1.0],
                [0.998463, -0.00927, -0.054635, 0.0, -0.016308, 0.893091, -0.44958, 0.403437, 0.052961, 0.449781, 0.891567, 0.0, 0.0, 0.0, 0.0, 1.0],
                [0.998477, -0.009258, -0.054381, 0.0, -0.016262, 0.892604, -0.450548, 0.403437, 0.052711, 0.450746, 0.891094, -0.0, 0.0, 0.0, 0.0, 1.0],
                [0.998433, -0.008754, -0.055274, 0.0, -0.01588, 0.902776, -0.429817, 0.403437, 0.053663, 0.430022, 0.901222, 0.0, 0.0, 0.0, 0.0, 1.0],
                [0.998463, -0.00927, -0.054635, 0.0, -0.016308, 0.893091, -0.44958, 0.403437, 0.052961, 0.449781, 0.891567, 0.0, 0.0, 0.0, 0.0, 1.0],
                [0.998556, -0.010422, -0.052706, 0.0, -0.017199, 0.867366, -0.497374, 0.403437, 0.050899, 0.497562, 0.865934, -0.0, 0.0, 0.0, 0.0, 1.0],
                [0.998507, -0.009961, -0.0537, 0.0, -0.016871, 0.878892, -0.476722, 0.403437, 0.051945, 0.476916, 0.877412, 0.0, 0.0, 0.0, 0.0, 1.0],
                [0.998507, -0.009961, -0.0537, 0.0, -0.016871, 0.878892, -0.476722, 0.403437, 0.051945, 0.476916, 0.877412, 0.0, 0.0, 0.0, 0.0, 1.0]
            ]
        },
        {
            "name": "Shoulder_R",
            "time": [0.0, 0.1, 0.2, 0.3, 0.4, 0.5, 0.6],
            "transform": [
                [-0.0, 0.952114, 0.305743, 0.0, -0.130264, -0.303138, 0.944001, 0.403437, 0.991479, -0.039827, 0.124026, 0.0, 0.0, 0.0, 0.0, 1.0],
                [-0.0, 0.952114, 0.305743, 0.0, -0.130264, -0.303138, 0.944001, 0.403437, 0.991479, -0.039827, 0.124026, 0.0, 0.0, 0.0, 0.0, 1.0],
                [-0.0, 0.952114, 0.305743, 0.0, -0.130264, -0.303138, 0.944001, 0.403437, 0.991479, -0.039827, 0.124026, -0.0, 0.0, 0.0, 0.0, 1.0],
                [-0.0, 0.952114, 0.305743, 0.0, -0.130264, -0.303138, 0.944001, 0.403437, 0.991479, -0.039827, 0.124026, 0.0, 0.0, 0.0, 0.0, 1.0],
                [-0.0, 0.952114, 0.305743, 0.0, -0.130264, -0.303138, 0.944001, 0.403437, 0.991479, -0.039827, 0.124026, 0.0, 0.0, 0.0, 0.0, 1.0],
                [-0.0, 0.952114, 0.305743, 0.0, -0.130264, -0.303138, 0.944001, 0.403437, 0.991479, -0.039827, 0.124026, -0.0, 0.0, 0.0, 0.0, 1.0],
                [-0.0, 0.952114, 0.305743, 0.0, -0.130264, -0.303138, 0.944001, 0.403437, 0.991479, -0.039827, 0.124026, 0.0, 0.0, 0.0, 0.0, 1.0],
                [-0.0, 0.952114, 0.305743, 0.0, -0.130264, -0.303138, 0.944001, 0.403437, 0.991479, -0.039827, 0.124026, 0.0, 0.0, 0.0, 0.0, 1.0]
            ]
        },
        {
            "name": "Arm_R",
            "time": [0.0, 0.1, 0.2, 0.3, 0.4, 0.5, 0.6],
            "transform": [
                [0.942305, 0.123652, -0.311081, 0.0, 0.196791, 0.54713, 0.813586, 0.39386, 0.270804, -0.827864, 0.49123, 0.0, 0.0, 0.0, 0.0, 1.0],
                [0.942305, 0.123652, -0.311081, 0.0, 0.196791, 0.54713, 0.813586, 0.39386, 0.270804, -0.827864, 0.49123, 0.0, 0.0, 0.0, 0.0, 1.0],
                [0.935934, 0.152627, -0.317383, 0.0, 0.188335, 0.5446, 0.817277, 0.39386, 0.297586, -0.824691, 0.480965, 0.0, 0.0, 0.0, 0.0, 1.0],
                [0.942305, 0.123652, -0.311081, 0.0, 0.196791, 0.54713, 0.813586, 0.39386, 0.270804, -0.827864, 0.49123, 0.0, 0.0, 0.0, 0.0, 1.0],
                [0.942305, 0.123652, -0.311081, 0.0, 0.196791, 0.54713, 0.813586, 0.39386, 0.270804, -0.827864, 0.49123, 0.0, 0.0, 0.0, 0.0, 1.0],
                [0.935934, 0.152627, -0.317383, 0.0, 0.188335, 0.5446, 0.817277, 0.39386, 0.297586, -0.824691, 0.480965, 0.0, 0.0, 0.0, 0.0, 1.0],
                [0.942305, 0.123652, -0.311081, 0.0, 0.196791, 0.54713, 0.813586, 0.39386, 0.270804, -0.827864, 0.49123, 0.0, 0.0, 0.0, 0.0, 1.0],
                [0.942305, 0.123652, -0.311081, 0.0, 0.196791, 0.54713, 0.813586, 0.39386, 0.270804, -0.827864, 0.49123, 0.0, 0.0, 0.0, 0.0, 1.0]
            ]
        },
        {
            "name": "Hand_R",
            "time": [0.0, 0.1, 0.2, 0.3, 0.4, 0.5, 0.6],
            "transform": [
                [1.0, -0.0, 0.0, 0.0, 0.0, 0.978241, -0.207473, 0.300556, 0.0, 0.207473, 0.978241, -0.0, 0.0, 0.0, 0.0, 1.0],
                [1.0, -0.0, 0.0, 0.0, 0.0, 0.978241, -0.207473, 0.300556, 0.0, 0.207473, 0.978241, -0.0, 0.0, 0.0, 0.0, 1.0],
                [1.0, -0.0, 0.0, -0.0, 0.0, 0.978241, -0.207473, 0.300556, 0.0, 0.207473, 0.978241, 0.0, 0.0, 0.0, 0.0, 1.0],
                [1.0, -0.0, 0.0, 0.0, 0.0, 0.978241, -0.207473, 0.300556, 0.0, 0.207473, 0.978241, -0.0, 0.0, 0.0, 0.0, 1.0],
                [1.0, -0.0, 0.0, 0.0, 0.0, 0.978241, -0.207473, 0.300556, 0.0, 0.207473, 0.978241, -0.0, 0.0, 0.0, 0.0, 1.0],
                [1.0, -0.0, 0.0, -0.0, 0.0, 0.978241, -0.207473, 0.300556, 0.0, 0.207473, 0.978241, 0.0, 0.0, 0.0, 0.0, 1.0],
                [1.0, -0.0, 0.0, 0.0, 0.0, 0.978241, -0.207473, 0.300556, 0.0, 0.207473, 0.978241, -0.0, 0.0, 0.0, 0.0, 1.0],
                [1.0, -0.0, 0.0, 0.0, 0.0, 0.978241, -0.207473, 0.300556, 0.0, 0.207473, 0.978241, -0.0, 0.0, 0.0, 0.0, 1.0]
            ]
        },
        {
            "name": "Tool_R",
            "time": [0.0, 0.1, 0.2, 0.3, 0.4, 0.5, 0.6],
            "transform": [
                [0.982099, 0.04302, 0.183385, 0.0, 0.117081, -0.902072, -0.415402, 0.266907, 0.147556, 0.429437, -0.890961, 0.005004, 0.0, 0.0, 0.0, 1.0],
                [0.981154, 0.043175, 0.18834, 0.0, 0.120365, -0.89907, -0.420934, 0.266907, 0.151157, 0.43567, -0.887324, 0.005004, 0.0, 0.0, 0.0, 1.0],
                [0.979247, 0.043379, 0.197973, 0.0, 0.126818, -0.893108, -0.431596, 0.266907, 0.158089, 0.447745, -0.880075, 0.005004, 0.0, 0.0, 0.0, 1.0],
                [0.978033, 0.043438, 0.203873, 0.0, 0.130816, -0.889374, -0.438066, 0.266907, 0.162291, 0.455113, -0.87552, 0.005004, 0.0, 0.0, 0.0, 1.0],
                [0.979052, 0.043392, 0.19893, 0.0, 0.127464, -0.892507, -0.432649, 0.266907, 0.158773, 0.448943, -0.879342, 0.005004, 0.0, 0.0, 0.0, 1.0],
                [0.980969, 0.043202, 0.189299, 0.0, 0.121003, -0.898484, -0.422001, 0.266907, 0.151851, 0.436875, -0.886613, 0.005004, 0.0, 0.0, 0.0, 1.0],
                [0.982099, 0.04302, 0.183385, 0.0, 0.117081, -0.902072, -0.415402, 0.266907, 0.147556, 0.429437, -0.890961, 0.005004, 0.0, 0.0, 0.0, 1.0],
                [0.982099, 0.04302, 0.183385, 0.0, 0.117081, -0.902072, -0.415402, 0.266907, 0.147556, 0.429437, -0.890961, 0.005004, 0.0, 0.0, 0.0, 1.0]
            ]
        },
        {
            "name": "Elbow_R",
            "time": [0.0, 0.1, 0.2, 0.3, 0.4, 0.5, 0.6],
            "transform": [
                [-1.0, 0.0, 0.0, 0.0, -0.0, 0.060811, -0.998149, 0.300556, -0.0, -0.99815, -0.060811, -0.0, 0.0, 0.0, 0.0, 1.0],
                [-1.0, 0.0, 0.0, 0.0, -0.0, 0.060811, -0.998149, 0.300556, -0.0, -0.99815, -0.060811, -0.0, 0.0, 0.0, 0.0, 1.0],
                [-1.0, 0.0, 0.0, -0.0, -0.0, 0.060811, -0.998149, 0.300556, -0.0, -0.99815, -0.060811, 0.0, 0.0, 0.0, 0.0, 1.0],
                [-1.0, 0.0, 0.0, 0.0, -0.0, 0.060811, -0.998149, 0.300556, -0.0, -0.99815, -0.060811, -0.0, 0.0, 0.0, 0.0, 1.0],
                [-1.0, 0.0, 0.0, 0.0, -0.0, 0.060811, -0.998149, 0.300556, -0.0, -0.99815, -0.060811, -0.0, 0.0, 0.0, 0.0, 1.0],
                [-1.0, 0.0, 0.0, -0.0, -0.0, 0.060811, -0.998149, 0.300556, -0.0, -0.99815, -0.060811, 0.0, 0.0, 0.0, 0.0, 1.0],
                [-1.0, 0.0, 0.0, 0.0, -0.0, 0.060811, -0.998149, 0.300556, -0.0, -0.99815, -0.060811, -0.0, 0.0, 0.0, 0.0, 1.0],
                [-1.0, 0.0, 0.0, 0.0, -0.0, 0.060811, -0.998149, 0.300556, -0.0, -0.99815, -0.060811, -0.0, 0.0, 0.0, 0.0, 1.0]
            ]
        },
        {
            "name": "Shoulder_L",
            "time": [0.0, 0.1, 0.2, 0.3, 0.4, 0.5, 0.6],
            "transform": [
                [0.0, -0.952114, -0.305743, 0.0, 0.130264, -0.303138, 0.944001, 0.403437, -0.991479, -0.039827, 0.124026, 0.0, 0.0, 0.0, 0.0, 1.0],
                [0.0, -0.952114, -0.305743, 0.0, 0.130264, -0.303138, 0.944001, 0.403437, -0.991479, -0.039827, 0.124026, 0.0, 0.0, 0.0, 0.0, 1.0],
                [0.0, -0.952114, -0.305743, 0.0, 0.130264, -0.303138, 0.944001, 0.403437, -0.99148, -0.039827, 0.124026, -0.0, 0.0, 0.0, 0.0, 1.0],
                [0.0, -0.952114, -0.305743, 0.0, 0.130264, -0.303138, 0.944001, 0.403437, -0.991479, -0.039827, 0.124026, 0.0, 0.0, 0.0, 0.0, 1.0],
                [0.0, -0.952114, -0.305743, 0.0, 0.130264, -0.303138, 0.944001, 0.403437, -0.991479, -0.039827, 0.124026, 0.0, 0.0, 0.0, 0.0, 1.0],
                [0.0, -0.952114, -0.305743, 0.0, 0.130264, -0.303138, 0.944001, 0.403437, -0.99148, -0.039827, 0.124026, -0.0, 0.0, 0.0, 0.0, 1.0],
                [0.0, -0.952114, -0.305743, 0.0, 0.130264, -0.303138, 0.944001, 0.403437, -0.991479, -0.039827, 0.124026, 0.0, 0.0, 0.0, 0.0, 1.0],
                [0.0, -0.952114, -0.305743, 0.0, 0.130264, -0.303138, 0.944001, 0.403437, -0.991479, -0.039827, 0.124026, 0.0, 0.0, 0.0, 0.0, 1.0]
            ]
        },
        {
            "name": "Arm_L",
            "time": [0.0, 0.1, 0.2, 0.3, 0.4, 0.5, 0.6],
            "transform": [
                [0.461046, -0.703938, 0.540285, 0.0, -0.290821, 0.455366, 0.841466, 0.39386, -0.838367, -0.54508, 0.005225, 0.0, 0.0, 0.0, 0.0, 1.0],
                [0.461046, -0.703938, 0.540285, 0.0, -0.290821, 0.455366, 0.841466, 0.39386, -0.838367, -0.54508, 0.005225, 0.0, 0.0, 0.0, 0.0, 1.0],
                [0.439212, -0.723518, 0.532555, 0.0, -0.285476, 0.449667, 0.846348, 0.39386, -0.85182, -0.523756, -0.009048, -0.0, 0.0, 0.0, 0.0, 1.0],
                [0.461046, -0.703938, 0.540285, 0.0, -0.290821, 0.455366, 0.841466, 0.39386, -0.838367, -0.54508, 0.005225, 0.0, 0.0, 0.0, 0.0, 1.0],
                [0.461046, -0.703938, 0.540285, 0.0, -0.290821, 0.455366, 0.841466, 0.39386, -0.838367, -0.54508, 0.005225, 0.0, 0.0, 0.0, 0.0, 1.0],
                [0.439212, -0.723518, 0.532555, 0.0, -0.285476, 0.449667, 0.846348, 0.39386, -0.85182, -0.523756, -0.009048, -0.0, 0.0, 0.0, 0.0, 1.0],
                [0.461046, -0.703938, 0.540285, 0.0, -0.290821, 0.455366, 0.841466, 0.39386, -0.838367, -0.54508, 0.005225, 0.0, 0.0, 0.0, 0.0, 1.0],
                [0.461046, -0.703938, 0.540285, 0.0, -0.290821, 0.455366, 0.841466, 0.39386, -0.838367, -0.54508, 0.005225, 0.0, 0.0, 0.0, 0.0, 1.0]
            ]
        },
        {
            "name": "Hand_L",
            "time": [0.0, 0.1, 0.2, 0.3, 0.4, 0.5, 0.6],
            "transform": [
                [1.0, -3.6e-05, -2.5e-05, 0.0, 3e-05, 0.977344, -0.211658, 0.300556, 3.2e-05, 0.211658, 0.977344, -0.0, 0.0, 0.0, 0.0, 1.0],
                [1.0, -3.6e-05, -2.5e-05, 0.0, 3e-05, 0.977344, -0.211658, 0.300556, 3.2e-05, 0.211658, 0.977344, -0.0, 0.0, 0.0, 0.0, 1.0],
                [1.0, -3.6e-05, -2.5e-05, 0.0, 3e-05, 0.977344, -0.211658, 0.300556, 3.2e-05, 0.211658, 0.977344, 0.0, 0.0, 0.0, 0.0, 1.0],
                [1.0, -3.6e-05, -2.5e-05, 0.0, 3e-05, 0.977344, -0.211658, 0.300556, 3.2e-05, 0.211658, 0.977344, -0.0, 0.0, 0.0, 0.0, 1.0],
                [1.0, -3.6e-05, -2.5e-05, 0.0, 3e-05, 0.977344, -0.211658, 0.300556, 3.2e-05, 0.211658, 0.977344, -0.0, 0.0, 0.0, 0.0, 1.0],
                [1.0, -3.6e-05, -2.5e-05, 0.0, 3e-05, 0.977344, -0.211658, 0.300556, 3.2e-05, 0.211658, 0.977344, 0.0, 0.0, 0.0, 0.0, 1.0],
                [1.0, -3.6e-05, -2.5e-05, 0.0, 3e-05, 0.977344, -0.211658, 0.300556, 3.2e-05, 0.211658, 0.977344, -0.0, 0.0, 0.0, 0.0, 1.0],
                [1.0, -3.6e-05, -2.5e-05, 0.0, 3e-05, 0.977344, -0.211658, 0.300556, 3.2e-05, 0.211658, 0.977344, -0.0, 0.0, 0.0, 0.0, 1.0]
            ]
        },
        {
            "name": "Tool_L",
            "time": [0.0, 0.1, 0.2, 0.3, 0.4, 0.5, 0.6],
            "transform": [
                [1.0, 0.0, -0.0, -0.0, 0.0, -0.99944, -0.033474, 0.266907, -0.0, 0.033474, -0.999439, 0.005004, 0.0, 0.0, 0.0, 1.0],
                [1.0, 0.0, -0.0, -0.0, 0.0, -0.99944, -0.033474, 0.266907, -0.0, 0.033474, -0.999439, 0.005004, 0.0, 0.0, 0.0, 1.0],
                [1.0, 0.0, -0.0, -0.0, 0.0, -0.99944, -0.033474, 0.266907, -0.0, 0.033474, -0.999439, 0.005004, 0.0, 0.0, 0.0, 1.0],
                [1.0, 0.0, -0.0, -0.0, 0.0, -0.99944, -0.033474, 0.266907, -0.0, 0.033474, -0.999439, 0.005004, 0.0, 0.0, 0.0, 1.0],
                [1.0, 0.0, -0.0, -0.0, 0.0, -0.99944, -0.033474, 0.266907, -0.0, 0.033474, -0.999439, 0.005004, 0.0, 0.0, 0.0, 1.0],
                [1.0, 0.0, -0.0, -0.0, 0.0, -0.99944, -0.033474, 0.266907, -0.0, 0.033474, -0.999439, 0.005004, 0.0, 0.0, 0.0, 1.0],
                [1.0, 0.0, -0.0, -0.0, 0.0, -0.99944, -0.033474, 0.266907, -0.0, 0.033474, -0.999439, 0.005004, 0.0, 0.0, 0.0, 1.0],
                [1.0, 0.0, -0.0, -0.0, 0.0, -0.99944, -0.033474, 0.266907, -0.0, 0.033474, -0.999439, 0.005004, 0.0, 0.0, 0.0, 1.0]
            ]
        },
        {
            "name": "Elbow_L",
            "time": [0.0, 0.1, 0.2, 0.3, 0.4, 0.5, 0.6],
            "transform": [
                [-1.0, 3e-05, 3.2e-05, 0.0, -3e-05, 0.060811, -0.998149, 0.300556, -3.2e-05, -0.998149, -0.060811, -0.0, 0.0, 0.0, 0.0, 1.0],
                [-1.0, 3e-05, 3.2e-05, 0.0, -3e-05, 0.060811, -0.998149, 0.300556, -3.2e-05, -0.998149, -0.060811, -0.0, 0.0, 0.0, 0.0, 1.0],
                [-1.0, 3e-05, 3.2e-05, 0.0, -3e-05, 0.060811, -0.998149, 0.300556, -3.2e-05, -0.998149, -0.060811, 0.0, 0.0, 0.0, 0.0, 1.0],
                [-1.0, 3e-05, 3.2e-05, 0.0, -3e-05, 0.060811, -0.998149, 0.300556, -3.2e-05, -0.998149, -0.060811, -0.0, 0.0, 0.0, 0.0, 1.0],
                [-1.0, 3e-05, 3.2e-05, 0.0, -3e-05, 0.060811, -0.998149, 0.300556, -3.2e-05, -0.998149, -0.060811, -0.0, 0.0, 0.0, 0.0, 1.0],
                [-1.0, 3e-05, 3.2e-05, 0.0, -3e-05, 0.060811, -0.998149, 0.300556, -3.2e-05, -0.998149, -0.060811, 0.0, 0.0, 0.0, 0.0, 1.0],
                [-1.0, 3e-05, 3.2e-05, 0.0, -3e-05, 0.060811, -0.998149, 0.300556, -3.2e-05, -0.998149, -0.060811, -0.0, 0.0, 0.0, 0.0, 1.0],
                [-1.0, 3e-05, 3.2e-05, 0.0, -3e-05, 0.060811, -0.998149, 0.300556, -3.2e-05, -0.998149, -0.060811, -0.0, 0.0, 0.0, 0.0, 1.0]
            ]
        }
    ]
}