{
    "animation": [
        {
            "name": "Root",
            "time": [0.0, 0.0167, 0.0333, 0.05, 0.0667, 0.0833, 0.1, 0.1167, 0.1333, 0.15, 0.1667, 0.1833, 0.2, 0.2167, 0.2333, 0.25, 0.2667, 0.2833, 0.3, 0.3167, 0.3333, 0.35, 0.3667, 0.3833, 0.4, 0.4167, 0.4333, 0.45, 0.4667, 0.4833, 0.5, 0.5167, 0.5333, 0.55, 0.5667, 0.5833, 0.6, 0.6167, 0.6333, 0.65, 0.6667, 0.6833, 0.7, 0.7167, 0.7333, 0.75, 0.7667, 0.7833, 0.8, 0.8167, 0.8333, 0.85, 0.8667, 0.8833, 0.9, 0.9167, 0.9333, 0.95, 0.9667, 0.9833, 1.0, 1.0167, 1.0333, 1.05, 1.0667, 1.0833, 1.1, 1.1167, 1.1333, 1.15, 1.1667, 1.1833, 1.2, 1.2167, 1.2333, 1.25, 1.2667, 1.2833, 1.3, 1.3167, 1.3333, 1.35, 1.3667, 1.3833, 1.4, 1.4167, 1.4333, 1.45, 1.4667, 1.4833, 1.5, 1.5167, 1.5333, 1.55, 1.5667, 1.5833, 1.6, 1.6167, 1.6333, 1.65, 1.6667],
            "transform": [
                [0.542083, 0.0, -0.840325, -5e-06, -0.840325, 0.0, -0.542083, 0.000946, 0.0, 1.0, 0.0, 0.7042, 0.0, 0.0, 0.0, 1.0],
                [0.541814, 0.0, -0.840498, -5e-06, -0.840498, 0.0, -0.541814, 0.000946, 0.0, 1.0, 0.0, 0.7042, 0.0, 0.0, 0.0, 1.0],
                [0.541, 0.0, -0.841022, -5e-06, -0.841022, 0.0, -0.541, 0.000946, 0.0, 1.0, 0.0, 0.7042, 0.0, 0.0, 0.0, 1.0],
                [0.539631, 0.0, -0.841902, -5e-06, -0.841902, 0.0, -0.539631, 0.000946, 0.0, 1.0, 0.0, 0.7042, 0.0, 0.0, 0.0, 1.0],
                [0.537698, 0.0, -0.843137, -5e-06, -0.843137, 0.0, -0.537698, 0.000946, 0.0, 1.0, 0.0, 0.7042, 0.0, 0.0, 0.0, 1.0],
                [0.535196, 0.0, -0.844728, -5e-06, -0.844728, 0.0, -0.535196, 0.000946, 0.0, 1.0, 0.0, 0.7042, 0.0, 0.0, 0.0, 1.0],
                [0.532122, 0.0, -0.846668, -5e-06, -0.846668, 0.0, -0.532122, 0.000946, 0.0, 1.0, 0.0, 0.7042, 0.0, 0.0, 0.0, 1.0],
                [0.528476, 0.0, -0.848948, -5e-06, -0.848948, 0.0, -0.528476, 0.000946, 0.0, 1.0, 0.0, 0.7042, 0.0, 0.0, 0.0, 1.0],
                [0.524264, 0.0, -0.851556, -5e-06, -0.851556, 0.0, -0.524264, 0.000946, 0.0, 1.0, 0.0, 0.7042, 0.0, 0.0, 0.0, 1.0],
                [0.519496, 0.0, -0.854473, -5e-06, -0.854473, 0.0, -0.519496, 0.000946, 0.0, 1.0, 0.0, 0.7042, 0.0, 0.0, 0.0, 1.0],
                [0.514187, 0.0, -0.857678, -5e-06, -0.857678, 0.0, -0.514187, 0.000946, 0.0, 1.0, 0.0, 0.7042, 0.0, 0.0, 0.0, 1.0],
                [0.508357, 0.0, -0.861147, -5e-06, -0.861147, 0.0, -0.508357, 0.000946, 0.0, 1.0, 0.0, 0.7042, 0.0, 0.0, 0.0, 1.0],
                [0.502033, 0.0, -0.864849, -5e-06, -0.864849, 0.0, -0.502033, 0.000946, 0.0, 1.0, 0.0, 0.7042, 0.0, 0.0, 0.0, 1.0],
                [0.495248, 0.0, -0.868752, -5e-06, -0.868752, 0.0, -0.495248, 0.000946, 0.0, 1.0, 0.0, 0.7042, 0.0, 0.0, 0.0, 1.0],
                [0.488041, 0.0, -0.872821, -5e-06, -0.872821, 0.0, -0.488041, 0.000946, 0.0, 1.0, 0.0, 0.7042, 0.0, 0.0, 0.0, 1.0],
                [0.480456, 0.0, -0.877019, -5e-06, -0.877019, 0.0, -0.480456, 0.000946, 0.0, 1.0, 0.0, 0.7042, 0.0, 0.0, 0.0, 1.0],
                [0.472542, 0.0, -0.881308, -5e-06, -0.881308, 0.0, -0.472542, 0.000946, 0.0, 1.0, 0.0, 0.7042, 0.0, 0.0, 0.0, 1.0],
                [0.464354, 0.0, -0.88565, -5e-06, -0.88565, 0.0, -0.464354, 0.000946, 0.0, 1.0, 0.0, 0.7042, 0.0, 0.0, 0.0, 1.0],
                [0.455947, 0.0, -0.890007, -5e-06, -0.890007, 0.0, -0.455947, 0.000946, 0.0, 1.0, 0.0, 0.7042, 0.0, 0.0, 0.0, 1.0],
                [0.44738, 0.0, -0.894344, -5e-06, -0.894344, 0.0, -0.44738, 0.000946, 0.0, 1.0, 0.0, 0.7042, 0.0, 0.0, 0.0, 1.0],
                [0.438713, 0.0, -0.898627, -5e-06, -0.898627, 0.0, -0.438713, 0.000946, 0.0, 1.0, 0.0, 0.7042, 0.0, 0.0, 0.0, 1.0],
                [0.430004, 0.0, -0.902827, -5e-06, -0.902827, 0.0, -0.430004, 0.000946, 0.0, 1.0, 0.0, 0.7042, 0.0, 0.0, 0.0, 1.0],
                [0.421309, 0.0, -0.906917, -5e-06, -0.906917, 0.0, -0.421309, 0.000946, 0.0, 1.0, 0.0, 0.7042, 0.0, 0.0, 0.0, 1.0],
                [0.412682, 0.0, -0.910875, -5e-06, -0.910875, 0.0, -0.412682, 0.000946, 0.0, 1.0, 0.0, 0.7042, 0.0, 0.0, 0.0, 1.0],
                [0.404173, 0.0, -0.914683, -5e-06, -0.914683, 0.0, -0.404173, 0.000946, 0.0, 1.0, 0.0, 0.7042, 0.0, 0.0, 0.0, 1.0],
                [0.395827, 0.0, -0.918325, -5e-06, -0.918325, 0.0, -0.395827, 0.000946, 0.0, 1.0, 0.0, 0.7042, 0.0, 0.0, 0.0, 1.0],
                [0.387686, 0.0, -0.921792, -5e-06, -0.921792, 0.0, -0.387686, 0.000946, 0.0, 1.0, 0.0, 0.7042, 0.0, 0.0, 0.0, 1.0],
                [0.379783, 0.0, -0.925076, -5e-06, -0.925076, 0.0, -0.379783, 0.000946, 0.0, 1.0, 0.0, 0.7042, 0.0, 0.0, 0.0, 1.0],
                [0.372151, 0.0, -0.928172, -5e-06, -0.928172, 0.0, -0.372151, 0.000946, 0.0, 1.0, 0.0, 0.7042, 0.0, 0.0, 0.0, 1.0],
                [0.364814, 0.0, -0.93108, -5e-06, -0.93108, 0.0, -0.364814, 0.000946, 0.0, 1.0, 0.0, 0.7042, 0.0, 0.0, 0.0, 1.0],
                [0.357794, 0.0, -0.933801, -5e-06, -0.933801, 0.0, -0.357794, 0.000946, 0.0, 1.0, 0.0, 0.7042, 0.0, 0.0, 0.0, 1.0],
                [0.351106, 0.0, -0.936336, -5e-06, -0.936336, 0.0, -0.351106, 0.000946, 0.0, 1.0, 0.0, 0.7042, 0.0, 0.0, 0.0, 1.0],
                [0.344766, 0.0, -0.938689, -5e-06, -0.938689, 0.0, -0.344766, 0.000946, 0.0, 1.0, 0.0, 0.7042, 0.0, 0.0, 0.0, 1.0],
                [0.338781, 0.0, -0.940865, -5e-06, -0.940865, 0.0, -0.338781, 0.000946, 0.0, 1.0, 0.0, 0.7042, 0.0, 0.0, 0.0, 1.0],
                [0.333158, 0.0, -0.942871, -5e-06, -0.942871, 0.0, -0.333158, 0.000946, 0.0, 1.0, 0.0, 0.7042, 0.0, 0.0, 0.0, 1.0],
                [0.327903, 0.0, -0.944711, -5e-06, -0.944711, 0.0, -0.327903, 0.000946, 0.0, 1.0, 0.0, 0.7042, 0.0, 0.0, 0.0, 1.0],
                [0.364414, 0.0, -0.931237, -5e-06, -0.931237, 0.0, -0.364414, 0.000946, 0.0, 1.0, 0.0, 0.7042, 0.0, 0.0, 0.0, 1.0],
                [0.488552, 0.0, -0.872535, -5e-06, -0.872535, 0.0, -0.488552, 0.000946, 0.0, 1.0, 0.0, 0.7042, 0.0, 0.0, 0.0, 1.0],
                [0.695058, 0.0, -0.718954, -5e-06, -0.718954, 0.0, -0.695058, 0.000946, 0.0, 1.0, 0.0, 0.7042, 0.0, 0.0, 0.0, 1.0],
                [0.918387, 0.0, -0.395683, -5e-06, -0.395683, 0.0, -0.918387, 0.000946, 0.0, 1.0, 0.0, 0.7042, 0.0, 0.0, 0.0, 1.0],
                [0.995447, 0.0, 0.09532, -5e-06, 0.09532, 0.0, -0.995447, 0.000946, 0.0, 1.0, 0.0, 0.7042, 0.0, 0.0, 0.0, 1.0],
                [0.824694, 0.0, 0.565579, -5e-06, 0.565579, 0.0, -0.824694, 0.000946, 0.0, 1.0, 0.0, 0.7042, 0.0, 0.0, 0.0, 1.0],
                [0.535493, 0.0, 0.844539, -5e-06, 0.844539, 0.0, -0.535493, 0.000946, 0.0, 1.0, 0.0, 0.7042, 0.0, 0.0, 0.0, 1.0],
                [0.289403, 0.0, 0.957207, -5e-06, 0.957207, 0.0, -0.289403, 0.000946, 0.0, 1.0, 0.0, 0.7042, 0.0, 0.0, 0.0, 1.0],
                [0.137971, 0.0, 0.990436, -5e-06, 0.990436, 0.0, -0.137971, 0.000946, 0.0, 1.0, 0.0, 0.7042, 0.0, 0.0, 0.0, 1.0],
                [0.076345, 0.0, 0.997082, -5e-06, 0.997082, 0.0, -0.076345, 0.000946, 0.0, 1.0, 0.0, 0.7042, 0.0, 0.0, 0.0, 1.0],
                [0.055977, 0.0, 0.998432, -5e-06, 0.998432, 0.0, -0.055977, 0.000946, 0.0, 1.0, 0.0, 0.7042, 0.0, 0.0, 0.0, 1.0],
                [0.036415, 0.0, 0.999337, -5e-06, 0.999337, 0.0, -0.036415, 0.000946, 0.0, 1.0, 0.0, 0.7042, 0.0, 0.0, 0.0, 1.0],
                [0.017767, 0.0, 0.999842, -5e-06, 0.999842, 0.0, -0.017767, 0.000946, 0.0, 1.0, 0.0, 0.7042, 0.0, 0.0, 0.0, 1.0],
                [0.000149, 0.0, 1.0, -5e-06, 1.0, 0.0, -0.000149, 0.000946, 0.0, 1.0, 0.0, 0.7042, 0.0, 0.0, 0.0, 1.0],
                [-0.016322, 0.0, 0.999867, -5e-06, 0.999867, 0.0, 0.016322, 0.000946, 0.0, 1.0, 0.0, 0.7042, 0.0, 0.0, 0.0, 1.0],
                [-0.031534, 0.0, 0.999503, -5e-06, 0.999503, 0.0, 0.031534, 0.000946, 0.0, 1.0, 0.0, 0.7042, 0.0, 0.0, 0.0, 1.0],
                [-0.045385, 0.0, 0.99897, -5e-06, 0.99897, 0.0, 0.045385, 0.000946, 0.0, 1.0, 0.0, 0.7042, 0.0, 0.0, 0.0, 1.0],
                [-0.057797, 0.0, 0.998328, -5e-06, 0.998328, 0.0, 0.057797, 0.000946, 0.0, 1.0, 0.0, 0.7042, 0.0, 0.0, 0.0, 1.0],
                [-0.068722, 0.0, 0.997636, -5e-06, 0.997636, 0.0, 0.068722, 0.000946, 0.0, 1.0, 0.0, 0.7042, 0.0, 0.0, 0.0, 1.0],
                [-0.078146, 0.0, 0.996942, -5e-06, 0.996942, 0.0, 0.078146, 0.000946, 0.0, 1.0, 0.0, 0.7042, 0.0, 0.0, 0.0, 1.0],
                [-0.0861, 0.0, 0.996286, -5e-06, 0.996286, 0.0, 0.0861, 0.000946, 0.0, 1.0, 0.0, 0.7042, 0.0, 0.0, 0.0, 1.0],
                [-0.092652, 0.0, 0.995699, -5e-06, 0.995699, 0.0, 0.092652, 0.000946, 0.0, 1.0, 0.0, 0.7042, 0.0, 0.0, 0.0, 1.0],
                [-0.097903, 0.0, 0.995196, -5e-06, 0.995196, 0.0, 0.097903, 0.000946, 0.0, 1.0, 0.0, 0.7042, 0.0, 0.0, 0.0, 1.0],
                [-0.101978, 0.0, 0.994787, -5e-06, 0.994787, 0.0, 0.101978, 0.000946, 0.0, 1.0, 0.0, 0.7042, 0.0, 0.0, 0.0, 1.0],
                [-0.105013, 0.0, 0.994471, -5e-06, 0.994471, 0.0, 0.105013, 0.000946, 0.0, 1.0, 0.0, 0.7042, 0.0, 0.0, 0.0, 1.0],
                [-0.107152, 0.0, 0.994243, -5e-06, 0.994243, 0.0, 0.107152, 0.000946, 0.0, 1.0, 0.0, 0.7042, 0.0, 0.0, 0.0, 1.0],
                [-0.108529, 0.0, 0.994093, -5e-06, 0.994093, 0.0, 0.108529, 0.000946, 0.0, 1.0, 0.0, 0.7042, 0.0, 0.0, 0.0, 1.0],
                [-0.109273, 0.0, 0.994012, -5e-06, 0.994012, 0.0, 0.109273, 0.000946, 0.0, 1.0, 0.0, 0.7042, 0.0, 0.0, 0.0, 1.0],
                [-0.109497, 0.0, 0.993987, -5e-06, 0.993987, 0.0, 0.109497, 0.000946, 0.0, 1.0, 0.0, 0.7042, 0.0, 0.0, 0.0, 1.0],
                [-0.106212, 0.0, 0.994344, -5e-06, 0.994344, 0.0, 0.106212, 0.000946, 0.0, 1.0, 0.0, 0.7042, 0.0, 0.0, 0.0, 1.0],
                [-0.096244, 0.0, 0.995358, -5e-06, 0.995358, 0.0, 0.096244, 0.000946, 0.0, 1.0, 0.0, 0.7042, 0.0, 0.0, 0.0, 1.0],
                [-0.079357, 0.0, 0.996846, -5e-06, 0.996846, 0.0, 0.079357, 0.000946, 0.0, 1.0, 0.0, 0.7042, 0.0, 0.0, 0.0, 1.0],
                [-0.055228, 0.0, 0.998474, -5e-06, 0.998474, 0.0, 0.055228, 0.000946, 0.0, 1.0, 0.0, 0.7042, 0.0, 0.0, 0.0, 1.0],
                [-0.023465, 0.0, 0.999724, -5e-06, 0.999724, 0.0, 0.023465, 0.000946, 0.0, 1.0, 0.0, 0.7042, 0.0, 0.0, 0.0, 1.0],
                [0.016369, 0.0, 0.999866, -5e-06, 0.999866, 0.0, -0.016369, 0.000946, 0.0, 1.0, 0.0, 0.7042, 0.0, 0.0, 0.0, 1.0],
                [0.064709, 0.0, 0.997904, -5e-06, 0.997904, 0.0, -0.064709, 0.000946, 0.0, 1.0, 0.0, 0.7042, 0.0, 0.0, 0.0, 1.0],
                [0.12192, 0.0, 0.99254, -5e-06, 0.99254, 0.0, -0.12192, 0.000946, 0.0, 1.0, 0.0, 0.7042, 0.0, 0.0, 0.0, 1.0],
                [0.18819, 0.0, 0.982133, -5e-06, 0.982133, 0.0, -0.18819, 0.000946, 0.0, 1.0, 0.0, 0.7042, 0.0, 0.0, 0.0, 1.0],
                [0.263393, 0.0, 0.964689, -5e-06, 0.964689, 0.0, -0.263393, 0.000946, 0.0, 1.0, 0.0, 0.7042, 0.0, 0.0, 0.0, 1.0],
                [0.346903, 0.0, 0.937901, -5e-06, 0.937901, 0.0, -0.346903, 0.000946, 0.0, 1.0, 0.0, 0.7042, 0.0, 0.0, 0.0, 1.0],
                [0.437396, 0.0, 0.899269, -5e-06, 0.899269, 0.0, -0.437396, 0.000946, 0.0, 1.0, 0.0, 0.7042, 0.0, 0.0, 0.0, 1.0],
                [0.532652, 0.0, 0.846335, -5e-06, 0.846335, 0.0, -0.532652, 0.000946, 0.0, 1.0, 0.0, 0.7042, 0.0, 0.0, 0.0, 1.0],
                [0.629446, 0.0, 0.777044, -5e-06, 0.777044, 0.0, -0.629446, 0.000946, 0.0, 1.0, 0.0, 0.7042, 0.0, 0.0, 0.0, 1.0],
                [0.723604, 0.0, 0.690215, -5e-06, 0.690215, 0.0, -0.723604, 0.000946, 0.0, 1.0, 0.0, 0.7042, 0.0, 0.0, 0.0, 1.0],
                [0.810298, 0.0, 0.586019, -5e-06, 0.586019, 0.0, -0.810298, 0.000946, 0.0, 1.0, 0.0, 0.7042, 0.0, 0.0, 0.0, 1.0],
                [0.884616, 0.0, 0.466321, -5e-06, 0.466321, 0.0, -0.884616, 0.000946, 0.0, 1.0, 0.0, 0.7042, 0.0, 0.0, 0.0, 1.0],
                [0.942315, 0.0, 0.334727, -5e-06, 0.334727, 0.0, -0.942315, 0.000946, 0.0, 1.0, 0.0, 0.7042, 0.0, 0.0, 0.0, 1.0],
                [0.980559, 0.0, 0.196223, -5e-06, 0.196223, 0.0, -0.980559, 0.000946, 0.0, 1.0, 0.0, 0.7042, 0.0, 0.0, 0.0, 1.0],
                [0.998405, 0.0, 0.056464, -5e-06, 0.056464, 0.0, -0.998405, 0.000946, 0.0, 1.0, 0.0, 0.7042, 0.0, 0.0, 0.0, 1.0],
                [0.996869, 0.0, -0.079073, -5e-06, -0.079073, 0.0, -0.996869, 0.000946, 0.0, 1.0, 0.0, 0.7042, 0.0, 0.0, 0.0, 1.0],
                [0.978585, 0.0, -0.205843, -5e-06, -0.205843, 0.0, -0.978585, 0.000946, 0.0, 1.0, 0.0, 0.7042, 0.0, 0.0, 0.0, 1.0],
                [0.947192, 0.0, -0.320668, -5e-06, -0.320668, 0.0, -0.947192, 0.000946, 0.0, 1.0, 0.0, 0.7042, 0.0, 0.0, 0.0, 1.0],
                [0.906674, 0.0, -0.421831, -5e-06, -0.421831, 0.0, -0.906674, 0.000946, 0.0, 1.0, 0.0, 0.7042, 0.0, 0.0, 0.0, 1.0],
                [0.86083, 0.0, -0.508892, -5e-06, -0.508892, 0.0, -0.86083, 0.000946, 0.0, 1.0, 0.0, 0.7042, 0.0, 0.0, 0.0, 1.0],
                [0.812931, 0.0, -0.58236, -5e-06, -0.58236, 0.0, -0.812931, 0.000946, 0.0, 1.0, 0.0, 0.7042, 0.0, 0.0, 0.0, 1.0],
                [0.765585, 0.0, -0.643335, -5e-06, -0.643335, 0.0, -0.765585, 0.000946, 0.0, 1.0, 0.0, 0.7042, 0.0, 0.0, 0.0, 1.0],
                [0.72073, 0.0, -0.693216, -5e-06, -0.693216, 0.0, -0.72073, 0.000946, 0.0, 1.0, 0.0, 0.7042, 0.0, 0.0, 0.0, 1.0],
                [0.679724, 0.0, -0.733468, -5e-06, -0.733468, 0.0, -0.679724, 0.000946, 0.0, 1.0, 0.0, 0.7042, 0.0, 0.0, 0.0, 1.0],
                [0.643453, 0.0, -0.765486, -5e-06, -0.765486, 0.0, -0.643453, 0.000946, 0.0, 1.0, 0.0, 0.7042, 0.0, 0.0, 0.0, 1.0],
                [0.612456, 0.0, -0.790505, -5e-06, -0.790505, 0.0, -0.612456, 0.000946, 0.0, 1.0, 0.0, 0.7042, 0.0, 0.0, 0.0, 1.0],
                [0.587022, 0.0, -0.809571, -5e-06, -0.809571, 0.0, -0.587022, 0.000946, 0.0, 1.0, 0.0, 0.7042, 0.0, 0.0, 0.0, 1.0],
                [0.567273, 0.0, -0.82353, -5e-06, -0.82353, 0.0, -0.567273, 0.000946, 0.0, 1.0, 0.0, 0.7042, 0.0, 0.0, 0.0, 1.0],
                [0.553231, 0.0, -0.833028, -5e-06, -0.833028, 0.0, -0.553231, 0.000946, 0.0, 1.0, 0.0, 0.7042, 0.0, 0.0, 0.0, 1.0],
                [0.544857, 0.0, -0.838529, -5e-06, -0.838529, 0.0, -0.544857, 0.000946, 0.0, 1.0, 0.0, 0.7042, 0.0, 0.0, 0.0, 1.0],
                [0.542083, 0.0, -0.840325, -5e-06, -0.840325, 0.0, -0.542083, 0.000946, 0.0, 1.0, 0.0, 0.7042, 0.0, 0.0, 0.0, 1.0]
            ]
        },
        {
            "name": "Thigh_R",
            "time": [0.0, 0.0167, 0.0333, 0.05, 0.0667, 0.0833, 0.1, 0.1167, 0.1333, 0.15, 0.1667, 0.1833, 0.2, 0.2167, 0.2333, 0.25, 0.2667, 0.2833, 0.3, 0.3167, 0.3333, 0.35, 0.3667, 0.3833, 0.4, 0.4167, 0.4333, 0.45, 0.4667, 0.4833, 0.5, 0.5167, 0.5333, 0.55, 0.5667, 0.5833, 0.6, 0.6167, 0.6333, 0.65, 0.6667, 0.6833, 0.7, 0.7167, 0.7333, 0.75, 0.7667, 0.7833, 0.8, 0.8167, 0.8333, 0.85, 0.8667, 0.8833, 0.9, 0.9167, 0.9333, 0.95, 0.9667, 0.9833, 1.0, 1.0167, 1.0333, 1.05, 1.0667, 1.0833, 1.1, 1.1167, 1.1333, 1.15, 1.1667, 1.1833, 1.2, 1.2167, 1.2333, 1.25, 1.2667, 1.2833, 1.3, 1.3167, 1.3333, 1.35, 1.3667, 1.3833, 1.4, 1.4167, 1.4333, 1.45, 1.4667, 1.4833, 1.5, 1.5167, 1.5333, 1.55, 1.5667, 1.5833, 1.6, 1.6167, 1.6333, 1.65, 1.6667],
            "transform": [
                [0.920475, 0.317247, -0.228212, 0.124994, 0.364948, -0.906663, 0.211602, -0.002831, -0.139781, -0.27806, -0.950339, -1.2e-05, 0.0, 0.0, 0.0, 1.0],
                [0.920475, 0.317247, -0.228212, 0.124994, 0.364948, -0.906662, 0.211602, -0.002831, -0.139781, -0.27806, -0.950339, -1.2e-05, 0.0, 0.0, 0.0, 1.0],
                [0.920475, 0.317247, -0.228212, 0.124994, 0.364948, -0.906663, 0.211602, -0.002831, -0.139781, -0.27806, -0.950339, -1.2e-05, 0.0, 0.0, 0.0, 1.0],
                [0.920474, 0.317247, -0.228212, 0.124994, 0.364948, -0.906662, 0.211602, -0.002831, -0.139781, -0.27806, -0.950338, -1.2e-05, 0.0, 0.0, 0.0, 1.0],
                [0.920474, 0.317247, -0.228212, 0.124994, 0.364948, -0.906663, 0.211602, -0.002831, -0.139781, -0.27806, -0.950338, -1.2e-05, 0.0, 0.0, 0.0, 1.0],
                [0.920475, 0.317247, -0.228212, 0.124994, 0.364948, -0.906663, 0.211602, -0.002831, -0.139781, -0.27806, -0.950339, -1.2e-05, 0.0, 0.0, 0.0, 1.0],
                [0.920475, 0.317247, -0.228212, 0.124994, 0.364948, -0.906663, 0.211601, -0.002831, -0.139781, -0.278059, -0.950339, -1.2e-05, 0.0, 0.0, 0.0, 1.0],
                [0.920475, 0.317247, -0.228212, 0.124994, 0.364948, -0.906663, 0.211602, -0.002831, -0.139781, -0.27806, -0.950339, -1.2e-05, 0.0, 0.0, 0.0, 1.0],
                [0.920475, 0.317247, -0.228212, 0.124994, 0.364948, -0.906662, 0.211602, -0.002831, -0.139781, -0.27806, -0.950338, -1.2e-05, 0.0, 0.0, 0.0, 1.0],
                [0.920475, 0.317247, -0.228212, 0.124994, 0.364948, -0.906662, 0.211602, -0.002831, -0.139781, -0.27806, -0.950339, -1.2e-05, 0.0, 0.0, 0.0, 1.0],
                [0.920474, 0.317247, -0.228212, 0.124994, 0.364948, -0.906663, 0.211602, -0.002831, -0.139781, -0.278059, -0.950339, -1.2e-05, 0.0, 0.0, 0.0, 1.0],
                [0.920475, 0.317246, -0.228212, 0.124994, 0.364948, -0.906662, 0.211602, -0.002831, -0.139781, -0.278061, -0.950339, -1.2e-05, 0.0, 0.0, 0.0, 1.0],
                [0.920475, 0.317247, -0.228212, 0.124994, 0.364948, -0.906663, 0.211601, -0.002831, -0.139781, -0.278059, -0.950339, -1.2e-05, 0.0, 0.0, 0.0, 1.0],
                [0.920475, 0.317247, -0.228212, 0.124994, 0.364949, -0.906662, 0.211602, -0.002831, -0.139781, -0.27806, -0.950339, -1.2e-05, 0.0, 0.0, 0.0, 1.0],
                [0.920475, 0.317247, -0.228212, 0.124994, 0.364948, -0.906663, 0.211602, -0.002831, -0.139781, -0.27806, -0.950339, -1.2e-05, 0.0, 0.0, 0.0, 1.0],
                [0.920475, 0.317247, -0.228212, 0.124994, 0.364948, -0.906663, 0.211602, -0.002831, -0.139781, -0.27806, -0.950339, -1.2e-05, 0.0, 0.0, 0.0, 1.0],
                [0.920475, 0.317247, -0.228212, 0.124994, 0.364948, -0.906663, 0.211602, -0.002831, -0.139781, -0.27806, -0.950339, -1.2e-05, 0.0, 0.0, 0.0, 1.0],
                [0.920475, 0.317247, -0.228212, 0.124994, 0.364948, -0.906663, 0.211601, -0.002831, -0.139781, -0.278059, -0.950339, -1.2e-05, 0.0, 0.0, 0.0, 1.0],
                [0.920475, 0.317247, -0.228212, 0.124994, 0.364948, -0.906662, 0.211602, -0.002831, -0.139781, -0.27806, -0.950339, -1.2e-05, 0.0, 0.0, 0.0, 1.0],
                [0.920475, 0.317247, -0.228212, 0.124994, 0.364948, -0.906663, 0.211602, -0.002831, -0.139781, -0.27806, -0.950339, -1.2e-05, 0.0, 0.0, 0.0, 1.0],
                [0.920475, 0.317246, -0.228212, 0.124994, 0.364948, -0.906662, 0.211603, -0.002831, -0.139781, -0.278061, -0.950339, -1.2e-05, 0.0, 0.0, 0.0, 1.0],
                [0.920475, 0.317247, -0.228212, 0.124994, 0.364948, -0.906662, 0.211603, -0.002831, -0.139781, -0.27806, -0.950339, -1.2e-05, 0.0, 0.0, 0.0, 1.0],
                [0.920475, 0.317247, -0.228212, 0.124994, 0.364948, -0.906663, 0.211602, -0.002831, -0.139781, -0.27806, -0.950339, -1.2e-05, 0.0, 0.0, 0.0, 1.0],
                [0.920475, 0.317246, -0.228212, 0.124994, 0.364948, -0.906663, 0.211602, -0.002831, -0.139781, -0.27806, -0.950339, -1.2e-05, 0.0, 0.0, 0.0, 1.0],
                [0.920474, 0.317246, -0.228212, 0.124994, 0.364948, -0.906662, 0.211603, -0.002831, -0.139781, -0.27806, -0.950338, -1.2e-05, 0.0, 0.0, 0.0, 1.0],
                [0.920475, 0.317247, -0.228212, 0.124994, 0.364948, -0.906662, 0.211602, -0.002831, -0.139781, -0.27806, -0.950338, -1.2e-05, 0.0, 0.0, 0.0, 1.0],
                [0.920475, 0.317247, -0.228212, 0.124994, 0.364948, -0.906662, 0.211602, -0.002831, -0.139781, -0.27806, -0.950339, -1.2e-05, 0.0, 0.0, 0.0, 1.0],
                [0.920475, 0.317246, -0.228212, 0.124994, 0.364948, -0.906662, 0.211603, -0.002831, -0.139781, -0.27806, -0.950338, -1.2e-05, 0.0, 0.0, 0.0, 1.0],
                [0.920475, 0.317247, -0.228212, 0.124994, 0.364948, -0.906663, 0.211602, -0.002831, -0.139781, -0.27806, -0.950339, -1.2e-05, 0.0, 0.0, 0.0, 1.0],
                [0.920475, 0.317247, -0.228212, 0.124994, 0.364948, -0.906662, 0.211602, -0.002831, -0.139781, -0.27806, -0.950339, -1.2e-05, 0.0, 0.0, 0.0, 1.0],
                [0.920475, 0.317247, -0.228212, 0.124994, 0.364948, -0.906663, 0.211602, -0.002831, -0.139781, -0.27806, -0.950339, -1.2e-05, 0.0, 0.0, 0.0, 1.0],
                [0.920475, 0.317246, -0.228212, 0.124994, 0.364948, -0.906662, 0.211603, -0.002831, -0.139781, -0.27806, -0.950339, -1.2e-05, 0.0, 0.0, 0.0, 1.0],
                [0.920474, 0.317247, -0.228212, 0.124994, 0.364948, -0.906662, 0.211602, -0.002831, -0.139781, -0.27806, -0.950338, -1.2e-05, 0.0, 0.0, 0.0, 1.0],
                [0.920474, 0.317246, -0.228212, 0.124994, 0.364948, -0.906662, 0.211603, -0.002831, -0.139781, -0.278061, -0.950338, -1.2e-05, 0.0, 0.0, 0.0, 1.0],
                [0.920475, 0.317247, -0.228212, 0.124994, 0.364948, -0.906663, 0.211602, -0.002831, -0.139781, -0.27806, -0.950339, -1.2e-05, 0.0, 0.0, 0.0, 1.0],
                [0.920475, 0.317247, -0.228212, 0.124994, 0.364948, -0.906663, 0.211602, -0.002831, -0.139781, -0.27806, -0.950339, -1.2e-05, 0.0, 0.0, 0.0, 1.0],
                [0.920474, 0.317247, -0.228212, 0.124994, 0.364948, -0.906663, 0.211602, -0.002831, -0.139781, -0.27806, -0.950338, -1.2e-05, 0.0, 0.0, 0.0, 1.0],
                [0.920475, 0.317247, -0.228212, 0.124994, 0.364948, -0.906663, 0.211602, -0.002831, -0.139781, -0.27806, -0.950339, -1.2e-05, 0.0, 0.0, 0.0, 1.0],
                [0.920475, 0.317247, -0.228212, 0.124994, 0.364948, -0.906663, 0.211602, -0.002831, -0.139781, -0.27806, -0.950339, -1.2e-05, 0.0, 0.0, 0.0, 1.0],
                [0.920475, 0.317246, -0.228212, 0.124994, 0.364948, -0.906662, 0.211603, -0.002831, -0.139781, -0.278061, -0.950339, -1.2e-05, 0.0, 0.0, 0.0, 1.0],
                [0.920475, 0.317247, -0.228212, 0.124994, 0.364948, -0.906662, 0.211602, -0.002831, -0.139781, -0.27806, -0.950339, -1.2e-05, 0.0, 0.0, 0.0, 1.0],
                [0.920475, 0.317247, -0.228212, 0.124994, 0.364948, -0.906663, 0.211601, -0.002831, -0.139781, -0.278059, -0.950339, -1.2e-05, 0.0, 0.0, 0.0, 1.0],
                [0.920475, 0.317247, -0.228212, 0.124994, 0.364948, -0.906663, 0.211601, -0.002831, -0.139781, -0.278059, -0.950339, -1.2e-05, 0.0, 0.0, 0.0, 1.0],
                [0.920475, 0.317247, -0.228212, 0.124994, 0.364948, -0.906663, 0.211602, -0.002831, -0.139781, -0.27806, -0.950339, -1.2e-05, 0.0, 0.0, 0.0, 1.0],
                [0.920474, 0.317247, -0.228212, 0.124994, 0.364948, -0.906663, 0.211602, -0.002831, -0.139781, -0.27806, -0.950339, -1.2e-05, 0.0, 0.0, 0.0, 1.0],
                [0.920474, 0.317246, -0.228212, 0.124994, 0.364948, -0.906662, 0.211603, -0.002831, -0.139781, -0.278061, -0.950338, -1.2e-05, 0.0, 0.0, 0.0, 1.0],
                [0.920474, 0.317246, -0.228212, 0.124994, 0.364949, -0.906662, 0.211603, -0.002831, -0.139781, -0.278061, -0.950338, -1.2e-05, 0.0, 0.0, 0.0, 1.0],
                [0.920475, 0.317247, -0.228212, 0.124994, 0.364948, -0.906663, 0.211601, -0.002831, -0.139781, -0.278059, -0.950339, -1.2e-05, 0.0, 0.0, 0.0, 1.0],
                [0.920475, 0.317247, -0.228212, 0.124994, 0.364948, -0.906663, 0.211601, -0.002831, -0.139781, -0.278059, -0.950339, -1.2e-05, 0.0, 0.0, 0.0, 1.0],
                [0.920475, 0.317247, -0.228212, 0.124994, 0.364948, -0.906662, 0.211602, -0.002831, -0.139781, -0.27806, -0.950339, -1.2e-05, 0.0, 0.0, 0.0, 1.0],
                [0.920475, 0.317247, -0.228212, 0.124994, 0.364948, -0.906663, 0.211602, -0.002831, -0.139781, -0.27806, -0.950339, -1.2e-05, 0.0, 0.0, 0.0, 1.0],
                [0.920475, 0.317247, -0.228212, 0.124994, 0.364949, -0.906663, 0.211602, -0.002831, -0.139781, -0.27806, -0.950339, -1.2e-05, 0.0, 0.0, 0.0, 1.0],
                [0.920475, 0.317247, -0.228212, 0.124994, 0.364948, -0.906662, 0.211602, -0.002831, -0.139781, -0.27806, -0.950339, -1.2e-05, 0.0, 0.0, 0.0, 1.0],
                [0.920475, 0.317246, -0.228212, 0.124994, 0.364948, -0.906662, 0.211603, -0.002831, -0.139781, -0.278061, -0.950339, -1.2e-05, 0.0, 0.0, 0.0, 1.0],
                [0.920475, 0.317246, -0.228212, 0.124994, 0.364948, -0.906662, 0.211603, -0.002831, -0.139781, -0.278061, -0.950338, -1.2e-05, 0.0, 0.0, 0.0, 1.0],
                [0.920475, 0.317247, -0.228212, 0.124994, 0.364948, -0.906663, 0.211601, -0.002831, -0.139781, -0.278059, -0.950339, -1.2e-05, 0.0, 0.0, 0.0, 1.0],
                [0.920474, 0.317246, -0.228212, 0.124994, 0.364948, -0.906662, 0.211603, -0.002831, -0.139781, -0.278061, -0.950339, -1.2e-05, 0.0, 0.0, 0.0, 1.0],
                [0.920475, 0.317247, -0.228212, 0.124994, 0.364948, -0.906662, 0.211602, -0.002831, -0.139781, -0.27806, -0.950339, -1.2e-05, 0.0, 0.0, 0.0, 1.0],
                [0.920475, 0.317247, -0.228212, 0.124994, 0.364948, -0.906663, 0.211602, -0.002831, -0.139781, -0.278059, -0.950339, -1.2e-05, 0.0, 0.0, 0.0, 1.0],
                [0.920475, 0.317247, -0.228212, 0.124994, 0.364948, -0.906663, 0.211601, -0.002831, -0.139781, -0.278059, -0.950339, -1.2e-05, 0.0, 0.0, 0.0, 1.0],
                [0.920475, 0.317247, -0.228212, 0.124994, 0.364948, -0.906662, 0.211602, -0.002831, -0.139781, -0.27806, -0.950339, -1.2e-05, 0.0, 0.0, 0.0, 1.0],
                [0.920475, 0.317247, -0.228212, 0.124994, 0.364949, -0.906663, 0.211602, -0.002831, -0.139781, -0.27806, -0.950339, -1.2e-05, 0.0, 0.0, 0.0, 1.0],
                [0.920475, 0.317247, -0.228212, 0.124994, 0.364949, -0.906662, 0.211602, -0.002831, -0.139781, -0.27806, -0.950339, -1.2e-05, 0.0, 0.0, 0.0, 1.0],
                [0.920475, 0.317247, -0.228212, 0.124994, 0.364949, -0.906663, 0.211602, -0.002831, -0.139781, -0.278059, -0.950339, -1.2e-05, 0.0, 0.0, 0.0, 1.0],
                [0.920475, 0.317247, -0.228212, 0.124994, 0.364948, -0.906663, 0.211601, -0.002831, -0.139781, -0.278059, -0.950339, -1.2e-05, 0.0, 0.0, 0.0, 1.0],
                [0.920475, 0.317247, -0.228212, 0.124994, 0.364948, -0.906662, 0.211602, -0.002831, -0.139781, -0.27806, -0.950339, -1.2e-05, 0.0, 0.0, 0.0, 1.0],
                [0.920475, 0.317247, -0.228212, 0.124994, 0.364948, -0.906662, 0.211603, -0.002831, -0.139781, -0.27806, -0.950339, -1.2e-05, 0.0, 0.0, 0.0, 1.0],
                [0.920475, 0.317247, -0.228212, 0.124994, 0.364948, -0.906663, 0.211602, -0.002831, -0.139781, -0.27806, -0.950339, -1.2e-05, 0.0, 0.0, 0.0, 1.0],
                [0.920475, 0.317247, -0.228212, 0.124994, 0.364948, -0.906662, 0.211602, -0.002831, -0.139781, -0.27806, -0.950339, -1.2e-05, 0.0, 0.0, 0.0, 1.0],
                [0.920475, 0.317246, -0.228212, 0.124994, 0.364948, -0.906662, 0.211603, -0.002831, -0.139781, -0.278061, -0.950339, -1.2e-05, 0.0, 0.0, 0.0, 1.0],
                [0.920475, 0.317247, -0.228212, 0.124994, 0.364948, -0.906662, 0.211602, -0.002831, -0.139781, -0.27806, -0.950339, -1.2e-05, 0.0, 0.0, 0.0, 1.0],
                [0.920475, 0.317247, -0.228212, 0.124994, 0.364948, -0.906663, 0.211602, -0.002831, -0.139781, -0.27806, -0.950339, -1.2e-05, 0.0, 0.0, 0.0, 1.0],
                [0.920474, 0.317247, -0.228212, 0.124994, 0.364948, -0.906662, 0.211602, -0.002831, -0.139781, -0.27806, -0.950338, -1.2e-05, 0.0, 0.0, 0.0, 1.0],
                [0.920475, 0.317247, -0.228212, 0.124994, 0.364948, -0.906662, 0.211602, -0.002831, -0.139781, -0.27806, -0.950339, -1.2e-05, 0.0, 0.0, 0.0, 1.0],
                [0.920475, 0.317247, -0.228212, 0.124994, 0.364948, -0.906663, 0.211601, -0.002831, -0.139781, -0.278059, -0.950339, -1.2e-05, 0.0, 0.0, 0.0, 1.0],
                [0.920474, 0.317246, -0.228212, 0.124994, 0.364948, -0.906662, 0.211603, -0.002831, -0.139781, -0.278061, -0.950338, -1.2e-05, 0.0, 0.0, 0.0, 1.0],
                [0.920475, 0.317247, -0.228212, 0.124994, 0.364948, -0.906662, 0.211602, -0.002831, -0.139781, -0.27806, -0.950339, -1.2e-05, 0.0, 0.0, 0.0, 1.0],
                [0.920475, 0.317247, -0.228212, 0.124994, 0.364948, -0.906662, 0.211602, -0.002831, -0.139781, -0.27806, -0.950339, -1.2e-05, 0.0, 0.0, 0.0, 1.0],
                [0.920475, 0.317247, -0.228212, 0.124994, 0.364948, -0.906663, 0.211602, -0.002831, -0.139781, -0.278059, -0.950339, -1.2e-05, 0.0, 0.0, 0.0, 1.0],
                [0.920475, 0.317247, -0.228212, 0.124994, 0.364948, -0.906663, 0.211602, -0.002831, -0.139781, -0.27806, -0.950339, -1.2e-05, 0.0, 0.0, 0.0, 1.0],
                [0.920474, 0.317246, -0.228212, 0.124994, 0.364948, -0.906662, 0.211603, -0.002831, -0.139781, -0.27806, -0.950338, -1.2e-05, 0.0, 0.0, 0.0, 1.0],
                [0.920474, 0.317246, -0.228212, 0.124994, 0.364948, -0.906662, 0.211603, -0.002831, -0.139781, -0.278061, -0.950338, -1.2e-05, 0.0, 0.0, 0.0, 1.0],
                [0.920475, 0.317247, -0.228212, 0.124994, 0.364948, -0.906662, 0.211603, -0.002831, -0.139781, -0.278061, -0.950339, -1.2e-05, 0.0, 0.0, 0.0, 1.0],
                [0.920475, 0.317246, -0.228212, 0.124994, 0.364948, -0.906662, 0.211603, -0.002831, -0.139781, -0.278061, -0.950338, -1.2e-05, 0.0, 0.0, 0.0, 1.0],
                [0.920475, 0.317247, -0.228212, 0.124994, 0.364949, -0.906662, 0.211602, -0.002831, -0.139781, -0.27806, -0.950339, -1.2e-05, 0.0, 0.0, 0.0, 1.0],
                [0.920475, 0.317247, -0.228212, 0.124994, 0.364948, -0.906663, 0.211602, -0.002831, -0.139781, -0.278059, -0.950339, -1.2e-05, 0.0, 0.0, 0.0, 1.0],
                [0.920475, 0.317247, -0.228212, 0.124994, 0.364948, -0.906662, 0.211602, -0.002831, -0.139781, -0.27806, -0.950339, -1.2e-05, 0.0, 0.0, 0.0, 1.0],
                [0.920475, 0.317247, -0.228212, 0.124994, 0.364948, -0.906662, 0.211603, -0.002831, -0.139781, -0.27806, -0.950339, -1.2e-05, 0.0, 0.0, 0.0, 1.0],
                [0.920475, 0.317247, -0.228212, 0.124994, 0.364948, -0.906663, 0.211602, -0.002831, -0.139781, -0.27806, -0.950339, -1.2e-05, 0.0, 0.0, 0.0, 1.0],
                [0.920475, 0.317247, -0.228212, 0.124994, 0.364948, -0.906663, 0.211601, -0.002831, -0.139781, -0.278059, -0.950339, -1.2e-05, 0.0, 0.0, 0.0, 1.0],
                [0.920475, 0.317246, -0.228212, 0.124994, 0.364948, -0.906662, 0.211603, -0.002831, -0.139781, -0.27806, -0.950339, -1.2e-05, 0.0, 0.0, 0.0, 1.0],
                [0.920474, 0.317246, -0.228212, 0.124994, 0.364948, -0.906662, 0.211603, -0.002831, -0.139781, -0.278061, -0.950338, -1.2e-05, 0.0, 0.0, 0.0, 1.0],
                [0.920475, 0.317247, -0.228212, 0.124994, 0.364948, -0.906663, 0.211601, -0.002831, -0.139781, -0.278059, -0.950339, -1.2e-05, 0.0, 0.0, 0.0, 1.0],
                [0.920475, 0.317247, -0.228212, 0.124994, 0.364948, -0.906662, 0.211603, -0.002831, -0.139781, -0.27806, -0.950339, -1.2e-05, 0.0, 0.0, 0.0, 1.0],
                [0.920475, 0.317247, -0.228212, 0.124994, 0.364948, -0.906663, 0.211602, -0.002831, -0.139781, -0.278059, -0.950339, -1.2e-05, 0.0, 0.0, 0.0, 1.0],
                [0.920475, 0.317247, -0.228212, 0.124994, 0.364948, -0.906662, 0.211603, -0.002831, -0.139781, -0.27806, -0.950339, -1.2e-05, 0.0, 0.0, 0.0, 1.0],
                [0.920475, 0.317247, -0.228212, 0.124994, 0.364948, -0.906662, 0.211602, -0.002831, -0.139781, -0.27806, -0.950339, -1.2e-05, 0.0, 0.0, 0.0, 1.0],
                [0.920475, 0.317247, -0.228212, 0.124994, 0.364948, -0.906663, 0.211601, -0.002831, -0.139781, -0.278059, -0.950339, -1.2e-05, 0.0, 0.0, 0.0, 1.0],
                [0.920474, 0.317247, -0.228212, 0.124994, 0.364948, -0.906662, 0.211602, -0.002831, -0.139781, -0.27806, -0.950338, -1.2e-05, 0.0, 0.0, 0.0, 1.0],
                [0.920474, 0.317246, -0.228212, 0.124994, 0.364948, -0.906662, 0.211603, -0.002831, -0.139781, -0.278061, -0.950339, -1.2e-05, 0.0, 0.0, 0.0, 1.0],
                [0.920475, 0.317247, -0.228212, 0.124994, 0.364948, -0.906663, 0.211602, -0.002831, -0.139781, -0.27806, -0.950339, -1.2e-05, 0.0, 0.0, 0.0, 1.0]
            ]
        },
        {
            "name": "Leg_R",
            "time": [0.0, 0.0167, 0.0333, 0.05, 0.0667, 0.0833, 0.1, 0.1167, 0.1333, 0.15, 0.1667, 0.1833, 0.2, 0.2167, 0.2333, 0.25, 0.2667, 0.2833, 0.3, 0.3167, 0.3333, 0.35, 0.3667, 0.3833, 0.4, 0.4167, 0.4333, 0.45, 0.4667, 0.4833, 0.5, 0.5167, 0.5333, 0.55, 0.5667, 0.5833, 0.6, 0.6167, 0.6333, 0.65, 0.6667, 0.6833, 0.7, 0.7167, 0.7333, 0.75, 0.7667, 0.7833, 0.8, 0.8167, 0.8333, 0.85, 0.8667, 0.8833, 0.9, 0.9167, 0.9333, 0.95, 0.9667, 0.9833, 1.0, 1.0167, 1.0333, 1.05, 1.0667, 1.0833, 1.1, 1.1167, 1.1333, 1.15, 1.1667, 1.1833, 1.2, 1.2167, 1.2333, 1.25, 1.2667, 1.2833, 1.3, 1.3167, 1.3333, 1.35, 1.3667, 1.3833, 1.4, 1.4167, 1.4333, 1.45, 1.4667, 1.4833, 1.5, 1.5167, 1.5333, 1.55, 1.5667, 1.5833, 1.6, 1.6167, 1.6333, 1.65, 1.6667],
            "transform": [
                [0.999953, -0.009575, -0.001391, -0.0, 0.009605, 0.965066, 0.261832, 0.374721, -0.001165, -0.261833, 0.965112, -0.0, 0.0, 0.0, 0.0, 1.0],
                [0.999953, -0.009575, -0.001391, 0.0, 0.009605, 0.965065, 0.261833, 0.374721, -0.001165, -0.261834, 0.965112, 0.0, 0.0, 0.0, 0.0, 1.0],
                [0.999953, -0.009575, -0.001391, -0.0, 0.009605, 0.965066, 0.261832, 0.374721, -0.001165, -0.261833, 0.965113, -0.0, 0.0, 0.0, 0.0, 1.0],
                [0.999953, -0.009575, -0.001391, -0.0, 0.009605, 0.965066, 0.261832, 0.374721, -0.001165, -0.261833, 0.965112, 0.0, 0.0, 0.0, 0.0, 1.0],
                [0.999953, -0.009575, -0.001391, -0.0, 0.009605, 0.965066, 0.261832, 0.374721, -0.001165, -0.261833, 0.965112, -0.0, 0.0, 0.0, 0.0, 1.0],
                [0.999953, -0.009575, -0.001391, 0.0, 0.009605, 0.965066, 0.261832, 0.374721, -0.001165, -0.261832, 0.965112, 0.0, 0.0, 0.0, 0.0, 1.0],
                [0.999953, -0.009575, -0.001391, 0.0, 0.009605, 0.965066, 0.26183, 0.374721, -0.001165, -0.261831, 0.965113, 0.0, 0.0, 0.0, 0.0, 1.0],
                [0.999954, -0.009575, -0.001391, 0.0, 0.009605, 0.965066, 0.261832, 0.374721, -0.001165, -0.261833, 0.965113, 0.0, 0.0, 0.0, 0.0, 1.0],
                [0.999953, -0.009575, -0.001391, 0.0, 0.009605, 0.965065, 0.261833, 0.374721, -0.001165, -0.261834, 0.965112, 0.0, 0.0, 0.0, 0.0, 1.0],
                [0.999953, -0.009575, -0.001391, -0.0, 0.009605, 0.965066, 0.261832, 0.374721, -0.001165, -0.261833, 0.965112, -0.0, 0.0, 0.0, 0.0, 1.0],
                [0.999954, -0.009575, -0.001391, -0.0, 0.009605, 0.965066, 0.261831, 0.374721, -0.001165, -0.261832, 0.965113, 0.0, 0.0, 0.0, 0.0, 1.0],
                [0.999953, -0.009575, -0.001391, 0.0, 0.009605, 0.965066, 0.261833, 0.374721, -0.001165, -0.261834, 0.965112, 0.0, 0.0, 0.0, 0.0, 1.0],
                [0.999953, -0.009575, -0.001391, -0.0, 0.009605, 0.965066, 0.261831, 0.374721, -0.001165, -0.261832, 0.965112, 0.0, 0.0, 0.0, 0.0, 1.0],
                [0.999953, -0.009575, -0.001391, -0.0, 0.009605, 0.965065, 0.261832, 0.374721, -0.001165, -0.261833, 0.965112, 0.0, 0.0, 0.0, 0.0, 1.0],
                [0.999953, -0.009575, -0.001391, 0.0, 0.009605, 0.965066, 0.261831, 0.374721, -0.001165, -0.261832, 0.965113, 0.0, 0.0, 0.0, 0.0, 1.0],
                [0.999953, -0.009575, -0.001391, -0.0, 0.009605, 0.965066, 0.261832, 0.374721, -0.001165, -0.261833, 0.965113, 0.0, 0.0, 0.0, 0.0, 1.0],
                [0.999953, -0.009575, -0.001391, -0.0, 0.009605, 0.965066, 0.261832, 0.374721, -0.001165, -0.261833, 0.965113, -0.0, 0.0, 0.0, 0.0, 1.0],
                [0.999953, -0.009575, -0.001391, 0.0, 0.009605, 0.965066, 0.261831, 0.374721, -0.001165, -0.261832, 0.965113, -0.0, 0.0, 0.0, 0.0, 1.0],
                [0.999953, -0.009575, -0.001391, 0.0, 0.009605, 0.965066, 0.261832, 0.374721, -0.001165, -0.261833, 0.965113, 0.0, 0.0, 0.0, 0.0, 1.0],
                [0.999954, -0.009575, -0.001391, 0.0, 0.009605, 0.965066, 0.261832, 0.374721, -0.001165, -0.261833, 0.965113, -0.0, 0.0, 0.0, 0.0, 1.0],
                [0.999953, -0.009575, -0.001391, -0.0, 0.009605, 0.965065, 0.261833, 0.374721, -0.001165, -0.261834, 0.965112, 0.0, 0.0, 0.0, 0.0, 1.0],
                [0.999953, -0.009575, -0.001391, -0.0, 0.009605, 0.965065, 0.261833, 0.374721, -0.001165, -0.261834, 0.965112, 0.0, 0.0, 0.0, 0.0, 1.0],
                [0.999953, -0.009575, -0.001391, 0.0, 0.009605, 0.965066, 0.261832, 0.374721, -0.001165, -0.261833, 0.965113, 0.0, 0.0, 0.0, 0.0, 1.0],
                [0.999954, -0.009575, -0.001391, 0.0, 0.009605, 0.965066, 0.261832, 0.374721, -0.001165, -0.261833, 0.965113, 0.0, 0.0, 0.0, 0.0, 1.0],
                [0.999953, -0.009575, -0.001391, -0.0, 0.009605, 0.965066, 0.261833, 0.374721, -0.001165, -0.261834, 0.965113, 0.0, 0.0, 0.0, 0.0, 1.0],
                [0.999953, -0.009575, -0.001391, 0.0, 0.009605, 0.965066, 0.261832, 0.374721, -0.001165, -0.261833, 0.965112, -0.0, 0.0, 0.0, 0.0, 1.0],
                [0.999953, -0.009575, -0.001391, 0.0, 0.009605, 0.965066, 0.261832, 0.374721, -0.001165, -0.261833, 0.965113, 0.0, 0.0, 0.0, 0.0, 1.0],
                [0.999953, -0.009575, -0.001391, -0.0, 0.009605, 0.965066, 0.261833, 0.374721, -0.001165, -0.261834, 0.965112, -0.0, 0.0, 0.0, 0.0, 1.0],
                [0.999954, -0.009575, -0.001391, 0.0, 0.009605, 0.965066, 0.261832, 0.374721, -0.001165, -0.261833, 0.965113, -0.0, 0.0, 0.0, 0.0, 1.0],
                [0.999953, -0.009575, -0.001391, 0.0, 0.009605, 0.965066, 0.261832, 0.374721, -0.001165, -0.261833, 0.965113, -0.0, 0.0, 0.0, 0.0, 1.0],
                [0.999953, -0.009575, -0.001391, -0.0, 0.009605, 0.965066, 0.261832, 0.374721, -0.001165, -0.261833, 0.965113, 0.0, 0.0, 0.0, 0.0, 1.0],
                [0.999953, -0.009575, -0.001391, -0.0, 0.009605, 0.965066, 0.261833, 0.374721, -0.001165, -0.261834, 0.965112, -0.0, 0.0, 0.0, 0.0, 1.0],
                [0.999953, -0.009575, -0.001391, 0.0, 0.009605, 0.965066, 0.261832, 0.374721, -0.001165, -0.261833, 0.965112, 0.0, 0.0, 0.0, 0.0, 1.0],
                [0.999953, -0.009575, -0.001391, -0.0, 0.009605, 0.965065, 0.261834, 0.374721, -0.001165, -0.261835, 0.965112, 0.0, 0.0, 0.0, 0.0, 1.0],
                [0.999953, -0.009575, -0.001391, -0.0, 0.009605, 0.965066, 0.261831, 0.374721, -0.001165, -0.261832, 0.965113, 0.0, 0.0, 0.0, 0.0, 1.0],
                [0.999953, -0.009575, -0.001391, -0.0, 0.009605, 0.965066, 0.261832, 0.374721, -0.001165, -0.261832, 0.965113, 0.0, 0.0, 0.0, 0.0, 1.0],
                [0.999953, -0.009575, -0.001391, 0.0, 0.009605, 0.965066, 0.261831, 0.374721, -0.001165, -0.261833, 0.965113, 0.0, 0.0, 0.0, 0.0, 1.0],
                [0.999953, -0.009575, -0.001391, -0.0, 0.009605, 0.965066, 0.261832, 0.374721, -0.001165, -0.261833, 0.965112, -0.0, 0.0, 0.0, 0.0, 1.0],
                [0.999953, -0.009575, -0.001391, 0.0, 0.009605, 0.965066, 0.261832, 0.374721, -0.001165, -0.261833, 0.965112, -0.0, 0.0, 0.0, 0.0, 1.0],
                [0.999953, -0.009575, -0.001391, -0.0, 0.009605, 0.965066, 0.261834, 0.374721, -0.001165, -0.261834, 0.965113, 0.0, 0.0, 0.0, 0.0, 1.0],
                [0.999953, -0.009575, -0.001391, 0.0, 0.009605, 0.965066, 0.261832, 0.374721, -0.001165, -0.261833, 0.965113, 0.0, 0.0, 0.0, 0.0, 1.0],
                [0.999953, -0.009575, -0.001391, 0.0, 0.009605, 0.965066, 0.261831, 0.374721, -0.001165, -0.261832, 0.965113, 0.0, 0.0, 0.0, 0.0, 1.0],
                [0.999953, -0.009575, -0.001391, 0.0, 0.009605, 0.965066, 0.26183, 0.374721, -0.001165, -0.261831, 0.965113, 0.0, 0.0, 0.0, 0.0, 1.0],
                [0.999953, -0.009575, -0.001391, 0.0, 0.009605, 0.965066, 0.261832, 0.374721, -0.001165, -0.261833, 0.965113, -0.0, 0.0, 0.0, 0.0, 1.0],
                [0.999953, -0.009575, -0.001391, -0.0, 0.009605, 0.965066, 0.261832, 0.374721, -0.001165, -0.261833, 0.965113, -0.0, 0.0, 0.0, 0.0, 1.0],
                [0.999953, -0.009575, -0.001391, -0.0, 0.009605, 0.965065, 0.261833, 0.374721, -0.001165, -0.261834, 0.965112, -0.0, 0.0, 0.0, 0.0, 1.0],
                [0.999953, -0.009575, -0.001391, -0.0, 0.009605, 0.965066, 0.261834, 0.37472, -0.001165, -0.261835, 0.965112, -0.0, 0.0, 0.0, 0.0, 1.0],
                [0.999953, -0.009575, -0.001391, 0.0, 0.009605, 0.965066, 0.261831, 0.374721, -0.001165, -0.261832, 0.965113, -0.0, 0.0, 0.0, 0.0, 1.0],
                [0.999953, -0.009575, -0.001391, 0.0, 0.009605, 0.965066, 0.26183, 0.374721, -0.001165, -0.261831, 0.965113, -0.0, 0.0, 0.0, 0.0, 1.0],
                [0.999953, -0.009575, -0.001391, 0.0, 0.009605, 0.965066, 0.261833, 0.374721, -0.001165, -0.261834, 0.965113, -0.0, 0.0, 0.0, 0.0, 1.0],
                [0.999953, -0.009575, -0.001391, 0.0, 0.009605, 0.965066, 0.261832, 0.374721, -0.001165, -0.261833, 0.965113, 0.0, 0.0, 0.0, 0.0, 1.0],
