{
    "animation": [
        {
            "name": "Root",
            "time": [0.0, 0.0167, 0.0333, 0.05, 0.0667, 0.0833, 0.1, 0.1167, 0.1333, 0.15, 0.1667, 0.1833, 0.2, 0.2167, 0.2333, 0.25, 0.2667, 0.2833, 0.3, 0.3167, 0.3333, 0.35, 0.3667, 0.3833, 0.4, 0.4167, 0.4333, 0.45, 0.4667, 0.4833, 0.5, 0.5167, 0.5333, 0.55, 0.5667, 0.5833, 0.6, 0.6167, 0.6333, 0.65, 0.6667, 0.6833, 0.7, 0.7167, 0.7333, 0.75, 0.7667, 0.7833, 0.8, 0.8167, 0.8333, 0.85, 0.8667, 0.8833, 0.9, 0.9167, 0.9333, 0.95, 0.9667, 0.9833, 1.0, 1.0167, 1.0333, 1.05, 1.0667, 1.0833, 1.1, 1.1167, 1.1333, 1.15, 1.1667, 1.1833, 1.2, 1.2167, 1.2333, 1.25, 1.2667, 1.2833, 1.3, 1.3167, 1.3333, 1.35, 1.3667, 1.3833, 1.4, 1.4167, 1.4333, 1.45, 1.4667, 1.4833, 1.5, 1.5167, 1.5333, 1.55, 1.5667, 1.5833, 1.6, 1.6167, 1.6333, 1.65, 1.6667, 1.6833, 1.7, 1.7167, 1.7333, 1.75, 1.7667, 1.7833, 1.8, 1.8167, 1.8333, 1.85, 1.8667, 1.8833, 1.9, 1.9167, 1.9333, 1.95, 1.9667, 1.9833, 2.0, 2.0167, 2.0333, 2.05, 2.0667, 2.0833, 2.1, 2.1167, 2.1333, 2.15, 2.1667, 2.1833, 2.2, 2.2167, 2.2333, 2.25, 2.2667, 2.2833, 2.3, 2.3167, 2.3333, 2.35, 2.3667, 2.3833, 2.4, 2.4167, 2.4333, 2.45, 2.4667, 2.4833, 2.5, 2.5167, 2.5333, 2.55, 2.5667, 2.5833, 2.6, 2.6167, 2.6333, 2.65, 2.6667, 2.6833, 2.7, 2.7167, 2.7333, 2.75, 2.7667, 2.7833, 2.8, 2.8167, 2.8333, 2.85, 2.8667, 2.8833, 2.9, 2.9167, 2.9333, 2.95, 2.9667, 2.9833, 3.0, 3.0167, 3.0333, 3.05, 3.0667, 3.0833, 3.1, 3.1167, 3.1333, 3.15, 3.1667, 3.1833, 3.2, 3.2167, 3.2333, 3.25, 3.2667, 3.2833, 3.3, 3.3167, 3.3333],
            "transform": [
                [0.542083, 0.0, -0.840325, -5e-06, -0.840325, 0.0, -0.542083, 0.000946, 0.0, 1.0, 0.0, 0.315338, 0.0, 0.0, 0.0, 1.0],
                [0.542083, 0.0, -0.840325, -5e-06, -0.840325, 0.0, -0.542083, 0.000946, 0.0, 1.0, 0.0, 0.315336, 0.0, 0.0, 0.0, 1.0],
                [0.542083, 0.0, -0.840325, -5e-06, -0.840325, 0.0, -0.542083, 0.000946, 0.0, 1.0, 0.0, 0.315331, 0.0, 0.0, 0.0, 1.0],
                [0.542083, 0.0, -0.840325, -5e-06, -0.840325, 0.0, -0.542083, 0.000946, 0.0, 1.0, 0.0, 0.315322, 0.0, 0.0, 0.0, 1.0],
                [0.542083, 0.0, -0.840325, -5e-06, -0.840325, 0.0, -0.542083, 0.000946, 0.0, 1.0, 0.0, 0.31531, 0.0, 0.0, 0.0, 1.0],
                [0.542083, 0.0, -0.840325, -5e-06, -0.840325, 0.0, -0.542083, 0.000946, 0.0, 1.0, 0.0, 0.315295, 0.0, 0.0, 0.0, 1.0],
                [0.542083, 0.0, -0.840325, -5e-06, -0.840325, 0.0, -0.542083, 0.000946, 0.0, 1.0, 0.0, 0.315275, 0.0, 0.0, 0.0, 1.0],
                [0.542083, 0.0, -0.840325, -5e-06, -0.840325, 0.0, -0.542083, 0.000946, 0.0, 1.0, 0.0, 0.315253, 0.0, 0.0, 0.0, 1.0],
                [0.542083, 0.0, -0.840325, -5e-06, -0.840325, 0.0, -0.542083, 0.000946, 0.0, 1.0, 0.0, 0.315226, 0.0, 0.0, 0.0, 1.0],
                [0.542083, 0.0, -0.840325, -5e-06, -0.840325, 0.0, -0.542083, 0.000946, 0.0, 1.0, 0.0, 0.315196, 0.0, 0.0, 0.0, 1.0],
                [0.542083, 0.0, -0.840325, -5e-06, -0.840325, 0.0, -0.542083, 0.000946, 0.0, 1.0, 0.0, 0.315163, 0.0, 0.0, 0.0, 1.0],
                [0.542083, 0.0, -0.840325, -5e-06, -0.840325, 0.0, -0.542083, 0.000946, 0.0, 1.0, 0.0, 0.315126, 0.0, 0.0, 0.0, 1.0],
                [0.542083, 0.0, -0.840325, -5e-06, -0.840325, 0.0, -0.542083, 0.000946, 0.0, 1.0, 0.0, 0.315085, 0.0, 0.0, 0.0, 1.0],
                [0.542083, 0.0, -0.840325, -5e-06, -0.840325, 0.0, -0.542083, 0.000946, 0.0, 1.0, 0.0, 0.315041, 0.0, 0.0, 0.0, 1.0],
                [0.542083, 0.0, -0.840325, -5e-06, -0.840325, 0.0, -0.542083, 0.000946, 0.0, 1.0, 0.0, 0.314994, 0.0, 0.0, 0.0, 1.0],
                [0.542083, 0.0, -0.840325, -5e-06, -0.840325, 0.0, -0.542083, 0.000946, 0.0, 1.0, 0.0, 0.314943, 0.0, 0.0, 0.0, 1.0],
                [0.542083, 0.0, -0.840325, -5e-06, -0.840325, 0.0, -0.542083, 0.000946, 0.0, 1.0, 0.0, 0.314888, 0.0, 0.0, 0.0, 1.0],
                [0.542083, 0.0, -0.840325, -5e-06, -0.840325, 0.0, -0.542083, 0.000946, 0.0, 1.0, 0.0, 0.31483, 0.0, 0.0, 0.0, 1.0],
                [0.542083, 0.0, -0.840325, -5e-06, -0.840325, 0.0, -0.542083, 0.000946, 0.0, 1.0, 0.0, 0.314769, 0.0, 0.0, 0.0, 1.0],
                [0.542083, 0.0, -0.840325, -5e-06, -0.840325, 0.0, -0.542083, 0.000946, 0.0, 1.0, 0.0, 0.314704, 0.0, 0.0, 0.0, 1.0],
                [0.542083, 0.0, -0.840325, -5e-06, -0.840325, 0.0, -0.542083, 0.000946, 0.0, 1.0, 0.0, 0.314636, 0.0, 0.0, 0.0, 1.0],
                [0.542083, 0.0, -0.840325, -5e-06, -0.840325, 0.0, -0.542083, 0.000946, 0.0, 1.0, 0.0, 0.314564, 0.0, 0.0, 0.0, 1.0],
                [0.542083, 0.0, -0.840325, -5e-06, -0.840325, 0.0, -0.542083, 0.000946, 0.0, 1.0, 0.0, 0.314489, 0.0, 0.0, 0.0, 1.0],
                [0.542083, 0.0, -0.840325, -5e-06, -0.840325, 0.0, -0.542083, 0.000946, 0.0, 1.0, 0.0, 0.314411, 0.0, 0.0, 0.0, 1.0],
                [0.542083, 0.0, -0.840325, -5e-06, -0.840325, 0.0, -0.542083, 0.000946, 0.0, 1.0, 0.0, 0.31433, 0.0, 0.0, 0.0, 1.0],
                [0.542083, 0.0, -0.840325, -5e-06, -0.840325, 0.0, -0.542083, 0.000946, 0.0, 1.0, 0.0, 0.314246, 0.0, 0.0, 0.0, 1.0],
                [0.542083, 0.0, -0.840325, -5e-06, -0.840325, 0.0, -0.542083, 0.000946, 0.0, 1.0, 0.0, 0.314158, 0.0, 0.0, 0.0, 1.0],
                [0.542083, 0.0, -0.840325, -5e-06, -0.840325, 0.0, -0.542083, 0.000946, 0.0, 1.0, 0.0, 0.314068, 0.0, 0.0, 0.0, 1.0],
                [0.542083, 0.0, -0.840325, -5e-06, -0.840325, 0.0, -0.542083, 0.000946, 0.0, 1.0, 0.0, 0.313974, 0.0, 0.0, 0.0, 1.0],
                [0.542083, 0.0, -0.840325, -5e-06, -0.840325, 0.0, -0.542083, 0.000946, 0.0, 1.0, 0.0, 0.313878, 0.0, 0.0, 0.0, 1.0],
                [0.542083, 0.0, -0.840325, -5e-06, -0.840325, 0.0, -0.542083, 0.000946, 0.0, 1.0, 0.0, 0.313779, 0.0, 0.0, 0.0, 1.0],
                [0.542083, 0.0, -0.840325, -5e-06, -0.840325, 0.0, -0.542083, 0.000946, 0.0, 1.0, 0.0, 0.313677, 0.0, 0.0, 0.0, 1.0],
                [0.542083, 0.0, -0.840325, -5e-06, -0.840325, 0.0, -0.542083, 0.000946, 0.0, 1.0, 0.0, 0.313573, 0.0, 0.0, 0.0, 1.0],
                [0.542083, 0.0, -0.840325, -5e-06, -0.840325, 0.0, -0.542083, 0.000946, 0.0, 1.0, 0.0, 0.313466, 0.0, 0.0, 0.0, 1.0],
                [0.542083, 0.0, -0.840325, -5e-06, -0.840325, 0.0, -0.542083, 0.000946, 0.0, 1.0, 0.0, 0.313357, 0.0, 0.0, 0.0, 1.0],
                [0.542083, 0.0, -0.840325, -5e-06, -0.840325, 0.0, -0.542083, 0.000946, 0.0, 1.0, 0.0, 0.313245, 0.0, 0.0, 0.0, 1.0],
                [0.542083, 0.0, -0.840325, -5e-06, -0.840325, 0.0, -0.542083, 0.000946, 0.0, 1.0, 0.0, 0.313131, 0.0, 0.0, 0.0, 1.0],
                [0.542083, 0.0, -0.840325, -5e-06, -0.840325, 0.0, -0.542083, 0.000946, 0.0, 1.0, 0.0, 0.313016, 0.0, 0.0, 0.0, 1.0],
                [0.542083, 0.0, -0.840325, -5e-06, -0.840325, 0.0, -0.542083, 0.000946, 0.0, 1.0, 0.0, 0.312898, 0.0, 0.0, 0.0, 1.0],
                [0.542083, 0.0, -0.840325, -5e-06, -0.840325, 0.0, -0.542083, 0.000946, 0.0, 1.0, 0.0, 0.312779, 0.0, 0.0, 0.0, 1.0],
                [0.542083, 0.0, -0.840325, -5e-06, -0.840325, 0.0, -0.542083, 0.000946, 0.0, 1.0, 0.0, 0.312658, 0.0, 0.0, 0.0, 1.0],
                [0.542083, 0.0, -0.840325, -5e-06, -0.840325, 0.0, -0.542083, 0.000946, 0.0, 1.0, 0.0, 0.312535, 0.0, 0.0, 0.0, 1.0],
                [0.542083, 0.0, -0.840325, -5e-06, -0.840325, 0.0, -0.542083, 0.000946, 0.0, 1.0, 0.0, 0.312411, 0.0, 0.0, 0.0, 1.0],
                [0.542083, 0.0, -0.840325, -5e-06, -0.840325, 0.0, -0.542083, 0.000946, 0.0, 1.0, 0.0, 0.312286, 0.0, 0.0, 0.0, 1.0],
                [0.542083, 0.0, -0.840325, -5e-06, -0.840325, 0.0, -0.542083, 0.000946, 0.0, 1.0, 0.0, 0.31216, 0.0, 0.0, 0.0, 1.0],
                [0.542083, 0.0, -0.840325, -5e-06, -0.840325, 0.0, -0.542083, 0.000946, 0.0, 1.0, 0.0, 0.312032, 0.0, 0.0, 0.0, 1.0],
                [0.542083, 0.0, -0.840325, -5e-06, -0.840325, 0.0, -0.542083, 0.000946, 0.0, 1.0, 0.0, 0.311904, 0.0, 0.0, 0.0, 1.0],
                [0.542083, 0.0, -0.840325, -5e-06, -0.840325, 0.0, -0.542083, 0.000946, 0.0, 1.0, 0.0, 0.311776, 0.0, 0.0, 0.0, 1.0],
                [0.542083, 0.0, -0.840325, -5e-06, -0.840325, 0.0, -0.542083, 0.000946, 0.0, 1.0, 0.0, 0.311647, 0.0, 0.0, 0.0, 1.0],
                [0.542083, 0.0, -0.840325, -5e-06, -0.840325, 0.0, -0.542083, 0.000946, 0.0, 1.0, 0.0, 0.311517, 0.0, 0.0, 0.0, 1.0],
                [0.542083, 0.0, -0.840325, -5e-06, -0.840325, 0.0, -0.542083, 0.000946, 0.0, 1.0, 0.0, 0.311388, 0.0, 0.0, 0.0, 1.0],
                [0.542083, 0.0, -0.840325, -5e-06, -0.840325, 0.0, -0.542083, 0.000946, 0.0, 1.0, 0.0, 0.311258, 0.0, 0.0, 0.0, 1.0],
                [0.542083, 0.0, -0.840325, -5e-06, -0.840325, 0.0, -0.542083, 0.000946, 0.0, 1.0, 0.0, 0.311129, 0.0, 0.0, 0.0, 1.0],
                [0.542083, 0.0, -0.840325, -5e-06, -0.840325, 0.0, -0.542083, 0.000946, 0.0, 1.0, 0.0, 0.311, 0.0, 0.0, 0.0, 1.0],
                [0.542083, 0.0, -0.840325, -5e-06, -0.840325, 0.0, -0.542083, 0.000946, 0.0, 1.0, 0.0, 0.310871, 0.0, 0.0, 0.0, 1.0],
                [0.542083, 0.0, -0.840325, -5e-06, -0.840325, 0.0, -0.542083, 0.000946, 0.0, 1.0, 0.0, 0.310743, 0.0, 0.0, 0.0, 1.0],
                [0.542083, 0.0, -0.840325, -5e-06, -0.840325, 0.0, -0.542083, 0.000946, 0.0, 1.0, 0.0, 0.310616, 0.0, 0.0, 0.0, 1.0],
                [0.542083, 0.0, -0.840325, -5e-06, -0.840325, 0.0, -0.542083, 0.000946, 0.0, 1.0, 0.0, 0.310489, 0.0, 0.0, 0.0, 1.0],
                [0.542083, 0.0, -0.840325, -5e-06, -0.840325, 0.0, -0.542083, 0.000946, 0.0, 1.0, 0.0, 0.310364, 0.0, 0.0, 0.0, 1.0],
                [0.542083, 0.0, -0.840325, -5e-06, -0.840325, 0.0, -0.542083, 0.000946, 0.0, 1.0, 0.0, 0.31024, 0.0, 0.0, 0.0, 1.0],
                [0.542083, 0.0, -0.840325, -5e-06, -0.840325, 0.0, -0.542083, 0.000946, 0.0, 1.0, 0.0, 0.310118, 0.0, 0.0, 0.0, 1.0],
                [0.542083, 0.0, -0.840325, -5e-06, -0.840325, 0.0, -0.542083, 0.000946, 0.0, 1.0, 0.0, 0.309997, 0.0, 0.0, 0.0, 1.0],
                [0.542083, 0.0, -0.840325, -5e-06, -0.840325, 0.0, -0.542083, 0.000946, 0.0, 1.0, 0.0, 0.309877, 0.0, 0.0, 0.0, 1.0],
                [0.542083, 0.0, -0.840325, -5e-06, -0.840325, 0.0, -0.542083, 0.000946, 0.0, 1.0, 0.0, 0.30976, 0.0, 0.0, 0.0, 1.0],
                [0.542083, 0.0, -0.840325, -5e-06, -0.840325, 0.0, -0.542083, 0.000946, 0.0, 1.0, 0.0, 0.309644, 0.0, 0.0, 0.0, 1.0],
                [0.542083, 0.0, -0.840325, -5e-06, -0.840325, 0.0, -0.542083, 0.000946, 0.0, 1.0, 0.0, 0.30953, 0.0, 0.0, 0.0, 1.0],
                [0.542083, 0.0, -0.840325, -5e-06, -0.840325, 0.0, -0.542083, 0.000946, 0.0, 1.0, 0.0, 0.309419, 0.0, 0.0, 0.0, 1.0],
                [0.542083, 0.0, -0.840325, -5e-06, -0.840325, 0.0, -0.542083, 0.000946, 0.0, 1.0, 0.0, 0.30931, 0.0, 0.0, 0.0, 1.0],
                [0.542083, 0.0, -0.840325, -5e-06, -0.840325, 0.0, -0.542083, 0.000946, 0.0, 1.0, 0.0, 0.309203, 0.0, 0.0, 0.0, 1.0],
                [0.542083, 0.0, -0.840325, -5e-06, -0.840325, 0.0, -0.542083, 0.000946, 0.0, 1.0, 0.0, 0.309098, 0.0, 0.0, 0.0, 1.0],
                [0.542083, 0.0, -0.840325, -5e-06, -0.840325, 0.0, -0.542083, 0.000946, 0.0, 1.0, 0.0, 0.308997, 0.0, 0.0, 0.0, 1.0],
                [0.542083, 0.0, -0.840325, -5e-06, -0.840325, 0.0, -0.542083, 0.000946, 0.0, 1.0, 0.0, 0.308898, 0.0, 0.0, 0.0, 1.0],
                [0.542083, 0.0, -0.840325, -5e-06, -0.840325, 0.0, -0.542083, 0.000946, 0.0, 1.0, 0.0, 0.308801, 0.0, 0.0, 0.0, 1.0],
                [0.542083, 0.0, -0.840325, -5e-06, -0.840325, 0.0, -0.542083, 0.000946, 0.0, 1.0, 0.0, 0.308708, 0.0, 0.0, 0.0, 1.0],
                [0.542083, 0.0, -0.840325, -5e-06, -0.840325, 0.0, -0.542083, 0.000946, 0.0, 1.0, 0.0, 0.308617, 0.0, 0.0, 0.0, 1.0],
                [0.542083, 0.0, -0.840325, -5e-06, -0.840325, 0.0, -0.542083, 0.000946, 0.0, 1.0, 0.0, 0.30853, 0.0, 0.0, 0.0, 1.0],
                [0.542083, 0.0, -0.840325, -5e-06, -0.840325, 0.0, -0.542083, 0.000946, 0.0, 1.0, 0.0, 0.308445, 0.0, 0.0, 0.0, 1.0],
                [0.542083, 0.0, -0.840325, -5e-06, -0.840325, 0.0, -0.542083, 0.000946, 0.0, 1.0, 0.0, 0.308364, 0.0, 0.0, 0.0, 1.0],
                [0.542083, 0.0, -0.840325, -5e-06, -0.840325, 0.0, -0.542083, 0.000946, 0.0, 1.0, 0.0, 0.308286, 0.0, 0.0, 0.0, 1.0],
                [0.542083, 0.0, -0.840325, -5e-06, -0.840325, 0.0, -0.542083, 0.000946, 0.0, 1.0, 0.0, 0.308211, 0.0, 0.0, 0.0, 1.0],
                [0.542083, 0.0, -0.840325, -5e-06, -0.840325, 0.0, -0.542083, 0.000946, 0.0, 1.0, 0.0, 0.30814, 0.0, 0.0, 0.0, 1.0],
                [0.542083, 0.0, -0.840325, -5e-06, -0.840325, 0.0, -0.542083, 0.000946, 0.0, 1.0, 0.0, 0.308071, 0.0, 0.0, 0.0, 1.0],
                [0.542083, 0.0, -0.840325, -5e-06, -0.840325, 0.0, -0.542083, 0.000946, 0.0, 1.0, 0.0, 0.308006, 0.0, 0.0, 0.0, 1.0],
                [0.542083, 0.0, -0.840325, -5e-06, -0.840325, 0.0, -0.542083, 0.000946, 0.0, 1.0, 0.0, 0.307945, 0.0, 0.0, 0.0, 1.0],
                [0.542083, 0.0, -0.840325, -5e-06, -0.840325, 0.0, -0.542083, 0.000946, 0.0, 1.0, 0.0, 0.307887, 0.0, 0.0, 0.0, 1.0],
                [0.542083, 0.0, -0.840325, -5e-06, -0.840325, 0.0, -0.542083, 0.000946, 0.0, 1.0, 0.0, 0.307832, 0.0, 0.0, 0.0, 1.0],
                [0.542083, 0.0, -0.840325, -5e-06, -0.840325, 0.0, -0.542083, 0.000946, 0.0, 1.0, 0.0, 0.307781, 0.0, 0.0, 0.0, 1.0],
                [0.542083, 0.0, -0.840325, -5e-06, -0.840325, 0.0, -0.542083, 0.000946, 0.0, 1.0, 0.0, 0.307734, 0.0, 0.0, 0.0, 1.0],
                [0.542083, 0.0, -0.840325, -5e-06, -0.840325, 0.0, -0.542083, 0.000946, 0.0, 1.0, 0.0, 0.30769, 0.0, 0.0, 0.0, 1.0],
                [0.542083, 0.0, -0.840325, -5e-06, -0.840325, 0.0, -0.542083, 0.000946, 0.0, 1.0, 0.0, 0.307649, 0.0, 0.0, 0.0, 1.0],
                [0.542083, 0.0, -0.840325, -5e-06, -0.840325, 0.0, -0.542083, 0.000946, 0.0, 1.0, 0.0, 0.307612, 0.0, 0.0, 0.0, 1.0],
                [0.542083, 0.0, -0.840325, -5e-06, -0.840325, 0.0, -0.542083, 0.000946, 0.0, 1.0, 0.0, 0.307579, 0.0, 0.0, 0.0, 1.0],
                [0.542083, 0.0, -0.840325, -5e-06, -0.840325, 0.0, -0.542083, 0.000946, 0.0, 1.0, 0.0, 0.307549, 0.0, 0.0, 0.0, 1.0],
                [0.542083, 0.0, -0.840325, -5e-06, -0.840325, 0.0, -0.542083, 0.000946, 0.0, 1.0, 0.0, 0.307523, 0.0, 0.0, 0.0, 1.0],
                [0.542083, 0.0, -0.840325, -5e-06, -0.840325, 0.0, -0.542083, 0.000946, 0.0, 1.0, 0.0, 0.3075, 0.0, 0.0, 0.0, 1.0],
                [0.542083, 0.0, -0.840325, -5e-06, -0.840325, 0.0, -0.542083, 0.000946, 0.0, 1.0, 0.0, 0.307481, 0.0, 0.0, 0.0, 1.0],
                [0.542083, 0.0, -0.840325, -5e-06, -0.840325, 0.0, -0.542083, 0.000946, 0.0, 1.0, 0.0, 0.307465, 0.0, 0.0, 0.0, 1.0],
                [0.542083, 0.0, -0.840325, -5e-06, -0.840325, 0.0, -0.542083, 0.000946, 0.0, 1.0, 0.0, 0.307453, 0.0, 0.0, 0.0, 1.0],
                [0.542083, 0.0, -0.840325, -5e-06, -0.840325, 0.0, -0.542083, 0.000946, 0.0, 1.0, 0.0, 0.307444, 0.0, 0.0, 0.0, 1.0],
                [0.542083, 0.0, -0.840325, -5e-06, -0.840325, 0.0, -0.542083, 0.000946, 0.0, 1.0, 0.0, 0.307439, 0.0, 0.0, 0.0, 1.0],
                [0.542083, 0.0, -0.840325, -5e-06, -0.840325, 0.0, -0.542083, 0.000946, 0.0, 1.0, 0.0, 0.307437, 0.0, 0.0, 0.0, 1.0],
                [0.542083, 0.0, -0.840325, -5e-06, -0.840325, 0.0, -0.542083, 0.000946, 0.0, 1.0, 0.0, 0.307439, 0.0, 0.0, 0.0, 1.0],
                [0.542083, 0.0, -0.840325, -5e-06, -0.840325, 0.0, -0.542083, 0.000946, 0.0, 1.0, 0.0, 0.307444, 0.0, 0.0, 0.0, 1.0],
                [0.542083, 0.0, -0.840325, -5e-06, -0.840325, 0.0, -0.542083, 0.000946, 0.0, 1.0, 0.0, 0.307453, 0.0, 0.0, 0.0, 1.0],
                [0.542083, 0.0, -0.840325, -5e-06, -0.840325, 0.0, -0.542083, 0.000946, 0.0, 1.0, 0.0, 0.307465, 0.0, 0.0, 0.0, 1.0],
                [0.542083, 0.0, -0.840325, -5e-06, -0.840325, 0.0, -0.542083, 0.000946, 0.0, 1.0, 0.0, 0.307481, 0.0, 0.0, 0.0, 1.0],
                [0.542083, 0.0, -0.840325, -5e-06, -0.840325, 0.0, -0.542083, 0.000946, 0.0, 1.0, 0.0, 0.3075, 0.0, 0.0, 0.0, 1.0],
                [0.542083, 0.0, -0.840325, -5e-06, -0.840325, 0.0, -0.542083, 0.000946, 0.0, 1.0, 0.0, 0.307523, 0.0, 0.0, 0.0, 1.0],
                [0.542083, 0.0, -0.840325, -5e-06, -0.840325, 0.0, -0.542083, 0.000946, 0.0, 1.0, 0.0, 0.307549, 0.0, 0.0, 0.0, 1.0],
                [0.542083, 0.0, -0.840325, -5e-06, -0.840325, 0.0, -0.542083, 0.000946, 0.0, 1.0, 0.0, 0.307579, 0.0, 0.0, 0.0, 1.0],
                [0.542083, 0.0, -0.840325, -5e-06, -0.840325, 0.0, -0.542083, 0.000946, 0.0, 1.0, 0.0, 0.307612, 0.0, 0.0, 0.0, 1.0],
                [0.542083, 0.0, -0.840325, -5e-06, -0.840325, 0.0, -0.542083, 0.000946, 0.0, 1.0, 0.0, 0.307649, 0.0, 0.0, 0.0, 1.0],
                [0.542083, 0.0, -0.840325, -5e-06, -0.840325, 0.0, -0.542083, 0.000946, 0.0, 1.0, 0.0, 0.30769, 0.0, 0.0, 0.0, 1.0],
                [0.542083, 0.0, -0.840325, -5e-06, -0.840325, 0.0, -0.542083, 0.000946, 0.0, 1.0, 0.0, 0.307734, 0.0, 0.0, 0.0, 1.0],
                [0.542083, 0.0, -0.840325, -5e-06, -0.840325, 0.0, -0.542083, 0.000946, 0.0, 1.0, 0.0, 0.307781, 0.0, 0.0, 0.0, 1.0],
                [0.542083, 0.0, -0.840325, -5e-06, -0.840325, 0.0, -0.542083, 0.000946, 0.0, 1.0, 0.0, 0.307832, 0.0, 0.0, 0.0, 1.0],
                [0.542083, 0.0, -0.840325, -5e-06, -0.840325, 0.0, -0.542083, 0.000946, 0.0, 1.0, 0.0, 0.307887, 0.0, 0.0, 0.0, 1.0],
                [0.542083, 0.0, -0.840325, -5e-06, -0.840325, 0.0, -0.542083, 0.000946, 0.0, 1.0, 0.0, 0.307945, 0.0, 0.0, 0.0, 1.0],
                [0.542083, 0.0, -0.840325, -5e-06, -0.840325, 0.0, -0.542083, 0.000946, 0.0, 1.0, 0.0, 0.308006, 0.0, 0.0, 0.0, 1.0],
                [0.542083, 0.0, -0.840325, -5e-06, -0.840325, 0.0, -0.542083, 0.000946, 0.0, 1.0, 0.0, 0.308071, 0.0, 0.0, 0.0, 1.0],
                [0.542083, 0.0, -0.840325, -5e-06, -0.840325, 0.0, -0.542083, 0.000946, 0.0, 1.0, 0.0, 0.30814, 0.0, 0.0, 0.0, 1.0],
                [0.542083, 0.0, -0.840325, -5e-06, -0.840325, 0.0, -0.542083, 0.000946, 0.0, 1.0, 0.0, 0.308211, 0.0, 0.0, 0.0, 1.0],
                [0.542083, 0.0, -0.840325, -5e-06, -0.840325, 0.0, -0.542083, 0.000946, 0.0, 1.0, 0.0, 0.308286, 0.0, 0.0, 0.0, 1.0],
                [0.542083, 0.0, -0.840325, -5e-06, -0.840325, 0.0, -0.542083, 0.000946, 0.0, 1.0, 0.0, 0.308364, 0.0, 0.0, 0.0, 1.0],
                [0.542083, 0.0, -0.840325, -5e-06, -0.840325, 0.0, -0.542083, 0.000946, 0.0, 1.0, 0.0, 0.308445, 0.0, 0.0, 0.0, 1.0],
                [0.542083, 0.0, -0.840325, -5e-06, -0.840325, 0.0, -0.542083, 0.000946, 0.0, 1.0, 0.0, 0.30853, 0.0, 0.0, 0.0, 1.0],
                [0.542083, 0.0, -0.840325, -5e-06, -0.840325, 0.0, -0.542083, 0.000946, 0.0, 1.0, 0.0, 0.308617, 0.0, 0.0, 0.0, 1.0],
                [0.542083, 0.0, -0.840325, -5e-06, -0.840325, 0.0, -0.542083, 0.000946, 0.0, 1.0, 0.0, 0.308708, 0.0, 0.0, 0.0, 1.0],
                [0.542083, 0.0, -0.840325, -5e-06, -0.840325, 0.0, -0.542083, 0.000946, 0.0, 1.0, 0.0, 0.308801, 0.0, 0.0, 0.0, 1.0],
                [0.542083, 0.0, -0.840325, -5e-06, -0.840325, 0.0, -0.542083, 0.000946, 0.0, 1.0, 0.0, 0.308898, 0.0, 0.0, 0.0, 1.0],
                [0.542083, 0.0, -0.840325, -5e-06, -0.840325, 0.0, -0.542083, 0.000946, 0.0, 1.0, 0.0, 0.308997, 0.0, 0.0, 0.0, 1.0],
                [0.542083, 0.0, -0.840325, -5e-06, -0.840325, 0.0, -0.542083, 0.000946, 0.0, 1.0, 0.0, 0.309098, 0.0, 0.0, 0.0, 1.0],
                [0.542083, 0.0, -0.840325, -5e-06, -0.840325, 0.0, -0.542083, 0.000946, 0.0, 1.0, 0.0, 0.309203, 0.0, 0.0, 0.0, 1.0],
                [0.542083, 0.0, -0.840325, -5e-06, -0.840325, 0.0, -0.542083, 0.000946, 0.0, 1.0, 0.0, 0.30931, 0.0, 0.0, 0.0, 1.0],
                [0.542083, 0.0, -0.840325, -5e-06, -0.840325, 0.0, -0.542083, 0.000946, 0.0, 1.0, 0.0, 0.309419, 0.0, 0.0, 0.0, 1.0],
                [0.542083, 0.0, -0.840325, -5e-06, -0.840325, 0.0, -0.542083, 0.000946, 0.0, 1.0, 0.0, 0.30953, 0.0, 0.0, 0.0, 1.0],
                [0.542083, 0.0, -0.840325, -5e-06, -0.840325, 0.0, -0.542083, 0.000946, 0.0, 1.0, 0.0, 0.309644, 0.0, 0.0, 0.0, 1.0],
                [0.542083, 0.0, -0.840325, -5e-06, -0.840325, 0.0, -0.542083, 0.000946, 0.0, 1.0, 0.0, 0.30976, 0.0, 0.0, 0.0, 1.0],
                [0.542083, 0.0, -0.840325, -5e-06, -0.840325, 0.0, -0.542083, 0.000946, 0.0, 1.0, 0.0, 0.309877, 0.0, 0.0, 0.0, 1.0],
                [0.542083, 0.0, -0.840325, -5e-06, -0.840325, 0.0, -0.542083, 0.000946, 0.0, 1.0, 0.0, 0.309997, 0.0, 0.0, 0.0, 1.0],
                [0.542083, 0.0, -0.840325, -5e-06, -0.840325, 0.0, -0.542083, 0.000946, 0.0, 1.0, 0.0, 0.310118, 0.0, 0.0, 0.0, 1.0],
                [0.542083, 0.0, -0.840325, -5e-06, -0.840325, 0.0, -0.542083, 0.000946, 0.0, 1.0, 0.0, 0.31024, 0.0, 0.0, 0.0, 1.0],
                [0.542083, 0.0, -0.840325, -5e-06, -0.840325, 0.0, -0.542083, 0.000946, 0.0, 1.0, 0.0, 0.310364, 0.0, 0.0, 0.0, 1.0],
                [0.542083, 0.0, -0.840325, -5e-06, -0.840325, 0.0, -0.542083, 0.000946, 0.0, 1.0, 0.0, 0.310489, 0.0, 0.0, 0.0, 1.0],
                [0.542083, 0.0, -0.840325, -5e-06, -0.840325, 0.0, -0.542083, 0.000946, 0.0, 1.0, 0.0, 0.310616, 0.0, 0.0, 0.0, 1.0],
                [0.542083, 0.0, -0.840325, -5e-06, -0.840325, 0.0, -0.542083, 0.000946, 0.0, 1.0, 0.0, 0.310743, 0.0, 0.0, 0.0, 1.0],
                [0.542083, 0.0, -0.840325, -5e-06, -0.840325, 0.0, -0.542083, 0.000946, 0.0, 1.0, 0.0, 0.310871, 0.0, 0.0, 0.0, 1.0],
                [0.542083, 0.0, -0.840325, -5e-06, -0.840325, 0.0, -0.542083, 0.000946, 0.0, 1.0, 0.0, 0.311, 0.0, 0.0, 0.0, 1.0],
                [0.542083, 0.0, -0.840325, -5e-06, -0.840325, 0.0, -0.542083, 0.000946, 0.0, 1.0, 0.0, 0.311129, 0.0, 0.0, 0.0, 1.0],
                [0.542083, 0.0, -0.840325, -5e-06, -0.840325, 0.0, -0.542083, 0.000946, 0.0, 1.0, 0.0, 0.311258, 0.0, 0.0, 0.0, 1.0],
                [0.542083, 0.0, -0.840325, -5e-06, -0.840325, 0.0, -0.542083, 0.000946, 0.0, 1.0, 0.0, 0.311388, 0.0, 0.0, 0.0, 1.0],
                [0.542083, 0.0, -0.840325, -5e-06, -0.840325, 0.0, -0.542083, 0.000946, 0.0, 1.0, 0.0, 0.311517, 0.0, 0.0, 0.0, 1.0],
                [0.542083, 0.0, -0.840325, -5e-06, -0.840325, 0.0, -0.542083, 0.000946, 0.0, 1.0, 0.0, 0.311647, 0.0, 0.0, 0.0, 1.0],
                [0.542083, 0.0, -0.840325, -5e-06, -0.840325, 0.0, -0.542083, 0.000946, 0.0, 1.0, 0.0, 0.311776, 0.0, 0.0, 0.0, 1.0],
                [0.542083, 0.0, -0.840325, -5e-06, -0.840325, 0.0, -0.542083, 0.000946, 0.0, 1.0, 0.0, 0.311904, 0.0, 0.0, 0.0, 1.0],
                [0.542083, 0.0, -0.840325, -5e-06, -0.840325, 0.0, -0.542083, 0.000946, 0.0, 1.0, 0.0, 0.312032, 0.0, 0.0, 0.0, 1.0],
                [0.542083, 0.0, -0.840325, -5e-06, -0.840325, 0.0, -0.542083, 0.000946, 0.0, 1.0, 0.0, 0.31216, 0.0, 0.0, 0.0, 1.0],
                [0.542083, 0.0, -0.840325, -5e-06, -0.840325, 0.0, -0.542083, 0.000946, 0.0, 1.0, 0.0, 0.312286, 0.0, 0.0, 0.0, 1.0],
                [0.542083, 0.0, -0.840325, -5e-06, -0.840325, 0.0, -0.542083, 0.000946, 0.0, 1.0, 0.0, 0.312411, 0.0, 0.0, 0.0, 1.0],
                [0.542083, 0.0, -0.840325, -5e-06, -0.840325, 0.0, -0.542083, 0.000946, 0.0, 1.0, 0.0, 0.312535, 0.0, 0.0, 0.0, 1.0],
                [0.542083, 0.0, -0.840325, -5e-06, -0.840325, 0.0, -0.542083, 0.000946, 0.0, 1.0, 0.0, 0.312658, 0.0, 0.0, 0.0, 1.0],
                [0.542083, 0.0, -0.840325, -5e-06, -0.840325, 0.0, -0.542083, 0.000946, 0.0, 1.0, 0.0, 0.312779, 0.0, 0.0, 0.0, 1.0],
                [0.542083, 0.0, -0.840325, -5e-06, -0.840325, 0.0, -0.542083, 0.000946, 0.0, 1.0, 0.0, 0.312898, 0.0, 0.0, 0.0, 1.0],
                [0.542083, 0.0, -0.840325, -5e-06, -0.840325, 0.0, -0.542083, 0.000946, 0.0, 1.0, 0.0, 0.313016, 0.0, 0.0, 0.0, 1.0],
                [0.542083, 0.0, -0.840325, -5e-06, -0.840325, 0.0, -0.542083, 0.000946, 0.0, 1.0, 0.0, 0.313131, 0.0, 0.0, 0.0, 1.0],
                [0.542083, 0.0, -0.840325, -5e-06, -0.840325, 0.0, -0.542083, 0.000946, 0.0, 1.0, 0.0, 0.313245, 0.0, 0.0, 0.0, 1.0],
                [0.542083, 0.0, -0.840325, -5e-06, -0.840325, 0.0, -0.542083, 0.000946, 0.0, 1.0, 0.0, 0.313357, 0.0, 0.0, 0.0, 1.0],
                [0.542083, 0.0, -0.840325, -5e-06, -0.840325, 0.0, -0.542083, 0.000946, 0.0, 1.0, 0.0, 0.313466, 0.0, 0.0, 0.0, 1.0],
                [0.542083, 0.0, -0.840325, -5e-06, -0.840325, 0.0, -0.542083, 0.000946, 0.0, 1.0, 0.0, 0.313573, 0.0, 0.0, 0.0, 1.0],
                [0.542083, 0.0, -0.840325, -5e-06, -0.840325, 0.0, -0.542083, 0.000946, 0.0, 1.0, 0.0, 0.313677, 0.0, 0.0, 0.0, 1.0],
                [0.542083, 0.0, -0.840325, -5e-06, -0.840325, 0.0, -0.542083, 0.000946, 0.0, 1.0, 0.0, 0.313779, 0.0, 0.0, 0.0, 1.0],
                [0.542083, 0.0, -0.840325, -5e-06, -0.840325, 0.0, -0.542083, 0.000946, 0.0, 1.0, 0.0, 0.313878, 0.0, 0.0, 0.0, 1.0],
                [0.542083, 0.0, -0.840325, -5e-06, -0.840325, 0.0, -0.542083, 0.000946, 0.0, 1.0, 0.0, 0.313974, 0.0, 0.0, 0.0, 1.0],
                [0.542083, 0.0, -0.840325, -5e-06, -0.840325, 0.0, -0.542083, 0.000946, 0.0, 1.0, 0.0, 0.314067, 0.0, 0.0, 0.0, 1.0],
                [0.542083, 0.0, -0.840325, -5e-06, -0.840325, 0.0, -0.542083, 0.000946, 0.0, 1.0, 0.0, 0.314158, 0.0, 0.0, 0.0, 1.0],
                [0.542083, 0.0, -0.840325, -5e-06, -0.840325, 0.0, -0.542083, 0.000946, 0.0, 1.0, 0.0, 0.314246, 0.0, 0.0, 0.0, 1.0],
                [0.542083, 0.0, -0.840325, -5e-06, -0.840325, 0.0, -0.542083, 0.000946, 0.0, 1.0, 0.0, 0.31433, 0.0, 0.0, 0.0, 1.0],
                [0.542083, 0.0, -0.840325, -5e-06, -0.840325, 0.0, -0.542083, 0.000946, 0.0, 1.0, 0.0, 0.314411, 0.0, 0.0, 0.0, 1.0],
                [0.542083, 0.0, -0.840325, -5e-06, -0.840325, 0.0, -0.542083, 0.000946, 0.0, 1.0, 0.0, 0.314489, 0.0, 0.0, 0.0, 1.0],
                [0.542083, 0.0, -0.840325, -5e-06, -0.840325, 0.0, -0.542083, 0.000946, 0.0, 1.0, 0.0, 0.314564, 0.0, 0.0, 0.0, 1.0],
                [0.542083, 0.0, -0.840325, -5e-06, -0.840325, 0.0, -0.542083, 0.000946, 0.0, 1.0, 0.0, 0.314636, 0.0, 0.0, 0.0, 1.0],
                [0.542083, 0.0, -0.840325, -5e-06, -0.840325, 0.0, -0.542083, 0.000946, 0.0, 1.0, 0.0, 0.314704, 0.0, 0.0, 0.0, 1.0],
                [0.542083, 0.0, -0.840325, -5e-06, -0.840325, 0.0, -0.542083, 0.000946, 0.0, 1.0, 0.0, 0.314769, 0.0, 0.0, 0.0, 1.0],
                [0.542083, 0.0, -0.840325, -5e-06, -0.840325, 0.0, -0.542083, 0.000946, 0.0, 1.0, 0.0, 0.31483, 0.0, 0.0, 0.0, 1.0],
                [0.542083, 0.0, -0.840325, -5e-06, -0.840325, 0.0, -0.542083, 0.000946, 0.0, 1.0, 0.0, 0.314888, 0.0, 0.0, 0.0, 1.0],
                [0.542083, 0.0, -0.840325, -5e-06, -0.840325, 0.0, -0.542083, 0.000946, 0.0, 1.0, 0.0, 0.314943, 0.0, 0.0, 0.0, 1.0],
                [0.542083, 0.0, -0.840325, -5e-06, -0.840325, 0.0, -0.542083, 0.000946, 0.0, 1.0, 0.0, 0.314994, 0.0, 0.0, 0.0, 1.0],
                [0.542083, 0.0, -0.840325, -5e-06, -0.840325, 0.0, -0.542083, 0.000946, 0.0, 1.0, 0.0, 0.315041, 0.0, 0.0, 0.0, 1.0],
                [0.542083, 0.0, -0.840325, -5e-06, -0.840325, 0.0, -0.542083, 0.000946, 0.0, 1.0, 0.0, 0.315085, 0.0, 0.0, 0.0, 1.0],
                [0.542083, 0.0, -0.840325, -5e-06, -0.840325, 0.0, -0.542083, 0.000946, 0.0, 1.0, 0.0, 0.315126, 0.0, 0.0, 0.0, 1.0],
                [0.542083, 0.0, -0.840325, -5e-06, -0.840325, 0.0, -0.542083, 0.000946, 0.0, 1.0, 0.0, 0.315163, 0.0, 0.0, 0.0, 1.0],
                [0.542083, 0.0, -0.840325, -5e-06, -0.840325, 0.0, -0.542083, 0.000946, 0.0, 1.0, 0.0, 0.315196, 0.0, 0.0, 0.0, 1.0],
                [0.542083, 0.0, -0.840325, -5e-06, -0.840325, 0.0, -0.542083, 0.000946, 0.0, 1.0, 0.0, 0.315226, 0.0, 0.0, 0.0, 1.0],
                [0.542083, 0.0, -0.840325, -5e-06, -0.840325, 0.0, -0.542083, 0.000946, 0.0, 1.0, 0.0, 0.315253, 0.0, 0.0, 0.0, 1.0],
                [0.542083, 0.0, -0.840325, -5e-06, -0.840325, 0.0, -0.542083, 0.000946, 0.0, 1.0, 0.0, 0.315275, 0.0, 0.0, 0.0, 1.0],
                [0.542083, 0.0, -0.840325, -5e-06, -0.840325, 0.0, -0.542083, 0.000946, 0.0, 1.0, 0.0, 0.315295, 0.0, 0.0, 0.0, 1.0],
                [0.542083, 0.0, -0.840325, -5e-06, -0.840325, 0.0, -0.542083, 0.000946, 0.0, 1.0, 0.0, 0.31531, 0.0, 0.0, 0.0, 1.0],
                [0.542083, 0.0, -0.840325, -5e-06, -0.840325, 0.0, -0.542083, 0.000946, 0.0, 1.0, 0.0, 0.315322, 0.0, 0.0, 0.0, 1.0],
                [0.542083, 0.0, -0.840325, -5e-06, -0.840325, 0.0, -0.542083, 0.000946, 0.0, 1.0, 0.0, 0.315331, 0.0, 0.0, 0.0, 1.0],
                [0.542083, 0.0, -0.840325, -5e-06, -0.840325, 0.0, -0.542083, 0.000946, 0.0, 1.0, 0.0, 0.315336, 0.0, 0.0, 0.0, 1.0],
                [0.542083, 0.0, -0.840325, -5e-06, -0.840325, 0.0, -0.542083, 0.000946, 0.0, 1.0, 0.0, 0.315338, 0.0, 0.0, 0.0, 1.0]
            ]
        },
        {
            "name": "Thigh_R",
            "time": [0.0, 0.0167, 0.0333, 0.05, 0.0667, 0.0833, 0.1, 0.1167, 0.1333, 0.15, 0.1667, 0.1833, 0.2, 0.2167, 0.2333, 0.25, 0.2667, 0.2833, 0.3, 0.3167, 0.3333, 0.35, 0.3667, 0.3833, 0.4, 0.4167, 0.4333, 0.45, 0.4667, 0.4833, 0.5, 0.5167, 0.5333, 0.55, 0.5667, 0.5833, 0.6, 0.6167, 0.6333, 0.65, 0.6667, 0.6833, 0.7, 0.7167, 0.7333, 0.75, 0.7667, 0.7833, 0.8, 0.8167, 0.8333, 0.85, 0.8667, 0.8833, 0.9, 0.9167, 0.9333, 0.95, 0.9667, 0.9833, 1.0, 1.0167, 1.0333, 1.05, 1.0667, 1.0833, 1.1, 1.1167, 1.1333, 1.15, 1.1667, 1.1833, 1.2, 1.2167, 1.2333, 1.25, 1.2667, 1.2833, 1.3, 1.3167, 1.3333, 1.35, 1.3667, 1.3833, 1.4, 1.4167, 1.4333, 1.45, 1.4667, 1.4833, 1.5, 1.5167, 1.5333, 1.55, 1.5667, 1.5833, 1.6, 1.6167, 1.6333, 1.65, 1.6667, 1.6833, 1.7, 1.7167, 1.7333, 1.75, 1.7667, 1.7833, 1.8, 1.8167, 1.8333, 1.85, 1.8667, 1.8833, 1.9, 1.9167, 1.9333, 1.95, 1.9667, 1.9833, 2.0, 2.0167, 2.0333, 2.05, 2.0667, 2.0833, 2.1, 2.1167, 2.1333, 2.15, 2.1667, 2.1833, 2.2, 2.2167, 2.2333, 2.25, 2.2667, 2.2833, 2.3, 2.3167, 2.3333, 2.35, 2.3667, 2.3833, 2.4, 2.4167, 2.4333, 2.45, 2.4667, 2.4833, 2.5, 2.5167, 2.5333, 2.55, 2.5667, 2.5833, 2.6, 2.6167, 2.6333, 2.65, 2.6667, 2.6833, 2.7, 2.7167, 2.7333, 2.75, 2.7667, 2.7833, 2.8, 2.8167, 2.8333, 2.85, 2.8667, 2.8833, 2.9, 2.9167, 2.9333, 2.95, 2.9667, 2.9833, 3.0, 3.0167, 3.0333, 3.05, 3.0667, 3.0833, 3.1, 3.1167, 3.1333, 3.15, 3.1667, 3.1833, 3.2, 3.2167, 3.2333, 3.25, 3.2667, 3.2833, 3.3, 3.3167, 3.3333],
            "transform": [
                [0.959922, 0.280009, -0.01206, 0.124994, 0.280044, -0.956541, 0.081269, -0.002831, 0.01122, -0.081389, -0.996619, -1.2e-05, 0.0, 0.0, 0.0, 1.0],
                [0.959921, 0.280011, -0.012059, 0.124994, 0.280046, -0.95654, 0.081268, -0.002831, 0.011221, -0.081388, -0.996619, -1.2e-05, 0.0, 0.0, 0.0, 1.0],
                [0.959919, 0.280018, -0.012057, 0.124994, 0.280052, -0.956539, 0.081266, -0.002831, 0.011223, -0.081386, -0.99662, -1.2e-05, 0.0, 0.0, 0.0, 1.0],
                [0.959916, 0.280029, -0.012054, 0.124994, 0.280063, -0.956536, 0.081263, -0.002831, 0.011226, -0.081381, -0.99662, -1.2e-05, 0.0, 0.0, 0.0, 1.0],
                [0.959911, 0.280044, -0.012049, 0.124994, 0.280078, -0.956532, 0.081258, -0.002831, 0.011231, -0.081375, -0.99662, -1.2e-05, 0.0, 0.0, 0.0, 1.0],
                [0.959906, 0.280064, -0.012043, 0.124994, 0.280098, -0.956527, 0.081252, -0.002831, 0.011237, -0.081368, -0.996621, -1.2e-05, 0.0, 0.0, 0.0, 1.0],
                [0.959898, 0.280089, -0.012035, 0.124994, 0.280122, -0.95652, 0.081245, -0.002831, 0.011244, -0.081358, -0.996622, -1.2e-05, 0.0, 0.0, 0.0, 1.0],
                [0.95989, 0.280118, -0.012026, 0.124994, 0.28015, -0.956513, 0.081236, -0.002831, 0.011253, -0.081347, -0.996622, -1.2e-05, 0.0, 0.0, 0.0, 1.0],
                [0.95988, 0.280152, -0.012015, 0.124994, 0.280183, -0.956504, 0.081227, -0.002831, 0.011263, -0.081335, -0.996623, -1.2e-05, 0.0, 0.0, 0.0, 1.0],
                [0.95987, 0.28019, -0.012004, 0.124994, 0.28022, -0.956494, 0.081215, -0.002831, 0.011274, -0.08132, -0.996624, -1.2e-05, 0.0, 0.0, 0.0, 1.0],
                [0.959857, 0.280233, -0.011991, 0.124994, 0.280262, -0.956483, 0.081203, -0.002831, 0.011287, -0.081304, -0.996626, -1.2e-05, 0.0, 0.0, 0.0, 1.0],
                [0.959843, 0.28028, -0.011976, 0.124994, 0.280308, -0.95647, 0.081189, -0.002831, 0.011301, -0.081286, -0.996627, -1.2e-05, 0.0, 0.0, 0.0, 1.0],
                [0.959828, 0.280332, -0.01196, 0.124994, 0.280359, -0.956457, 0.081174, -0.002831, 0.011317, -0.081266, -0.996628, -1.2e-05, 0.0, 0.0, 0.0, 1.0],
                [0.959812, 0.280389, -0.011942, 0.124994, 0.280414, -0.956442, 0.081157, -0.002831, 0.011333, -0.081245, -0.99663, -1.2e-05, 0.0, 0.0, 0.0, 1.0],
                [0.959795, 0.28045, -0.011924, 0.124994, 0.280473, -0.956426, 0.081139, -0.002831, 0.011352, -0.081221, -0.996632, -1.2e-05, 0.0, 0.0, 0.0, 1.0],
                [0.959776, 0.280515, -0.011903, 0.124994, 0.280537, -0.956409, 0.08112, -0.002831, 0.011371, -0.081196, -0.996633, -1.2e-05, 0.0, 0.0, 0.0, 1.0],
                [0.959756, 0.280585, -0.011882, 0.124994, 0.280605, -0.956391, 0.081099, -0.002831, 0.011392, -0.08117, -0.996635, -1.2e-05, 0.0, 0.0, 0.0, 1.0],
                [0.959734, 0.28066, -0.011859, 0.124994, 0.280678, -0.956371, 0.081077, -0.002831, 0.011414, -0.081141, -0.996637, -1.2e-05, 0.0, 0.0, 0.0, 1.0],
                [0.959711, 0.280738, -0.011834, 0.124994, 0.280755, -0.956351, 0.081054, -0.002831, 0.011438, -0.081111, -0.99664, -1.2e-05, 0.0, 0.0, 0.0, 1.0],
                [0.959687, 0.280822, -0.011808, 0.124994, 0.280836, -0.956329, 0.08103, -0.002831, 0.011462, -0.08108, -0.996642, -1.2e-05, 0.0, 0.0, 0.0, 1.0],
                [0.959662, 0.28091, -0.011781, 0.124994, 0.280922, -0.956306, 0.081004, -0.002831, 0.011488, -0.081046, -0.996644, -1.2e-05, 0.0, 0.0, 0.0, 1.0],
                [0.959635, 0.281002, -0.011753, 0.124994, 0.281012, -0.956282, 0.080977, -0.002831, 0.011516, -0.081011, -0.996647, -1.2e-05, 0.0, 0.0, 0.0, 1.0],
                [0.959607, 0.281098, -0.011723, 0.124994, 0.281106, -0.956257, 0.080948, -0.002831, 0.011545, -0.080974, -0.996649, -1.2e-05, 0.0, 0.0, 0.0, 1.0],
                [0.959578, 0.281199, -0.011691, 0.124994, 0.281204, -0.95623, 0.080919, -0.002831, 0.011575, -0.080936, -0.996652, -1.2e-05, 0.0, 0.0, 0.0, 1.0],
                [0.959548, 0.281304, -0.011659, 0.124994, 0.281306, -0.956203, 0.080888, -0.002831, 0.011606, -0.080895, -0.996655, -1.2e-05, 0.0, 0.0, 0.0, 1.0],
                [0.959516, 0.281413, -0.011625, 0.124994, 0.281412, -0.956174, 0.080855, -0.002831, 0.011638, -0.080854, -0.996658, -1.2e-05, 0.0, 0.0, 0.0, 1.0],
                [0.959484, 0.281526, -0.01159, 0.124994, 0.281522, -0.956145, 0.080822, -0.002831, 0.011672, -0.080811, -0.996661, -1.2e-05, 0.0, 0.0, 0.0, 1.0],
                [0.95945, 0.281643, -0.011554, 0.124994, 0.281636, -0.956114, 0.080788, -0.002831, 0.011707, -0.080766, -0.996664, -1.2e-05, 0.0, 0.0, 0.0, 1.0],
                [0.959415, 0.281764, -0.011516, 0.124994, 0.281754, -0.956082, 0.080752, -0.002831, 0.011743, -0.080719, -0.996668, -1.2e-05, 0.0, 0.0, 0.0, 1.0],
                [0.959378, 0.281888, -0.011477, 0.124994, 0.281876, -0.95605, 0.080715, -0.002831, 0.01178, -0.080672, -0.996671, -1.2e-05, 0.0, 0.0, 0.0, 1.0],
                [0.959341, 0.282017, -0.011437, 0.124994, 0.282001, -0.956016, 0.080677, -0.002831, 0.011818, -0.080622, -0.996675, -1.2e-05, 0.0, 0.0, 0.0, 1.0],
                [0.959303, 0.282149, -0.011396, 0.124994, 0.28213, -0.955981, 0.080638, -0.002831, 0.011858, -0.080572, -0.996678, -1.2e-05, 0.0, 0.0, 0.0, 1.0],
                [0.959264, 0.282284, -0.011354, 0.124994, 0.282262, -0.955946, 0.080598, -0.002831, 0.011898, -0.08052, -0.996682, -1.2e-05, 0.0, 0.0, 0.0, 1.0],
                [0.959223, 0.282423, -0.01131, 0.124994, 0.282397, -0.955909, 0.080557, -0.002831, 0.011939, -0.080466, -0.996686, -1.2e-05, 0.0, 0.0, 0.0, 1.0],
                [0.959182, 0.282565, -0.011266, 0.124994, 0.282536, -0.955872, 0.080515, -0.002831, 0.011982, -0.080411, -0.99669, -1.2e-05, 0.0, 0.0, 0.0, 1.0],
                [0.95914, 0.282711, -0.011221, 0.124994, 0.282678, -0.955833, 0.080472, -0.002831, 0.012025, -0.080356, -0.996694, -1.2e-05, 0.0, 0.0, 0.0, 1.0],
                [0.959096, 0.282859, -0.011174, 0.124994, 0.282822, -0.955794, 0.080428, -0.002831, 0.012069, -0.080298, -0.996698, -1.2e-05, 0.0, 0.0, 0.0, 1.0],
                [0.959052, 0.28301, -0.011127, 0.124994, 0.282969, -0.955755, 0.080383, -0.002831, 0.012114, -0.08024, -0.996702, -1.2e-05, 0.0, 0.0, 0.0, 1.0],
                [0.959008, 0.283163, -0.011079, 0.124994, 0.283119, -0.955714, 0.080337, -0.002831, 0.01216, -0.080181, -0.996706, -1.2e-05, 0.0, 0.0, 0.0, 1.0],
                [0.958962, 0.28332, -0.01103, 0.124994, 0.283271, -0.955673, 0.080291, -0.002831, 0.012207, -0.080121, -0.996711, -1.2e-05, 0.0, 0.0, 0.0, 1.0],
                [0.958916, 0.283478, -0.01098, 0.124994, 0.283426, -0.955631, 0.080244, -0.002831, 0.012254, -0.080059, -0.996715, -1.2e-05, 0.0, 0.0, 0.0, 1.0],
                [0.958869, 0.283639, -0.01093, 0.124994, 0.283583, -0.955589, 0.080196, -0.002831, 0.012302, -0.079997, -0.996719, -1.2e-05, 0.0, 0.0, 0.0, 1.0],
                [0.958821, 0.283801, -0.010879, 0.124994, 0.283741, -0.955545, 0.080148, -0.002831, 0.012351, -0.079934, -0.996724, -1.2e-05, 0.0, 0.0, 0.0, 1.0],
                [0.958773, 0.283966, -0.010827, 0.124994, 0.283902, -0.955502, 0.080099, -0.002831, 0.0124, -0.079871, -0.996728, -1.2e-05, 0.0, 0.0, 0.0, 1.0],
                [0.958725, 0.284132, -0.010775, 0.124994, 0.284064, -0.955458, 0.080049, -0.002831, 0.012449, -0.079806, -0.996733, -1.2e-05, 0.0, 0.0, 0.0, 1.0],
                [0.958676, 0.284299, -0.010722, 0.124994, 0.284227, -0.955414, 0.079999, -0.002831, 0.012499, -0.079741, -0.996737, -1.2e-05, 0.0, 0.0, 0.0, 1.0],
                [0.958626, 0.284468, -0.010669, 0.124994, 0.284391, -0.955369, 0.079949, -0.002831, 0.01255, -0.079676, -0.996742, -1.2e-05, 0.0, 0.0, 0.0, 1.0],
                [0.958576, 0.284638, -0.010616, 0.124994, 0.284557, -0.955324, 0.079898, -0.002831, 0.012601, -0.07961, -0.996747, -1.2e-05, 0.0, 0.0, 0.0, 1.0],
                [0.958526, 0.284808, -0.010562, 0.124994, 0.284723, -0.955278, 0.079847, -0.002831, 0.012652, -0.079543, -0.996751, -1.2e-05, 0.0, 0.0, 0.0, 1.0],
                [0.958476, 0.28498, -0.010508, 0.124994, 0.28489, -0.955233, 0.079796, -0.002831, 0.012703, -0.079477, -0.996756, -1.2e-05, 0.0, 0.0, 0.0, 1.0],
                [0.958425, 0.285151, -0.010454, 0.124994, 0.285058, -0.955187, 0.079745, -0.002831, 0.012754, -0.07941, -0.996761, -1.2e-05, 0.0, 0.0, 0.0, 1.0],
                [0.958375, 0.285323, -0.010399, 0.124994, 0.285225, -0.955142, 0.079694, -0.002831, 0.012806, -0.079343, -0.996765, -1.2e-05, 0.0, 0.0, 0.0, 1.0],
                [0.958324, 0.285495, -0.010345, 0.124994, 0.285393, -0.955096, 0.079642, -0.002831, 0.012857, -0.079276, -0.99677, -1.2e-05, 0.0, 0.0, 0.0, 1.0],
                [0.958274, 0.285666, -0.010291, 0.124994, 0.28556, -0.95505, 0.079591, -0.002831, 0.012908, -0.079209, -0.996775, -1.2e-05, 0.0, 0.0, 0.0, 1.0],
                [0.958223, 0.285838, -0.010237, 0.124994, 0.285727, -0.955004, 0.07954, -0.002831, 0.01296, -0.079142, -0.996779, -1.2e-05, 0.0, 0.0, 0.0, 1.0],
                [0.958173, 0.286008, -0.010182, 0.124994, 0.285893, -0.954959, 0.079489, -0.002831, 0.013011, -0.079075, -0.996784, -1.2e-05, 0.0, 0.0, 0.0, 1.0],
                [0.958123, 0.286178, -0.010129, 0.124994, 0.286059, -0.954914, 0.079438, -0.002831, 0.013061, -0.079009, -0.996789, -1.2e-05, 0.0, 0.0, 0.0, 1.0],
                [0.958073, 0.286346, -0.010075, 0.124994, 0.286223, -0.954868, 0.079387, -0.002831, 0.013112, -0.078943, -0.996793, -1.2e-05, 0.0, 0.0, 0.0, 1.0],
                [0.958024, 0.286514, -0.010022, 0.124994, 0.286387, -0.954824, 0.079337, -0.002831, 0.013162, -0.078877, -0.996798, -1.2e-05, 0.0, 0.0, 0.0, 1.0],
                [0.957975, 0.28668, -0.009969, 0.124994, 0.286549, -0.954779, 0.079287, -0.002831, 0.013212, -0.078812, -0.996802, -1.2e-05, 0.0, 0.0, 0.0, 1.0],
                [0.957926, 0.286844, -0.009917, 0.124994, 0.286709, -0.954735, 0.079238, -0.002831, 0.013261, -0.078747, -0.996807, -1.2e-05, 0.0, 0.0, 0.0, 1.0],
