{
    "animation": [
        {
            "name": "Root",
            "time": [0.0, 0.0167, 0.0333, 0.05, 0.0667, 0.0833, 0.1, 0.1167, 0.1333, 0.15, 0.1667, 0.1833, 0.2, 0.2167, 0.2333, 0.25, 0.2667, 0.2833, 0.3, 0.3167, 0.3333, 0.35, 0.3667, 0.3833, 0.4, 0.4167, 0.4333, 0.45, 0.4667, 0.4833, 0.5, 0.5167, 0.5333, 0.55, 0.5667, 0.5833, 0.6, 0.6167, 0.6333, 0.65, 0.6667, 0.6833, 0.7, 0.7167, 0.7333, 0.75, 0.7667, 0.7833, 0.8, 0.8167, 0.8333, 0.85, 0.8667, 0.8833, 0.9, 0.9167, 0.9333, 0.95, 0.9667, 0.9833, 1.0, 1.0167, 1.0333, 1.05, 1.0667, 1.0833, 1.1, 1.1167, 1.1333, 1.15, 1.1667, 1.1833, 1.2, 1.2167, 1.2333, 1.25, 1.2667, 1.2833, 1.3, 1.3167, 1.3333, 1.35, 1.3667, 1.3833, 1.4, 1.4167, 1.4333, 1.45, 1.4667, 1.4833, 1.5, 1.5167, 1.5333, 1.55, 1.5667, 1.5833, 1.6, 1.6167, 1.6333, 1.65, 1.6667],
            "transform": [
                [0.542083, 0.0, -0.840325, -5e-06, -0.840325, 0.0, -0.542083, 0.000946, 0.0, 1.0, 0.0, 0.714425, 0.0, 0.0, 0.0, 1.0],
                [0.542083, 0.0, -0.840325, 0.000129, -0.840325, 0.0, -0.542083, 0.000779, 0.0, 1.0, 0.0, 0.713842, 0.0, 0.0, 0.0, 1.0],
                [0.542083, 0.0, -0.840325, 0.000537, -0.840325, 0.0, -0.542083, 0.000277, 0.0, 1.0, 0.0, 0.712079, 0.0, 0.0, 0.0, 1.0],
                [0.542083, 0.0, -0.840325, 0.00123, -0.840325, 0.0, -0.542083, -0.000557, 0.0, 1.0, 0.0, 0.70913, 0.0, 0.0, 0.0, 1.0],
                [0.542083, 0.0, -0.840325, 0.002218, -0.840325, 0.0, -0.542083, -0.00172, 0.0, 1.0, 0.0, 0.705016, 0.0, 0.0, 0.0, 1.0],
                [0.542083, 0.0, -0.840325, 0.003511, -0.840325, 0.0, -0.542083, -0.003203, 0.0, 1.0, 0.0, 0.699787, 0.0, 0.0, 0.0, 1.0],
                [0.542083, 0.0, -0.840325, 0.005118, -0.840325, 0.0, -0.542083, -0.005, 0.0, 1.0, 0.0, 0.693532, 0.0, 0.0, 0.0, 1.0],
                [0.542083, 0.0, -0.840325, 0.007049, -0.840325, 0.0, -0.542083, -0.007098, 0.0, 1.0, 0.0, 0.686382, 0.0, 0.0, 0.0, 1.0],
                [0.542083, 0.0, -0.840325, 0.009311, -0.840325, 0.0, -0.542083, -0.009483, 0.0, 1.0, 0.0, 0.678512, 0.0, 0.0, 0.0, 1.0],
                [0.542083, 0.0, -0.840325, 0.011911, -0.840325, 0.0, -0.542083, -0.012138, 0.0, 1.0, 0.0, 0.670135, 0.0, 0.0, 0.0, 1.0],
                [0.542083, 0.0, -0.840325, 0.014854, -0.840325, 0.0, -0.542083, -0.015041, 0.0, 1.0, 0.0, 0.661497, 0.0, 0.0, 0.0, 1.0],
                [0.542083, 0.0, -0.840325, 0.018146, -0.840325, 0.0, -0.542083, -0.01817, 0.0, 1.0, 0.0, 0.652858, 0.0, 0.0, 0.0, 1.0],
                [0.542083, 0.0, -0.840325, 0.021788, -0.840325, 0.0, -0.542083, -0.021496, 0.0, 1.0, 0.0, 0.644482, 0.0, 0.0, 0.0, 1.0],
                [0.542083, 0.0, -0.840325, 0.02578, -0.840325, 0.0, -0.542083, -0.024988, 0.0, 1.0, 0.0, 0.636611, 0.0, 0.0, 0.0, 1.0],
                [0.542083, 0.0, -0.840325, 0.03012, -0.840325, 0.0, -0.542083, -0.028612, 0.0, 1.0, 0.0, 0.629462, 0.0, 0.0, 0.0, 1.0],
                [0.542083, 0.0, -0.840325, 0.034804, -0.840325, 0.0, -0.542083, -0.032329, 0.0, 1.0, 0.0, 0.623207, 0.0, 0.0, 0.0, 1.0],
                [0.542083, 0.0, -0.840325, 0.039825, -0.840325, 0.0, -0.542083, -0.0361, 0.0, 1.0, 0.0, 0.617978, 0.0, 0.0, 0.0, 1.0],
                [0.542083, 0.0, -0.840325, 0.045173, -0.840325, 0.0, -0.542083, -0.039882, 0.0, 1.0, 0.0, 0.613864, 0.0, 0.0, 0.0, 1.0],
                [0.542083, 0.0, -0.840325, 0.050837, -0.840325, 0.0, -0.542083, -0.043631, 0.0, 1.0, 0.0, 0.610915, 0.0, 0.0, 0.0, 1.0],
                [0.542083, 0.0, -0.840325, 0.056802, -0.840325, 0.0, -0.542083, -0.0473, 0.0, 1.0, 0.0, 0.609152, 0.0, 0.0, 0.0, 1.0],
                [0.542083, 0.0, -0.840325, 0.063051, -0.840325, 0.0, -0.542083, -0.050843, 0.0, 1.0, 0.0, 0.608568, 0.0, 0.0, 0.0, 1.0],
                [0.542083, 0.0, -0.840325, 0.069565, -0.840325, 0.0, -0.542083, -0.054216, 0.0, 1.0, 0.0, 0.608568, 0.0, 0.0, 0.0, 1.0],
                [0.542083, 0.0, -0.840325, 0.076324, -0.840325, 0.0, -0.542083, -0.057373, 0.0, 1.0, 0.0, 0.608568, 0.0, 0.0, 0.0, 1.0],
                [0.542083, 0.0, -0.840325, 0.083305, -0.840325, 0.0, -0.542083, -0.060271, 0.0, 1.0, 0.0, 0.608568, 0.0, 0.0, 0.0, 1.0],
                [0.542083, 0.0, -0.840325, 0.090485, -0.840325, 0.0, -0.542083, -0.062872, 0.0, 1.0, 0.0, 0.608568, 0.0, 0.0, 0.0, 1.0],
                [0.542083, 0.0, -0.840325, 0.09784, -0.840325, 0.0, -0.542083, -0.065137, 0.0, 1.0, 0.0, 0.608568, 0.0, 0.0, 0.0, 1.0],
                [0.542083, 0.0, -0.840325, 0.105347, -0.840325, 0.0, -0.542083, -0.067034, 0.0, 1.0, 0.0, 0.608568, 0.0, 0.0, 0.0, 1.0],
                [0.542083, 0.0, -0.840325, 0.112981, -0.840325, 0.0, -0.542083, -0.068533, 0.0, 1.0, 0.0, 0.608568, 0.0, 0.0, 0.0, 1.0],
                [0.542083, 0.0, -0.840325, 0.12072, -0.840325, 0.0, -0.542083, -0.069608, 0.0, 1.0, 0.0, 0.608568, 0.0, 0.0, 0.0, 1.0],
                [0.542083, 0.0, -0.840325, 0.12854, -0.840325, 0.0, -0.542083, -0.070238, 0.0, 1.0, 0.0, 0.608568, 0.0, 0.0, 0.0, 1.0],
                [0.542083, 0.0, -0.840325, 0.13642, -0.840325, 0.0, -0.542083, -0.070406, 0.0, 1.0, 0.0, 0.608568, 0.0, 0.0, 0.0, 1.0],
                [0.542083, 0.0, -0.840325, 0.144341, -0.840325, 0.0, -0.542083, -0.0701, 0.0, 1.0, 0.0, 0.608568, 0.0, 0.0, 0.0, 1.0],
                [0.542083, 0.0, -0.840325, 0.152283, -0.840325, 0.0, -0.542083, -0.069308, 0.0, 1.0, 0.0, 0.608568, 0.0, 0.0, 0.0, 1.0],
                [0.542083, 0.0, -0.840325, 0.160229, -0.840325, 0.0, -0.542083, -0.068027, 0.0, 1.0, 0.0, 0.608568, 0.0, 0.0, 0.0, 1.0],
                [0.542083, 0.0, -0.840325, 0.168163, -0.840325, 0.0, -0.542083, -0.066252, 0.0, 1.0, 0.0, 0.608568, 0.0, 0.0, 0.0, 1.0],
                [0.542083, 0.0, -0.840325, 0.176071, -0.840325, 0.0, -0.542083, -0.063984, 0.0, 1.0, 0.0, 0.608568, 0.0, 0.0, 0.0, 1.0],
                [0.542083, 0.0, -0.840325, 0.183941, -0.840325, 0.0, -0.542083, -0.061225, 0.0, 1.0, 0.0, 0.608568, 0.0, 0.0, 0.0, 1.0],
                [0.542083, 0.0, -0.840325, 0.19176, -0.840325, 0.0, -0.542083, -0.05798, 0.0, 1.0, 0.0, 0.608568, 0.0, 0.0, 0.0, 1.0],
                [0.542083, 0.0, -0.840325, 0.19952, -0.840325, 0.0, -0.542083, -0.054256, 0.0, 1.0, 0.0, 0.608568, 0.0, 0.0, 0.0, 1.0],
                [0.542083, 0.0, -0.840325, 0.207211, -0.840325, 0.0, -0.542083, -0.05006, 0.0, 1.0, 0.0, 0.608568, 0.0, 0.0, 0.0, 1.0],
                [0.542083, 0.0, -0.840325, 0.214826, -0.840325, 0.0, -0.542083, -0.045401, 0.0, 1.0, 0.0, 0.608568, 0.0, 0.0, 0.0, 1.0],
                [0.542083, 0.0, -0.840325, 0.221356, -0.840325, 0.0, -0.542083, 0.009637, 0.0, 1.0, 0.0, 0.61114, 0.0, 0.0, 0.0, 1.0],
                [0.542083, 0.0, -0.840325, 0.225688, -0.840325, 0.0, -0.542083, 0.165626, 0.0, 1.0, 0.0, 0.618879, 0.0, 0.0, 0.0, 1.0],
                [0.542083, 0.0, -0.840325, 0.227752, -0.840325, 0.0, -0.542083, 0.416591, 0.0, 1.0, 0.0, 0.631463, 0.0, 0.0, 0.0, 1.0],
                [0.542083, 0.0, -0.840325, 0.22769, -0.840325, 0.0, -0.542083, 0.744051, 0.0, 1.0, 0.0, 0.647921, 0.0, 0.0, 0.0, 1.0],
                [0.542083, 0.0, -0.840325, 0.225916, -0.840325, 0.0, -0.542083, 1.115522, 0.0, 1.0, 0.0, 0.666566, 0.0, 0.0, 0.0, 1.0],
                [0.542083, 0.0, -0.840325, 0.223089, -0.840325, 0.0, -0.542083, 1.488744, 0.0, 1.0, 0.0, 0.68521, 0.0, 0.0, 0.0, 1.0],
                [0.542083, 0.0, -0.840325, 0.219978, -0.840325, 0.0, -0.542083, 1.821277, 0.0, 1.0, 0.0, 0.701669, 0.0, 0.0, 0.0, 1.0],
                [0.542083, 0.0, -0.840325, 0.217271, -0.840325, 0.0, -0.542083, 2.080181, 0.0, 1.0, 0.0, 0.714252, 0.0, 0.0, 0.0, 1.0],
                [0.542083, 0.0, -0.840325, 0.215461, -0.840325, 0.0, -0.542083, 2.246389, 0.0, 1.0, 0.0, 0.721991, 0.0, 0.0, 0.0, 1.0],
                [0.542083, 0.0, -0.840325, 0.214826, -0.840325, 0.0, -0.542083, 2.31335, 0.0, 1.0, 0.0, 0.724563, 0.0, 0.0, 0.0, 1.0],
                [0.542083, 0.0, -0.840325, 0.214826, -0.840325, 0.0, -0.542083, 2.330407, 0.0, 1.0, 0.0, 0.724563, 0.0, 0.0, 0.0, 1.0],
                [0.542083, 0.0, -0.840325, 0.214826, -0.840325, 0.0, -0.542083, 2.346536, 0.0, 1.0, 0.0, 0.724563, 0.0, 0.0, 0.0, 1.0],
                [0.542083, 0.0, -0.840325, 0.214826, -0.840325, 0.0, -0.542083, 2.361646, 0.0, 1.0, 0.0, 0.724563, 0.0, 0.0, 0.0, 1.0],
                [0.542083, 0.0, -0.840325, 0.214826, -0.840325, 0.0, -0.542083, 2.375648, 0.0, 1.0, 0.0, 0.724563, 0.0, 0.0, 0.0, 1.0],
                [0.542083, 0.0, -0.840325, 0.214826, -0.840325, 0.0, -0.542083, 2.388456, 0.0, 1.0, 0.0, 0.724563, 0.0, 0.0, 0.0, 1.0],
                [0.542083, 0.0, -0.840325, 0.214826, -0.840325, 0.0, -0.542083, 2.399997, 0.0, 1.0, 0.0, 0.724563, 0.0, 0.0, 0.0, 1.0],
                [0.542083, 0.0, -0.840325, 0.214826, -0.840325, 0.0, -0.542083, 2.410217, 0.0, 1.0, 0.0, 0.724563, 0.0, 0.0, 0.0, 1.0],
                [0.542083, 0.0, -0.840325, 0.214826, -0.840325, 0.0, -0.542083, 2.419089, 0.0, 1.0, 0.0, 0.724563, 0.0, 0.0, 0.0, 1.0],
                [0.542083, 0.0, -0.840325, 0.214826, -0.840325, 0.0, -0.542083, 2.426618, 0.0, 1.0, 0.0, 0.724563, 0.0, 0.0, 0.0, 1.0],
                [0.542083, 0.0, -0.840325, 0.214826, -0.840325, 0.0, -0.542083, 2.432845, 0.0, 1.0, 0.0, 0.724563, 0.0, 0.0, 0.0, 1.0],
                [0.542083, 0.0, -0.840325, 0.214826, -0.840325, 0.0, -0.542083, 2.437851, 0.0, 1.0, 0.0, 0.724563, 0.0, 0.0, 0.0, 1.0],
                [0.542083, 0.0, -0.840325, 0.214826, -0.840325, 0.0, -0.542083, 2.441745, 0.0, 1.0, 0.0, 0.724563, 0.0, 0.0, 0.0, 1.0],
                [0.542083, 0.0, -0.840325, 0.214826, -0.840325, 0.0, -0.542083, 2.444663, 0.0, 1.0, 0.0, 0.724563, 0.0, 0.0, 0.0, 1.0],
                [0.542083, 0.0, -0.840325, 0.214826, -0.840325, 0.0, -0.542083, 2.446755, 0.0, 1.0, 0.0, 0.724563, 0.0, 0.0, 0.0, 1.0],
                [0.542083, 0.0, -0.840325, 0.214826, -0.840325, 0.0, -0.542083, 2.448174, 0.0, 1.0, 0.0, 0.724563, 0.0, 0.0, 0.0, 1.0],
                [0.542083, 0.0, -0.840325, 0.214826, -0.840325, 0.0, -0.542083, 2.449069, 0.0, 1.0, 0.0, 0.724563, 0.0, 0.0, 0.0, 1.0],
                [0.542083, 0.0, -0.840325, 0.214826, -0.840325, 0.0, -0.542083, 2.449577, 0.0, 1.0, 0.0, 0.724563, 0.0, 0.0, 0.0, 1.0],
                [0.542083, 0.0, -0.840325, 0.214826, -0.840325, 0.0, -0.542083, 2.449821, 0.0, 1.0, 0.0, 0.724563, 0.0, 0.0, 0.0, 1.0],
                [0.542083, 0.0, -0.840325, 0.214826, -0.840325, 0.0, -0.542083, 2.449905, 0.0, 1.0, 0.0, 0.724563, 0.0, 0.0, 0.0, 1.0],
                [0.542083, 0.0, -0.840325, 0.214826, -0.840325, 0.0, -0.542083, 2.449916, 0.0, 1.0, 0.0, 0.724563, 0.0, 0.0, 0.0, 1.0],
                [0.542083, 0.0, -0.840325, 0.214301, -0.840325, 0.0, -0.542083, 2.449392, 0.0, 1.0, 0.0, 0.724513, 0.0, 0.0, 0.0, 1.0],
                [0.542083, 0.0, -0.840325, 0.212716, -0.840325, 0.0, -0.542083, 2.447809, 0.0, 1.0, 0.0, 0.724363, 0.0, 0.0, 0.0, 1.0],
                [0.542083, 0.0, -0.840325, 0.210063, -0.840325, 0.0, -0.542083, 2.44516, 0.0, 1.0, 0.0, 0.724111, 0.0, 0.0, 0.0, 1.0],
                [0.542083, 0.0, -0.840325, 0.20634, -0.840325, 0.0, -0.542083, 2.441441, 0.0, 1.0, 0.0, 0.723759, 0.0, 0.0, 0.0, 1.0],
                [0.542083, 0.0, -0.840325, 0.201555, -0.840325, 0.0, -0.542083, 2.436663, 0.0, 1.0, 0.0, 0.723305, 0.0, 0.0, 0.0, 1.0],
                [0.542083, 0.0, -0.840325, 0.19573, -0.840325, 0.0, -0.542083, 2.430844, 0.0, 1.0, 0.0, 0.722753, 0.0, 0.0, 0.0, 1.0],
                [0.542083, 0.0, -0.840325, 0.188897, -0.840325, 0.0, -0.542083, 2.424021, 0.0, 1.0, 0.0, 0.722105, 0.0, 0.0, 0.0, 1.0],
                [0.542083, 0.0, -0.840325, 0.181107, -0.840325, 0.0, -0.542083, 2.41624, 0.0, 1.0, 0.0, 0.721367, 0.0, 0.0, 0.0, 1.0],
                [0.542083, 0.0, -0.840325, 0.172424, -0.840325, 0.0, -0.542083, 2.407569, 0.0, 1.0, 0.0, 0.720544, 0.0, 0.0, 0.0, 1.0],
                [0.542083, 0.0, -0.840325, 0.162933, -0.840325, 0.0, -0.542083, 2.398089, 0.0, 1.0, 0.0, 0.719644, 0.0, 0.0, 0.0, 1.0],
                [0.542083, 0.0, -0.840325, 0.152733, -0.840325, 0.0, -0.542083, 2.387902, 0.0, 1.0, 0.0, 0.718677, 0.0, 0.0, 0.0, 1.0],
                [0.542083, 0.0, -0.840325, 0.141942, -0.840325, 0.0, -0.542083, 2.377125, 0.0, 1.0, 0.0, 0.717655, 0.0, 0.0, 0.0, 1.0],
                [0.542083, 0.0, -0.840325, 0.130693, -0.840325, 0.0, -0.542083, 2.365891, 0.0, 1.0, 0.0, 0.716588, 0.0, 0.0, 0.0, 1.0],
                [0.542083, 0.0, -0.840325, 0.119131, -0.840325, 0.0, -0.542083, 2.354343, 0.0, 1.0, 0.0, 0.715492, 0.0, 0.0, 0.0, 1.0],
                [0.542083, 0.0, -0.840325, 0.107411, -0.840325, 0.0, -0.542083, 2.342638, 0.0, 1.0, 0.0, 0.714381, 0.0, 0.0, 0.0, 1.0],
                [0.542083, 0.0, -0.840325, 0.09569, -0.840325, 0.0, -0.542083, 2.330932, 0.0, 1.0, 0.0, 0.71327, 0.0, 0.0, 0.0, 1.0],
                [0.542083, 0.0, -0.840325, 0.084128, -0.840325, 0.0, -0.542083, 2.319385, 0.0, 1.0, 0.0, 0.712175, 0.0, 0.0, 0.0, 1.0],
                [0.542083, 0.0, -0.840325, 0.072879, -0.840325, 0.0, -0.542083, 2.30815, 0.0, 1.0, 0.0, 0.711108, 0.0, 0.0, 0.0, 1.0],
                [0.542083, 0.0, -0.840325, 0.062088, -0.840325, 0.0, -0.542083, 2.297373, 0.0, 1.0, 0.0, 0.710086, 0.0, 0.0, 0.0, 1.0],
                [0.542083, 0.0, -0.840325, 0.051888, -0.840325, 0.0, -0.542083, 2.287186, 0.0, 1.0, 0.0, 0.709119, 0.0, 0.0, 0.0, 1.0],
                [0.542083, 0.0, -0.840325, 0.042397, -0.840325, 0.0, -0.542083, 2.277706, 0.0, 1.0, 0.0, 0.708219, 0.0, 0.0, 0.0, 1.0],
                [0.542083, 0.0, -0.840325, 0.033714, -0.840325, 0.0, -0.542083, 2.269035, 0.0, 1.0, 0.0, 0.707396, 0.0, 0.0, 0.0, 1.0],
                [0.542083, 0.0, -0.840325, 0.025924, -0.840325, 0.0, -0.542083, 2.261254, 0.0, 1.0, 0.0, 0.706658, 0.0, 0.0, 0.0, 1.0],
                [0.542083, 0.0, -0.840325, 0.019091, -0.840325, 0.0, -0.542083, 2.254431, 0.0, 1.0, 0.0, 0.70601, 0.0, 0.0, 0.0, 1.0],
                [0.542083, 0.0, -0.840325, 0.013266, -0.840325, 0.0, -0.542083, 2.248612, 0.0, 1.0, 0.0, 0.705458, 0.0, 0.0, 0.0, 1.0],
                [0.542083, 0.0, -0.840325, 0.008481, -0.840325, 0.0, -0.542083, 2.243834, 0.0, 1.0, 0.0, 0.705004, 0.0, 0.0, 0.0, 1.0],
                [0.542083, 0.0, -0.840325, 0.004758, -0.840325, 0.0, -0.542083, 2.240115, 0.0, 1.0, 0.0, 0.704651, 0.0, 0.0, 0.0, 1.0],
                [0.542083, 0.0, -0.840325, 0.002105, -0.840325, 0.0, -0.542083, 2.237465, 0.0, 1.0, 0.0, 0.7044, 0.0, 0.0, 0.0, 1.0],
                [0.542083, 0.0, -0.840325, 0.00052, -0.840325, 0.0, -0.542083, 2.235883, 0.0, 1.0, 0.0, 0.70425, 0.0, 0.0, 0.0, 1.0],
                [0.542083, 0.0, -0.840325, -5e-06, -0.840325, 0.0, -0.542083, 2.235359, 0.0, 1.0, 0.0, 0.7042, 0.0, 0.0, 0.0, 1.0]
            ]
        },
        {
            "name": "Thigh_R",
            "time": [0.0, 0.0167, 0.0333, 0.05, 0.0667, 0.0833, 0.1, 0.1167, 0.1333, 0.15, 0.1667, 0.1833, 0.2, 0.2167, 0.2333, 0.25, 0.2667, 0.2833, 0.3, 0.3167, 0.3333, 0.35, 0.3667, 0.3833, 0.4, 0.4167, 0.4333, 0.45, 0.4667, 0.4833, 0.5, 0.5167, 0.5333, 0.55, 0.5667, 0.5833, 0.6, 0.6167, 0.6333, 0.65, 0.6667, 0.6833, 0.7, 0.7167, 0.7333, 0.75, 0.7667, 0.7833, 0.8, 0.8167, 0.8333, 0.85, 0.8667, 0.8833, 0.9, 0.9167, 0.9333, 0.95, 0.9667, 0.9833, 1.0, 1.0167, 1.0333, 1.05, 1.0667, 1.0833, 1.1, 1.1167, 1.1333, 1.15, 1.1667, 1.1833, 1.2, 1.2167, 1.2333, 1.25, 1.2667, 1.2833, 1.3, 1.3167, 1.3333, 1.35, 1.3667, 1.3833, 1.4, 1.4167, 1.4333, 1.45, 1.4667, 1.4833, 1.5, 1.5167, 1.5333, 1.55, 1.5667, 1.5833, 1.6, 1.6167, 1.6333, 1.65, 1.6667],
            "transform": [
                [0.674052, -0.326924, -0.6624, 0.124994, 0.472689, -0.498197, 0.726887, -0.002831, -0.567643, -0.803069, -0.181277, -1.2e-05, 0.0, 0.0, 0.0, 1.0],
                [0.675789, -0.328589, -0.659802, 0.124994, 0.470692, -0.496483, 0.729351, -0.002831, -0.567237, -0.803451, -0.180853, -1.2e-05, 0.0, 0.0, 0.0, 1.0],
                [0.681017, -0.333458, -0.651937, 0.124994, 0.464594, -0.491404, 0.736664, -0.002831, -0.566011, -0.804567, -0.179731, -1.2e-05, 0.0, 0.0, 0.0, 1.0],
                [0.689679, -0.341072, -0.638759, 0.124994, 0.454198, -0.483255, 0.748444, -0.002831, -0.563957, -0.806309, -0.178376, -1.2e-05, 0.0, 0.0, 0.0, 1.0],
                [0.701578, -0.350641, -0.620354, 0.124994, 0.439286, -0.47265, 0.763957, -0.002831, -0.561085, -0.808488, -0.177569, -1.2e-05, 0.0, 0.0, 0.0, 1.0],
                [0.716336, -0.361131, -0.597032, 0.124994, 0.419681, -0.460576, 0.782137, -0.002831, -0.557433, -0.810835, -0.178367, -1.2e-05, 0.0, 0.0, 0.0, 1.0],
                [0.733359, -0.371425, -0.569411, 0.124994, 0.395335, -0.448402, 0.801652, -0.002831, -0.553078, -0.813007, -0.182002, -1.2e-05, 0.0, 0.0, 0.0, 1.0],
                [0.751832, -0.380521, -0.538472, 0.124994, 0.366432, -0.437805, 0.821008, -0.002831, -0.548157, -0.814574, -0.189721, -1.2e-05, 0.0, 0.0, 0.0, 1.0],
                [0.770761, -0.387685, -0.505596, 0.124994, 0.333478, -0.430695, 0.838626, -0.002831, -0.542881, -0.814986, -0.202679, -1.2e-05, 0.0, 0.0, 0.0, 1.0],
                [0.789075, -0.392796, -0.472305, 0.124994, 0.297358, -0.428537, 0.85319, -0.002831, -0.53753, -0.813675, -0.221347, -1.2e-05, 0.0, 0.0, 0.0, 1.0],
                [0.805759, -0.396009, -0.440374, 0.124994, 0.259291, -0.432635, 0.863479, -0.002831, -0.532466, -0.809941, -0.245918, -1.2e-05, 0.0, 0.0, 0.0, 1.0],
                [0.82001, -0.397789, -0.411518, 0.124994, 0.220709, -0.443618, 0.868614, -0.002831, -0.528082, -0.803098, -0.275976, -1.2e-05, 0.0, 0.0, 0.0, 1.0],
                [0.831339, -0.398783, -0.387101, 0.124994, 0.183073, -0.461147, 0.868233, -0.002831, -0.524747, -0.792663, -0.310363, -1.2e-05, 0.0, 0.0, 0.0, 1.0],
                [0.83959, -0.399399, -0.368198, 0.124994, 0.147673, -0.484467, 0.862256, -0.002831, -0.522763, -0.778314, -0.347773, -1.2e-05, 0.0, 0.0, 0.0, 1.0],
                [0.844894, -0.399934, -0.355257, 0.124994, 0.115501, -0.512059, 0.851149, -0.002831, -0.522316, -0.760163, -0.386443, -1.2e-05, 0.0, 0.0, 0.0, 1.0],
                [0.847571, -0.400413, -0.348271, 0.124994, 0.087193, -0.542277, 0.835663, -0.002831, -0.52347, -0.738651, -0.424705, -1.2e-05, 0.0, 0.0, 0.0, 1.0],
                [0.848038, -0.400888, -0.346584, 0.124994, 0.063062, -0.573021, 0.81711, -0.002831, -0.52617, -0.714797, -0.460663, -1.2e-05, 0.0, 0.0, 0.0, 1.0],
                [0.846726, -0.401547, -0.349019, 0.124994, 0.043178, -0.601986, 0.797338, -0.002831, -0.530273, -0.690197, -0.49238, -1.2e-05, 0.0, 0.0, 0.0, 1.0],
                [0.844041, -0.402971, -0.353849, 0.124994, 0.02745, -0.626494, 0.778943, -0.002831, -0.535576, -0.667173, -0.517725, -1.2e-05, 0.0, 0.0, 0.0, 1.0],
                [0.840335, -0.40625, -0.358884, 0.124994, 0.015713, -0.643532, 0.765258, -0.002831, -0.541839, -0.648712, -0.5344, -1.2e-05, 0.0, 0.0, 0.0, 1.0],
                [0.835899, -0.41274, -0.361826, 0.124994, 0.007752, -0.650261, 0.759671, -0.002831, -0.548828, -0.637814, -0.540353, -1.2e-05, 0.0, 0.0, 0.0, 1.0],
                [0.830982, -0.421515, -0.363034, 0.124994, 0.002313, -0.649964, 0.759961, -0.002831, -0.556294, -0.632354, -0.539134, -1.2e-05, 0.0, 0.0, 0.0, 1.0],
                [0.825713, -0.430972, -0.363952, 0.124994, -0.001714, -0.647116, 0.762389, -0.002831, -0.564088, -0.628891, -0.535071, -1.2e-05, 0.0, 0.0, 0.0, 1.0],
                [0.820129, -0.441018, -0.364544, 0.124994, -0.004406, -0.641963, 0.766723, -0.002831, -0.572162, -0.627205, -0.528436, -1.2e-05, 0.0, 0.0, 0.0, 1.0],
                [0.814263, -0.451537, -0.364815, 0.124994, -0.005862, -0.634818, 0.77264, -0.002831, -0.580467, -0.626993, -0.519556, -1.2e-05, 0.0, 0.0, 0.0, 1.0],
                [0.808139, -0.462213, -0.365063, 0.124994, -0.00622, -0.626473, 0.779419, -0.002831, -0.58896, -0.627607, -0.509152, -1.2e-05, 0.0, 0.0, 0.0, 1.0],
                [0.801782, -0.472851, -0.365455, 0.124994, -0.005628, -0.617468, 0.786576, -0.002831, -0.597589, -0.628606, -0.497737, -1.2e-05, 0.0, 0.0, 0.0, 1.0],
                [0.795216, -0.483146, -0.366336, 0.124994, -0.004257, -0.608623, 0.793448, -0.002831, -0.606312, -0.629403, -0.486043, -1.2e-05, 0.0, 0.0, 0.0, 1.0],
                [0.788467, -0.492935, -0.36788, 0.124994, -0.00228, -0.600441, 0.799666, -0.002831, -0.615073, -0.629671, -0.474552, -1.2e-05, 0.0, 0.0, 0.0, 1.0],
                [0.781558, -0.501954, -0.370417, 0.124994, 0.000113, -0.593663, 0.804714, -0.002831, -0.623832, -0.628973, -0.463925, -1.2e-05, 0.0, 0.0, 0.0, 1.0],
                [0.774524, -0.510084, -0.374068, 0.124994, 0.002741, -0.588658, 0.808378, -0.002831, -0.632538, -0.627133, -0.454532, -1.2e-05, 0.0, 0.0, 0.0, 1.0],
                [0.767391, -0.517112, -0.379085, 0.124994, 0.005414, -0.585985, 0.810304, -0.002831, -0.641156, -0.623873, -0.44688, -1.2e-05, 0.0, 0.0, 0.0, 1.0],
                [0.760195, -0.522935, -0.385542, 0.124994, 0.007956, -0.585882, 0.810357, -0.002831, -0.649646, -0.619097, -0.441224, -1.2e-05, 0.0, 0.0, 0.0, 1.0],
                [0.752966, -0.527391, -0.393575, 0.124994, 0.0102, -0.588658, 0.808318, -0.002831, -0.65798, -0.61265, -0.437861, -1.2e-05, 0.0, 0.0, 0.0, 1.0],
                [0.745738, -0.530401, -0.403175, 0.124994, 0.011994, -0.594363, 0.804107, -0.002831, -0.666132, -0.604489, -0.436877, -1.2e-05, 0.0, 0.0, 0.0, 1.0],
                [0.738542, -0.531918, -0.41427, 0.124994, 0.013208, -0.602921, 0.797692, -0.002831, -0.674078, -0.594601, -0.438257, -1.2e-05, 0.0, 0.0, 0.0, 1.0],
                [0.731405, -0.531852, -0.426825, 0.124994, 0.013729, -0.614285, 0.788965, -0.002831, -0.681805, -0.582913, -0.44199, -1.2e-05, 0.0, 0.0, 0.0, 1.0],
                [0.724355, -0.530241, -0.44063, 0.124994, 0.013471, -0.628116, 0.778003, -0.002831, -0.689296, -0.569486, -0.447836, -1.2e-05, 0.0, 0.0, 0.0, 1.0],
                [0.717412, -0.527143, -0.455456, 0.124994, 0.012374, -0.644036, 0.764895, -0.002831, -0.69654, -0.554381, -0.455516, -1.2e-05, 0.0, 0.0, 0.0, 1.0],
                [0.710595, -0.522668, -0.471034, 0.124994, 0.010398, -0.661587, 0.749796, -0.002831, -0.703524, -0.537699, -0.464686, -1.2e-05, 0.0, 0.0, 0.0, 1.0],
                [0.703919, -0.516974, -0.487069, 0.124994, 0.007531, -0.680271, 0.732922, -0.002831, -0.710241, -0.519586, -0.474962, -1.2e-05, 0.0, 0.0, 0.0, 1.0],
                [0.698672, -0.501713, -0.510041, 0.124994, 0.006701, -0.708283, 0.705897, -0.002831, -0.715411, -0.496608, -0.491496, -1.2e-05, 0.0, 0.0, 0.0, 1.0],
                [0.69616, -0.466397, -0.545743, 0.124994, 0.011068, -0.753144, 0.657763, -0.002831, -0.717802, -0.463948, -0.519146, -1.2e-05, 0.0, 0.0, 0.0, 1.0],
                [0.696281, -0.408311, -0.590318, 0.124994, 0.020592, -0.810731, 0.585056, -0.002831, -0.717474, -0.419519, -0.556089, -1.2e-05, 0.0, 0.0, 0.0, 1.0],
                [0.698696, -0.327106, -0.636259, 0.124994, 0.034484, -0.87292, 0.486643, -0.002831, -0.714587, -0.361956, -0.598626, -1.2e-05, 0.0, 0.0, 0.0, 1.0],
                [0.702785, -0.226795, -0.674283, 0.124994, 0.051061, -0.929296, 0.365788, -0.002831, -0.709567, -0.2915, -0.641515, -1.2e-05, 0.0, 0.0, 0.0, 1.0],
                [0.707717, -0.116113, -0.696889, 0.124994, 0.067972, -0.970635, 0.230752, -0.002831, -0.703218, -0.210676, -0.679044, -1.2e-05, 0.0, 0.0, 0.0, 1.0],
                [0.712634, -0.005835, -0.701512, 0.124994, 0.082743, -0.992286, 0.092308, -0.002831, -0.696639, -0.123828, -0.706655, -1.2e-05, 0.0, 0.0, 0.0, 1.0],
                [0.716839, 0.094194, -0.690847, 0.124994, 0.093428, -0.994873, -0.038704, -0.002831, -0.690951, -0.0368, -0.721965, -1.2e-05, 0.0, 0.0, 0.0, 1.0],
                [0.719837, 0.174732, -0.671791, 0.124994, 0.099035, -0.983751, -0.149755, -0.002831, -0.687042, 0.041269, -0.725445, -1.2e-05, 0.0, 0.0, 0.0, 1.0],
                [0.721052, 0.213091, -0.659299, 0.124994, 0.100266, -0.973608, -0.205022, -0.002831, -0.685588, 0.081726, -0.723388, -1.2e-05, 0.0, 0.0, 0.0, 1.0],
                [0.721052, 0.213091, -0.659299, 0.124994, 0.100266, -0.973608, -0.205022, -0.002831, -0.685588, 0.081726, -0.723388, -1.2e-05, 0.0, 0.0, 0.0, 1.0],
                [0.721052, 0.213092, -0.659299, 0.124994, 0.100266, -0.973608, -0.205022, -0.002831, -0.685588, 0.081726, -0.723388, -1.2e-05, 0.0, 0.0, 0.0, 1.0],
                [0.721052, 0.213092, -0.659299, 0.124994, 0.100266, -0.973608, -0.205022, -0.002831, -0.685588, 0.081726, -0.723388, -1.2e-05, 0.0, 0.0, 0.0, 1.0],
                [0.721052, 0.213092, -0.659299, 0.124994, 0.100266, -0.973608, -0.205022, -0.002831, -0.685588, 0.081726, -0.723388, -1.2e-05, 0.0, 0.0, 0.0, 1.0],
                [0.721052, 0.213092, -0.659299, 0.124994, 0.100266, -0.973608, -0.205022, -0.002831, -0.685588, 0.081726, -0.723388, -1.2e-05, 0.0, 0.0, 0.0, 1.0],
                [0.721052, 0.213092, -0.659299, 0.124994, 0.100266, -0.973608, -0.205023, -0.002831, -0.685588, 0.081727, -0.723388, -1.2e-05, 0.0, 0.0, 0.0, 1.0],
                [0.721052, 0.213092, -0.6593, 0.124994, 0.100266, -0.973608, -0.205022, -0.002831, -0.685588, 0.081726, -0.723388, -1.2e-05, 0.0, 0.0, 0.0, 1.0],
                [0.721052, 0.213092, -0.659299, 0.124994, 0.100266, -0.973608, -0.205022, -0.002831, -0.685588, 0.081726, -0.723388, -1.2e-05, 0.0, 0.0, 0.0, 1.0],
                [0.721052, 0.213092, -0.659299, 0.124994, 0.100266, -0.973608, -0.205022, -0.002831, -0.685588, 0.081726, -0.723388, -1.2e-05, 0.0, 0.0, 0.0, 1.0],
                [0.721052, 0.213092, -0.659299, 0.124994, 0.100266, -0.973608, -0.205023, -0.002831, -0.685588, 0.081727, -0.723388, -1.2e-05, 0.0, 0.0, 0.0, 1.0],
                [0.721052, 0.213092, -0.659299, 0.124994, 0.100266, -0.973608, -0.205023, -0.002831, -0.685588, 0.081727, -0.723388, -1.2e-05, 0.0, 0.0, 0.0, 1.0],
                [0.721052, 0.213092, -0.659299, 0.124994, 0.100266, -0.973608, -0.205022, -0.002831, -0.685588, 0.081726, -0.723388, -1.2e-05, 0.0, 0.0, 0.0, 1.0],
                [0.721052, 0.213092, -0.659299, 0.124994, 0.100266, -0.973608, -0.205022, -0.002831, -0.685588, 0.081726, -0.723388, -1.2e-05, 0.0, 0.0, 0.0, 1.0],
                [0.721052, 0.213092, -0.659299, 0.124994, 0.100266, -0.973608, -0.205023, -0.002831, -0.685588, 0.081727, -0.723388, -1.2e-05, 0.0, 0.0, 0.0, 1.0],
                [0.721052, 0.213092, -0.659299, 0.124994, 0.100266, -0.973608, -0.205022, -0.002831, -0.685588, 0.081726, -0.723388, -1.2e-05, 0.0, 0.0, 0.0, 1.0],
                [0.721052, 0.213092, -0.659299, 0.124994, 0.100266, -0.973608, -0.205023, -0.002831, -0.685588, 0.081727, -0.723388, -1.2e-05, 0.0, 0.0, 0.0, 1.0],
                [0.721052, 0.213092, -0.659299, 0.124994, 0.100266, -0.973608, -0.205022, -0.002831, -0.685588, 0.081726, -0.723388, -1.2e-05, 0.0, 0.0, 0.0, 1.0],
                [0.721052, 0.213092, -0.659299, 0.124994, 0.100266, -0.973608, -0.205022, -0.002831, -0.685588, 0.081726, -0.723388, -1.2e-05, 0.0, 0.0, 0.0, 1.0],
                [0.721052, 0.213092, -0.659299, 0.124994, 0.100266, -0.973608, -0.205022, -0.002831, -0.685588, 0.081726, -0.723388, -1.2e-05, 0.0, 0.0, 0.0, 1.0],
                [0.721052, 0.213092, -0.659299, 0.124994, 0.100266, -0.973608, -0.205022, -0.002831, -0.685588, 0.081726, -0.723388, -1.2e-05, 0.0, 0.0, 0.0, 1.0],
                [0.72245, 0.212585, -0.657931, 0.124994, 0.101635, -0.973875, -0.203069, -0.002831, -0.683912, 0.079838, -0.725183, -1.2e-05, 0.0, 0.0, 0.0, 1.0],
                [0.726629, 0.211183, -0.653767, 0.124994, 0.105741, -0.974623, -0.197302, -0.002831, -0.678844, 0.074236, -0.730521, -1.2e-05, 0.0, 0.0, 0.0, 1.0],
                [0.733487, 0.209158, -0.646722, 0.124994, 0.112527, -0.975714, -0.187935, -0.002831, -0.670324, 0.065074, -0.73921, -1.2e-05, 0.0, 0.0, 0.0, 1.0],
                [0.742815, 0.207006, -0.63669, 0.124994, 0.121857, -0.976916, -0.175455, -0.002831, -0.658313, 0.052745, -0.750894, -1.2e-05, 0.0, 0.0, 0.0, 1.0],
                [0.754298, 0.205115, -0.623668, 0.124994, 0.133526, -0.978018, -0.160162, -0.002831, -0.64281, 0.037533, -0.765106, -1.2e-05, 0.0, 0.0, 0.0, 1.0],
                [0.767524, 0.20389, -0.60773, 0.124994, 0.147248, -0.978793, -0.142415, -0.002831, -0.623879, 0.019819, -0.78127, -1.2e-05, 0.0, 0.0, 0.0, 1.0],
                [0.782003, 0.20371, -0.589045, 0.124994, 0.162661, -0.979031, -0.122634, -0.002831, -0.601675, 8.6e-05, -0.798741, -1.2e-05, 0.0, 0.0, 0.0, 1.0],
                [0.797195, 0.20468, -0.567966, 0.124994, 0.17935, -0.978595, -0.100925, -0.002831, -0.576466, -0.021408, -0.816841, -1.2e-05, 0.0, 0.0, 0.0, 1.0],
                [0.812556, 0.207022, -0.544881, 0.124994, 0.196847, -0.977344, -0.077784, -0.002831, -0.548639, -0.044054, -0.834898, -1.2e-05, 0.0, 0.0, 0.0, 1.0],
                [0.827567, 0.210681, -0.520333, 0.124994, 0.214672, -0.975223, -0.053438, -0.002831, -0.518699, -0.067478, -0.85229, -1.2e-05, 0.0, 0.0, 0.0, 1.0],
                [0.841785, 0.215545, -0.494913, 0.124994, 0.232361, -0.97222, -0.028204, -0.002831, -0.487244, -0.091257, -0.868485, -1.2e-05, 0.0, 0.0, 0.0, 1.0],
                [0.854865, 0.22155, -0.46917, 0.124994, 0.249485, -0.968375, -0.0027, -0.002831, -0.454931, -0.114743, -0.883104, -1.2e-05, 0.0, 0.0, 0.0, 1.0],
                [0.866581, 0.228437, -0.443682, 0.124994, 0.265693, -0.96379, 0.022716, -0.002831, -0.422427, -0.137568, -0.895897, -1.2e-05, 0.0, 0.0, 0.0, 1.0],
                [0.876818, 0.235929, -0.41896, 0.124994, 0.280716, -0.958606, 0.047675, -0.002831, -0.39037, -0.159411, -0.906752, -1.2e-05, 0.0, 0.0, 0.0, 1.0],
                [0.885568, 0.243865, -0.395347, 0.124994, 0.294371, -0.95301, 0.07153, -0.002831, -0.359326, -0.179723, -0.915743, -1.2e-05, 0.0, 0.0, 0.0, 1.0],
                [0.8929, 0.25197, -0.373149, 0.124994, 0.306566, -0.947199, 0.093976, -0.002831, -0.329767, -0.198306, -0.923, -1.2e-05, 0.0, 0.0, 0.0, 1.0],
                [0.89894, 0.260034, -0.352547, 0.124994, 0.317283, -0.941371, 0.114679, -0.002831, -0.302057, -0.214946, -0.928741, -1.2e-05, 0.0, 0.0, 0.0, 1.0],
                [0.903842, 0.267881, -0.333631, 0.124994, 0.326564, -0.935715, 0.133388, -0.002831, -0.276451, -0.229513, -0.93322, -1.2e-05, 0.0, 0.0, 0.0, 1.0],
                [0.907773, 0.275394, -0.316395, 0.124994, 0.334489, -0.930409, 0.14985, -0.002831, -0.25311, -0.24186, -0.936718, -1.2e-05, 0.0, 0.0, 0.0, 1.0],
                [0.910892, 0.282405, -0.30087, 0.124994, 0.341176, -0.925551, 0.164174, -0.002831, -0.232107, -0.252195, -0.939428, -1.2e-05, 0.0, 0.0, 0.0, 1.0],
                [0.913347, 0.288866, -0.286972, 0.124994, 0.346747, -0.921248, 0.176264, -0.002831, -0.213455, -0.260496, -0.941583, -1.2e-05, 0.0, 0.0, 0.0, 1.0],
                [0.915266, 0.294723, -0.274638, 0.124994, 0.351329, -0.917551, 0.186193, -0.002831, -0.197119, -0.266904, -0.943349, -1.2e-05, 0.0, 0.0, 0.0, 1.0],
                [0.916757, 0.299968, -0.26377, 0.124994, 0.355043, -0.914503, 0.19398, -0.002831, -0.183031, -0.271482, -0.94488, -1.2e-05, 0.0, 0.0, 0.0, 1.0],
                [0.917906, 0.304522, -0.254391, 0.124994, 0.358012, -0.91204, 0.200026, -0.002831, -0.171102, -0.27468, -0.94619, -1.2e-05, 0.0, 0.0, 0.0, 1.0],
                [0.918781, 0.308393, -0.246443, 0.124994, 0.360337, -0.910135, 0.204477, -0.002831, -0.161237, -0.276672, -0.947341, -1.2e-05, 0.0, 0.0, 0.0, 1.0],
                [0.919438, 0.311589, -0.239888, 0.124994, 0.362106, -0.908747, 0.207504, -0.002831, -0.153342, -0.277651, -0.948365, -1.2e-05, 0.0, 0.0, 0.0, 1.0],
                [0.919911, 0.314068, -0.234787, 0.124994, 0.3634, -0.907764, 0.209534, -0.002831, -0.147323, -0.278074, -0.949195, -1.2e-05, 0.0, 0.0, 0.0, 1.0],
                [0.920231, 0.315837, -0.231133, 0.124994, 0.364277, -0.907128, 0.210764, -0.002831, -0.1431, -0.278148, -0.949819, -1.2e-05, 0.0, 0.0, 0.0, 1.0],
                [0.920415, 0.316895, -0.22894, 0.124994, 0.364783, -0.906775, 0.211406, -0.002831, -0.140604, -0.278094, -0.950208, -1.2e-05, 0.0, 0.0, 0.0, 1.0],
                [0.920475, 0.317247, -0.228212, 0.124994, 0.364948, -0.906663, 0.211602, -0.002831, -0.139781, -0.27806, -0.950339, -1.2e-05, 0.0, 0.0, 0.0, 1.0]
            ]
        },
        {
            "name": "Leg_R",
            "time": [0.0, 0.0167, 0.0333, 0.05, 0.0667, 0.0833, 0.1, 0.1167, 0.1333, 0.15, 0.1667, 0.1833, 0.2, 0.2167, 0.2333, 0.25, 0.2667, 0.2833, 0.3, 0.3167, 0.3333, 0.35, 0.3667, 0.3833, 0.4, 0.4167, 0.4333, 0.45, 0.4667, 0.4833, 0.5, 0.5167, 0.5333, 0.55, 0.5667, 0.5833, 0.6, 0.6167, 0.6333, 0.65, 0.6667, 0.6833, 0.7, 0.7167, 0.7333, 0.75, 0.7667, 0.7833, 0.8, 0.8167, 0.8333, 0.85, 0.8667, 0.8833, 0.9, 0.9167, 0.9333, 0.95, 0.9667, 0.9833, 1.0, 1.0167, 1.0333, 1.05, 1.0667, 1.0833, 1.1, 1.1167, 1.1333, 1.15, 1.1667, 1.1833, 1.2, 1.2167, 1.2333, 1.25, 1.2667, 1.2833, 1.3, 1.3167, 1.3333, 1.35, 1.3667, 1.3833, 1.4, 1.4167, 1.4333, 1.45, 1.4667, 1.4833, 1.5, 1.5167, 1.5333, 1.55, 1.5667, 1.5833, 1.6, 1.6167, 1.6333, 1.65, 1.6667],
            "transform": [
                [0.998505, -0.036298, -0.040865, 0.0, 0.036413, -0.115824, 0.992602, 0.374721, -0.040763, -0.992606, -0.114329, 0.0, 0.0, 0.0, 0.0, 1.0],
                [0.998508, -0.036308, -0.040778, 0.0, 0.036423, -0.113459, 0.992875, 0.374721, -0.040676, -0.992879, -0.111967, 0.0, 0.0, 0.0, 0.0, 1.0],
                [0.998518, -0.036338, -0.04051, -0.0, 0.036452, -0.106109, 0.993686, 0.374721, -0.040407, -0.99369, -0.104627, -0.0, 0.0, 0.0, 0.0, 1.0],
                [0.998535, -0.036386, -0.040036, 0.0, 0.0365, -0.093143, 0.994983, 0.374721, -0.039932, -0.994987, -0.091678, 0.0, 0.0, 0.0, 0.0, 1.0],
                [0.998562, -0.036445, -0.039324, -0.0, 0.03656, -0.073633, 0.996615, 0.374721, -0.039217, -0.996619, -0.072195, -0.0, 0.0, 0.0, 0.0, 1.0],
                [0.998598, -0.036505, -0.038331, -0.0, 0.03662, -0.046455, 0.998249, 0.374721, -0.038222, -0.998253, -0.045053, 0.0, 0.0, 0.0, 0.0, 1.0],
                [0.998646, -0.036542, -0.037016, 0.0, 0.036657, -0.010441, 0.999273, 0.374721, -0.036902, -0.999277, -0.009087, 0.0, 0.0, 0.0, 0.0, 1.0],
                [0.998708, -0.036521, -0.035342, 0.0, 0.036636, 0.035408, 0.998701, 0.374721, -0.035223, -0.998705, 0.0367, -0.0, 0.0, 0.0, 0.0, 1.0],
                [0.998783, -0.03639, -0.03328, 0.0, 0.036504, 0.091862, 0.995102, 0.374721, -0.033154, -0.995106, 0.093079, -0.0, 0.0, 0.0, 0.0, 1.0],
                [0.998873, -0.036083, -0.030847, 0.0, 0.036196, 0.158478, 0.986699, 0.374721, -0.030714, -0.986703, 0.159606, 0.0, 0.0, 0.0, 0.0, 1.0],
                [0.998974, -0.035526, -0.028072, -0.0, 0.035638, 0.234461, 0.971472, 0.374721, -0.02793, -0.971476, 0.235486, -0.0, 0.0, 0.0, 0.0, 1.0],
                [0.999086, -0.034646, -0.025019, -0.0, 0.034755, 0.318081, 0.947426, 0.374721, -0.024867, -0.94743, 0.318994, -0.0, 0.0, 0.0, 0.0, 1.0],
                [0.999205, -0.033392, -0.021796, 0.0, 0.033497, 0.406321, 0.913116, 0.374721, -0.021634, -0.91312, 0.407117, 0.0, 0.0, 0.0, 0.0, 1.0],
                [0.999325, -0.031732, -0.018521, 0.0, 0.031832, 0.496011, 0.867733, 0.374721, -0.018348, -0.867736, 0.496686, 0.0, 0.0, 0.0, 0.0, 1.0],
                [0.999442, -0.029686, -0.015337, 0.0, 0.02978, 0.58319, 0.81179, 0.374721, -0.015155, -0.811793, 0.583748, 0.0, 0.0, 0.0, 0.0, 1.0],
                [0.99955, -0.027315, -0.012374, -0.0, 0.027401, 0.664311, 0.746954, 0.374721, -0.012183, -0.746957, 0.66476, -0.0, 0.0, 0.0, 0.0, 1.0],
                [0.999646, -0.024748, -0.009764, 0.0, 0.024826, 0.735796, 0.676748, 0.374721, -0.009564, -0.676751, 0.73615, 0.0, 0.0, 0.0, 0.0, 1.0],
                [0.999725, -0.022181, -0.007612, -0.0, 0.022251, 0.794725, 0.606561, 0.374721, -0.007405, -0.606564, 0.795, 0.0, 0.0, 0.0, 0.0, 1.0],
                [0.999784, -0.019894, -0.006001, -0.0, 0.019957, 0.83884, 0.544013, 0.374721, -0.005789, -0.544015, 0.839055, 0.0, 0.0, 0.0, 0.0, 1.0],
                [0.999821, -0.018235, -0.004986, 0.0, 0.018293, 0.866608, 0.498653, 0.374721, -0.004772, -0.498655, 0.866787, -0.0, 0.0, 0.0, 0.0, 1.0],
                [0.999835, -0.01755, -0.004602, -0.0, 0.017605, 0.87714, 0.479911, 0.374721, -0.004386, -0.479913, 0.877305, -0.0, 0.0, 0.0, 0.0, 1.0],
                [0.999834, -0.017596, -0.004627, -0.0, 0.017652, 0.876443, 0.481183, 0.374721, -0.004411, -0.481184, 0.876608, 0.0, 0.0, 0.0, 0.0, 1.0],
                [0.999827, -0.017983, -0.004843, -0.0, 0.01804, 0.870543, 0.491762, 0.374721, -0.004627, -0.491763, 0.870717, 0.0, 0.0, 0.0, 0.0, 1.0],
                [0.999812, -0.018687, -0.005251, 0.0, 0.018746, 0.859374, 0.511004, 0.374721, -0.005037, -0.511006, 0.859562, 0.0, 0.0, 0.0, 0.0, 1.0],
                [0.999789, -0.019672, -0.005858, 0.0, 0.019734, 0.842748, 0.537946, 0.374721, -0.005646, -0.537948, 0.842958, -0.0, 0.0, 0.0, 0.0, 1.0],
                [0.99976, -0.020862, -0.006651, 0.0, 0.020928, 0.821043, 0.570483, 0.374721, -0.006441, -0.570485, 0.821282, -0.0, 0.0, 0.0, 0.0, 1.0],
                [0.999725, -0.0222, -0.007626, 0.0, 0.02227, 0.794342, 0.607062, 0.374721, -0.007419, -0.607064, 0.794618, 0.0, 0.0, 0.0, 0.0, 1.0],
                [0.999683, -0.02361, -0.00876, 0.0, 0.023685, 0.763276, 0.645639, 0.374721, -0.008557, -0.645641, 0.763593, -0.0, 0.0, 0.0, 0.0, 1.0],
                [0.999636, -0.025046, -0.010041, -0.0, 0.025125, 0.728198, 0.684906, 0.374721, -0.009842, -0.684909, 0.728562, 0.0, 0.0, 0.0, 0.0, 1.0],
                [0.999585, -0.026449, -0.011434, 0.0, 0.026532, 0.690065, 0.723261, 0.374721, -0.011239, -0.723264, 0.69048, 0.0, 0.0, 0.0, 0.0, 1.0],
                [0.99953, -0.027788, -0.012917, -0.0, 0.027876, 0.649456, 0.759888, 0.374721, -0.012727, -0.759891, 0.649926, -0.0, 0.0, 0.0, 0.0, 1.0],
                [0.999474, -0.029028, -0.014449, 0.0, 0.029119, 0.607502, 0.793784, 0.374721, -0.014264, -0.793787, 0.608028, -0.0, 0.0, 0.0, 0.0, 1.0],
                [0.999417, -0.030153, -0.016002, 0.0, 0.030248, 0.56499, 0.824543, 0.374721, -0.015821, -0.824546, 0.565573, -0.0, 0.0, 0.0, 0.0, 1.0],
                [0.999361, -0.031147, -0.017534, -0.0, 0.031245, 0.523041, 0.851735, 0.374721, -0.017358, -0.851738, 0.52368, 0.0, 0.0, 0.0, 0.0, 1.0],
                [0.999307, -0.03201, -0.019015, 0.0, 0.03211, 0.482475, 0.875321, 0.374721, -0.018844, -0.875324, 0.483168, -0.0, 0.0, 0.0, 0.0, 1.0],
                [0.999255, -0.032744, -0.020419, -0.0, 0.032847, 0.444027, 0.895411, 0.374721, -0.020253, -0.895415, 0.444772, -0.0, 0.0, 0.0, 0.0, 1.0],
                [0.999208, -0.033354, -0.021712, 0.0, 0.033459, 0.408626, 0.912089, 0.374721, -0.02155, -0.912092, 0.409418, 0.0, 0.0, 0.0, 0.0, 1.0],
                [0.999165, -0.033852, -0.022878, -0.0, 0.033959, 0.376703, 0.925712, 0.374721, -0.022719, -0.925715, 0.377537, 0.0, 0.0, 0.0, 0.0, 1.0],
                [0.999127, -0.034251, -0.023902, -0.0, 0.034359, 0.348645, 0.936625, 0.374721, -0.023747, -0.936629, 0.349517, 0.0, 0.0, 0.0, 0.0, 1.0],
                [0.999095, -0.034565, -0.024778, -0.0, 0.034673, 0.324668, 0.945192, 0.374721, -0.024625, -0.945196, 0.325573, 0.0, 0.0, 0.0, 0.0, 1.0],
                [0.999069, -0.034805, -0.025503, -0.0, 0.034915, 0.304823, 0.951769, 0.374721, -0.025353, -0.951772, 0.305754, 0.0, 0.0, 0.0, 0.0, 1.0],
                [0.999058, -0.034898, -0.025796, 0.0, 0.035007, 0.296807, 0.954296, 0.374721, -0.025646, -0.954299, 0.297749, -0.0, 0.0, 0.0, 0.0, 1.0],
                [0.999078, -0.03472, -0.025241, -0.0, 0.034829, 0.311992, 0.949446, 0.374721, -0.02509, -0.94945, 0.312914, 0.0, 0.0, 0.0, 0.0, 1.0],
                [0.999138, -0.034146, -0.023623, -0.0, 0.034253, 0.3563, 0.933743, 0.374721, -0.023467, -0.933747, 0.357162, 0.0, 0.0, 0.0, 0.0, 1.0],
                [0.999241, -0.032938, -0.020817, 0.0, 0.033042, 0.433135, 0.900723, 0.374721, -0.020652, -0.900727, 0.433894, 0.0, 0.0, 0.0, 0.0, 1.0],
                [0.999384, -0.030762, -0.01692, -0.0, 0.030858, 0.53985, 0.841195, 0.374721, -0.016742, -0.841199, 0.540467, -0.0, 0.0, 0.0, 0.0, 1.0],
                [0.999551, -0.027302, -0.012359, -0.0, 0.027388, 0.664729, 0.746583, 0.374721, -0.012167, -0.746585, 0.665178, 0.0, 0.0, 0.0, 0.0, 1.0],
