{
    "animation": [
        {
            "name": "Root",
            "time": [0.0, 0.0167, 0.0333, 0.05, 0.0667, 0.0833, 0.1, 0.1167, 0.1333, 0.15, 0.1667, 0.1833, 0.2, 0.2167, 0.2333, 0.25, 0.2667, 0.2833, 0.3, 0.3167, 0.3333, 0.35, 0.3667, 0.3833, 0.4, 0.4167, 0.4333, 0.45, 0.4667, 0.4833, 0.5, 0.5167, 0.5333, 0.55, 0.5667, 0.5833, 0.6],
            "transform": [
                [0.542083, 0.0, -0.840325, -5e-06, -0.840325, 0.0, -0.542083, 0.000946, 0.0, 1.0, 0.0, 0.714425, 0.0, 0.0, 0.0, 1.0],
                [0.542083, 0.0, -0.840325, -5e-06, -0.840325, 0.0, -0.542083, 0.000946, 0.0, 1.0, 0.0, 0.716601, 0.0, 0.0, 0.0, 1.0],
                [0.542083, 0.0, -0.840325, -5e-06, -0.840325, 0.0, -0.542083, 0.000946, 0.0, 1.0, 0.0, 0.722931, 0.0, 0.0, 0.0, 1.0],
                [0.542083, 0.0, -0.840325, -5e-06, -0.840325, 0.0, -0.542083, 0.000946, 0.0, 1.0, 0.0, 0.732032, 0.0, 0.0, 0.0, 1.0],
                [0.542083, 0.0, -0.840325, -5e-06, -0.840325, 0.0, -0.542083, 0.000946, 0.0, 1.0, 0.0, 0.741133, 0.0, 0.0, 0.0, 1.0],
                [0.542083, 0.0, -0.840325, -5e-06, -0.840325, 0.0, -0.542083, 0.000946, 0.0, 1.0, 0.0, 0.747464, 0.0, 0.0, 0.0, 1.0],
                [0.542083, 0.0, -0.840325, -5e-06, -0.840325, 0.0, -0.542083, 0.000946, 0.0, 1.0, 0.0, 0.749639, 0.0, 0.0, 0.0, 1.0],
                [0.542083, 0.0, -0.840325, 0.000384, -0.840325, 0.0, -0.542083, 0.000863, 0.0, 1.0, 0.0, 0.738945, 0.0, 0.0, 0.0, 1.0],
                [0.542083, 0.0, -0.840325, 0.00156, -0.840325, 0.0, -0.542083, 0.000609, 0.0, 1.0, 0.0, 0.707821, 0.0, 0.0, 0.0, 1.0],
                [0.542083, 0.0, -0.840325, 0.003523, -0.840325, 0.0, -0.542083, 0.000185, 0.0, 1.0, 0.0, 0.663079, 0.0, 0.0, 0.0, 1.0],
                [0.542083, 0.0, -0.840325, 0.006253, -0.840325, 0.0, -0.542083, -0.000404, 0.0, 1.0, 0.0, 0.618336, 0.0, 0.0, 0.0, 1.0],
                [0.542083, 0.0, -0.840325, 0.009703, -0.840325, 0.0, -0.542083, -0.001148, 0.0, 1.0, 0.0, 0.587212, 0.0, 0.0, 0.0, 1.0],
                [0.542083, 0.0, -0.840325, 0.01379, -0.840325, 0.0, -0.542083, -0.00203, 0.0, 1.0, 0.0, 0.576518, 0.0, 0.0, 0.0, 1.0],
                [0.542083, 0.0, -0.840325, 0.018398, -0.840325, 0.0, -0.542083, -0.003024, 0.0, 1.0, 0.0, 0.582847, 0.0, 0.0, 0.0, 1.0],
                [0.542083, 0.0, -0.840325, 0.023377, -0.840325, 0.0, -0.542083, -0.004098, 0.0, 1.0, 0.0, 0.602152, 0.0, 0.0, 0.0, 1.0],
                [0.542083, 0.0, -0.840325, 0.028549, -0.840325, 0.0, -0.542083, -0.005214, 0.0, 1.0, 0.0, 0.632229, 0.0, 0.0, 0.0, 1.0],
                [0.542083, 0.0, -0.840325, 0.033721, -0.840325, 0.0, -0.542083, -0.00633, 0.0, 1.0, 0.0, 0.666809, 0.0, 0.0, 0.0, 1.0],
                [0.542083, 0.0, -0.840325, 0.0387, -0.840325, 0.0, -0.542083, -0.007404, 0.0, 1.0, 0.0, 0.698495, 0.0, 0.0, 0.0, 1.0],
                [0.542083, 0.0, -0.840325, 0.043309, -0.840325, 0.0, -0.542083, -0.008398, 0.0, 1.0, 0.0, 0.722661, 0.0, 0.0, 0.0, 1.0],
                [0.542083, 0.0, -0.840325, 0.047396, -0.840325, 0.0, -0.542083, -0.00928, 0.0, 1.0, 0.0, 0.743422, 0.0, 0.0, 0.0, 1.0],
                [0.542083, 0.0, -0.840325, 0.050845, -0.840325, 0.0, -0.542083, -0.010024, 0.0, 1.0, 0.0, 0.765199, 0.0, 0.0, 0.0, 1.0],
                [0.542083, 0.0, -0.840325, 0.053576, -0.840325, 0.0, -0.542083, -0.010613, 0.0, 1.0, 0.0, 0.785534, 0.0, 0.0, 0.0, 1.0],
                [0.542083, 0.0, -0.840325, 0.055539, -0.840325, 0.0, -0.542083, -0.011037, 0.0, 1.0, 0.0, 0.801365, 0.0, 0.0, 0.0, 1.0],
                [0.542083, 0.0, -0.840325, 0.056714, -0.840325, 0.0, -0.542083, -0.01129, 0.0, 1.0, 0.0, 0.810762, 0.0, 0.0, 0.0, 1.0],
                [0.542083, 0.0, -0.840325, 0.057103, -0.840325, 0.0, -0.542083, -0.011374, 0.0, 1.0, 0.0, 0.813685, 0.0, 0.0, 0.0, 1.0],
                [0.542083, 0.0, -0.840325, 0.056225, -0.840325, 0.0, -0.542083, -0.011185, 0.0, 1.0, 0.0, 0.798763, 0.0, 0.0, 0.0, 1.0],
                [0.542083, 0.0, -0.840325, 0.053576, -0.840325, 0.0, -0.542083, -0.010613, 0.0, 1.0, 0.0, 0.755333, 0.0, 0.0, 0.0, 1.0],
                [0.542083, 0.0, -0.840325, 0.049206, -0.840325, 0.0, -0.542083, -0.00967, 0.0, 1.0, 0.0, 0.692899, 0.0, 0.0, 0.0, 1.0],
                [0.542083, 0.0, -0.840325, 0.043309, -0.840325, 0.0, -0.542083, -0.008398, 0.0, 1.0, 0.0, 0.630465, 0.0, 0.0, 0.0, 1.0],
                [0.542083, 0.0, -0.840325, 0.036247, -0.840325, 0.0, -0.542083, -0.006874, 0.0, 1.0, 0.0, 0.587034, 0.0, 0.0, 0.0, 1.0],
                [0.542083, 0.0, -0.840325, 0.028549, -0.840325, 0.0, -0.542083, -0.005214, 0.0, 1.0, 0.0, 0.572112, 0.0, 0.0, 0.0, 1.0],
                [0.542083, 0.0, -0.840325, 0.020852, -0.840325, 0.0, -0.542083, -0.003553, 0.0, 1.0, 0.0, 0.580903, 0.0, 0.0, 0.0, 1.0],
                [0.542083, 0.0, -0.840325, 0.01379, -0.840325, 0.0, -0.542083, -0.00203, 0.0, 1.0, 0.0, 0.606488, 0.0, 0.0, 0.0, 1.0],
                [0.542083, 0.0, -0.840325, 0.007893, -0.840325, 0.0, -0.542083, -0.000757, 0.0, 1.0, 0.0, 0.643269, 0.0, 0.0, 0.0, 1.0],
                [0.542083, 0.0, -0.840325, 0.003523, -0.840325, 0.0, -0.542083, 0.000185, 0.0, 1.0, 0.0, 0.680049, 0.0, 0.0, 0.0, 1.0],
                [0.542083, 0.0, -0.840325, 0.000873, -0.840325, 0.0, -0.542083, 0.000757, 0.0, 1.0, 0.0, 0.705634, 0.0, 0.0, 0.0, 1.0],
                [0.542083, 0.0, -0.840325, -5e-06, -0.840325, 0.0, -0.542083, 0.000946, 0.0, 1.0, 0.0, 0.714425, 0.0, 0.0, 0.0, 1.0]
            ]
        },
        {
            "name": "Thigh_R",
            "time": [0.0, 0.0167, 0.0333, 0.05, 0.0667, 0.0833, 0.1, 0.1167, 0.1333, 0.15, 0.1667, 0.1833, 0.2, 0.2167, 0.2333, 0.25, 0.2667, 0.2833, 0.3, 0.3167, 0.3333, 0.35, 0.3667, 0.3833, 0.4, 0.4167, 0.4333, 0.45, 0.4667, 0.4833, 0.5, 0.5167, 0.5333, 0.55, 0.5667, 0.5833, 0.6],
            "transform": [
                [0.674052, -0.326924, -0.6624, 0.124994, 0.472689, -0.498197, 0.726887, -0.002831, -0.567643, -0.803069, -0.181277, -1.2e-05, 0.0, 0.0, 0.0, 1.0],
                [0.685364, -0.342727, -0.642506, 0.124994, 0.457715, -0.483486, 0.746149, -0.002831, -0.566368, -0.805468, -0.174493, -1.2e-05, 0.0, 0.0, 0.0, 1.0],
                [0.720489, -0.383132, -0.578018, 0.124994, 0.408603, -0.438917, 0.800247, -0.002831, -0.560302, -0.812749, -0.159686, -1.2e-05, 0.0, 0.0, 0.0, 1.0],
                [0.77622, -0.422302, -0.468128, 0.124994, 0.320306, -0.375397, 0.869759, -0.002831, -0.543035, -0.825069, -0.156126, -1.2e-05, 0.0, 0.0, 0.0, 1.0],
                [0.838073, -0.4336, -0.331098, 0.124994, 0.199076, -0.321992, 0.925575, -0.002831, -0.50794, -0.841613, -0.183533, -1.2e-05, 0.0, 0.0, 0.0, 1.0],
                [0.886005, -0.419173, -0.198215, 0.124994, 0.070296, -0.301114, 0.950994, -0.002831, -0.458316, -0.856519, -0.237323, -1.2e-05, 0.0, 0.0, 0.0, 1.0],
                [0.911463, -0.400128, -0.095566, 0.124994, -0.034314, -0.30544, 0.951593, -0.002831, -0.409948, -0.864062, -0.292128, -1.2e-05, 0.0, 0.0, 0.0, 1.0],
                [0.92155, -0.387658, -0.021614, 0.124994, -0.117469, -0.331443, 0.936134, -0.002831, -0.370064, -0.860155, -0.350979, -1.2e-05, 0.0, 0.0, 0.0, 1.0],
                [0.920011, -0.391422, 0.019171, 0.124994, -0.18378, -0.38772, 0.903271, -0.002831, -0.346127, -0.834543, -0.428643, -1.2e-05, 0.0, 0.0, 0.0, 1.0],
                [0.911348, -0.411466, 0.011803, 0.124994, -0.221845, -0.466803, 0.856084, -0.002831, -0.34674, -0.782809, -0.516702, -1.2e-05, 0.0, 0.0, 0.0, 1.0],
                [0.901254, -0.431954, -0.034006, 0.124994, -0.236989, -0.557123, 0.795896, -0.002831, -0.362736, -0.709245, -0.604478, -1.2e-05, 0.0, 0.0, 0.0, 1.0],
                [0.89287, -0.440864, -0.091774, 0.124994, -0.241867, -0.641409, 0.728076, -0.002831, -0.379848, -0.62788, -0.679325, -1.2e-05, 0.0, 0.0, 0.0, 1.0],
                [0.88787, -0.442939, -0.124464, 0.124994, -0.24464, -0.683603, 0.687632, -0.002831, -0.389663, -0.580079, -0.715312, -1.2e-05, 0.0, 0.0, 0.0, 1.0],
                [0.890396, -0.438895, -0.120691, 0.124994, -0.212482, -0.635246, 0.742506, -0.002831, -0.40255, -0.635479, -0.658878, -1.2e-05, 0.0, 0.0, 0.0, 1.0],
                [0.893052, -0.412723, -0.179215, 0.124994, -0.11784, -0.598925, 0.792087, -0.002831, -0.434249, -0.686256, -0.583507, -1.2e-05, 0.0, 0.0, 0.0, 1.0],
                [0.877877, -0.35874, -0.317236, 0.124994, 0.008903, -0.650103, 0.759794, -0.002831, -0.478804, -0.669829, -0.567517, -1.2e-05, 0.0, 0.0, 0.0, 1.0],
                [0.844107, -0.247944, -0.475402, 0.124994, 0.117273, -0.77981, 0.614933, -0.002831, -0.523192, -0.574821, -0.629166, -1.2e-05, 0.0, 0.0, 0.0, 1.0],
                [0.809431, -0.084544, -0.581097, 0.124994, 0.181706, -0.904951, 0.384768, -0.002831, -0.558394, -0.417032, -0.717134, -1.2e-05, 0.0, 0.0, 0.0, 1.0],
                [0.785604, 0.089147, -0.612274, 0.124994, 0.209349, -0.969499, 0.127455, -0.002831, -0.582237, -0.228308, -0.780305, -1.2e-05, 0.0, 0.0, 0.0, 1.0],
                [0.76861, 0.258597, -0.585121, 0.124994, 0.222423, -0.965616, -0.134586, -0.002831, -0.599806, -0.0267, -0.7997, -1.2e-05, 0.0, 0.0, 0.0, 1.0],
                [0.749211, 0.304247, -0.588317, 0.124994, 0.242732, -0.952578, -0.18351, -0.002831, -0.61625, -0.005316, -0.787533, -1.2e-05, 0.0, 0.0, 0.0, 1.0],
                [0.727397, 0.277713, -0.62751, 0.124994, 0.267625, -0.956845, -0.11324, -0.002831, -0.631878, -0.085567, -0.77033, -1.2e-05, 0.0, 0.0, 0.0, 1.0],
                [0.706823, 0.272557, -0.652774, 0.124994, 0.289943, -0.953341, -0.084105, -0.002831, -0.64524, -0.12982, -0.75287, -1.2e-05, 0.0, 0.0, 0.0, 1.0],
                [0.69065, 0.296381, -0.659667, 0.124994, 0.306777, -0.946095, -0.103884, -0.002831, -0.654897, -0.130623, -0.744344, -1.2e-05, 0.0, 0.0, 0.0, 1.0],
                [0.681402, 0.35157, -0.641942, 0.124994, 0.316155, -0.932415, -0.175064, -0.002831, -0.660104, -0.083664, -0.746501, -1.2e-05, 0.0, 0.0, 0.0, 1.0],
                [0.677542, 0.422052, -0.602336, 0.124994, 0.327862, -0.906411, -0.266317, -0.002831, -0.658364, -0.017042, -0.752507, -1.2e-05, 0.0, 0.0, 0.0, 1.0],
                [0.676383, 0.483921, -0.555271, 0.124994, 0.353644, -0.874668, -0.331499, -0.002831, -0.646097, 0.027852, -0.762747, -1.2e-05, 0.0, 0.0, 0.0, 1.0],
                [0.676854, 0.532765, -0.507966, 0.124994, 0.393271, -0.845042, -0.362273, -0.002831, -0.62226, 0.045438, -0.781491, -1.2e-05, 0.0, 0.0, 0.0, 1.0],
                [0.677075, 0.569897, -0.465604, 0.124994, 0.439881, -0.820633, -0.364783, -0.002831, -0.589978, 0.042175, -0.806317, -1.2e-05, 0.0, 0.0, 0.0, 1.0],
                [0.675668, 0.596919, -0.432621, 0.124994, 0.480618, -0.801653, -0.35547, -0.002831, -0.558998, 0.032254, -0.828541, -1.2e-05, 0.0, 0.0, 0.0, 1.0],
                [0.673031, 0.613707, -0.412787, 0.124994, 0.504561, -0.789052, -0.35045, -0.002831, -0.540784, 0.027587, -0.840709, -1.2e-05, 0.0, 0.0, 0.0, 1.0],
                [0.669159, 0.561942, -0.486258, 0.124994, 0.513556, -0.822644, -0.243961, -0.002831, -0.537109, -0.086472, -0.839069, -1.2e-05, 0.0, 0.0, 0.0, 1.0],
                [0.666698, 0.392437, -0.633646, 0.124994, 0.511163, -0.859466, 0.005531, -0.002831, -0.542427, -0.327584, -0.773603, -1.2e-05, 0.0, 0.0, 0.0, 1.0],
                [0.668055, 0.135, -0.731763, 0.124994, 0.499896, -0.809862, 0.306966, -0.002831, -0.551186, -0.570876, -0.608518, -1.2e-05, 0.0, 0.0, 0.0, 1.0],
                [0.671554, -0.120669, -0.731063, 0.124994, 0.486064, -0.672943, 0.557574, -0.002831, -0.559246, -0.729785, -0.393265, -1.2e-05, 0.0, 0.0, 0.0, 1.0],
                [0.673683, -0.278977, -0.684341, 0.124994, 0.476009, -0.544534, 0.690578, -0.002831, -0.565303, -0.790983, -0.234048, -1.2e-05, 0.0, 0.0, 0.0, 1.0],
                [0.674052, -0.326924, -0.6624, 0.124994, 0.472689, -0.498197, 0.726887, -0.002831, -0.567643, -0.803069, -0.181277, -1.2e-05, 0.0, 0.0, 0.0, 1.0]
            ]
        },
        {
            "name": "Leg_R",
            "time": [0.0, 0.0167, 0.0333, 0.05, 0.0667, 0.0833, 0.1, 0.1167, 0.1333, 0.15, 0.1667, 0.1833, 0.2, 0.2167, 0.2333, 0.25, 0.2667, 0.2833, 0.3, 0.3167, 0.3333, 0.35, 0.3667, 0.3833, 0.4, 0.4167, 0.4333, 0.45, 0.4667, 0.4833, 0.5, 0.5167, 0.5333, 0.55, 0.5667, 0.5833, 0.6],
            "transform": [
                [0.998505, -0.036298, -0.040865, 0.0, 0.036413, -0.115824, 0.992602, 0.374721, -0.040763, -0.992606, -0.114329, 0.0, 0.0, 0.0, 0.0, 1.0],
                [0.998506, -0.036301, -0.040845, -0.0, 0.036415, -0.115277, 0.992666, 0.374721, -0.040743, -0.99267, -0.113783, 0.0, 0.0, 0.0, 0.0, 1.0],
                [0.998519, -0.03634, -0.040491, 0.0, 0.036454, -0.105599, 0.99374, 0.374721, -0.040388, -0.993744, -0.104118, -0.0, 0.0, 0.0, 0.0, 1.0],
                [0.998571, -0.036463, -0.039072, 0.0, 0.036578, -0.066738, 0.9971, 0.374721, -0.038965, -0.997104, -0.065309, 0.0, 0.0, 0.0, 0.0, 1.0],
                [0.998678, -0.036541, -0.036155, 0.0, 0.036656, 0.013147, 0.999242, 0.374721, -0.036038, -0.999246, 0.014469, 0.0, 0.0, 0.0, 0.0, 1.0],
                [0.998819, -0.036286, -0.032303, 0.0, 0.036401, 0.118624, 0.992272, 0.374721, -0.032174, -0.992276, 0.119805, -0.0, 0.0, 0.0, 0.0, 1.0],
                [0.998953, -0.035664, -0.028665, 0.0, 0.035776, 0.218229, 0.975242, 0.374721, -0.028525, -0.975245, 0.219277, -0.0, 0.0, 0.0, 0.0, 1.0],
                [0.999103, -0.034494, -0.024573, -0.0, 0.034602, 0.330287, 0.943246, 0.374721, -0.02442, -0.94325, 0.331184, -0.0, 0.0, 0.0, 0.0, 1.0],
                [0.999313, -0.031911, -0.018838, 0.0, 0.032012, 0.487328, 0.872632, 0.374721, -0.018666, -0.872635, 0.488015, 0.0, 0.0, 0.0, 0.0, 1.0],
                [0.999556, -0.027184, -0.012228, -0.0, 0.02727, 0.668326, 0.743369, 0.374721, -0.012036, -0.743372, 0.66877, -0.0, 0.0, 0.0, 0.0, 1.0],
                [0.999776, -0.020244, -0.006231, -0.0, 0.020308, 0.832539, 0.553594, 0.374721, -0.00602, -0.553596, 0.832763, 0.0, 0.0, 0.0, 0.0, 1.0],
                [0.99992, -0.012426, -0.002291, -0.0, 0.012465, 0.94042, 0.339785, 0.374721, -0.002067, -0.339786, 0.9405, 0.0, 0.0, 0.0, 0.0, 1.0],
                [0.999967, -0.008056, -0.001014, 0.0, 0.008082, 0.975398, 0.220302, 0.374721, -0.000786, -0.220303, 0.975431, -0.0, 0.0, 0.0, 0.0, 1.0],
                [0.999881, -0.015069, -0.003364, 0.0, 0.015116, 0.911027, 0.412069, 0.374721, -0.003144, -0.412071, 0.911146, -0.0, 0.0, 0.0, 0.0, 1.0],
                [0.999668, -0.024082, -0.009166, 0.0, 0.024158, 0.752154, 0.658545, 0.374721, -0.008965, -0.658547, 0.752486, -0.0, 0.0, 0.0, 0.0, 1.0],
                [0.999476, -0.029001, -0.014414, 0.0, 0.029093, 0.60845, 0.793059, 0.374721, -0.014229, -0.793062, 0.608974, -0.0, 0.0, 0.0, 0.0, 1.0],
                [0.999456, -0.029399, -0.014943, 0.0, 0.029492, 0.593973, 0.803944, 0.374721, -0.01476, -0.803947, 0.594517, 0.0, 0.0, 0.0, 0.0, 1.0],
                [0.999618, -0.025556, -0.01053, -0.0, 0.025636, 0.71482, 0.698839, 0.374721, -0.010332, -0.698841, 0.715202, -0.0, 0.0, 0.0, 0.0, 1.0],
                [0.999845, -0.017067, -0.004343, 0.0, 0.017121, 0.884239, 0.466721, 0.374721, -0.004126, -0.466723, 0.884394, 0.0, 0.0, 0.0, 0.0, 1.0],
                [0.999989, -0.00462, -0.000408, 0.0, 0.004635, 0.991976, 0.126339, 0.374721, -0.000179, -0.126339, 0.991987, -0.0, 0.0, 0.0, 0.0, 1.0],
                [0.999977, -0.006812, -0.000755, -0.0, 0.006833, 0.982473, 0.18628, 0.374721, -0.000527, -0.18628, 0.982496, -0.0, 0.0, 0.0, 0.0, 1.0],
                [0.999843, -0.017193, -0.004409, -0.0, 0.017247, 0.882415, 0.470156, 0.374721, -0.004193, -0.470157, 0.882572, 0.0, 0.0, 0.0, 0.0, 1.0],
                [0.999687, -0.02346, -0.008633, 0.0, 0.023533, 0.76675, 0.641515, 0.374721, -0.00843, -0.641517, 0.767062, 0.0, 0.0, 0.0, 0.0, 1.0],
                [0.999611, -0.025736, -0.010707, -0.0, 0.025817, 0.709954, 0.703775, 0.374721, -0.010511, -0.703777, 0.710342, -0.0, 0.0, 0.0, 0.0, 1.0],
                [0.999664, -0.024209, -0.009277, 0.0, 0.024285, 0.74911, 0.662, 0.374721, -0.009076, -0.662002, 0.749446, -0.0, 0.0, 0.0, 0.0, 1.0],
                [0.999765, -0.020694, -0.006535, -0.0, 0.020759, 0.824221, 0.565888, 0.374721, -0.006324, -0.56589, 0.824456, 0.0, 0.0, 0.0, 0.0, 1.0],
                [0.999819, -0.018338, -0.005046, 0.0, 0.018396, 0.864984, 0.501461, 0.374721, -0.004831, -0.501463, 0.865165, 0.0, 0.0, 0.0, 0.0, 1.0],
                [0.999833, -0.017665, -0.004665, 0.0, 0.01772, 0.875413, 0.483051, 0.374721, -0.004449, -0.483053, 0.87558, -0.0, 0.0, 0.0, 0.0, 1.0],
                [0.999825, -0.018052, -0.004882, -0.0, 0.018108, 0.869482, 0.493633, 0.374721, -0.004666, -0.493634, 0.869657, 0.0, 0.0, 0.0, 0.0, 1.0],
                [0.999818, -0.018413, -0.00509, -0.0, 0.018471, 0.863786, 0.50352, 0.374721, -0.004875, -0.503522, 0.863968, -0.0, 0.0, 0.0, 0.0, 1.0],
                [0.999825, -0.018068, -0.004891, -0.0, 0.018125, 0.869222, 0.494089, 0.374721, -0.004676, -0.494091, 0.869398, -0.0, 0.0, 0.0, 0.0, 1.0],
                [0.99968, -0.023704, -0.008839, 0.0, 0.023778, 0.761104, 0.648193, 0.374721, -0.008637, -0.648196, 0.761424, 0.0, 0.0, 0.0, 0.0, 1.0],
                [0.999281, -0.032384, -0.019711, 0.0, 0.032486, 0.463404, 0.885552, 0.374721, -0.019543, -0.885555, 0.464123, 0.0, 0.0, 0.0, 0.0, 1.0],
                [0.998848, -0.036184, -0.031518, -0.0, 0.036298, 0.140112, 0.98947, 0.374721, -0.031387, -0.989474, 0.141263, -0.0, 0.0, 0.0, 0.0, 1.0],
                [0.998589, -0.036492, -0.038591, -0.0, 0.036607, -0.053551, 0.997894, 0.374721, -0.038481, -0.997898, -0.05214, -0.0, 0.0, 0.0, 0.0, 1.0],
                [0.998512, -0.036319, -0.040683, 0.0, 0.036433, -0.110849, 0.993169, 0.374721, -0.040581, -0.993173, -0.109361, -0.0, 0.0, 0.0, 0.0, 1.0],
                [0.998505, -0.036298, -0.040865, 0.0, 0.036413, -0.115824, 0.992602, 0.374721, -0.040763, -0.992606, -0.114329, 0.0, 0.0, 0.0, 0.0, 1.0]
            ]
        },
        {
            "name": "Knee_R",
            "time": [0.0, 0.0167, 0.0333, 0.05, 0.0667, 0.0833, 0.1, 0.1167, 0.1333, 0.15, 0.1667, 0.1833, 0.2, 0.2167, 0.2333, 0.25, 0.2667, 0.2833, 0.3, 0.3167, 0.3333, 0.35, 0.3667, 0.3833, 0.4, 0.4167, 0.4333, 0.45, 0.4667, 0.4833, 0.5, 0.5167, 0.5333, 0.55, 0.5667, 0.5833, 0.6],
            "transform": [
                [1.0, -5.7e-05, 5.7e-05, -5e-06, 5.7e-05, 0.001565, -0.999999, 0.46472, 5.7e-05, 0.999999, 0.001565, -0.000141, 0.0, 0.0, 0.0, 1.0],
                [1.0, -5.7e-05, 5.7e-05, -5e-06, 5.7e-05, 0.001565, -0.999999, 0.46472, 5.7e-05, 0.999999, 0.001565, -0.000141, 0.0, 0.0, 0.0, 1.0],
                [1.0, -5.7e-05, 5.7e-05, -5e-06, 5.7e-05, 0.001565, -0.999999, 0.46472, 5.7e-05, 0.999999, 0.001565, -0.000141, 0.0, 0.0, 0.0, 1.0],
                [1.0, -5.7e-05, 5.7e-05, -5e-06, 5.7e-05, 0.001565, -0.999999, 0.46472, 5.7e-05, 0.999999, 0.001565, -0.000141, 0.0, 0.0, 0.0, 1.0],
                [1.0, -5.7e-05, 5.7e-05, -5e-06, 5.7e-05, 0.001565, -0.999999, 0.463207, 5.7e-05, 0.999999, 0.001565, -0.000138, 0.0, 0.0, 0.0, 1.0],
                [1.0, -5.7e-05, 5.7e-05, -5e-06, 5.7e-05, 0.001565, -0.999999, 0.454125, 5.7e-05, 0.999999, 0.001565, -0.000124, 0.0, 0.0, 0.0, 1.0],
                [1.0, -5.7e-05, 5.7e-05, -4e-06, 5.7e-05, 0.001565, -0.999999, 0.445444, 5.7e-05, 0.999999, 0.001565, -0.000111, 0.0, 0.0, 0.0, 1.0],
                [1.0, -5.7e-05, 5.7e-05, -4e-06, 5.7e-05, 0.001565, -0.999999, 0.435431, 5.7e-05, 0.999999, 0.001565, -9.5e-05, 0.0, 0.0, 0.0, 1.0],
                [1.0, -5.7e-05, 5.7e-05, -3e-06, 5.7e-05, 0.001565, -0.999999, 0.420628, 5.7e-05, 0.999999, 0.001565, -7.2e-05, 0.0, 0.0, 0.0, 1.0],
                [1.0, -5.7e-05, 5.7e-05, -2e-06, 5.7e-05, 0.001565, -0.999999, 0.401488, 5.7e-05, 0.999999, 0.001565, -4.2e-05, 0.0, 0.0, 0.0, 1.0],
                [1.0, -5.7e-05, 5.7e-05, -0.0, 5.7e-05, 0.001565, -0.999999, 0.379874, 5.7e-05, 0.999999, 0.001565, -8e-06, 0.0, 0.0, 0.0, 1.0],
                [1.0, -5.7e-05, 5.7e-05, -0.0, 5.7e-05, 0.001565, -0.999999, 0.374721, 5.7e-05, 0.999999, 0.001565, 0.0, 0.0, 0.0, 0.0, 1.0],
                [1.0, -5.7e-05, 5.7e-05, 0.0, 5.7e-05, 0.001565, -0.999999, 0.374721, 5.7e-05, 0.999999, 0.001565, -0.0, 0.0, 0.0, 0.0, 1.0],
                [1.0, -5.7e-05, 5.7e-05, 0.0, 5.7e-05, 0.001565, -0.999999, 0.374721, 5.7e-05, 0.999999, 0.001565, -0.0, 0.0, 0.0, 0.0, 1.0],
                [1.0, -5.7e-05, 5.7e-05, -1e-06, 5.7e-05, 0.001565, -0.999999, 0.391238, 5.7e-05, 0.999999, 0.001565, -2.6e-05, 0.0, 0.0, 0.0, 1.0],
                [1.0, -5.7e-05, 5.7e-05, -2e-06, 5.7e-05, 0.001565, -0.999999, 0.408172, 5.7e-05, 0.999999, 0.001565, -5.2e-05, 0.0, 0.0, 0.0, 1.0],
                [1.0, -5.7e-05, 5.7e-05, -2e-06, 5.7e-05, 0.001565, -0.999999, 0.409727, 5.7e-05, 0.999999, 0.001565, -5.5e-05, 0.0, 0.0, 0.0, 1.0],
                [1.0, -5.7e-05, 5.7e-05, -1e-06, 5.7e-05, 0.001565, -0.999999, 0.395957, 5.7e-05, 0.999999, 0.001565, -3.3e-05, 0.0, 0.0, 0.0, 1.0],
                [1.0, -5.7e-05, 5.7e-05, 0.0, 5.7e-05, 0.001565, -0.999999, 0.374721, 5.7e-05, 0.999999, 0.001565, 0.0, 0.0, 0.0, 0.0, 1.0],
                [1.0, -5.7e-05, 5.7e-05, 0.0, 5.7e-05, 0.001565, -0.999999, 0.374721, 5.7e-05, 0.999999, 0.001565, -0.0, 0.0, 0.0, 0.0, 1.0],
                [1.0, -5.7e-05, 5.7e-05, -0.0, 5.7e-05, 0.001565, -0.999999, 0.374721, 5.7e-05, 0.999999, 0.001565, -0.0, 0.0, 0.0, 0.0, 1.0],
                [1.0, -5.7e-05, 5.7e-05, -0.0, 5.7e-05, 0.001565, -0.999999, 0.374721, 5.7e-05, 0.999999, 0.001565, 0.0, 0.0, 0.0, 0.0, 1.0],
                [1.0, -5.7e-05, 5.7e-05, -1e-06, 5.7e-05, 0.001565, -0.999999, 0.389312, 5.7e-05, 0.999999, 0.001565, -2.3e-05, 0.0, 0.0, 0.0, 1.0],
                [1.0, -5.7e-05, 5.7e-05, -1e-06, 5.7e-05, 0.001565, -0.999999, 0.396553, 5.7e-05, 0.999999, 0.001565, -3.4e-05, 0.0, 0.0, 0.0, 1.0],
                [1.0, -5.7e-05, 5.7e-05, -1e-06, 5.7e-05, 0.001565, -0.999999, 0.391634, 5.7e-05, 0.999999, 0.001565, -2.6e-05, 0.0, 0.0, 0.0, 1.0],
                [1.0, -5.7e-05, 5.7e-05, -0.0, 5.7e-05, 0.001565, -0.999999, 0.381149, 5.7e-05, 0.999999, 0.001565, -1e-05, 0.0, 0.0, 0.0, 1.0],
                [1.0, -5.7e-05, 5.7e-05, -0.0, 5.7e-05, 0.001565, -0.999999, 0.374721, 5.7e-05, 0.999999, 0.001565, 0.0, 0.0, 0.0, 0.0, 1.0],
                [1.0, -5.7e-05, 5.7e-05, 0.0, 5.7e-05, 0.001565, -0.999999, 0.374721, 5.7e-05, 0.999999, 0.001565, -0.0, 0.0, 0.0, 0.0, 1.0],
                [1.0, -5.7e-05, 5.7e-05, -0.0, 5.7e-05, 0.001565, -0.999999, 0.374721, 5.7e-05, 0.999999, 0.001565, 0.0, 0.0, 0.0, 0.0, 1.0],
                [1.0, -5.7e-05, 5.7e-05, -0.0, 5.7e-05, 0.001565, -0.999999, 0.374802, 5.7e-05, 0.999999, 0.001565, -0.0, 0.0, 0.0, 0.0, 1.0],
                [1.0, -5.7e-05, 5.7e-05, -0.0, 5.7e-05, 0.001565, -0.999999, 0.374721, 5.7e-05, 0.999999, 0.001565, -0.0, 0.0, 0.0, 0.0, 1.0],
                [1.0, -5.7e-05, 5.7e-05, -1e-06, 5.7e-05, 0.001565, -0.999999, 0.390063, 5.7e-05, 0.999999, 0.001565, -2.4e-05, 0.0, 0.0, 0.0, 1.0],
                [1.0, -5.7e-05, 5.7e-05, -3e-06, 5.7e-05, 0.001565, -0.999999, 0.422963, 5.7e-05, 0.999999, 0.001565, -7.5e-05, 0.0, 0.0, 0.0, 1.0],
                [1.0, -5.7e-05, 5.7e-05, -4e-06, 5.7e-05, 0.001565, -0.999999, 0.452264, 5.7e-05, 0.999999, 0.001565, -0.000121, 0.0, 0.0, 0.0, 1.0],
                [1.0, -5.7e-05, 5.7e-05, -5e-06, 5.7e-05, 0.001565, -0.999999, 0.464721, 5.7e-05, 0.999999, 0.001565, -0.000141, 0.0, 0.0, 0.0, 1.0],
                [1.0, -5.7e-05, 5.7e-05, -5e-06, 5.7e-05, 0.001565, -0.999999, 0.46472, 5.7e-05, 0.999999, 0.001565, -0.000141, 0.0, 0.0, 0.0, 1.0],
                [1.0, -5.7e-05, 5.7e-05, -5e-06, 5.7e-05, 0.001565, -0.999999, 0.46472, 5.7e-05, 0.999999, 0.001565, -0.000141, 0.0, 0.0, 0.0, 1.0]
            ]
        },
        {
            "name": "Thigh_L",
            "time": [0.0, 0.0167, 0.0333, 0.05, 0.0667, 0.0833, 0.1, 0.1167, 0.1333, 0.15, 0.1667, 0.1833, 0.2, 0.2167, 0.2333, 0.25, 0.2667, 0.2833, 0.3, 0.3167, 0.3333, 0.35, 0.3667, 0.3833, 0.4, 0.4167, 0.4333, 0.45, 0.4667, 0.4833, 0.5, 0.5167, 0.5333, 0.55, 0.5667, 0.5833, 0.6],
            "transform": [
                [0.588223, 0.155144, -0.793678, -0.125006, 0.053207, -0.986723, -0.153446, -0.002831, -0.806947, 0.048031, -0.588668, -1.2e-05, 0.0, 0.0, 0.0, 1.0],
                [0.587745, 0.158976, -0.793273, -0.125006, 0.053898, -0.98602, -0.15767, -0.002831, -0.807249, 0.049913, -0.588097, -1.2e-05, 0.0, 0.0, 0.0, 1.0],
                [0.58631, 0.176173, -0.790698, -0.125006, 0.055948, -0.982542, -0.17743, -0.002831, -0.808152, 0.059791, -0.585931, -1.2e-05, 0.0, 0.0, 0.0, 1.0],
                [0.584142, 0.215392, -0.78255, -0.125006, 0.058973, -0.97286, -0.223753, -0.002831, -0.809507, 0.084554, -0.580991, -1.2e-05, 0.0, 0.0, 0.0, 1.0],
                [0.581805, 0.278376, -0.764205, -0.125006, 0.062165, -0.952074, -0.299484, -0.002831, -0.810949, 0.126734, -0.571227, -1.2e-05, 0.0, 0.0, 0.0, 1.0],
                [0.579938, 0.360788, -0.730414, -0.125006, 0.064751, -0.914164, -0.40014, -0.002831, -0.812083, 0.184762, -0.55352, -1.2e-05, 0.0, 0.0, 0.0, 1.0],
                [0.578892, 0.499095, -0.644816, -0.125006, 0.066389, -0.817017, -0.572779, -0.002831, -0.812697, 0.288769, -0.506099, -1.2e-05, 0.0, 0.0, 0.0, 1.0],
                [0.578609, 0.517656, -0.630274, -0.125006, 0.067782, -0.800614, -0.595334, -0.002831, -0.812784, 0.301745, -0.49833, -1.2e-05, 0.0, 0.0, 0.0, 1.0],
                [0.578962, 0.540521, -0.610442, -0.125006, 0.069676, -0.778743, -0.623462, -0.002831, -0.812372, 0.318428, -0.488524, -1.2e-05, 0.0, 0.0, 0.0, 1.0],
                [0.579761, 0.564358, -0.587688, -0.125006, 0.071459, -0.753717, -0.653302, -0.002831, -0.811647, 0.336763, -0.477304, -1.2e-05, 0.0, 0.0, 0.0, 1.0],
                [0.580395, 0.583973, -0.567553, -0.125006, 0.071362, -0.730745, -0.67891, -0.002831, -0.811202, 0.353534, -0.465795, -1.2e-05, 0.0, 0.0, 0.0, 1.0],
                [0.58003, 0.581038, -0.570929, -0.125006, 0.067095, -0.73257, -0.677377, -0.002831, -0.811827, 0.354592, -0.463898, -1.2e-05, 0.0, 0.0, 0.0, 1.0],
                [0.578204, 0.549461, -0.603136, -0.125006, 0.057653, -0.764902, -0.641562, -0.002831, -0.813852, 0.336181, -0.473948, -1.2e-05, 0.0, 0.0, 0.0, 1.0],
                [0.575105, 0.464689, -0.67329, -0.125006, 0.045226, -0.839813, -0.540989, -0.002831, -0.816829, 0.280675, -0.503996, -1.2e-05, 0.0, 0.0, 0.0, 1.0],
                [0.571506, 0.334664, -0.749253, -0.125006, 0.03128, -0.921279, -0.387643, -0.002831, -0.820002, 0.198104, -0.536985, -1.2e-05, 0.0, 0.0, 0.0, 1.0],
                [0.56861, 0.192614, -0.799739, -0.125006, 0.015504, -0.974537, -0.223691, -0.002831, -0.822461, 0.114794, -0.557118, -1.2e-05, 0.0, 0.0, 0.0, 1.0],
                [0.567458, 0.045279, -0.822156, -0.125006, -0.001921, -0.998411, -0.056313, -0.002831, -0.8234, 0.033535, -0.56647, -1.2e-05, 0.0, 0.0, 0.0, 1.0],
                [0.568088, -0.106473, -0.816051, -0.125006, -0.019726, -0.993072, 0.115838, -0.002831, -0.822731, -0.049709, -0.566253, -1.2e-05, 0.0, 0.0, 0.0, 1.0],
                [0.569351, -0.256129, -0.781177, -0.125006, -0.035604, -0.957018, 0.287833, -0.002831, -0.821323, -0.136065, -0.553999, -1.2e-05, 0.0, 0.0, 0.0, 1.0],
                [0.570576, -0.403593, -0.715231, -0.125006, -0.048367, -0.885913, 0.461322, -0.002831, -0.819819, -0.228626, -0.525002, -1.2e-05, 0.0, 0.0, 0.0, 1.0],
                [0.572038, -0.539373, -0.617939, -0.125006, -0.058314, -0.778213, 0.625287, -0.002831, -0.818151, -0.321654, -0.476621, -1.2e-05, 0.0, 0.0, 0.0, 1.0],
                [0.573547, -0.63071, -0.522732, -0.125006, -0.065591, -0.671431, 0.738159, -0.002831, -0.816543, -0.389082, -0.426466, -1.2e-05, 0.0, 0.0, 0.0, 1.0],
                [0.574905, -0.670096, -0.469528, -0.125006, -0.070687, -0.61237, 0.787405, -0.002831, -0.815161, -0.419493, -0.399422, -1.2e-05, 0.0, 0.0, 0.0, 1.0],
                [0.576008, -0.671623, -0.46598, -0.125006, -0.07412, -0.610608, 0.788456, -0.002831, -0.814077, -0.419619, -0.401496, -1.2e-05, 0.0, 0.0, 0.0, 1.0],
                [0.576915, -0.648582, -0.496499, -0.125006, -0.076285, -0.647982, 0.757826, -0.002831, -0.813235, -0.399326, -0.423307, -1.2e-05, 0.0, 0.0, 0.0, 1.0],
                [0.577199, -0.615651, -0.536484, -0.125006, -0.077508, -0.695307, 0.714521, -0.002831, -0.812917, -0.370839, -0.449048, -1.2e-05, 0.0, 0.0, 0.0, 1.0],
                [0.576252, -0.582387, -0.573375, -0.125006, -0.077445, -0.737327, 0.671082, -0.002831, -0.813594, -0.342308, -0.469989, -1.2e-05, 0.0, 0.0, 0.0, 1.0],
                [0.574984, -0.522593, -0.629515, -0.125006, -0.075524, -0.80004, 0.595173, -0.002831, -0.814671, -0.294672, -0.499479, -1.2e-05, 0.0, 0.0, 0.0, 1.0],
                [0.575678, -0.544692, -0.609841, -0.125006, -0.07223, -0.776782, 0.625614, -0.002831, -0.81448, -0.316103, -0.486519, -1.2e-05, 0.0, 0.0, 0.0, 1.0],
                [0.580164, -0.565552, -0.586141, -0.125006, -0.068716, -0.751053, 0.656656, -0.002831, -0.811596, -0.340691, -0.474596, -1.2e-05, 0.0, 0.0, 0.0, 1.0],
                [0.588388, -0.567702, -0.575773, -0.125006, -0.065361, -0.743143, 0.665933, -0.002831, -0.805933, -0.354194, -0.474362, -1.2e-05, 0.0, 0.0, 0.0, 1.0],
                [0.596924, -0.658352, -0.458535, -0.125006, -0.054155, -0.603287, 0.795683, -0.002831, -0.800468, -0.45013, -0.39577, -1.2e-05, 0.0, 0.0, 0.0, 1.0],
                [0.600855, -0.665167, -0.443313, -0.125006, -0.026411, -0.570802, 0.820662, -0.002831, -0.798922, -0.481391, -0.360537, -1.2e-05, 0.0, 0.0, 0.0, 1.0],
                [0.598653, -0.546723, -0.585412, -0.125006, 0.008078, -0.726686, 0.686922, -0.002831, -0.800967, -0.415957, -0.430617, -1.2e-05, 0.0, 0.0, 0.0, 1.0],
                [0.593547, -0.278578, -0.755048, -0.125006, 0.034696, -0.928451, 0.36983, -0.002831, -0.804052, -0.245708, -0.541414, -1.2e-05, 0.0, 0.0, 0.0, 1.0],
                [0.589577, 0.014706, -0.807578, -0.125006, 0.048972, -0.998645, 0.017566, -0.002831, -0.806226, -0.049905, -0.589499, -1.2e-05, 0.0, 0.0, 0.0, 1.0],
                [0.588223, 0.155144, -0.793678, -0.125006, 0.053207, -0.986723, -0.153446, -0.002831, -0.806947, 0.048031, -0.588668, -1.2e-05, 0.0, 0.0, 0.0, 1.0]
            ]
        },
        {
            "name": "Leg_L",
            "time": [0.0, 0.0167, 0.0333, 0.05, 0.0667, 0.0833, 0.1, 0.1167, 0.1333, 0.15, 0.1667, 0.1833, 0.2, 0.2167, 0.2333, 0.25, 0.2667, 0.2833, 0.3, 0.3167, 0.3333, 0.35, 0.3667, 0.3833, 0.4, 0.4167, 0.4333, 0.45, 0.4667, 0.4833, 0.5, 0.5167, 0.5333, 0.55, 0.5667, 0.5833, 0.6],
            "transform": [
                [1.0, 3.3e-05, 8e-06, 0.0, -3.3e-05, 0.904512, 0.426447, 0.374721, 7e-06, -0.426447, 0.904512, -0.0, 0.0, 0.0, 0.0, 1.0],
                [1.0, 3.3e-05, 8e-06, 0.0, -3.4e-05, 0.898579, 0.438812, 0.374721, 7e-06, -0.438812, 0.898579, 0.0, 0.0, 0.0, 0.0, 1.0],
                [1.0, 3.5e-05, 9e-06, 0.0, -3.6e-05, 0.886175, 0.46335, 0.374721, 8e-06, -0.46335, 0.886175, -0.0, 0.0, 0.0, 0.0, 1.0],
                [1.0, 3.6e-05, 1e-05, -0.0, -3.6e-05, 0.881804, 0.471616, 0.374721, 8e-06, -0.471616, 0.881804, -0.0, 0.0, 0.0, 0.0, 1.0],
                [1.0, 3.3e-05, 8e-06, 0.0, -3.3e-05, 0.900643, 0.434561, 0.374721, 7e-06, -0.43456, 0.900643, -0.0, 0.0, 0.0, 0.0, 1.0],
                [1.0, 2.5e-05, 5e-06, -0.0, -2.5e-05, 0.945182, 0.326543, 0.374721, 4e-06, -0.326543, 0.945182, -0.0, 0.0, 0.0, 0.0, 1.0],
                [1.0, 0.0, 1e-06, -0.0, -0.0, 1.0, 0.000403, 0.374721, -1e-06, -0.000403, 1.0, -0.0, 0.0, 0.0, 0.0, 1.0],
                [1.0, 0.0, 1e-06, 0.0, -0.0, 1.0, 0.000403, 0.374721, -1e-06, -0.000403, 1.0, 0.0, 0.0, 0.0, 0.0, 1.0],
                [1.0, 0.0, 1e-06, 0.0, -0.0, 1.0, 0.000403, 0.374721, -1e-06, -0.000403, 1.0, -0.0, 0.0, 0.0, 0.0, 1.0],
                [1.0, 0.0, 1e-06, 0.0, -0.0, 1.0, 0.000403, 0.374721, -1e-06, -0.000403, 1.0, -0.0, 0.0, 0.0, 0.0, 1.0],
                [1.0, 0.0, 1e-06, -0.0, -0.0, 1.0, 0.000403, 0.374721, -1e-06, -0.000403, 1.0, 0.0, 0.0, 0.0, 0.0, 1.0],
                [1.0, 4e-06, 1e-06, 0.0, -4e-06, 0.998742, 0.050138, 0.374721, -1e-06, -0.050138, 0.998742, -0.0, 0.0, 0.0, 0.0, 1.0],
                [1.0, 1.2e-05, 2e-06, -0.0, -1.2e-05, 0.986992, 0.160771, 0.374721, 0.0, -0.160771, 0.986992, 0.0, 0.0, 0.0, 0.0, 1.0],
                [1.0, 3.1e-05, 7e-06, 0.0, -3.1e-05, 0.912489, 0.409102, 0.374721, 6e-06, -0.409102, 0.912488, -0.0, 0.0, 0.0, 0.0, 1.0],
                [1.0, 5.4e-05, 2.3e-05, 0.0, -5.5e-05, 0.703702, 0.710495, 0.374721, 2.2e-05, -0.710495, 0.703702, 0.0, 0.0, 0.0, 0.0, 1.0],
                [1.0, 7e-05, 4.6e-05, 0.0, -7e-05, 0.409937, 0.912114, 0.374721, 4.5e-05, -0.912113, 0.409937, 0.0, 0.0, 0.0, 0.0, 1.0],
                [1.0, 7.6e-05, 6.8e-05, -0.0, -7.6e-05, 0.115589, 0.993297, 0.374721, 6.7e-05, -0.993297, 0.115589, 0.0, 0.0, 0.0, 0.0, 1.0],
                [1.0, 7.6e-05, 8.5e-05, 0.0, -7.7e-05, -0.108785, 0.994065, 0.374721, 8.5e-05, -0.994065, -0.108785, 0.0, 0.0, 0.0, 0.0, 1.0],
                [1.0, 7.4e-05, 9.5e-05, 0.0, -7.5e-05, -0.231278, 0.972888, 0.374721, 9.4e-05, -0.972888, -0.231278, -0.0, 0.0, 0.0, 0.0, 1.0],
                [1.0, 7.3e-05, 9.8e-05, -0.0, -7.4e-05, -0.276241, 0.961088, 0.374721, 9.8e-05, -0.961088, -0.276241, 0.0, 0.0, 0.0, 0.0, 1.0],
                [1.0, 7.4e-05, 9.6e-05, 0.0, -7.4e-05, -0.254104, 0.967177, 0.374721, 9.6e-05, -0.967177, -0.254104, 0.0, 0.0, 0.0, 0.0, 1.0],
                [1.0, 7.6e-05, 8.8e-05, -0.0, -7.6e-05, -0.138568, 0.990353, 0.374721, 8.7e-05, -0.990353, -0.138568, -0.0, 0.0, 0.0, 0.0, 1.0],
                [1.0, 7.6e-05, 7.2e-05, -0.0, -7.7e-05, 0.065608, 0.997846, 0.374721, 7.1e-05, -0.997845, 0.065608, 0.0, 0.0, 0.0, 0.0, 1.0],
                [1.0, 7.2e-05, 5.3e-05, -0.0, -7.3e-05, 0.316543, 0.948578, 0.374721, 5.2e-05, -0.948578, 0.316543, 0.0, 0.0, 0.0, 0.0, 1.0],
                [1.0, 6.3e-05, 3.4e-05, 0.0, -6.4e-05, 0.564074, 0.825724, 0.374721, 3.3e-05, -0.825724, 0.564074, 0.0, 0.0, 0.0, 0.0, 1.0],
                [1.0, 4.8e-05, 1.8e-05, 0.0, -4.9e-05, 0.771834, 0.635825, 0.374721, 1.7e-05, -0.635824, 0.771834, -0.0, 0.0, 0.0, 0.0, 1.0],
                [1.0, 3e-05, 7e-06, 0.0, -3e-05, 0.918347, 0.395777, 0.374721, 6e-06, -0.395777, 0.918347, -0.0, 0.0, 0.0, 0.0, 1.0],
                [1.0, 4e-06, 1e-06, 0.0, -4e-06, 0.998602, 0.05286, 0.374721, -1e-06, -0.05286, 0.998602, 0.0, 0.0, 0.0, 0.0, 1.0],
                [1.0, 0.0, 1e-06, 0.0, -0.0, 1.0, 0.000403, 0.374721, -1e-06, -0.000403, 1.0, 0.0, 0.0, 0.0, 0.0, 1.0],
                [1.0, 0.0, 1e-06, -0.0, -0.0, 1.0, 0.000403, 0.374721, -1e-06, -0.000403, 1.0, 0.0, 0.0, 0.0, 0.0, 1.0],
                [1.0, 0.0, 1e-06, 0.0, -0.0, 1.0, 0.000403, 0.374721, -1e-06, -0.000403, 1.0, -0.0, 0.0, 0.0, 0.0, 1.0],
                [1.0, 3.6e-05, 1e-05, -0.0, -3.7e-05, 0.879458, 0.475976, 0.374721, 9e-06, -0.475975, 0.879458, -0.0, 0.0, 0.0, 0.0, 1.0],
                [1.0, 6.2e-05, 3.2e-05, 0.0, -6.2e-05, 0.58686, 0.809689, 0.374721, 3.1e-05, -0.809689, 0.58686, -0.0, 0.0, 0.0, 0.0, 1.0],
                [1.0, 6.9e-05, 4.5e-05, -0.0, -7e-05, 0.415019, 0.909813, 0.374721, 4.4e-05, -0.909813, 0.415019, -0.0, 0.0, 0.0, 0.0, 1.0],
                [1.0, 6.5e-05, 3.6e-05, -0.0, -6.5e-05, 0.533094, 0.846056, 0.374721, 3.5e-05, -0.846056, 0.533095, 0.0, 0.0, 0.0, 0.0, 1.0],
                [1.0, 4.7e-05, 1.7e-05, -0.0, -4.8e-05, 0.785548, 0.618801, 0.374721, 1.6e-05, -0.618801, 0.785548, -0.0, 0.0, 0.0, 0.0, 1.0],
                [1.0, 3.3e-05, 8e-06, 0.0, -3.3e-05, 0.904512, 0.426447, 0.374721, 7e-06, -0.426447, 0.904512, -0.0, 0.0, 0.0, 0.0, 1.0]
            ]
        },
        {
            "name": "Knee_L",
            "time": [0.0, 0.0167, 0.0333, 0.05, 0.0667, 0.0833, 0.1, 0.1167, 0.1333, 0.15, 0.1667, 0.1833, 0.2, 0.2167, 0.2333, 0.25, 0.2667, 0.2833, 0.3, 0.3167, 0.3333, 0.35, 0.3667, 0.3833, 0.4, 0.4167, 0.4333, 0.45, 0.4667, 0.4833, 0.5, 0.5167, 0.5333, 0.55, 0.5667, 0.5833, 0.6],
            "transform": [
                [1.0, 0.0, -0.0, 0.0, -0.0, 0.001565, -0.999999, 0.374721, -0.0, 0.999999, 0.001565, -0.0, 0.0, 0.0, 0.0, 1.0],
                [1.0, 0.0, -0.0, 0.0, -0.0, 0.001565, -0.999999, 0.374721, -0.0, 0.999999, 0.001565, 0.0, 0.0, 0.0, 0.0, 1.0],
                [1.0, 0.0, -0.0, -0.0, -0.0, 0.001565, -0.999999, 0.374721, -0.0, 0.999999, 0.001565, -0.0, 0.0, 0.0, 0.0, 1.0],
                [1.0, 0.0, -0.0, -0.0, -0.0, 0.001565, -0.999999, 0.374721, -0.0, 0.999999, 0.001565, -0.0, 0.0, 0.0, 0.0, 1.0],
                [1.0, 0.0, -0.0, 0.0, -0.0, 0.001565, -0.999999, 0.374721, -0.0, 0.999999, 0.001565, -0.0, 0.0, 0.0, 0.0, 1.0],
                [1.0, 0.0, -0.0, 0.0, -0.0, 0.001565, -0.999999, 0.374721, -0.0, 0.999999, 0.001565, -0.0, 0.0, 0.0, 0.0, 1.0],
                [1.0, 0.0, -0.0, -0.0, -0.0, 0.001565, -0.999999, 0.374721, -0.0, 0.999999, 0.001565, -0.0, 0.0, 0.0, 0.0, 1.0],
                [1.0, 0.0, -0.0, 0.0, -0.0, 0.001565, -0.999999, 0.374721, -0.0, 0.999999, 0.001564, 0.0, 0.0, 0.0, 0.0, 1.0],
                [1.0, 0.0, -0.0, 0.0, -0.0, 0.001565, -0.999999, 0.374721, -0.0, 0.999999, 0.001564, 0.0, 0.0, 0.0, 0.0, 1.0],
                [1.0, 0.0, -0.0, 0.0, -0.0, 0.001565, -0.999999, 0.374721, -0.0, 0.999999, 0.001565, -0.0, 0.0, 0.0, 0.0, 1.0],
                [1.0, 0.0, -0.0, -0.0, -0.0, 0.001565, -0.999999, 0.374721, -0.0, 0.999999, 0.001565, -0.0, 0.0, 0.0, 0.0, 1.0],
                [1.0, 0.0, -0.0, 0.0, -0.0, 0.001565, -0.999999, 0.374721, -0.0, 0.999999, 0.001564, -0.0, 0.0, 0.0, 0.0, 1.0],
                [1.0, 0.0, -0.0, -0.0, -0.0, 0.001565, -0.999999, 0.374721, -0.0, 0.999999, 0.001565, 0.0, 0.0, 0.0, 0.0, 1.0],
                [1.0, 0.0, -0.0, 0.0, -0.0, 0.001565, -0.999999, 0.374721, -0.0, 0.999999, 0.001565, -0.0, 0.0, 0.0, 0.0, 1.0],
                [1.0, 0.0, -0.0, 0.0, -0.0, 0.001565, -0.999999, 0.397365, -0.0, 0.999999, 0.001565, -3.5e-05, 0.0, 0.0, 0.0, 1.0],
                [1.0, 0.0, -0.0, 0.0, -0.0, 0.001565, -0.999999, 0.42815, -0.0, 0.999999, 0.001565, -8.4e-05, 0.0, 0.0, 0.0, 1.0],
                [1.0, 0.0, -0.0, 0.0, -0.0, 0.001565, -0.999999, 0.454495, -0.0, 0.999999, 0.001565, -0.000125, 0.0, 0.0, 0.0, 1.0],
                [1.0, 0.0, -0.0, 0.0, -0.0, 0.001565, -0.999999, 0.464721, -0.0, 0.999999, 0.001565, -0.000141, 0.0, 0.0, 0.0, 1.0],
                [1.0, 0.0, -0.0, 0.0, -0.0, 0.001565, -0.999999, 0.46472, -0.0, 0.999999, 0.001565, -0.000141, 0.0, 0.0, 0.0, 1.0],
                [1.0, 0.0, -0.0, 0.0, -0.0, 0.001565, -0.999999, 0.464721, -0.0, 0.999999, 0.001565, -0.000141, 0.0, 0.0, 0.0, 1.0],
                [1.0, 0.0, -0.0, 0.0, -0.0, 0.001565, -0.999999, 0.46472, -0.0, 0.999999, 0.001565, -0.000141, 0.0, 0.0, 0.0, 1.0],
                [1.0, 0.0, -0.0, 0.0, -0.0, 0.001565, -0.999999, 0.46472, -0.0, 0.999999, 0.001565, -0.000141, 0.0, 0.0, 0.0, 1.0],
                [1.0, 0.0, -0.0, 0.0, -0.0, 0.001565, -0.999999, 0.458809, -0.0, 0.999999, 0.001565, -0.000132, 0.0, 0.0, 0.0, 1.0],
                [1.0, 0.0, -0.0, 0.0, -0.0, 0.001565, -0.999999, 0.436771, -0.0, 0.999999, 0.001565, -9.7e-05, 0.0, 0.0, 0.0, 1.0],
                [1.0, 0.0, -0.0, 0.0, -0.0, 0.001565, -0.999999, 0.412945, -0.0, 0.999999, 0.001565, -6e-05, 0.0, 0.0, 0.0, 1.0],
                [1.0, 0.0, -0.0, 0.0, -0.0, 0.001565, -0.999999, 0.388674, -0.0, 0.999999, 0.001565, -2.2e-05, 0.0, 0.0, 0.0, 1.0],
                [1.0, 0.0, -0.0, 0.0, -0.0, 0.001565, -0.999999, 0.374721, -0.0, 0.999999, 0.001565, -0.0, 0.0, 0.0, 0.0, 1.0],
                [1.0, 0.0, -0.0, 0.0, -0.0, 0.001565, -0.999999, 0.374721, -0.0, 0.999999, 0.001565, 0.0, 0.0, 0.0, 0.0, 1.0],
                [1.0, 0.0, -0.0, 0.0, -0.0, 0.001565, -0.999999, 0.374721, -0.0, 0.999999, 0.001565, 0.0, 0.0, 0.0, 0.0, 1.0],
                [1.0, 0.0, -0.0, 0.0, -0.0, 0.001565, -0.999999, 0.374721, -0.0, 0.999999, 0.001565, 0.0, 0.0, 0.0, 0.0, 1.0],
                [1.0, 0.0, -0.0, 0.0, -0.0, 0.001565, -0.999999, 0.374721, -0.0, 0.999999, 0.001565, -0.0, 0.0, 0.0, 0.0, 1.0],
