{
    "animation": [
        {
            "name": "Root",
            "time": [0.0, 0.0167, 0.0333, 0.05, 0.0667, 0.0833, 0.1, 0.1167, 0.1333, 0.15, 0.1667, 0.1833, 0.2, 0.2167, 0.2333, 0.25, 0.2667, 0.2833, 0.3, 0.3167, 0.3333, 0.35, 0.3667, 0.3833, 0.4, 0.4167, 0.4333, 0.45, 0.4667, 0.4833, 0.5, 0.5167, 0.5333, 0.55, 0.5667, 0.5833, 0.6, 0.6167, 0.6333, 0.65, 0.6667, 0.6833, 0.7, 0.7167, 0.7333, 0.75, 0.7667, 0.7833, 0.8, 0.8167, 0.8333, 0.85, 0.8667, 0.8833, 0.9, 0.9167, 0.9333, 0.95, 0.9667, 0.9833, 1.0],
            "transform": [
                [0.542083, 0.0, -0.840325, -5e-06, -0.840325, 0.0, -0.542083, 0.000946, 0.0, 1.0, 0.0, 0.7042, 0.0, 0.0, 0.0, 1.0],
                [0.542083, 0.0, -0.840325, -5e-06, -0.840325, 0.0, -0.542083, 0.000946, 0.0, 1.0, 0.0, 0.7042, 0.0, 0.0, 0.0, 1.0],
                [0.542083, 0.0, -0.840325, -5e-06, -0.840325, 0.0, -0.542083, 0.000946, 0.0, 1.0, 0.0, 0.7042, 0.0, 0.0, 0.0, 1.0],
                [0.542083, 0.0, -0.840325, -5e-06, -0.840325, 0.0, -0.542083, 0.000946, 0.0, 1.0, 0.0, 0.7042, 0.0, 0.0, 0.0, 1.0],
                [0.542083, 0.0, -0.840325, -5e-06, -0.840325, 0.0, -0.542083, 0.000946, 0.0, 1.0, 0.0, 0.7042, 0.0, 0.0, 0.0, 1.0],
                [0.542083, 0.0, -0.840325, -5e-06, -0.840325, 0.0, -0.542083, 0.000946, 0.0, 1.0, 0.0, 0.7042, 0.0, 0.0, 0.0, 1.0],
                [0.542083, 0.0, -0.840325, -5e-06, -0.840325, 0.0, -0.542083, 0.000946, 0.0, 1.0, 0.0, 0.7042, 0.0, 0.0, 0.0, 1.0],
                [0.542083, 0.0, -0.840325, -5e-06, -0.840325, 0.0, -0.542083, 0.000946, 0.0, 1.0, 0.0, 0.7042, 0.0, 0.0, 0.0, 1.0],
                [0.542083, 0.0, -0.840325, -5e-06, -0.840325, 0.0, -0.542083, 0.000946, 0.0, 1.0, 0.0, 0.7042, 0.0, 0.0, 0.0, 1.0],
                [0.542083, 0.0, -0.840325, -5e-06, -0.840325, 0.0, -0.542083, 0.000946, 0.0, 1.0, 0.0, 0.7042, 0.0, 0.0, 0.0, 1.0],
                [0.542083, 0.0, -0.840325, -5e-06, -0.840325, 0.0, -0.542083, 0.000946, 0.0, 1.0, 0.0, 0.7042, 0.0, 0.0, 0.0, 1.0],
                [0.538596, 0.0, -0.842564, -5e-06, -0.842564, 0.0, -0.538596, 0.000946, 0.0, 1.0, 0.0, 0.7042, 0.0, 0.0, 0.0, 1.0],
                [0.528044, 0.0, -0.849217, -5e-06, -0.849217, 0.0, -0.528044, 0.000946, 0.0, 1.0, 0.0, 0.7042, 0.0, 0.0, 0.0, 1.0],
                [0.510702, 0.0, -0.859758, -5e-06, -0.859758, 0.0, -0.510702, 0.000946, 0.0, 1.0, 0.0, 0.7042, 0.0, 0.0, 0.0, 1.0],
                [0.487687, 0.0, -0.873018, -5e-06, -0.873018, 0.0, -0.487687, 0.000946, 0.0, 1.0, 0.0, 0.7042, 0.0, 0.0, 0.0, 1.0],
                [0.46119, 0.0, -0.887301, -5e-06, -0.887301, 0.0, -0.46119, 0.000946, 0.0, 1.0, 0.0, 0.7042, 0.0, 0.0, 0.0, 1.0],
                [0.434275, 0.0, -0.90078, -5e-06, -0.90078, 0.0, -0.434275, 0.000946, 0.0, 1.0, 0.0, 0.7042, 0.0, 0.0, 0.0, 1.0],
                [0.410199, 0.0, -0.911996, -5e-06, -0.911996, 0.0, -0.410199, 0.000946, 0.0, 1.0, 0.0, 0.7042, 0.0, 0.0, 0.0, 1.0],
                [0.391606, 0.0, -0.920133, -5e-06, -0.920133, 0.0, -0.391606, 0.000946, 0.0, 1.0, 0.0, 0.7042, 0.0, 0.0, 0.0, 1.0],
                [0.380098, 0.0, -0.924946, -5e-06, -0.924946, 0.0, -0.380098, 0.000946, 0.0, 1.0, 0.0, 0.7042, 0.0, 0.0, 0.0, 1.0],
                [0.376262, 0.0, -0.926513, -5e-06, -0.926513, 0.0, -0.376262, 0.000946, 0.0, 1.0, 0.0, 0.7042, 0.0, 0.0, 0.0, 1.0],
                [0.376262, 0.0, -0.926513, -5e-06, -0.926513, 0.0, -0.376262, 0.006765, 0.0, 1.0, 0.0, 0.700126, 0.0, 0.0, 0.0, 1.0],
                [0.376262, 0.0, -0.926513, -5e-06, -0.926513, 0.0, -0.376262, 0.024222, 0.0, 1.0, 0.0, 0.687903, 0.0, 0.0, 0.0, 1.0],
                [0.376262, 0.0, -0.926513, -5e-06, -0.926513, 0.0, -0.376262, 0.052252, 0.0, 1.0, 0.0, 0.668277, 0.0, 0.0, 0.0, 1.0],
                [0.376262, 0.0, -0.926513, -5e-06, -0.926513, 0.0, -0.376262, 0.087911, 0.0, 1.0, 0.0, 0.64331, 0.0, 0.0, 0.0, 1.0],
                [0.376262, 0.0, -0.926513, -5e-06, -0.926513, 0.0, -0.376262, 0.126382, 0.0, 1.0, 0.0, 0.616373, 0.0, 0.0, 0.0, 1.0],
                [0.376262, 0.0, -0.926513, -5e-06, -0.926513, 0.0, -0.376262, 0.162041, 0.0, 1.0, 0.0, 0.591406, 0.0, 0.0, 0.0, 1.0],
                [0.376262, 0.0, -0.926513, -5e-06, -0.926513, 0.0, -0.376262, 0.190071, 0.0, 1.0, 0.0, 0.57178, 0.0, 0.0, 0.0, 1.0],
                [0.376262, 0.0, -0.926513, -5e-06, -0.926513, 0.0, -0.376262, 0.207528, 0.0, 1.0, 0.0, 0.559557, 0.0, 0.0, 0.0, 1.0],
                [0.376262, 0.0, -0.926513, -5e-06, -0.926513, 0.0, -0.376262, 0.213347, 0.0, 1.0, 0.0, 0.555483, 0.0, 0.0, 0.0, 1.0],
                [0.376262, 0.0, -0.926513, -5e-06, -0.926513, 0.0, -0.376262, 0.213347, 0.0, 1.0, 0.0, 0.555483, 0.0, 0.0, 0.0, 1.0],
                [0.376262, 0.0, -0.926513, -5e-06, -0.926513, 0.0, -0.376262, 0.213347, 0.0, 1.0, 0.0, 0.555483, 0.0, 0.0, 0.0, 1.0],
                [0.376262, 0.0, -0.926513, -5e-06, -0.926513, 0.0, -0.376262, 0.213347, 0.0, 1.0, 0.0, 0.555483, 0.0, 0.0, 0.0, 1.0],
                [0.376262, 0.0, -0.926513, -5e-06, -0.926513, 0.0, -0.376262, 0.213347, 0.0, 1.0, 0.0, 0.555483, 0.0, 0.0, 0.0, 1.0],
                [0.376262, 0.0, -0.926513, -5e-06, -0.926513, 0.0, -0.376262, 0.213347, 0.0, 1.0, 0.0, 0.555483, 0.0, 0.0, 0.0, 1.0],
                [0.376262, 0.0, -0.926513, -5e-06, -0.926513, 0.0, -0.376262, 0.213347, 0.0, 1.0, 0.0, 0.555483, 0.0, 0.0, 0.0, 1.0],
                [0.376262, 0.0, -0.926513, -5e-06, -0.926513, 0.0, -0.376262, 0.213347, 0.0, 1.0, 0.0, 0.555483, 0.0, 0.0, 0.0, 1.0],
                [0.376262, 0.0, -0.926513, -5e-06, -0.926513, 0.0, -0.376262, 0.207528, 0.0, 1.0, 0.0, 0.555483, 0.0, 0.0, 0.0, 1.0],
                [0.376262, 0.0, -0.926513, -5e-06, -0.926513, 0.0, -0.376262, 0.190071, 0.0, 1.0, 0.0, 0.555483, 0.0, 0.0, 0.0, 1.0],
                [0.376262, 0.0, -0.926513, -5e-06, -0.926513, 0.0, -0.376262, 0.162041, 0.0, 1.0, 0.0, 0.555483, 0.0, 0.0, 0.0, 1.0],
                [0.376262, 0.0, -0.926513, -5e-06, -0.926513, 0.0, -0.376262, 0.126382, 0.0, 1.0, 0.0, 0.555483, 0.0, 0.0, 0.0, 1.0],
                [0.376262, 0.0, -0.926513, -5e-06, -0.926513, 0.0, -0.376262, 0.087911, 0.0, 1.0, 0.0, 0.555483, 0.0, 0.0, 0.0, 1.0],
                [0.376262, 0.0, -0.926513, -5e-06, -0.926513, 0.0, -0.376262, 0.052252, 0.0, 1.0, 0.0, 0.555483, 0.0, 0.0, 0.0, 1.0],
                [0.376262, 0.0, -0.926513, -5e-06, -0.926513, 0.0, -0.376262, 0.024222, 0.0, 1.0, 0.0, 0.555483, 0.0, 0.0, 0.0, 1.0],
                [0.376262, 0.0, -0.926513, -5e-06, -0.926513, 0.0, -0.376262, 0.006765, 0.0, 1.0, 0.0, 0.555483, 0.0, 0.0, 0.0, 1.0],
                [0.376262, 0.0, -0.926513, -5e-06, -0.926513, 0.0, -0.376262, 0.000946, 0.0, 1.0, 0.0, 0.555483, 0.0, 0.0, 0.0, 1.0],
                [0.377962, 0.0, -0.925821, -5e-06, -0.925821, 0.0, -0.377962, 0.000946, 0.0, 1.0, 0.0, 0.556943, 0.0, 0.0, 0.0, 1.0],
                [0.383093, 0.0, -0.92371, -5e-06, -0.92371, 0.0, -0.383093, 0.000946, 0.0, 1.0, 0.0, 0.561358, 0.0, 0.0, 0.0, 1.0],
                [0.391606, 0.0, -0.920133, -5e-06, -0.920133, 0.0, -0.391606, 0.000946, 0.0, 1.0, 0.0, 0.568702, 0.0, 0.0, 0.0, 1.0],
                [0.40329, 0.0, -0.915072, -5e-06, -0.915072, 0.0, -0.40329, 0.000946, 0.0, 1.0, 0.0, 0.578825, 0.0, 0.0, 0.0, 1.0],
                [0.417726, 0.0, -0.908573, -5e-06, -0.908573, 0.0, -0.417726, 0.000946, 0.0, 1.0, 0.0, 0.591406, 0.0, 0.0, 0.0, 1.0],
                [0.434275, 0.0, -0.90078, -5e-06, -0.90078, 0.0, -0.434275, 0.000946, 0.0, 1.0, 0.0, 0.605937, 0.0, 0.0, 0.0, 1.0],
                [0.4521, 0.0, -0.891967, -5e-06, -0.891967, 0.0, -0.4521, 0.000946, 0.0, 1.0, 0.0, 0.621728, 0.0, 0.0, 0.0, 1.0],
                [0.470233, 0.0, -0.882542, -5e-06, -0.882542, 0.0, -0.470233, 0.000946, 0.0, 1.0, 0.0, 0.637955, 0.0, 0.0, 0.0, 1.0],
                [0.487687, 0.0, -0.873018, -5e-06, -0.873018, 0.0, -0.487687, 0.000946, 0.0, 1.0, 0.0, 0.653746, 0.0, 0.0, 0.0, 1.0],
                [0.503575, 0.0, -0.863952, -5e-06, -0.863952, 0.0, -0.503575, 0.000946, 0.0, 1.0, 0.0, 0.668277, 0.0, 0.0, 0.0, 1.0],
                [0.517189, 0.0, -0.855871, -5e-06, -0.855871, 0.0, -0.517189, 0.000946, 0.0, 1.0, 0.0, 0.680858, 0.0, 0.0, 0.0, 1.0],
                [0.528044, 0.0, -0.849217, -5e-06, -0.849217, 0.0, -0.528044, 0.000946, 0.0, 1.0, 0.0, 0.690981, 0.0, 0.0, 0.0, 1.0],
                [0.535864, 0.0, -0.844304, -5e-06, -0.844304, 0.0, -0.535864, 0.000946, 0.0, 1.0, 0.0, 0.698326, 0.0, 0.0, 0.0, 1.0],
                [0.54054, 0.0, -0.841318, -5e-06, -0.841318, 0.0, -0.54054, 0.000946, 0.0, 1.0, 0.0, 0.70274, 0.0, 0.0, 0.0, 1.0],
                [0.542083, 0.0, -0.840325, -5e-06, -0.840325, 0.0, -0.542083, 0.000946, 0.0, 1.0, 0.0, 0.7042, 0.0, 0.0, 0.0, 1.0]
            ]
        },
        {
            "name": "Thigh_R",
            "time": [0.0, 0.0167, 0.0333, 0.05, 0.0667, 0.0833, 0.1, 0.1167, 0.1333, 0.15, 0.1667, 0.1833, 0.2, 0.2167, 0.2333, 0.25, 0.2667, 0.2833, 0.3, 0.3167, 0.3333, 0.35, 0.3667, 0.3833, 0.4, 0.4167, 0.4333, 0.45, 0.4667, 0.4833, 0.5, 0.5167, 0.5333, 0.55, 0.5667, 0.5833, 0.6, 0.6167, 0.6333, 0.65, 0.6667, 0.6833, 0.7, 0.7167, 0.7333, 0.75, 0.7667, 0.7833, 0.8, 0.8167, 0.8333, 0.85, 0.8667, 0.8833, 0.9, 0.9167, 0.9333, 0.95, 0.9667, 0.9833, 1.0],
            "transform": [
                [0.920475, 0.317247, -0.228212, 0.124994, 0.364948, -0.906663, 0.211602, -0.002831, -0.139781, -0.27806, -0.950339, -1.2e-05, 0.0, 0.0, 0.0, 1.0],
                [0.920475, 0.317247, -0.228212, 0.124994, 0.364948, -0.906663, 0.211602, -0.002831, -0.139781, -0.27806, -0.950339, -1.2e-05, 0.0, 0.0, 0.0, 1.0],
                [0.920475, 0.317247, -0.228212, 0.124994, 0.364948, -0.906663, 0.211602, -0.002831, -0.139781, -0.27806, -0.950339, -1.2e-05, 0.0, 0.0, 0.0, 1.0],
                [0.920475, 0.317247, -0.228212, 0.124994, 0.364948, -0.906663, 0.211602, -0.002831, -0.139781, -0.27806, -0.950339, -1.2e-05, 0.0, 0.0, 0.0, 1.0],
                [0.920475, 0.317247, -0.228212, 0.124994, 0.364948, -0.906663, 0.211602, -0.002831, -0.139781, -0.27806, -0.950339, -1.2e-05, 0.0, 0.0, 0.0, 1.0],
                [0.920475, 0.317247, -0.228212, 0.124994, 0.364948, -0.906663, 0.211602, -0.002831, -0.139781, -0.27806, -0.950339, -1.2e-05, 0.0, 0.0, 0.0, 1.0],
                [0.920475, 0.317247, -0.228212, 0.124994, 0.364948, -0.906663, 0.211602, -0.002831, -0.139781, -0.27806, -0.950339, -1.2e-05, 0.0, 0.0, 0.0, 1.0],
                [0.920475, 0.317247, -0.228212, 0.124994, 0.364948, -0.906663, 0.211602, -0.002831, -0.139781, -0.27806, -0.950339, -1.2e-05, 0.0, 0.0, 0.0, 1.0],
                [0.920475, 0.317247, -0.228212, 0.124994, 0.364948, -0.906663, 0.211602, -0.002831, -0.139781, -0.27806, -0.950339, -1.2e-05, 0.0, 0.0, 0.0, 1.0],
                [0.920475, 0.317247, -0.228212, 0.124994, 0.364948, -0.906663, 0.211602, -0.002831, -0.139781, -0.27806, -0.950339, -1.2e-05, 0.0, 0.0, 0.0, 1.0],
                [0.920475, 0.317247, -0.228212, 0.124994, 0.364948, -0.906663, 0.211602, -0.002831, -0.139781, -0.27806, -0.950339, -1.2e-05, 0.0, 0.0, 0.0, 1.0],
                [0.920474, 0.317246, -0.228212, 0.124994, 0.364948, -0.906663, 0.211602, -0.002831, -0.139781, -0.27806, -0.950339, -1.2e-05, 0.0, 0.0, 0.0, 1.0],
                [0.920475, 0.317247, -0.228212, 0.124994, 0.364948, -0.906662, 0.211602, -0.002831, -0.139781, -0.27806, -0.950339, -1.2e-05, 0.0, 0.0, 0.0, 1.0],
                [0.920475, 0.317247, -0.228212, 0.124994, 0.364948, -0.906662, 0.211602, -0.002831, -0.139781, -0.27806, -0.950339, -1.2e-05, 0.0, 0.0, 0.0, 1.0],
                [0.920475, 0.317247, -0.228212, 0.124994, 0.364948, -0.906663, 0.211602, -0.002831, -0.139781, -0.27806, -0.950339, -1.2e-05, 0.0, 0.0, 0.0, 1.0],
                [0.920475, 0.317247, -0.228212, 0.124994, 0.364948, -0.906662, 0.211602, -0.002831, -0.139781, -0.27806, -0.950339, -1.2e-05, 0.0, 0.0, 0.0, 1.0],
                [0.920475, 0.317247, -0.228212, 0.124994, 0.364948, -0.906663, 0.211602, -0.002831, -0.139781, -0.27806, -0.950339, -1.2e-05, 0.0, 0.0, 0.0, 1.0],
                [0.920474, 0.317247, -0.228212, 0.124994, 0.364948, -0.906662, 0.211602, -0.002831, -0.139781, -0.27806, -0.950339, -1.2e-05, 0.0, 0.0, 0.0, 1.0],
                [0.920475, 0.317247, -0.228212, 0.124994, 0.364948, -0.906662, 0.211602, -0.002831, -0.139781, -0.27806, -0.950339, -1.2e-05, 0.0, 0.0, 0.0, 1.0],
                [0.920475, 0.317247, -0.228212, 0.124994, 0.364948, -0.906662, 0.211602, -0.002831, -0.139781, -0.27806, -0.950339, -1.2e-05, 0.0, 0.0, 0.0, 1.0],
                [0.920475, 0.317247, -0.228212, 0.124994, 0.364948, -0.906663, 0.211602, -0.002831, -0.139781, -0.27806, -0.950339, -1.2e-05, 0.0, 0.0, 0.0, 1.0],
                [0.917046, 0.320568, -0.237197, 0.124994, 0.37316, -0.899587, 0.226924, -0.002831, -0.140635, -0.296613, -0.944586, -1.2e-05, 0.0, 0.0, 0.0, 1.0],
                [0.906521, 0.332844, -0.259682, 0.124994, 0.397254, -0.88072, 0.257918, -0.002831, -0.142861, -0.336968, -0.930614, -1.2e-05, 0.0, 0.0, 0.0, 1.0],
                [0.888624, 0.356572, -0.288451, 0.124994, 0.43504, -0.854463, 0.28396, -0.002831, -0.145219, -0.377822, -0.914419, -1.2e-05, 0.0, 0.0, 0.0, 1.0],
                [0.863887, 0.391451, -0.316963, 0.124994, 0.482098, -0.824871, 0.295245, -0.002831, -0.14588, -0.407865, -0.901313, -1.2e-05, 0.0, 0.0, 0.0, 1.0],
                [0.834648, 0.433764, -0.339428, 0.124994, 0.531752, -0.795204, 0.291358, -0.002831, -0.143534, -0.423673, -0.894371, -1.2e-05, 0.0, 0.0, 0.0, 1.0],
                [0.80519, 0.476826, -0.35257, 0.124994, 0.576625, -0.768354, 0.277734, -0.002831, -0.138468, -0.426929, -0.893621, -1.2e-05, 0.0, 0.0, 0.0, 1.0],
                [0.78047, 0.512951, -0.357417, 0.124994, 0.610988, -0.746978, 0.262142, -0.002831, -0.132517, -0.422971, -0.896401, -1.2e-05, 0.0, 0.0, 0.0, 1.0],
                [0.764397, 0.536321, -0.357851, 0.124994, 0.631925, -0.73334, 0.250764, -0.002831, -0.127936, -0.417818, -0.899478, -1.2e-05, 0.0, 0.0, 0.0, 1.0],
                [0.758927, 0.544242, -0.357535, 0.124994, 0.638818, -0.728721, 0.246732, -0.002831, -0.126261, -0.415651, -0.900718, -1.2e-05, 0.0, 0.0, 0.0, 1.0],
                [0.758927, 0.544242, -0.357535, 0.124994, 0.638818, -0.728721, 0.246732, -0.002831, -0.126261, -0.415651, -0.900718, -1.2e-05, 0.0, 0.0, 0.0, 1.0],
                [0.758927, 0.544242, -0.357535, 0.124994, 0.638818, -0.728721, 0.246732, -0.002831, -0.126261, -0.415651, -0.900718, -1.2e-05, 0.0, 0.0, 0.0, 1.0],
                [0.758927, 0.544242, -0.357535, 0.124994, 0.638818, -0.728721, 0.246732, -0.002831, -0.126261, -0.415651, -0.900718, -1.2e-05, 0.0, 0.0, 0.0, 1.0],
                [0.758927, 0.544242, -0.357535, 0.124994, 0.638818, -0.728721, 0.246732, -0.002831, -0.126261, -0.415651, -0.900718, -1.2e-05, 0.0, 0.0, 0.0, 1.0],
                [0.758927, 0.544242, -0.357535, 0.124994, 0.638818, -0.728721, 0.246732, -0.002831, -0.126261, -0.415651, -0.900718, -1.2e-05, 0.0, 0.0, 0.0, 1.0],
                [0.758927, 0.544242, -0.357535, 0.124994, 0.638818, -0.728721, 0.246732, -0.002831, -0.126261, -0.415651, -0.900718, -1.2e-05, 0.0, 0.0, 0.0, 1.0],
                [0.758927, 0.544242, -0.357535, 0.124994, 0.638818, -0.728721, 0.246732, -0.002831, -0.126261, -0.415651, -0.900718, -1.2e-05, 0.0, 0.0, 0.0, 1.0],
                [0.758927, 0.544242, -0.357535, 0.124994, 0.638818, -0.728721, 0.246732, -0.002831, -0.126261, -0.415651, -0.900718, -1.2e-05, 0.0, 0.0, 0.0, 1.0],
                [0.758927, 0.544242, -0.357535, 0.124994, 0.638818, -0.728721, 0.246732, -0.002831, -0.126261, -0.415651, -0.900718, -1.2e-05, 0.0, 0.0, 0.0, 1.0],
                [0.758927, 0.544242, -0.357535, 0.124994, 0.638818, -0.728721, 0.246732, -0.002831, -0.126262, -0.415651, -0.900718, -1.2e-05, 0.0, 0.0, 0.0, 1.0],
                [0.758927, 0.544242, -0.357535, 0.124994, 0.638818, -0.728721, 0.246732, -0.002831, -0.126262, -0.415651, -0.900718, -1.2e-05, 0.0, 0.0, 0.0, 1.0],
                [0.758927, 0.544242, -0.357535, 0.124994, 0.638818, -0.728721, 0.246732, -0.002831, -0.126261, -0.415651, -0.900718, -1.2e-05, 0.0, 0.0, 0.0, 1.0],
                [0.758927, 0.544242, -0.357535, 0.124994, 0.638818, -0.728721, 0.246732, -0.002831, -0.126261, -0.415651, -0.900718, -1.2e-05, 0.0, 0.0, 0.0, 1.0],
                [0.758927, 0.544242, -0.357535, 0.124994, 0.638818, -0.728721, 0.246732, -0.002831, -0.126261, -0.415651, -0.900718, -1.2e-05, 0.0, 0.0, 0.0, 1.0],
                [0.758927, 0.544242, -0.357535, 0.124994, 0.638818, -0.728721, 0.246732, -0.002831, -0.126262, -0.415651, -0.900718, -1.2e-05, 0.0, 0.0, 0.0, 1.0],
                [0.758926, 0.544242, -0.357535, 0.124994, 0.638818, -0.728721, 0.246732, -0.002831, -0.126262, -0.415651, -0.900718, -1.2e-05, 0.0, 0.0, 0.0, 1.0],
                [0.760894, 0.541396, -0.357675, 0.124994, 0.636353, -0.730381, 0.248189, -0.002831, -0.12687, -0.416453, -0.900261, -1.2e-05, 0.0, 0.0, 0.0, 1.0],
                [0.766797, 0.53284, -0.357916, 0.124994, 0.628865, -0.735369, 0.252509, -0.002831, -0.128653, -0.418704, -0.898964, -1.2e-05, 0.0, 0.0, 0.0, 1.0],
                [0.776471, 0.518777, -0.357718, 0.124994, 0.616295, -0.743573, 0.259385, -0.002831, -0.131427, -0.421865, -0.897083, -1.2e-05, 0.0, 0.0, 0.0, 1.0],
                [0.789499, 0.499774, -0.356253, 0.124994, 0.598753, -0.754711, 0.268153, -0.002831, -0.134852, -0.425014, -0.895085, -1.2e-05, 0.0, 0.0, 0.0, 1.0],
                [0.80519, 0.476826, -0.35257, 0.124994, 0.576625, -0.768354, 0.277734, -0.002831, -0.138468, -0.426929, -0.893621, -1.2e-05, 0.0, 0.0, 0.0, 1.0],
                [0.822609, 0.451365, -0.345808, 0.124994, 0.550652, -0.783997, 0.286584, -0.002831, -0.141758, -0.426167, -0.893468, -1.2e-05, 0.0, 0.0, 0.0, 1.0],
                [0.840671, 0.424989, -0.335642, 0.124994, 0.521979, -0.800996, 0.293162, -0.002831, -0.144257, -0.421651, -0.89521, -1.2e-05, 0.0, 0.0, 0.0, 1.0],
                [0.858285, 0.399475, -0.322129, 0.124994, 0.492065, -0.818823, 0.295635, -0.002831, -0.145668, -0.412248, -0.899351, -1.2e-05, 0.0, 0.0, 0.0, 1.0],
                [0.8745, 0.376307, -0.306009, 0.124994, 0.462551, -0.836869, 0.29274, -0.002831, -0.145929, -0.397546, -0.905903, -1.2e-05, 0.0, 0.0, 0.0, 1.0],
                [0.888623, 0.356572, -0.288451, 0.124994, 0.43504, -0.854463, 0.28396, -0.002831, -0.145219, -0.377821, -0.914419, -1.2e-05, 0.0, 0.0, 0.0, 1.0],
                [0.900247, 0.340904, -0.270814, 0.124994, 0.410916, -0.870857, 0.269733, -0.002831, -0.143887, -0.354108, -0.924069, -1.2e-05, 0.0, 0.0, 0.0, 1.0],
                [0.909211, 0.329501, -0.254489, 0.124994, 0.391244, -0.885207, 0.251666, -0.002831, -0.142351, -0.328385, -0.933755, -1.2e-05, 0.0, 0.0, 0.0, 1.0],
                [0.915521, 0.322198, -0.240851, 0.124994, 0.376751, -0.896625, 0.232641, -0.002831, -0.140996, -0.303729, -0.942268, -1.2e-05, 0.0, 0.0, 0.0, 1.0],
                [0.919249, 0.318378, -0.231551, 0.124994, 0.367906, -0.904069, 0.217494, -0.002831, -0.140093, -0.28512, -0.948198, -1.2e-05, 0.0, 0.0, 0.0, 1.0],
                [0.920475, 0.317247, -0.228212, 0.124994, 0.364948, -0.906663, 0.211602, -0.002831, -0.139781, -0.27806, -0.950339, -1.2e-05, 0.0, 0.0, 0.0, 1.0]
            ]
        },
        {
            "name": "Leg_R",
            "time": [0.0, 0.0167, 0.0333, 0.05, 0.0667, 0.0833, 0.1, 0.1167, 0.1333, 0.15, 0.1667, 0.1833, 0.2, 0.2167, 0.2333, 0.25, 0.2667, 0.2833, 0.3, 0.3167, 0.3333, 0.35, 0.3667, 0.3833, 0.4, 0.4167, 0.4333, 0.45, 0.4667, 0.4833, 0.5, 0.5167, 0.5333, 0.55, 0.5667, 0.5833, 0.6, 0.6167, 0.6333, 0.65, 0.6667, 0.6833, 0.7, 0.7167, 0.7333, 0.75, 0.7667, 0.7833, 0.8, 0.8167, 0.8333, 0.85, 0.8667, 0.8833, 0.9, 0.9167, 0.9333, 0.95, 0.9667, 0.9833, 1.0],
            "transform": [
                [0.999953, -0.009575, -0.001391, -0.0, 0.009605, 0.965066, 0.261832, 0.374721, -0.001165, -0.261833, 0.965112, -0.0, 0.0, 0.0, 0.0, 1.0],
                [0.999953, -0.009575, -0.001391, -0.0, 0.009605, 0.965066, 0.261832, 0.374721, -0.001165, -0.261833, 0.965112, -0.0, 0.0, 0.0, 0.0, 1.0],
                [0.999953, -0.009575, -0.001391, -0.0, 0.009605, 0.965066, 0.261832, 0.374721, -0.001165, -0.261833, 0.965112, -0.0, 0.0, 0.0, 0.0, 1.0],
                [0.999953, -0.009575, -0.001391, -0.0, 0.009605, 0.965066, 0.261832, 0.374721, -0.001165, -0.261833, 0.965112, -0.0, 0.0, 0.0, 0.0, 1.0],
                [0.999953, -0.009575, -0.001391, -0.0, 0.009605, 0.965066, 0.261832, 0.374721, -0.001165, -0.261833, 0.965112, -0.0, 0.0, 0.0, 0.0, 1.0],
                [0.999953, -0.009575, -0.001391, -0.0, 0.009605, 0.965066, 0.261832, 0.374721, -0.001165, -0.261833, 0.965112, -0.0, 0.0, 0.0, 0.0, 1.0],
                [0.999953, -0.009575, -0.001391, -0.0, 0.009605, 0.965066, 0.261832, 0.374721, -0.001165, -0.261833, 0.965112, -0.0, 0.0, 0.0, 0.0, 1.0],
                [0.999953, -0.009575, -0.001391, -0.0, 0.009605, 0.965066, 0.261832, 0.374721, -0.001165, -0.261833, 0.965112, -0.0, 0.0, 0.0, 0.0, 1.0],
                [0.999953, -0.009575, -0.001391, -0.0, 0.009605, 0.965066, 0.261832, 0.374721, -0.001165, -0.261833, 0.965112, -0.0, 0.0, 0.0, 0.0, 1.0],
                [0.999953, -0.009575, -0.001391, -0.0, 0.009605, 0.965066, 0.261832, 0.374721, -0.001165, -0.261833, 0.965112, -0.0, 0.0, 0.0, 0.0, 1.0],
                [0.999953, -0.009575, -0.001391, -0.0, 0.009605, 0.965066, 0.261832, 0.374721, -0.001165, -0.261833, 0.965112, -0.0, 0.0, 0.0, 0.0, 1.0],
                [0.999953, -0.009575, -0.001391, -0.0, 0.009605, 0.965066, 0.261832, 0.374721, -0.001165, -0.261833, 0.965112, 0.0, 0.0, 0.0, 0.0, 1.0],
                [0.999954, -0.009575, -0.001391, 0.0, 0.009605, 0.965066, 0.261833, 0.374721, -0.001165, -0.261834, 0.965113, 0.0, 0.0, 0.0, 0.0, 1.0],
                [0.999953, -0.009575, -0.001391, -0.0, 0.009605, 0.965066, 0.261832, 0.374721, -0.001165, -0.261833, 0.965113, 0.0, 0.0, 0.0, 0.0, 1.0],
                [0.999954, -0.009575, -0.001391, 0.0, 0.009605, 0.965066, 0.261832, 0.374721, -0.001165, -0.261832, 0.965113, -0.0, 0.0, 0.0, 0.0, 1.0],
                [0.999953, -0.009575, -0.001391, 0.0, 0.009605, 0.965066, 0.261833, 0.374721, -0.001165, -0.261833, 0.965113, 0.0, 0.0, 0.0, 0.0, 1.0],
                [0.999953, -0.009575, -0.001391, -0.0, 0.009605, 0.965066, 0.261832, 0.374721, -0.001165, -0.261833, 0.965113, 0.0, 0.0, 0.0, 0.0, 1.0],
                [0.999953, -0.009575, -0.001391, 0.0, 0.009605, 0.965065, 0.261833, 0.374721, -0.001165, -0.261834, 0.965112, 0.0, 0.0, 0.0, 0.0, 1.0],
                [0.999953, -0.009575, -0.001391, 0.0, 0.009605, 0.965066, 0.261833, 0.374721, -0.001165, -0.261834, 0.965113, 0.0, 0.0, 0.0, 0.0, 1.0],
                [0.999953, -0.009575, -0.001391, 0.0, 0.009605, 0.965066, 0.261832, 0.374721, -0.001165, -0.261833, 0.965113, 0.0, 0.0, 0.0, 0.0, 1.0],
                [0.999953, -0.009575, -0.001391, 0.0, 0.009605, 0.965066, 0.261832, 0.374721, -0.001165, -0.261833, 0.965113, 0.0, 0.0, 0.0, 0.0, 1.0],
                [0.999937, -0.011105, -0.001842, -0.0, 0.01114, 0.952709, 0.303681, 0.374721, -0.001617, -0.303682, 0.952772, 0.0, 0.0, 0.0, 0.0, 1.0],
                [0.99989, -0.014527, -0.003125, 0.0, 0.014573, 0.917595, 0.397251, 0.374721, -0.002904, -0.397253, 0.917705, -0.0, 0.0, 0.0, 0.0, 1.0],
                [0.999823, -0.018188, -0.004959, 0.0, 0.018245, 0.86735, 0.497366, 0.374721, -0.004745, -0.497368, 0.867527, 0.0, 0.0, 0.0, 0.0, 1.0],
                [0.999752, -0.021197, -0.006886, -0.0, 0.021263, 0.814598, 0.579636, 0.374721, -0.006677, -0.579638, 0.814846, -0.0, 0.0, 0.0, 0.0, 1.0],
                [0.999694, -0.023254, -0.008463, 0.0, 0.023328, 0.771416, 0.635904, 0.374721, -0.008259, -0.635906, 0.771722, 0.0, 0.0, 0.0, 0.0, 1.0],
                [0.999658, -0.024406, -0.009453, 0.0, 0.024483, 0.744298, 0.667399, 0.374721, -0.009253, -0.667402, 0.74464, 0.0, 0.0, 0.0, 0.0, 1.0],
                [0.999641, -0.02491, -0.009913, -0.0, 0.024988, 0.7317, 0.681169, 0.374721, -0.009714, -0.681172, 0.732059, -0.0, 0.0, 0.0, 0.0, 1.0],
                [0.999636, -0.025065, -0.010059, 0.0, 0.025144, 0.727714, 0.68542, 0.374721, -0.00986, -0.685423, 0.728078, -0.0, 0.0, 0.0, 0.0, 1.0],
                [0.999635, -0.025091, -0.010083, 0.0, 0.02517, 0.727045, 0.686129, 0.374721, -0.009885, -0.686131, 0.72741, 0.0, 0.0, 0.0, 0.0, 1.0],
                [0.999635, -0.025091, -0.010083, 0.0, 0.02517, 0.727045, 0.686129, 0.374721, -0.009885, -0.686131, 0.72741, 0.0, 0.0, 0.0, 0.0, 1.0],
                [0.999635, -0.025091, -0.010083, 0.0, 0.02517, 0.727045, 0.686129, 0.374721, -0.009885, -0.686131, 0.72741, 0.0, 0.0, 0.0, 0.0, 1.0],
                [0.999635, -0.025091, -0.010083, 0.0, 0.02517, 0.727045, 0.686129, 0.374721, -0.009885, -0.686131, 0.72741, 0.0, 0.0, 0.0, 0.0, 1.0],
                [0.999635, -0.025091, -0.010083, 0.0, 0.02517, 0.727045, 0.686129, 0.374721, -0.009885, -0.686131, 0.72741, 0.0, 0.0, 0.0, 0.0, 1.0],
                [0.999635, -0.025091, -0.010083, 0.0, 0.02517, 0.727045, 0.686129, 0.374721, -0.009885, -0.686131, 0.72741, 0.0, 0.0, 0.0, 0.0, 1.0],
                [0.999635, -0.025091, -0.010083, 0.0, 0.02517, 0.727045, 0.686129, 0.374721, -0.009885, -0.686131, 0.72741, 0.0, 0.0, 0.0, 0.0, 1.0],
                [0.999635, -0.025091, -0.010083, 0.0, 0.02517, 0.727045, 0.686129, 0.374721, -0.009885, -0.686131, 0.72741, 0.0, 0.0, 0.0, 0.0, 1.0],
                [0.999635, -0.025091, -0.010083, 0.0, 0.02517, 0.727045, 0.686129, 0.374721, -0.009885, -0.686132, 0.72741, 0.0, 0.0, 0.0, 0.0, 1.0],
                [0.999635, -0.025091, -0.010083, -0.0, 0.02517, 0.727045, 0.686129, 0.374721, -0.009885, -0.686132, 0.72741, -0.0, 0.0, 0.0, 0.0, 1.0],
                [0.999635, -0.025091, -0.010083, -0.0, 0.02517, 0.727045, 0.686129, 0.374721, -0.009885, -0.686132, 0.72741, -0.0, 0.0, 0.0, 0.0, 1.0],
                [0.999635, -0.025091, -0.010083, 0.0, 0.02517, 0.727045, 0.686129, 0.374721, -0.009885, -0.686131, 0.72741, 0.0, 0.0, 0.0, 0.0, 1.0],
                [0.999635, -0.025091, -0.010083, -0.0, 0.02517, 0.727045, 0.686129, 0.374721, -0.009885, -0.686132, 0.72741, 0.0, 0.0, 0.0, 0.0, 1.0],
                [0.999635, -0.025091, -0.010083, 0.0, 0.02517, 0.727045, 0.686129, 0.374721, -0.009885, -0.686132, 0.72741, -0.0, 0.0, 0.0, 0.0, 1.0],
                [0.999635, -0.025091, -0.010083, 0.0, 0.02517, 0.727045, 0.686129, 0.374721, -0.009885, -0.686131, 0.72741, 0.0, 0.0, 0.0, 0.0, 1.0],
                [0.999635, -0.025091, -0.010083, -0.0, 0.02517, 0.727045, 0.686129, 0.374721, -0.009885, -0.686131, 0.72741, 0.0, 0.0, 0.0, 0.0, 1.0],
                [0.999635, -0.025091, -0.010083, 0.0, 0.02517, 0.727045, 0.686129, 0.374721, -0.009885, -0.686131, 0.72741, 0.0, 0.0, 0.0, 0.0, 1.0],
                [0.999635, -0.025083, -0.010076, 0.0, 0.025162, 0.727247, 0.685915, 0.374721, -0.009877, -0.685917, 0.727612, -0.0, 0.0, 0.0, 0.0, 1.0],
                [0.999636, -0.02505, -0.010044, 0.0, 0.025128, 0.728115, 0.684995, 0.374721, -0.009845, -0.684997, 0.728479, -0.0, 0.0, 0.0, 0.0, 1.0],
                [0.999639, -0.02496, -0.00996, -0.0, 0.025038, 0.730417, 0.682543, 0.374721, -0.009761, -0.682545, 0.730778, -0.0, 0.0, 0.0, 0.0, 1.0],
                [0.999646, -0.024766, -0.00978, 0.0, 0.024844, 0.735343, 0.67724, 0.374721, -0.009581, -0.677242, 0.735698, -0.0, 0.0, 0.0, 0.0, 1.0],
                [0.999658, -0.024406, -0.009453, 0.0, 0.024483, 0.744298, 0.667399, 0.374721, -0.009253, -0.667402, 0.744641, 0.0, 0.0, 0.0, 0.0, 1.0],
                [0.999677, -0.023808, -0.008929, 0.0, 0.023883, 0.758663, 0.651045, 0.374721, -0.008726, -0.651047, 0.758987, -0.0, 0.0, 0.0, 0.0, 1.0],
                [0.999704, -0.022922, -0.008192, 0.0, 0.022994, 0.778835, 0.626807, 0.374721, -0.007987, -0.626809, 0.779131, -0.0, 0.0, 0.0, 0.0, 1.0],
                [0.999738, -0.021691, -0.007244, 0.0, 0.02176, 0.804788, 0.593164, 0.374721, -0.007037, -0.593166, 0.805049, -0.0, 0.0, 0.0, 0.0, 1.0],
                [0.999779, -0.020103, -0.006138, 0.0, 0.020167, 0.835092, 0.54974, 0.374721, -0.005926, -0.549743, 0.835313, 0.0, 0.0, 0.0, 0.0, 1.0],
                [0.999822, -0.018188, -0.004959, 0.0, 0.018245, 0.86735, 0.497365, 0.374721, -0.004745, -0.497367, 0.867527, 0.0, 0.0, 0.0, 0.0, 1.0],
                [0.999864, -0.01603, -0.003816, -0.0, 0.016081, 0.898659, 0.438352, 0.374721, -0.003598, -0.438354, 0.898795, -0.0, 0.0, 0.0, 0.0, 1.0],
                [0.999901, -0.013786, -0.002814, 0.0, 0.01383, 0.926114, 0.376991, 0.374721, -0.002592, -0.376993, 0.926213, -0.0, 0.0, 0.0, 0.0, 1.0],
                [0.99993, -0.011699, -0.002037, -0.0, 0.011736, 0.947372, 0.31992, 0.374721, -0.001813, -0.319921, 0.947442, 0.0, 0.0, 0.0, 0.0, 1.0],
                [0.999947, -0.010155, -0.001553, -0.0, 0.010187, 0.960617, 0.277689, 0.374721, -0.001328, -0.27769, 0.96067, -0.0, 0.0, 0.0, 0.0, 1.0],
                [0.999953, -0.009575, -0.001391, -0.0, 0.009605, 0.965066, 0.261832, 0.374721, -0.001165, -0.261833, 0.965112, -0.0, 0.0, 0.0, 0.0, 1.0]
            ]
        },
        {
            "name": "Knee_R",
            "time": [0.0, 0.0167, 0.0333, 0.05, 0.0667, 0.0833, 0.1, 0.1167, 0.1333, 0.15, 0.1667, 0.1833, 0.2, 0.2167, 0.2333, 0.25, 0.2667, 0.2833, 0.3, 0.3167, 0.3333, 0.35, 0.3667, 0.3833, 0.4, 0.4167, 0.4333, 0.45, 0.4667, 0.4833, 0.5, 0.5167, 0.5333, 0.55, 0.5667, 0.5833, 0.6, 0.6167, 0.6333, 0.65, 0.6667, 0.6833, 0.7, 0.7167, 0.7333, 0.75, 0.7667, 0.7833, 0.8, 0.8167, 0.8333, 0.85, 0.8667, 0.8833, 0.9, 0.9167, 0.9333, 0.95, 0.9667, 0.9833, 1.0],
            "transform": [
                [1.0, -5.7e-05, 5.7e-05, -0.0, 5.7e-05, 0.001565, -0.999999, 0.374721, 5.7e-05, 0.999999, 0.001565, -0.0, 0.0, 0.0, 0.0, 1.0],
                [1.0, -5.7e-05, 5.7e-05, -0.0, 5.7e-05, 0.001565, -0.999999, 0.374721, 5.7e-05, 0.999999, 0.001565, -0.0, 0.0, 0.0, 0.0, 1.0],
                [1.0, -5.7e-05, 5.7e-05, -0.0, 5.7e-05, 0.001565, -0.999999, 0.374721, 5.7e-05, 0.999999, 0.001565, -0.0, 0.0, 0.0, 0.0, 1.0],
                [1.0, -5.7e-05, 5.7e-05, -0.0, 5.7e-05, 0.001565, -0.999999, 0.374721, 5.7e-05, 0.999999, 0.001565, -0.0, 0.0, 0.0, 0.0, 1.0],
                [1.0, -5.7e-05, 5.7e-05, -0.0, 5.7e-05, 0.001565, -0.999999, 0.374721, 5.7e-05, 0.999999, 0.001565, -0.0, 0.0, 0.0, 0.0, 1.0],
                [1.0, -5.7e-05, 5.7e-05, -0.0, 5.7e-05, 0.001565, -0.999999, 0.374721, 5.7e-05, 0.999999, 0.001565, -0.0, 0.0, 0.0, 0.0, 1.0],
                [1.0, -5.7e-05, 5.7e-05, -0.0, 5.7e-05, 0.001565, -0.999999, 0.374721, 5.7e-05, 0.999999, 0.001565, -0.0, 0.0, 0.0, 0.0, 1.0],
                [1.0, -5.7e-05, 5.7e-05, -0.0, 5.7e-05, 0.001565, -0.999999, 0.374721, 5.7e-05, 0.999999, 0.001565, -0.0, 0.0, 0.0, 0.0, 1.0],
                [1.0, -5.7e-05, 5.7e-05, -0.0, 5.7e-05, 0.001565, -0.999999, 0.374721, 5.7e-05, 0.999999, 0.001565, -0.0, 0.0, 0.0, 0.0, 1.0],
                [1.0, -5.7e-05, 5.7e-05, -0.0, 5.7e-05, 0.001565, -0.999999, 0.374721, 5.7e-05, 0.999999, 0.001565, -0.0, 0.0, 0.0, 0.0, 1.0],
                [1.0, -5.7e-05, 5.7e-05, -0.0, 5.7e-05, 0.001565, -0.999999, 0.374721, 5.7e-05, 0.999999, 0.001565, -0.0, 0.0, 0.0, 0.0, 1.0],
                [1.0, -5.7e-05, 5.7e-05, 0.0, 5.7e-05, 0.001565, -0.999999, 0.374721, 5.7e-05, 0.999999, 0.001565, 0.0, 0.0, 0.0, 0.0, 1.0],
                [1.0, -5.7e-05, 5.7e-05, 0.0, 5.7e-05, 0.001565, -0.999999, 0.374721, 5.7e-05, 0.999999, 0.001565, 0.0, 0.0, 0.0, 0.0, 1.0],
                [1.0, -5.7e-05, 5.7e-05, -0.0, 5.7e-05, 0.001565, -0.999999, 0.374721, 5.7e-05, 0.999999, 0.001565, -0.0, 0.0, 0.0, 0.0, 1.0],
                [1.0, -5.7e-05, 5.7e-05, 0.0, 5.7e-05, 0.001565, -0.999999, 0.374721, 5.7e-05, 0.999999, 0.001565, -0.0, 0.0, 0.0, 0.0, 1.0],
                [1.0, -5.7e-05, 5.7e-05, 0.0, 5.7e-05, 0.001565, -0.999999, 0.374721, 5.7e-05, 0.999999, 0.001565, 0.0, 0.0, 0.0, 0.0, 1.0],
                [1.0, -5.7e-05, 5.7e-05, -0.0, 5.7e-05, 0.001565, -0.999999, 0.374721, 5.7e-05, 0.999999, 0.001565, 0.0, 0.0, 0.0, 0.0, 1.0],
                [1.0, -5.7e-05, 5.7e-05, 0.0, 5.7e-05, 0.001565, -0.999999, 0.374721, 5.7e-05, 0.999999, 0.001565, 0.0, 0.0, 0.0, 0.0, 1.0],
                [1.0, -5.7e-05, 5.7e-05, 0.0, 5.7e-05, 0.001565, -0.999999, 0.374721, 5.7e-05, 0.999999, 0.001565, -0.0, 0.0, 0.0, 0.0, 1.0],
                [1.0, -5.7e-05, 5.7e-05, 0.0, 5.7e-05, 0.001565, -0.999999, 0.374721, 5.7e-05, 0.999999, 0.001565, 0.0, 0.0, 0.0, 0.0, 1.0],
                [1.0, -5.7e-05, 5.7e-05, 0.0, 5.7e-05, 0.001565, -0.999999, 0.374721, 5.7e-05, 0.999998, 0.001565, 0.0, 0.0, 0.0, 0.0, 1.0],
                [1.0, -5.7e-05, 5.7e-05, -0.0, 5.7e-05, 0.001565, -0.999999, 0.374721, 5.7e-05, 0.999999, 0.001565, -0.0, 0.0, 0.0, 0.0, 1.0],
                [1.0, -5.7e-05, 5.7e-05, 0.0, 5.7e-05, 0.001565, -0.999999, 0.374721, 5.7e-05, 0.999999, 0.001565, -0.0, 0.0, 0.0, 0.0, 1.0],
                [1.0, -5.7e-05, 5.7e-05, 0.0, 5.7e-05, 0.001565, -0.999999, 0.374721, 5.7e-05, 0.999999, 0.001565, 0.0, 0.0, 0.0, 0.0, 1.0],
                [1.0, -5.7e-05, 5.7e-05, -0.0, 5.7e-05, 0.001565, -0.999999, 0.382591, 5.7e-05, 0.999999, 0.001565, -1.2e-05, 0.0, 0.0, 0.0, 1.0],
                [1.0, -5.7e-05, 5.7e-05, -1e-06, 5.7e-05, 0.001565, -0.999999, 0.388685, 5.7e-05, 0.999999, 0.001565, -2.2e-05, 0.0, 0.0, 0.0, 1.0],
                [1.0, -5.7e-05, 5.7e-05, -1e-06, 5.7e-05, 0.001565, -0.999999, 0.392255, 5.7e-05, 0.999999, 0.001565, -2.7e-05, 0.0, 0.0, 0.0, 1.0],
                [1.0, -5.7e-05, 5.7e-05, -1e-06, 5.7e-05, 0.001565, -0.999999, 0.393858, 5.7e-05, 0.999999, 0.001565, -3e-05, 0.0, 0.0, 0.0, 1.0],
                [1.0, -5.7e-05, 5.7e-05, -1e-06, 5.7e-05, 0.001565, -0.999999, 0.394359, 5.7e-05, 0.999999, 0.001565, -3.1e-05, 0.0, 0.0, 0.0, 1.0],
                [1.0, -5.7e-05, 5.7e-05, -1e-06, 5.7e-05, 0.001565, -0.999999, 0.394442, 5.7e-05, 0.999999, 0.001565, -3.1e-05, 0.0, 0.0, 0.0, 1.0],
                [1.0, -5.7e-05, 5.7e-05, -1e-06, 5.7e-05, 0.001565, -0.999999, 0.394442, 5.7e-05, 0.999999, 0.001565, -3.1e-05, 0.0, 0.0, 0.0, 1.0],
                [1.0, -5.7e-05, 5.7e-05, -1e-06, 5.7e-05, 0.001565, -0.999999, 0.394442, 5.7e-05, 0.999999, 0.001565, -3.1e-05, 0.0, 0.0, 0.0, 1.0],
                [1.0, -5.7e-05, 5.7e-05, -1e-06, 5.7e-05, 0.001565, -0.999999, 0.394442, 5.7e-05, 0.999999, 0.001565, -3.1e-05, 0.0, 0.0, 0.0, 1.0],
                [1.0, -5.7e-05, 5.7e-05, -1e-06, 5.7e-05, 0.001565, -0.999999, 0.394442, 5.7e-05, 0.999999, 0.001565, -3.1e-05, 0.0, 0.0, 0.0, 1.0],
                [1.0, -5.7e-05, 5.7e-05, -1e-06, 5.7e-05, 0.001565, -0.999999, 0.394442, 5.7e-05, 0.999999, 0.001565, -3.1e-05, 0.0, 0.0, 0.0, 1.0],
                [1.0, -5.7e-05, 5.7e-05, -1e-06, 5.7e-05, 0.001565, -0.999999, 0.394442, 5.7e-05, 0.999999, 0.001565, -3.1e-05, 0.0, 0.0, 0.0, 1.0],
                [1.0, -5.7e-05, 5.7e-05, -1e-06, 5.7e-05, 0.001565, -0.999999, 0.394442, 5.7e-05, 0.999999, 0.001565, -3.1e-05, 0.0, 0.0, 0.0, 1.0],
                [1.0, -5.7e-05, 5.7e-05, -1e-06, 5.7e-05, 0.001565, -0.999999, 0.394443, 5.7e-05, 0.999999, 0.001565, -3.1e-05, 0.0, 0.0, 0.0, 1.0],
                [1.0, -5.7e-05, 5.7e-05, -1e-06, 5.7e-05, 0.001565, -0.999999, 0.394443, 5.7e-05, 0.999999, 0.001565, -3.1e-05, 0.0, 0.0, 0.0, 1.0],
                [1.0, -5.7e-05, 5.7e-05, -1e-06, 5.7e-05, 0.001565, -0.999999, 0.394443, 5.7e-05, 0.999999, 0.001565, -3.1e-05, 0.0, 0.0, 0.0, 1.0],
                [1.0, -5.7e-05, 5.7e-05, -1e-06, 5.7e-05, 0.001565, -0.999999, 0.394443, 5.7e-05, 0.999999, 0.001565, -3.1e-05, 0.0, 0.0, 0.0, 1.0],
                [1.0, -5.7e-05, 5.7e-05, -1e-06, 5.7e-05, 0.001565, -0.999999, 0.394443, 5.7e-05, 0.999999, 0.001565, -3.1e-05, 0.0, 0.0, 0.0, 1.0],
                [1.0, -5.7e-05, 5.7e-05, -1e-06, 5.7e-05, 0.001565, -0.999999, 0.394443, 5.7e-05, 0.999999, 0.001565, -3.1e-05, 0.0, 0.0, 0.0, 1.0],
                [1.0, -5.7e-05, 5.7e-05, -1e-06, 5.7e-05, 0.001565, -0.999999, 0.394443, 5.7e-05, 0.999999, 0.001565, -3.1e-05, 0.0, 0.0, 0.0, 1.0],
                [1.0, -5.7e-05, 5.7e-05, -1e-06, 5.7e-05, 0.001565, -0.999999, 0.394443, 5.7e-05, 0.999999, 0.001565, -3.1e-05, 0.0, 0.0, 0.0, 1.0],
                [1.0, -5.7e-05, 5.7e-05, -1e-06, 5.7e-05, 0.001565, -0.999999, 0.394443, 5.7e-05, 0.999999, 0.001565, -3.1e-05, 0.0, 0.0, 0.0, 1.0],
                [1.0, -5.7e-05, 5.7e-05, -1e-06, 5.7e-05, 0.001565, -0.999999, 0.394417, 5.7e-05, 0.999999, 0.001565, -3.1e-05, 0.0, 0.0, 0.0, 1.0],
                [1.0, -5.7e-05, 5.7e-05, -1e-06, 5.7e-05, 0.001565, -0.999999, 0.394309, 5.7e-05, 0.999999, 0.001565, -3.1e-05, 0.0, 0.0, 0.0, 1.0],
                [1.0, -5.7e-05, 5.7e-05, -1e-06, 5.7e-05, 0.001565, -0.999999, 0.39402, 5.7e-05, 0.999999, 0.001565, -3e-05, 0.0, 0.0, 0.0, 1.0],
                [1.0, -5.7e-05, 5.7e-05, -1e-06, 5.7e-05, 0.001565, -0.999999, 0.393398, 5.7e-05, 0.999999, 0.001565, -2.9e-05, 0.0, 0.0, 0.0, 1.0],
                [1.0, -5.7e-05, 5.7e-05, -1e-06, 5.7e-05, 0.001565, -0.999999, 0.392255, 5.7e-05, 0.999999, 0.001565, -2.7e-05, 0.0, 0.0, 0.0, 1.0],
                [1.0, -5.7e-05, 5.7e-05, -1e-06, 5.7e-05, 0.001565, -0.999999, 0.390385, 5.7e-05, 0.999999, 0.001565, -2.5e-05, 0.0, 0.0, 0.0, 1.0],
                [1.0, -5.7e-05, 5.7e-05, -1e-06, 5.7e-05, 0.001565, -0.999999, 0.387677, 5.7e-05, 0.999999, 0.001565, -2e-05, 0.0, 0.0, 0.0, 1.0],
                [1.0, -5.7e-05, 5.7e-05, -1e-06, 5.7e-05, 0.001565, -0.999999, 0.384026, 5.7e-05, 0.999999, 0.001565, -1.5e-05, 0.0, 0.0, 0.0, 1.0],
                [1.0, -5.7e-05, 5.7e-05, -0.0, 5.7e-05, 0.001565, -0.999999, 0.379477, 5.7e-05, 0.999999, 0.001565, -7e-06, 0.0, 0.0, 0.0, 1.0],
                [1.0, -5.7e-05, 5.7e-05, -0.0, 5.7e-05, 0.001565, -0.999999, 0.374721, 5.7e-05, 0.999999, 0.001565, -0.0, 0.0, 0.0, 0.0, 1.0],
                [1.0, -5.7e-05, 5.7e-05, -0.0, 5.7e-05, 0.001565, -0.999999, 0.374721, 5.7e-05, 0.999999, 0.001565, -0.0, 0.0, 0.0, 0.0, 1.0],
                [1.0, -5.7e-05, 5.7e-05, 0.0, 5.7e-05, 0.001565, -0.999999, 0.374721, 5.7e-05, 0.999999, 0.001565, -0.0, 0.0, 0.0, 0.0, 1.0],
                [1.0, -5.7e-05, 5.7e-05, -0.0, 5.7e-05, 0.001565, -0.999999, 0.374721, 5.7e-05, 0.999999, 0.001565, 0.0, 0.0, 0.0, 0.0, 1.0],
                [1.0, -5.7e-05, 5.7e-05, -0.0, 5.7e-05, 0.001565, -0.999999, 0.374721, 5.7e-05, 0.999999, 0.001565, -0.0, 0.0, 0.0, 0.0, 1.0],
                [1.0, -5.7e-05, 5.7e-05, -0.0, 5.7e-05, 0.001565, -0.999999, 0.374721, 5.7e-05, 0.999999, 0.001565, -0.0, 0.0, 0.0, 0.0, 1.0]
            ]
        },
        {
            "name": "Thigh_L",
            "time": [0.0, 0.0167, 0.0333, 0.05, 0.0667, 0.0833, 0.1, 0.1167, 0.1333, 0.15, 0.1667, 0.1833, 0.2, 0.2167, 0.2333, 0.25, 0.2667, 0.2833, 0.3, 0.3167, 0.3333, 0.35, 0.3667, 0.3833, 0.4, 0.4167, 0.4333, 0.45, 0.4667, 0.4833, 0.5, 0.5167, 0.5333, 0.55, 0.5667, 0.5833, 0.6, 0.6167, 0.6333, 0.65, 0.6667, 0.6833, 0.7, 0.7167, 0.7333, 0.75, 0.7667, 0.7833, 0.8, 0.8167, 0.8333, 0.85, 0.8667, 0.8833, 0.9, 0.9167, 0.9333, 0.95, 0.9667, 0.9833, 1.0],
            "transform": [
                [0.897236, -0.257714, -0.358541, -0.125006, -0.053846, -0.869802, 0.490453, -0.002831, -0.438257, -0.420746, -0.794295, -1.2e-05, 0.0, 0.0, 0.0, 1.0],
                [0.897317, -0.258126, -0.358041, -0.125006, -0.054388, -0.869651, 0.490661, -0.002831, -0.438023, -0.420805, -0.794392, -1.2e-05, 0.0, 0.0, 0.0, 1.0],
                [0.897561, -0.259365, -0.356531, -0.125006, -0.056025, -0.869201, 0.491275, -0.002831, -0.437317, -0.420975, -0.794692, -1.2e-05, 0.0, 0.0, 0.0, 1.0],
                [0.897964, -0.261424, -0.354004, -0.125006, -0.05877, -0.86846, 0.492263, -0.002831, -0.436128, -0.421229, -0.79521, -1.2e-05, 0.0, 0.0, 0.0, 1.0],
                [0.898516, -0.264282, -0.350463, -0.125006, -0.062633, -0.867452, 0.493562, -0.002831, -0.434449, -0.421523, -0.795973, -1.2e-05, 0.0, 0.0, 0.0, 1.0],
                [0.899205, -0.267897, -0.345921, -0.125006, -0.067612, -0.866212, 0.49508, -0.002831, -0.432272, -0.42179, -0.797016, -1.2e-05, 0.0, 0.0, 0.0, 1.0],
