{
    "animation": [
        {
            "name": "Root",
            "time": [0.0, 0.0167, 0.0333, 0.05, 0.0667, 0.0833, 0.1, 0.1167, 0.1333, 0.15, 0.1667, 0.1833, 0.2, 0.2167, 0.2333, 0.25, 0.2667, 0.2833, 0.3, 0.3167, 0.3333, 0.35, 0.3667, 0.3833, 0.4, 0.4167, 0.4333, 0.45, 0.4667, 0.4833, 0.5, 0.5167, 0.5333, 0.55, 0.5667, 0.5833, 0.6, 0.6167, 0.6333, 0.65, 0.6667, 0.6833, 0.7, 0.7167, 0.7333, 0.75, 0.7667, 0.7833, 0.8, 0.8167, 0.8333, 0.85, 0.8667, 0.8833, 0.9, 0.9167, 0.9333, 0.95, 0.9667, 0.9833, 1.0, 1.0167, 1.0333, 1.05, 1.0667, 1.0833, 1.1, 1.1167, 1.1333, 1.15, 1.1667, 1.1833, 1.2, 1.2167, 1.2333, 1.25, 1.2667, 1.2833, 1.3, 1.3167, 1.3333, 1.35, 1.3667, 1.3833, 1.4, 1.4167, 1.4333, 1.45, 1.4667, 1.4833, 1.5],
            "transform": [
                [0.376262, 0.0, -0.926513, -5e-06, -0.926513, 0.0, -0.376262, 0.000946, 0.0, 1.0, 0.0, 0.555483, 0.0, 0.0, 0.0, 1.0],
                [0.392665, 0.0, -0.919682, 0.002792, -0.919682, 0.0, -0.392665, 0.006836, 0.0, 1.0, 0.0, 0.555601, 0.0, 0.0, 0.0, 1.0],
                [0.442544, 0.0, -0.896747, 0.011244, -0.896747, 0.0, -0.442544, 0.024641, 0.0, 1.0, 0.0, 0.555955, 0.0, 0.0, 0.0, 1.0],
                [0.5259, 0.0, -0.850546, 0.025309, -0.850546, 0.0, -0.5259, 0.054268, 0.0, 1.0, 0.0, 0.556548, 0.0, 0.0, 0.0, 1.0],
                [0.639005, 0.0, -0.769202, 0.044693, -0.769202, 0.0, -0.639005, 0.095099, 0.0, 1.0, 0.0, 0.557381, 0.0, 0.0, 0.0, 1.0],
                [0.769956, 0.0, -0.638096, 0.068784, -0.638096, 0.0, -0.769956, 0.145846, 0.0, 1.0, 0.0, 0.558452, 0.0, 0.0, 0.0, 1.0],
                [0.894648, 0.0, -0.446772, 0.096609, -0.446772, 0.0, -0.894648, 0.204458, 0.0, 1.0, 0.0, 0.559759, 0.0, 0.0, 0.0, 1.0],
                [0.979635, 0.0, -0.200786, 0.126846, -0.200786, 0.0, -0.979635, 0.268153, 0.0, 1.0, 0.0, 0.561296, 0.0, 0.0, 0.0, 1.0],
                [0.99749, 0.0, 0.070811, 0.15792, 0.070811, 0.0, -0.99749, 0.333608, 0.0, 1.0, 0.0, 0.563055, 0.0, 0.0, 0.0, 1.0],
                [0.945437, 0.0, 0.325806, 0.188158, 0.325806, 0.0, -0.945437, 0.397302, 0.0, 1.0, 0.0, 0.565024, 0.0, 0.0, 0.0, 1.0],
                [0.846865, 0.0, 0.531807, 0.215983, 0.531807, 0.0, -0.846865, 0.455914, 0.0, 1.0, 0.0, 0.56719, 0.0, 0.0, 0.0, 1.0],
                [0.734205, 0.0, 0.678928, 0.240074, 0.678928, 0.0, -0.734205, 0.506661, 0.0, 1.0, 0.0, 0.569535, 0.0, 0.0, 0.0, 1.0],
                [0.632722, 0.0, 0.774379, 0.259458, 0.774379, 0.0, -0.632722, 0.547492, 0.0, 1.0, 0.0, 0.572039, 0.0, 0.0, 0.0, 1.0],
                [0.556132, 0.0, 0.831094, 0.273522, 0.831094, 0.0, -0.556132, 0.577119, 0.0, 1.0, 0.0, 0.574678, 0.0, 0.0, 0.0, 1.0],
                [0.509684, 0.0, 0.860362, 0.281975, 0.860362, 0.0, -0.509684, 0.594924, 0.0, 1.0, 0.0, 0.577425, 0.0, 0.0, 0.0, 1.0],
                [0.494317, 0.0, 0.869282, 0.284771, 0.869282, 0.0, -0.494317, 0.600814, 0.0, 1.0, 0.0, 0.580251, 0.0, 0.0, 0.0, 1.0],
                [0.494317, 0.0, 0.869282, 0.284771, 0.869282, 0.0, -0.494317, 0.600814, 0.0, 1.0, 0.0, 0.583125, 0.0, 0.0, 0.0, 1.0],
                [0.494317, 0.0, 0.869282, 0.284771, 0.869282, 0.0, -0.494317, 0.600814, 0.0, 1.0, 0.0, 0.586015, 0.0, 0.0, 0.0, 1.0],
                [0.494317, 0.0, 0.869282, 0.284771, 0.869282, 0.0, -0.494317, 0.600814, 0.0, 1.0, 0.0, 0.58889, 0.0, 0.0, 0.0, 1.0],
                [0.494317, 0.0, 0.869282, 0.284771, 0.869282, 0.0, -0.494317, 0.600814, 0.0, 1.0, 0.0, 0.591716, 0.0, 0.0, 0.0, 1.0],
                [0.494317, 0.0, 0.869282, 0.284771, 0.869282, 0.0, -0.494317, 0.600814, 0.0, 1.0, 0.0, 0.594462, 0.0, 0.0, 0.0, 1.0],
                [0.494317, 0.0, 0.869282, 0.284771, 0.869282, 0.0, -0.494317, 0.600814, 0.0, 1.0, 0.0, 0.597101, 0.0, 0.0, 0.0, 1.0],
                [0.494317, 0.0, 0.869282, 0.284771, 0.869282, 0.0, -0.494317, 0.600814, 0.0, 1.0, 0.0, 0.599605, 0.0, 0.0, 0.0, 1.0],
                [0.494317, 0.0, 0.869282, 0.284771, 0.869282, 0.0, -0.494317, 0.600814, 0.0, 1.0, 0.0, 0.60195, 0.0, 0.0, 0.0, 1.0],
                [0.494317, 0.0, 0.869282, 0.284771, 0.869282, 0.0, -0.494317, 0.600814, 0.0, 1.0, 0.0, 0.604116, 0.0, 0.0, 0.0, 1.0],
                [0.494317, 0.0, 0.869282, 0.284771, 0.869282, 0.0, -0.494317, 0.600814, 0.0, 1.0, 0.0, 0.606086, 0.0, 0.0, 0.0, 1.0],
                [0.494317, 0.0, 0.869282, 0.284771, 0.869282, 0.0, -0.494317, 0.600814, 0.0, 1.0, 0.0, 0.607844, 0.0, 0.0, 0.0, 1.0],
                [0.494317, 0.0, 0.869282, 0.284771, 0.869282, 0.0, -0.494317, 0.600814, 0.0, 1.0, 0.0, 0.609381, 0.0, 0.0, 0.0, 1.0],
                [0.494317, 0.0, 0.869282, 0.284771, 0.869282, 0.0, -0.494317, 0.600814, 0.0, 1.0, 0.0, 0.610688, 0.0, 0.0, 0.0, 1.0],
                [0.494317, 0.0, 0.869282, 0.284771, 0.869282, 0.0, -0.494317, 0.600814, 0.0, 1.0, 0.0, 0.611759, 0.0, 0.0, 0.0, 1.0],
                [0.494317, 0.0, 0.869282, 0.284771, 0.869282, 0.0, -0.494317, 0.600814, 0.0, 1.0, 0.0, 0.612592, 0.0, 0.0, 0.0, 1.0],
                [0.494317, 0.0, 0.869282, 0.284771, 0.869282, 0.0, -0.494317, 0.600814, 0.0, 1.0, 0.0, 0.613185, 0.0, 0.0, 0.0, 1.0],
                [0.494317, 0.0, 0.869282, 0.284771, 0.869282, 0.0, -0.494317, 0.600814, 0.0, 1.0, 0.0, 0.61354, 0.0, 0.0, 0.0, 1.0],
                [0.494317, 0.0, 0.869282, 0.284771, 0.869282, 0.0, -0.494317, 0.600814, 0.0, 1.0, 0.0, 0.613657, 0.0, 0.0, 0.0, 1.0],
                [0.50512, 0.0, 0.863049, 0.284771, 0.863049, 0.0, -0.50512, 0.605956, 0.0, 1.0, 0.0, 0.613261, 0.0, 0.0, 0.0, 1.0],
                [0.537806, 0.0, 0.843068, 0.284771, 0.843068, 0.0, -0.537806, 0.6215, 0.0, 1.0, 0.0, 0.612063, 0.0, 0.0, 0.0, 1.0],
                [0.592266, 0.0, 0.805743, 0.284771, 0.805743, 0.0, -0.592266, 0.647459, 0.0, 1.0, 0.0, 0.610063, 0.0, 0.0, 0.0, 1.0],
                [0.666849, 0.0, 0.745193, 0.284771, 0.745193, 0.0, -0.666849, 0.683563, 0.0, 1.0, 0.0, 0.607282, 0.0, 0.0, 0.0, 1.0],
                [0.756776, 0.0, 0.653674, 0.284771, 0.653674, 0.0, -0.756776, 0.729173, 0.0, 1.0, 0.0, 0.603768, 0.0, 0.0, 0.0, 1.0],
                [0.85215, 0.0, 0.523297, 0.284771, 0.523297, 0.0, -0.85215, 0.783216, 0.0, 1.0, 0.0, 0.599605, 0.0, 0.0, 0.0, 1.0],
                [0.936808, 0.0, 0.349845, 0.284771, 0.349845, 0.0, -0.936808, 0.844152, 0.0, 1.0, 0.0, 0.59491, 0.0, 0.0, 0.0, 1.0],
                [0.990413, 0.0, 0.138138, 0.284771, 0.138138, 0.0, -0.990413, 0.909988, 0.0, 1.0, 0.0, 0.589839, 0.0, 0.0, 0.0, 1.0],
                [0.995517, 0.0, -0.094578, 0.284771, -0.094578, 0.0, -0.995517, 0.978375, 0.0, 1.0, 0.0, 0.58457, 0.0, 0.0, 0.0, 1.0],
                [0.946682, 0.0, -0.322169, 0.284771, -0.322169, 0.0, -0.946682, 1.046762, 0.0, 1.0, 0.0, 0.579302, 0.0, 0.0, 0.0, 1.0],
                [0.85417, 0.0, -0.519994, 0.284771, -0.519994, 0.0, -0.85417, 1.112599, 0.0, 1.0, 0.0, 0.57423, 0.0, 0.0, 0.0, 1.0],
                [0.738364, 0.0, -0.674402, 0.284771, -0.674402, 0.0, -0.738364, 1.173534, 0.0, 1.0, 0.0, 0.569535, 0.0, 0.0, 0.0, 1.0],
                [0.620145, 0.0, -0.784487, 0.284771, -0.784487, 0.0, -0.620145, 1.227578, 0.0, 1.0, 0.0, 0.565372, 0.0, 0.0, 0.0, 1.0],
                [0.514594, 0.0, -0.857434, 0.284771, -0.857434, 0.0, -0.514594, 1.273188, 0.0, 1.0, 0.0, 0.561858, 0.0, 0.0, 0.0, 1.0],
                [0.429943, 0.0, -0.902856, 0.284771, -0.902856, 0.0, -0.429943, 1.309291, 0.0, 1.0, 0.0, 0.559077, 0.0, 0.0, 0.0, 1.0],
                [0.369429, 0.0, -0.929259, 0.284771, -0.929259, 0.0, -0.369429, 1.335251, 0.0, 1.0, 0.0, 0.557077, 0.0, 0.0, 0.0, 1.0],
                [0.333564, 0.0, -0.942728, 0.284771, -0.942728, 0.0, -0.333564, 1.350795, 0.0, 1.0, 0.0, 0.555879, 0.0, 0.0, 0.0, 1.0],
                [0.321781, 0.0, -0.946814, 0.284771, -0.946814, 0.0, -0.321781, 1.355937, 0.0, 1.0, 0.0, 0.555483, 0.0, 0.0, 0.0, 1.0],
                [0.321781, 0.0, -0.946814, 0.284771, -0.946814, 0.0, -0.321781, 1.355937, 0.0, 1.0, 0.0, 0.555483, 0.0, 0.0, 0.0, 1.0],
                [0.321781, 0.0, -0.946814, 0.284771, -0.946814, 0.0, -0.321781, 1.355937, 0.0, 1.0, 0.0, 0.555483, 0.0, 0.0, 0.0, 1.0],
                [0.321781, 0.0, -0.946814, 0.284771, -0.946814, 0.0, -0.321781, 1.355937, 0.0, 1.0, 0.0, 0.555483, 0.0, 0.0, 0.0, 1.0],
                [0.321781, 0.0, -0.946814, 0.284771, -0.946814, 0.0, -0.321781, 1.355937, 0.0, 1.0, 0.0, 0.555483, 0.0, 0.0, 0.0, 1.0],
                [0.321781, 0.0, -0.946814, 0.284771, -0.946814, 0.0, -0.321781, 1.355937, 0.0, 1.0, 0.0, 0.555483, 0.0, 0.0, 0.0, 1.0],
                [0.321781, 0.0, -0.946814, 0.284771, -0.946814, 0.0, -0.321781, 1.355937, 0.0, 1.0, 0.0, 0.555483, 0.0, 0.0, 0.0, 1.0],
                [0.321781, 0.0, -0.946814, 0.284771, -0.946814, 0.0, -0.321781, 1.355937, 0.0, 1.0, 0.0, 0.555483, 0.0, 0.0, 0.0, 1.0],
                [0.321781, 0.0, -0.946814, 0.284771, -0.946814, 0.0, -0.321781, 1.355937, 0.0, 1.0, 0.0, 0.555483, 0.0, 0.0, 0.0, 1.0],
                [0.321781, 0.0, -0.946814, 0.284771, -0.946814, 0.0, -0.321781, 1.355937, 0.0, 1.0, 0.0, 0.555483, 0.0, 0.0, 0.0, 1.0],
                [0.322347, 0.0, -0.946621, 0.284111, -0.946621, 0.0, -0.322347, 1.3563, 0.0, 1.0, 0.0, 0.555847, 0.0, 0.0, 0.0, 1.0],
                [0.324055, 0.0, -0.946038, 0.28212, -0.946038, 0.0, -0.324055, 1.357397, 0.0, 1.0, 0.0, 0.556943, 0.0, 0.0, 0.0, 1.0],
                [0.326914, 0.0, -0.945054, 0.278785, -0.945054, 0.0, -0.326914, 1.359234, 0.0, 1.0, 0.0, 0.55878, 0.0, 0.0, 0.0, 1.0],
                [0.33092, 0.0, -0.943659, 0.274106, -0.943659, 0.0, -0.33092, 1.361812, 0.0, 1.0, 0.0, 0.561358, 0.0, 0.0, 0.0, 1.0],
                [0.336061, 0.0, -0.94184, 0.268093, -0.94184, 0.0, -0.336061, 1.365125, 0.0, 1.0, 0.0, 0.56467, 0.0, 0.0, 0.0, 1.0],
                [0.34231, 0.0, -0.939587, 0.260772, -0.939587, 0.0, -0.34231, 1.369159, 0.0, 1.0, 0.0, 0.568702, 0.0, 0.0, 0.0, 1.0],
                [0.349622, 0.0, -0.936891, 0.252185, -0.936891, 0.0, -0.349622, 1.37389, 0.0, 1.0, 0.0, 0.573432, 0.0, 0.0, 0.0, 1.0],
                [0.357936, 0.0, -0.933746, 0.242394, -0.933746, 0.0, -0.357936, 1.379284, 0.0, 1.0, 0.0, 0.578825, 0.0, 0.0, 0.0, 1.0],
                [0.367172, 0.0, -0.930153, 0.231482, -0.930153, 0.0, -0.367172, 1.385296, 0.0, 1.0, 0.0, 0.584836, 0.0, 0.0, 0.0, 1.0],
                [0.377232, 0.0, -0.926119, 0.219553, -0.926119, 0.0, -0.377232, 1.391868, 0.0, 1.0, 0.0, 0.591406, 0.0, 0.0, 0.0, 1.0],
                [0.387997, 0.0, -0.921661, 0.206734, -0.921661, 0.0, -0.387997, 1.39893, 0.0, 1.0, 0.0, 0.598467, 0.0, 0.0, 0.0, 1.0],
                [0.399332, 0.0, -0.916806, 0.193172, -0.916806, 0.0, -0.399332, 1.406402, 0.0, 1.0, 0.0, 0.605937, 0.0, 0.0, 0.0, 1.0],
                [0.411086, 0.0, -0.911597, 0.179035, -0.911597, 0.0, -0.411086, 1.414191, 0.0, 1.0, 0.0, 0.613724, 0.0, 0.0, 0.0, 1.0],
                [0.423099, 0.0, -0.906084, 0.164504, -0.906084, 0.0, -0.423099, 1.422197, 0.0, 1.0, 0.0, 0.621728, 0.0, 0.0, 0.0, 1.0],
                [0.435201, 0.0, -0.900333, 0.149774, -0.900333, 0.0, -0.435201, 1.430312, 0.0, 1.0, 0.0, 0.629842, 0.0, 0.0, 0.0, 1.0],
                [0.447226, 0.0, -0.894421, 0.135044, -0.894421, 0.0, -0.447226, 1.438428, 0.0, 1.0, 0.0, 0.637955, 0.0, 0.0, 0.0, 1.0],
                [0.459009, 0.0, -0.888432, 0.120513, -0.888432, 0.0, -0.459009, 1.446433, 0.0, 1.0, 0.0, 0.645959, 0.0, 0.0, 0.0, 1.0],
                [0.470393, 0.0, -0.882457, 0.106376, -0.882457, 0.0, -0.470393, 1.454222, 0.0, 1.0, 0.0, 0.653746, 0.0, 0.0, 0.0, 1.0],
                [0.481238, 0.0, -0.87659, 0.092814, -0.87659, 0.0, -0.481238, 1.461694, 0.0, 1.0, 0.0, 0.661216, 0.0, 0.0, 0.0, 1.0],
                [0.491419, 0.0, -0.870923, 0.079995, -0.870923, 0.0, -0.491419, 1.468757, 0.0, 1.0, 0.0, 0.668277, 0.0, 0.0, 0.0, 1.0],
                [0.50083, 0.0, -0.865546, 0.068066, -0.865546, 0.0, -0.50083, 1.475329, 0.0, 1.0, 0.0, 0.674848, 0.0, 0.0, 0.0, 1.0],
                [0.509383, 0.0, -0.86054, 0.057154, -0.86054, 0.0, -0.509383, 1.48134, 0.0, 1.0, 0.0, 0.680858, 0.0, 0.0, 0.0, 1.0],
                [0.517012, 0.0, -0.855978, 0.047364, -0.855978, 0.0, -0.517012, 1.486735, 0.0, 1.0, 0.0, 0.686251, 0.0, 0.0, 0.0, 1.0],
                [0.523667, 0.0, -0.851923, 0.038777, -0.851923, 0.0, -0.523667, 1.491465, 0.0, 1.0, 0.0, 0.690981, 0.0, 0.0, 0.0, 1.0],
                [0.529314, 0.0, -0.848426, 0.031455, -0.848426, 0.0, -0.529314, 1.495499, 0.0, 1.0, 0.0, 0.695013, 0.0, 0.0, 0.0, 1.0],
                [0.533933, 0.0, -0.845527, 0.025442, -0.845527, 0.0, -0.533933, 1.498812, 0.0, 1.0, 0.0, 0.698326, 0.0, 0.0, 0.0, 1.0],
                [0.537516, 0.0, -0.843254, 0.020763, -0.843254, 0.0, -0.537516, 1.50139, 0.0, 1.0, 0.0, 0.700903, 0.0, 0.0, 0.0, 1.0],
                [0.540062, 0.0, -0.841625, 0.017428, -0.841625, 0.0, -0.540062, 1.503227, 0.0, 1.0, 0.0, 0.70274, 0.0, 0.0, 0.0, 1.0],
                [0.54158, 0.0, -0.840649, 0.015437, -0.840649, 0.0, -0.54158, 1.504324, 0.0, 1.0, 0.0, 0.703837, 0.0, 0.0, 0.0, 1.0],
                [0.542083, 0.0, -0.840325, 0.014777, -0.840325, 0.0, -0.542083, 1.504688, 0.0, 1.0, 0.0, 0.7042, 0.0, 0.0, 0.0, 1.0]
            ]
        },
        {
            "name": "Thigh_R",
            "time": [0.0, 0.0167, 0.0333, 0.05, 0.0667, 0.0833, 0.1, 0.1167, 0.1333, 0.15, 0.1667, 0.1833, 0.2, 0.2167, 0.2333, 0.25, 0.2667, 0.2833, 0.3, 0.3167, 0.3333, 0.35, 0.3667, 0.3833, 0.4, 0.4167, 0.4333, 0.45, 0.4667, 0.4833, 0.5, 0.5167, 0.5333, 0.55, 0.5667, 0.5833, 0.6, 0.6167, 0.6333, 0.65, 0.6667, 0.6833, 0.7, 0.7167, 0.7333, 0.75, 0.7667, 0.7833, 0.8, 0.8167, 0.8333, 0.85, 0.8667, 0.8833, 0.9, 0.9167, 0.9333, 0.95, 0.9667, 0.9833, 1.0, 1.0167, 1.0333, 1.05, 1.0667, 1.0833, 1.1, 1.1167, 1.1333, 1.15, 1.1667, 1.1833, 1.2, 1.2167, 1.2333, 1.25, 1.2667, 1.2833, 1.3, 1.3167, 1.3333, 1.35, 1.3667, 1.3833, 1.4, 1.4167, 1.4333, 1.45, 1.4667, 1.4833, 1.5],
            "transform": [
                [0.758926, 0.544242, -0.357535, 0.124994, 0.638818, -0.728721, 0.246732, -0.002831, -0.126262, -0.415651, -0.900718, -1.2e-05, 0.0, 0.0, 0.0, 1.0],
                [0.75922, 0.543818, -0.357558, 0.124994, 0.638468, -0.728916, 0.247062, -0.002831, -0.126273, -0.415863, -0.900618, -1.2e-05, 0.0, 0.0, 0.0, 1.0],
                [0.760103, 0.542541, -0.357621, 0.124994, 0.637409, -0.729506, 0.248054, -0.002831, -0.126307, -0.416497, -0.900321, -1.2e-05, 0.0, 0.0, 0.0, 1.0],
                [0.761583, 0.540408, -0.357702, 0.124994, 0.635629, -0.730497, 0.249698, -0.002831, -0.126361, -0.417531, -0.899833, -1.2e-05, 0.0, 0.0, 0.0, 1.0],
                [0.763661, 0.537426, -0.357765, 0.124994, 0.633117, -0.731896, 0.251972, -0.002831, -0.126431, -0.418928, -0.899175, -1.2e-05, 0.0, 0.0, 0.0, 1.0],
                [0.766334, 0.533607, -0.357765, 0.124994, 0.629863, -0.733708, 0.254842, -0.002831, -0.12651, -0.420637, -0.898365, -1.2e-05, 0.0, 0.0, 0.0, 1.0],
                [0.769593, 0.528977, -0.357645, 0.124994, 0.625861, -0.735934, 0.25826, -0.002831, -0.126589, -0.422592, -0.897436, -1.2e-05, 0.0, 0.0, 0.0, 1.0],
                [0.773423, 0.523571, -0.357338, 0.124994, 0.621107, -0.738577, 0.262164, -0.002831, -0.12666, -0.424709, -0.896426, -1.2e-05, 0.0, 0.0, 0.0, 1.0],
                [0.777801, 0.517442, -0.356762, 0.124994, 0.615605, -0.741638, 0.266463, -0.002831, -0.12671, -0.42688, -0.895387, -1.2e-05, 0.0, 0.0, 0.0, 1.0],
                [0.782692, 0.510591, -0.355935, 0.124994, 0.609372, -0.745062, 0.271197, -0.002831, -0.126723, -0.429161, -0.894294, -1.2e-05, 0.0, 0.0, 0.0, 1.0],
                [0.788058, 0.503152, -0.354685, 0.124994, 0.602423, -0.748894, 0.276122, -0.002831, -0.12669, -0.431271, -0.893284, -1.2e-05, 0.0, 0.0, 0.0, 1.0],
                [0.793847, 0.495168, -0.353008, 0.124994, 0.594794, -0.753085, 0.281216, -0.002831, -0.126596, -0.43321, -0.892358, -1.2e-05, 0.0, 0.0, 0.0, 1.0],
                [0.799999, 0.486718, -0.350866, 0.124994, 0.58653, -0.757604, 0.286388, -0.002831, -0.126427, -0.434904, -0.891558, -1.2e-05, 0.0, 0.0, 0.0, 1.0],
                [0.806444, 0.47789, -0.348238, 0.124994, 0.577693, -0.762411, 0.291549, -0.002831, -0.126172, -0.436292, -0.890915, -1.2e-05, 0.0, 0.0, 0.0, 1.0],
                [0.813105, 0.468777, -0.345121, 0.124994, 0.568356, -0.767458, 0.296611, -0.002831, -0.125821, -0.437328, -0.890457, -1.2e-05, 0.0, 0.0, 0.0, 1.0],
                [0.8199, 0.459475, -0.341534, 0.124994, 0.55861, -0.772692, 0.301498, -0.002831, -0.12537, -0.437982, -0.890199, -1.2e-05, 0.0, 0.0, 0.0, 1.0],
                [0.826744, 0.450089, -0.337511, 0.124994, 0.548556, -0.778055, 0.30613, -0.002831, -0.124816, -0.438235, -0.890152, -1.2e-05, 0.0, 0.0, 0.0, 1.0],
                [0.83355, 0.44069, -0.333146, 0.124994, 0.538311, -0.783453, 0.31052, -0.002831, -0.124161, -0.43817, -0.890276, -1.2e-05, 0.0, 0.0, 0.0, 1.0],
                [0.840235, 0.431423, -0.328451, 0.124994, 0.527991, -0.788863, 0.314515, -0.002831, -0.123414, -0.437685, -0.890618, -1.2e-05, 0.0, 0.0, 0.0, 1.0],
                [0.846718, 0.42236, -0.323543, 0.124994, 0.517727, -0.794194, 0.318143, -0.002831, -0.122585, -0.436885, -0.891125, -1.2e-05, 0.0, 0.0, 0.0, 1.0],
                [0.852928, 0.413591, -0.318521, 0.124994, 0.507646, -0.799375, 0.321396, -0.002831, -0.121691, -0.435824, -0.891767, -1.2e-05, 0.0, 0.0, 0.0, 1.0],
                [0.858801, 0.405199, -0.313486, 0.124994, 0.497875, -0.80434, 0.324281, -0.002831, -0.120751, -0.43457, -0.892507, -1.2e-05, 0.0, 0.0, 0.0, 1.0],
                [0.864284, 0.397261, -0.308541, 0.124994, 0.488533, -0.809027, 0.326818, -0.002831, -0.119786, -0.433196, -0.893304, -1.2e-05, 0.0, 0.0, 0.0, 1.0],
                [0.869332, 0.389843, -0.303784, 0.124994, 0.479734, -0.813381, 0.329038, -0.002831, -0.118819, -0.431779, -0.894119, -1.2e-05, 0.0, 0.0, 0.0, 1.0],
                [0.873912, 0.383003, -0.299309, 0.124994, 0.471575, -0.817354, 0.330982, -0.002831, -0.117874, -0.430396, -0.89491, -1.2e-05, 0.0, 0.0, 0.0, 1.0],
                [0.878001, 0.376791, -0.2952, 0.124994, 0.464146, -0.820904, 0.332694, -0.002831, -0.116975, -0.429121, -0.89564, -1.2e-05, 0.0, 0.0, 0.0, 1.0],
                [0.881582, 0.371246, -0.291529, 0.124994, 0.45752, -0.823998, 0.334221, -0.002831, -0.116141, -0.428023, -0.896274, -1.2e-05, 0.0, 0.0, 0.0, 1.0],
                [0.884647, 0.366399, -0.288359, 0.124994, 0.451756, -0.82661, 0.335608, -0.002831, -0.115394, -0.427163, -0.896781, -1.2e-05, 0.0, 0.0, 0.0, 1.0],
                [0.887193, 0.362272, -0.285739, 0.124994, 0.446901, -0.828722, 0.336897, -0.002831, -0.11475, -0.42659, -0.897136, -1.2e-05, 0.0, 0.0, 0.0, 1.0],
                [0.889221, 0.358881, -0.283709, 0.124994, 0.442989, -0.830321, 0.338124, -0.002831, -0.114223, -0.426347, -0.897319, -1.2e-05, 0.0, 0.0, 0.0, 1.0],
                [0.890734, 0.356233, -0.282296, 0.124994, 0.440042, -0.8314, 0.339318, -0.002831, -0.113824, -0.426464, -0.897314, -1.2e-05, 0.0, 0.0, 0.0, 1.0],
                [0.891739, 0.35433, -0.281517, 0.124994, 0.438071, -0.831958, 0.3405, -0.002831, -0.113561, -0.426961, -0.897111, -1.2e-05, 0.0, 0.0, 0.0, 1.0],
                [0.892241, 0.35317, -0.281382, 0.124994, 0.437077, -0.831996, 0.341681, -0.002831, -0.113438, -0.427847, -0.896704, -1.2e-05, 0.0, 0.0, 0.0, 1.0],
                [0.892249, 0.352743, -0.281893, 0.124994, 0.437057, -0.83152, 0.342864, -0.002831, -0.113457, -0.429123, -0.896092, -1.2e-05, 0.0, 0.0, 0.0, 1.0],
                [0.891473, 0.352852, -0.284201, 0.124994, 0.438604, -0.829365, 0.346093, -0.002831, -0.113587, -0.433184, -0.894119, -1.2e-05, 0.0, 0.0, 0.0, 1.0],
                [0.889595, 0.353285, -0.289499, 0.124994, 0.442347, -0.824295, 0.353365, -0.002831, -0.113794, -0.442411, -0.889564, -1.2e-05, 0.0, 0.0, 0.0, 1.0],
                [0.886581, 0.353979, -0.29778, 0.124994, 0.44829, -0.816231, 0.36442, -0.002831, -0.11406, -0.45658, -0.882341, -1.2e-05, 0.0, 0.0, 0.0, 1.0],
                [0.882411, 0.354844, -0.308928, 0.124994, 0.45637, -0.805171, 0.378716, -0.002831, -0.114355, -0.475169, -0.872432, -1.2e-05, 0.0, 0.0, 0.0, 1.0],
                [0.87709, 0.355712, -0.322773, 0.124994, 0.466447, -0.791147, 0.395619, -0.002831, -0.114634, -0.497549, -0.859828, -1.2e-05, 0.0, 0.0, 0.0, 1.0],
                [0.870672, 0.356528, -0.338849, 0.124994, 0.478267, -0.774523, 0.413974, -0.002831, -0.114853, -0.522495, -0.844871, -1.2e-05, 0.0, 0.0, 0.0, 1.0],
                [0.863268, 0.357166, -0.356653, 0.124994, 0.49148, -0.755743, 0.432782, -0.002831, -0.114963, -0.548894, -0.827949, -1.2e-05, 0.0, 0.0, 0.0, 1.0],
                [0.855062, 0.357583, -0.375503, 0.124994, 0.505629, -0.735503, 0.45097, -0.002831, -0.114925, -0.575473, -0.809706, -1.2e-05, 0.0, 0.0, 0.0, 1.0],
                [0.846313, 0.357804, -0.394627, 0.124994, 0.520187, -0.714669, 0.467605, -0.002831, -0.114717, -0.60102, -0.790959, -1.2e-05, 0.0, 0.0, 0.0, 1.0],
                [0.837341, 0.357905, -0.413236, 0.124994, 0.534589, -0.694172, 0.482016, -0.002831, -0.114341, -0.624523, -0.772591, -1.2e-05, 0.0, 0.0, 0.0, 1.0],
                [0.828502, 0.357991, -0.43061, 0.124994, 0.548295, -0.674896, 0.49385, -0.002831, -0.113823, -0.645258, -0.755438, -1.2e-05, 0.0, 0.0, 0.0, 1.0],
                [0.820156, 0.358152, -0.446173, 0.124994, 0.560827, -0.657564, 0.503073, -0.002831, -0.11321, -0.662824, -0.740167, -1.2e-05, 0.0, 0.0, 0.0, 1.0],
                [0.812629, 0.358434, -0.459521, 0.124994, 0.571808, -0.642681, 0.509898, -0.002831, -0.11256, -0.677115, -0.727217, -1.2e-05, 0.0, 0.0, 0.0, 1.0],
                [0.80619, 0.358822, -0.47043, 0.124994, 0.580971, -0.630528, 0.514691, -0.002831, -0.111936, -0.688245, -0.716791, -1.2e-05, 0.0, 0.0, 0.0, 1.0],
                [0.801042, 0.359298, -0.478786, 0.124994, 0.588151, -0.621248, 0.517812, -0.002831, -0.111396, -0.696388, -0.708967, -1.2e-05, 0.0, 0.0, 0.0, 1.0],
                [0.797312, 0.359682, -0.484688, 0.124994, 0.593276, -0.614695, 0.519782, -0.002831, -0.110979, -0.701982, -0.703494, -1.2e-05, 0.0, 0.0, 0.0, 1.0],
                [0.795068, 0.359951, -0.488162, 0.124994, 0.596329, -0.610845, 0.520826, -0.002831, -0.110719, -0.705197, -0.700313, -1.2e-05, 0.0, 0.0, 0.0, 1.0],
                [0.794324, 0.360047, -0.489301, 0.124994, 0.597336, -0.609584, 0.521149, -0.002831, -0.110632, -0.706238, -0.699277, -1.2e-05, 0.0, 0.0, 0.0, 1.0],
                [0.794324, 0.360047, -0.489301, 0.124994, 0.597336, -0.609584, 0.521149, -0.002831, -0.110632, -0.706238, -0.699277, -1.2e-05, 0.0, 0.0, 0.0, 1.0],
                [0.794324, 0.360047, -0.489301, 0.124994, 0.597336, -0.609584, 0.521149, -0.002831, -0.110632, -0.706238, -0.699277, -1.2e-05, 0.0, 0.0, 0.0, 1.0],
                [0.794324, 0.360047, -0.489301, 0.124994, 0.597336, -0.609584, 0.521149, -0.002831, -0.110632, -0.706238, -0.699277, -1.2e-05, 0.0, 0.0, 0.0, 1.0],
                [0.794324, 0.360047, -0.489301, 0.124994, 0.597336, -0.609584, 0.521149, -0.002831, -0.110632, -0.706238, -0.699277, -1.2e-05, 0.0, 0.0, 0.0, 1.0],
                [0.794324, 0.360047, -0.489301, 0.124994, 0.597336, -0.609584, 0.521149, -0.002831, -0.110632, -0.706238, -0.699277, -1.2e-05, 0.0, 0.0, 0.0, 1.0],
                [0.794324, 0.360047, -0.489301, 0.124994, 0.597336, -0.609584, 0.521149, -0.002831, -0.110632, -0.706238, -0.699277, -1.2e-05, 0.0, 0.0, 0.0, 1.0],
                [0.794324, 0.360047, -0.489301, 0.124994, 0.597336, -0.609584, 0.521149, -0.002831, -0.110632, -0.706238, -0.699277, -1.2e-05, 0.0, 0.0, 0.0, 1.0],
                [0.794324, 0.360047, -0.489301, 0.124994, 0.597336, -0.609584, 0.521149, -0.002831, -0.110632, -0.706238, -0.699277, -1.2e-05, 0.0, 0.0, 0.0, 1.0],
                [0.794324, 0.360047, -0.489301, 0.124994, 0.597336, -0.609584, 0.521149, -0.002831, -0.110632, -0.706238, -0.699277, -1.2e-05, 0.0, 0.0, 0.0, 1.0],
                [0.79473, 0.359881, -0.488763, 0.124994, 0.596765, -0.610285, 0.520982, -0.002831, -0.110793, -0.705717, -0.699777, -1.2e-05, 0.0, 0.0, 0.0, 1.0],
                [0.795954, 0.359379, -0.487138, 0.124994, 0.595041, -0.612403, 0.520469, -0.002831, -0.111279, -0.704137, -0.70129, -1.2e-05, 0.0, 0.0, 0.0, 1.0],
                [0.797992, 0.358543, -0.484412, 0.124994, 0.592154, -0.615948, 0.519578, -0.002831, -0.112082, -0.701466, -0.703834, -1.2e-05, 0.0, 0.0, 0.0, 1.0],
                [0.80083, 0.357377, -0.480576, 0.124994, 0.588099, -0.620924, 0.51826, -0.002831, -0.113187, -0.697664, -0.707427, -1.2e-05, 0.0, 0.0, 0.0, 1.0],
                [0.804438, 0.355892, -0.475627, 0.124994, 0.582884, -0.627319, 0.516447, -0.002831, -0.114571, -0.692685, -0.712083, -1.2e-05, 0.0, 0.0, 0.0, 1.0],
                [0.808771, 0.354103, -0.469574, 0.124994, 0.576529, -0.635107, 0.514056, -0.002831, -0.116201, -0.686476, -0.717807, -1.2e-05, 0.0, 0.0, 0.0, 1.0],
                [0.813773, 0.352033, -0.462436, 0.124994, 0.56907, -0.644243, 0.510988, -0.002831, -0.118037, -0.678987, -0.7246, -1.2e-05, 0.0, 0.0, 0.0, 1.0],
                [0.819367, 0.349711, -0.454246, 0.124994, 0.560562, -0.654665, 0.507132, -0.002831, -0.120029, -0.670161, -0.732446, -1.2e-05, 0.0, 0.0, 0.0, 1.0],
                [0.825468, 0.34717, -0.445055, 0.124994, 0.551078, -0.666287, 0.502369, -0.002831, -0.122127, -0.65995, -0.741317, -1.2e-05, 0.0, 0.0, 0.0, 1.0],
                [0.831977, 0.344453, -0.434931, 0.124994, 0.540712, -0.679, 0.496576, -0.002831, -0.124271, -0.648313, -0.751163, -1.2e-05, 0.0, 0.0, 0.0, 1.0],
                [0.838788, 0.341645, -0.423925, 0.124994, 0.52958, -0.692729, 0.489562, -0.002831, -0.126409, -0.635141, -0.761982, -1.2e-05, 0.0, 0.0, 0.0, 1.0],
                [0.845786, 0.338698, -0.412225, 0.124994, 0.517822, -0.707194, 0.481391, -0.002831, -0.128477, -0.620613, -0.77352, -1.2e-05, 0.0, 0.0, 0.0, 1.0],
                [0.852859, 0.335741, -0.399886, 0.124994, 0.505587, -0.722324, 0.471835, -0.002831, -0.130433, -0.604586, -0.785788, -1.2e-05, 0.0, 0.0, 0.0, 1.0],
                [0.859896, 0.332812, -0.387059, 0.124994, 0.493044, -0.737908, 0.460867, -0.002831, -0.132232, -0.587135, -0.798616, -1.2e-05, 0.0, 0.0, 0.0, 1.0],
                [0.866796, 0.329998, -0.373852, 0.124994, 0.480364, -0.753796, 0.448377, -0.002831, -0.133844, -0.568237, -0.811907, -1.2e-05, 0.0, 0.0, 0.0, 1.0],
                [0.873463, 0.327268, -0.360496, 0.124994, 0.467729, -0.769667, 0.434559, -0.002831, -0.135244, -0.548186, -0.825349, -1.2e-05, 0.0, 0.0, 0.0, 1.0],
                [0.87982, 0.324745, -0.347069, 0.124994, 0.455307, -0.785417, 0.419304, -0.002831, -0.136427, -0.526935, -0.838884, -1.2e-05, 0.0, 0.0, 0.0, 1.0],
                [0.885802, 0.322474, -0.333715, 0.124994, 0.443258, -0.800847, 0.402699, -0.002831, -0.137394, -0.504633, -0.852331, -1.2e-05, 0.0, 0.0, 0.0, 1.0],
                [0.891357, 0.320455, -0.32061, 0.124994, 0.431735, -0.815715, 0.384985, -0.002831, -0.138156, -0.481577, -0.865446, -1.2e-05, 0.0, 0.0, 0.0, 1.0],
                [0.896452, 0.318773, -0.307826, 0.124994, 0.420864, -0.829918, 0.36621, -0.002831, -0.138733, -0.457843, -0.878142, -1.2e-05, 0.0, 0.0, 0.0, 1.0],
                [0.901062, 0.317401, -0.295538, 0.124994, 0.410761, -0.843231, 0.346751, -0.002831, -0.139148, -0.43384, -0.89018, -1.2e-05, 0.0, 0.0, 0.0, 1.0],
                [0.905177, 0.316401, -0.283804, 0.124994, 0.401514, -0.85558, 0.326755, -0.002831, -0.139431, -0.409722, -0.901492, -1.2e-05, 0.0, 0.0, 0.0, 1.0],
                [0.908793, 0.315777, -0.272727, 0.124994, 0.393197, -0.866846, 0.30655, -0.002831, -0.139611, -0.385826, -0.911947, -1.2e-05, 0.0, 0.0, 0.0, 1.0],
                [0.91191, 0.315467, -0.262489, 0.124994, 0.385876, -0.87686, 0.286732, -0.002831, -0.139712, -0.362762, -0.921349, -1.2e-05, 0.0, 0.0, 0.0, 1.0],
                [0.914537, 0.315494, -0.253153, 0.124994, 0.379591, -0.885604, 0.267614, -0.002831, -0.139763, -0.340837, -0.929676, -1.2e-05, 0.0, 0.0, 0.0, 1.0],
                [0.916679, 0.315786, -0.244906, 0.124994, 0.374381, -0.892969, 0.249889, -0.002831, -0.139782, -0.320756, -0.936791, -1.2e-05, 0.0, 0.0, 0.0, 1.0],
                [0.918342, 0.316243, -0.237989, 0.124994, 0.370281, -0.898855, 0.234415, -0.002831, -0.139786, -0.303396, -0.942556, -1.2e-05, 0.0, 0.0, 0.0, 1.0],
                [0.919528, 0.316735, -0.232693, 0.124994, 0.367325, -0.903163, 0.222191, -0.002831, -0.139784, -0.289785, -0.946829, -1.2e-05, 0.0, 0.0, 0.0, 1.0],
                [0.920239, 0.317107, -0.229354, 0.124994, 0.365542, -0.905784, 0.214323, -0.002831, -0.139782, -0.281067, -0.949454, -1.2e-05, 0.0, 0.0, 0.0, 1.0],
                [0.920475, 0.317247, -0.228212, 0.124994, 0.364948, -0.906663, 0.211602, -0.002831, -0.139781, -0.27806, -0.950339, -1.2e-05, 0.0, 0.0, 0.0, 1.0]
            ]
        },
        {
            "name": "Leg_R",
            "time": [0.0, 0.0167, 0.0333, 0.05, 0.0667, 0.0833, 0.1, 0.1167, 0.1333, 0.15, 0.1667, 0.1833, 0.2, 0.2167, 0.2333, 0.25, 0.2667, 0.2833, 0.3, 0.3167, 0.3333, 0.35, 0.3667, 0.3833, 0.4, 0.4167, 0.4333, 0.45, 0.4667, 0.4833, 0.5, 0.5167, 0.5333, 0.55, 0.5667, 0.5833, 0.6, 0.6167, 0.6333, 0.65, 0.6667, 0.6833, 0.7, 0.7167, 0.7333, 0.75, 0.7667, 0.7833, 0.8, 0.8167, 0.8333, 0.85, 0.8667, 0.8833, 0.9, 0.9167, 0.9333, 0.95, 0.9667, 0.9833, 1.0, 1.0167, 1.0333, 1.05, 1.0667, 1.0833, 1.1, 1.1167, 1.1333, 1.15, 1.1667, 1.1833, 1.2, 1.2167, 1.2333, 1.25, 1.2667, 1.2833, 1.3, 1.3167, 1.3333, 1.35, 1.3667, 1.3833, 1.4, 1.4167, 1.4333, 1.45, 1.4667, 1.4833, 1.5],
            "transform": [
                [0.999635, -0.025091, -0.010083, 0.0, 0.02517, 0.727045, 0.686129, 0.374721, -0.009885, -0.686131, 0.72741, 0.0, 0.0, 0.0, 0.0, 1.0],
                [0.999633, -0.025117, -0.010108, -0.0, 0.025196, 0.726374, 0.686838, 0.374721, -0.009909, -0.68684, 0.72674, 0.0, 0.0, 0.0, 0.0, 1.0],
                [0.999631, -0.025195, -0.010182, 0.0, 0.025274, 0.724357, 0.688962, 0.374721, -0.009983, -0.688965, 0.724726, -0.0, 0.0, 0.0, 0.0, 1.0],
                [0.999626, -0.025323, -0.010304, 0.0, 0.025402, 0.721003, 0.692466, 0.374721, -0.010106, -0.69247, 0.721377, 0.0, 0.0, 0.0, 0.0, 1.0],
                [0.99962, -0.025499, -0.010474, 0.0, 0.025579, 0.716342, 0.697281, 0.374721, -0.010277, -0.697283, 0.716721, 0.0, 0.0, 0.0, 0.0, 1.0],
                [0.999612, -0.025719, -0.01069, 0.0, 0.0258, 0.710423, 0.703302, 0.374721, -0.010493, -0.703305, 0.710811, -0.0, 0.0, 0.0, 0.0, 1.0],
                [0.999602, -0.025978, -0.01095, -0.0, 0.02606, 0.703323, 0.710393, 0.374721, -0.010754, -0.710396, 0.70372, 0.0, 0.0, 0.0, 0.0, 1.0],
                [0.999591, -0.026271, -0.011248, -0.0, 0.026353, 0.695144, 0.718388, 0.374721, -0.011053, -0.718391, 0.695552, 0.0, 0.0, 0.0, 0.0, 1.0],
                [0.99958, -0.026588, -0.011581, 0.0, 0.026672, 0.686044, 0.727071, 0.374721, -0.011387, -0.727074, 0.686465, 0.0, 0.0, 0.0, 0.0, 1.0],
                [0.999566, -0.026932, -0.01195, -0.0, 0.027016, 0.675937, 0.736464, 0.374721, -0.011757, -0.736467, 0.676371, -0.0, 0.0, 0.0, 0.0, 1.0],
                [0.999552, -0.027284, -0.012339, 0.0, 0.02737, 0.665282, 0.746091, 0.374721, -0.012147, -0.746093, 0.66573, -0.0, 0.0, 0.0, 0.0, 1.0],
                [0.999537, -0.027642, -0.012746, 0.0, 0.027729, 0.654118, 0.755885, 0.374721, -0.012556, -0.755888, 0.654581, -0.0, 0.0, 0.0, 0.0, 1.0],
                [0.999521, -0.028, -0.013166, 0.0, 0.028088, 0.642621, 0.765669, 0.374721, -0.012977, -0.765672, 0.6431, -0.0, 0.0, 0.0, 0.0, 1.0],
                [0.999505, -0.028351, -0.013592, -0.0, 0.028441, 0.630972, 0.775285, 0.374721, -0.013404, -0.775288, 0.631466, -0.0, 0.0, 0.0, 0.0, 1.0],
                [0.99949, -0.028692, -0.014017, -0.0, 0.028782, 0.619344, 0.784592, 0.374721, -0.01383, -0.784595, 0.619854, 0.0, 0.0, 0.0, 0.0, 1.0],
                [0.999475, -0.029017, -0.014435, 0.0, 0.029108, 0.6079, 0.79348, 0.374721, -0.014249, -0.793483, 0.608425, -0.0, 0.0, 0.0, 0.0, 1.0],
                [0.99946, -0.029323, -0.01484, -0.0, 0.029415, 0.596804, 0.801848, 0.374721, -0.014656, -0.801851, 0.597344, 0.0, 0.0, 0.0, 0.0, 1.0],
                [0.999445, -0.029611, -0.015232, 0.0, 0.029704, 0.586049, 0.809731, 0.374721, -0.01505, -0.809734, 0.586604, 0.0, 0.0, 0.0, 0.0, 1.0],
                [0.999432, -0.029874, -0.015601, 0.0, 0.029968, 0.575953, 0.816933, 0.374721, -0.01542, -0.816936, 0.576521, 0.0, 0.0, 0.0, 0.0, 1.0],
                [0.999419, -0.030115, -0.015947, 0.0, 0.03021, 0.56648, 0.823522, 0.37472, -0.015767, -0.823525, 0.567061, -0.0, 0.0, 0.0, 0.0, 1.0],
                [0.999407, -0.030334, -0.016269, -0.0, 0.03043, 0.557671, 0.829504, 0.374721, -0.01609, -0.829507, 0.558264, 0.0, 0.0, 0.0, 0.0, 1.0],
                [0.999397, -0.030532, -0.016566, -0.0, 0.030628, 0.549541, 0.834905, 0.374721, -0.016387, -0.834908, 0.550144, 0.0, 0.0, 0.0, 0.0, 1.0],
                [0.999386, -0.030709, -0.016838, 0.0, 0.030806, 0.542079, 0.839763, 0.374721, -0.016661, -0.839766, 0.542693, 0.0, 0.0, 0.0, 0.0, 1.0],
                [0.999377, -0.030869, -0.017087, -0.0, 0.030966, 0.535256, 0.844122, 0.37472, -0.016911, -0.844125, 0.535879, -0.0, 0.0, 0.0, 0.0, 1.0],
                [0.999369, -0.031012, -0.017315, 0.0, 0.031109, 0.529027, 0.848035, 0.374721, -0.017139, -0.848038, 0.529658, 0.0, 0.0, 0.0, 0.0, 1.0],
                [0.999361, -0.03114, -0.017523, -0.0, 0.031238, 0.523338, 0.851553, 0.374721, -0.017347, -0.851556, 0.523976, 0.0, 0.0, 0.0, 0.0, 1.0],
                [0.999354, -0.031256, -0.017713, -0.0, 0.031355, 0.518128, 0.854728, 0.374721, -0.017538, -0.854732, 0.518773, -0.0, 0.0, 0.0, 0.0, 1.0],
                [0.999348, -0.031362, -0.017888, 0.0, 0.031461, 0.513339, 0.857609, 0.374721, -0.017714, -0.857612, 0.513991, -0.0, 0.0, 0.0, 0.0, 1.0],
                [0.999342, -0.031458, -0.018049, -0.0, 0.031557, 0.508917, 0.860237, 0.374721, -0.017876, -0.86024, 0.509575, -0.0, 0.0, 0.0, 0.0, 1.0],
                [0.999337, -0.031546, -0.018199, -0.0, 0.031646, 0.504811, 0.86265, 0.374721, -0.018026, -0.862653, 0.505474, 0.0, 0.0, 0.0, 0.0, 1.0],
                [0.999331, -0.031628, -0.018339, 0.0, 0.031727, 0.500983, 0.864875, 0.374721, -0.018166, -0.864879, 0.501652, -0.0, 0.0, 0.0, 0.0, 1.0],
                [0.999327, -0.031703, -0.01847, 0.0, 0.031803, 0.497406, 0.866935, 0.374721, -0.018297, -0.866938, 0.498079, 0.0, 0.0, 0.0, 0.0, 1.0],
                [0.999322, -0.031773, -0.018592, -0.0, 0.031873, 0.494062, 0.868842, 0.374721, -0.01842, -0.868846, 0.49474, 0.0, 0.0, 0.0, 0.0, 1.0],
                [0.999318, -0.031837, -0.018706, -0.0, 0.031937, 0.490947, 0.870604, 0.374721, -0.018534, -0.870607, 0.491629, 0.0, 0.0, 0.0, 0.0, 1.0],
                [0.999313, -0.031923, -0.018858, 0.0, 0.032023, 0.486782, 0.872936, 0.374721, -0.018687, -0.872941, 0.487469, 0.0, 0.0, 0.0, 0.0, 1.0],
                [0.999304, -0.032052, -0.019092, 0.0, 0.032153, 0.480376, 0.876473, 0.374721, -0.018921, -0.876477, 0.481072, -0.0, 0.0, 0.0, 0.0, 1.0],
                [0.999293, -0.032216, -0.019395, 0.0, 0.032317, 0.472077, 0.880965, 0.374721, -0.019225, -0.880968, 0.472784, -0.0, 0.0, 0.0, 0.0, 1.0],
                [0.99928, -0.0324, -0.019742, -0.0, 0.032502, 0.462559, 0.885993, 0.374721, -0.019574, -0.885997, 0.463279, 0.0, 0.0, 0.0, 0.0, 1.0],
                [0.999266, -0.032591, -0.020113, 0.0, 0.032693, 0.452402, 0.891215, 0.374721, -0.019946, -0.891218, 0.453135, -0.0, 0.0, 0.0, 0.0, 1.0],
                [0.999254, -0.032763, -0.020456, 0.0, 0.032866, 0.443003, 0.895918, 0.374721, -0.02029, -0.895921, 0.443749, -0.0, 0.0, 0.0, 0.0, 1.0],
                [0.999243, -0.032901, -0.02074, 0.0, 0.033005, 0.435238, 0.89971, 0.374721, -0.020575, -0.899714, 0.435995, -0.0, 0.0, 0.0, 0.0, 1.0],
                [0.999237, -0.032993, -0.020931, -0.0, 0.033097, 0.430018, 0.902214, 0.374721, -0.020766, -0.902218, 0.430781, -0.0, 0.0, 0.0, 0.0, 1.0],
                [0.999234, -0.033029, -0.021006, 0.0, 0.033133, 0.427955, 0.903193, 0.374721, -0.020842, -0.903196, 0.428721, -0.0, 0.0, 0.0, 0.0, 1.0],
                [0.999235, -0.033007, -0.020959, 0.0, 0.033111, 0.429236, 0.902585, 0.374721, -0.020795, -0.902589, 0.43, 0.0, 0.0, 0.0, 0.0, 1.0],
                [0.999241, -0.032931, -0.020801, 0.0, 0.033034, 0.43358, 0.900509, 0.374721, -0.020636, -0.900513, 0.434339, 0.0, 0.0, 0.0, 0.0, 1.0],
                [0.99925, -0.032812, -0.020556, -0.0, 0.032915, 0.440291, 0.897251, 0.374721, -0.02039, -0.897255, 0.441041, 0.0, 0.0, 0.0, 0.0, 1.0],
                [0.999261, -0.032665, -0.02026, 0.0, 0.032767, 0.44839, 0.893238, 0.374721, -0.020093, -0.893241, 0.449129, 0.0, 0.0, 0.0, 0.0, 1.0],
                [0.999272, -0.032509, -0.019953, -0.0, 0.032611, 0.456783, 0.888981, 0.374721, -0.019786, -0.888984, 0.457511, 0.0, 0.0, 0.0, 0.0, 1.0],
                [0.999283, -0.032361, -0.019668, 0.0, 0.032463, 0.464589, 0.884932, 0.374721, -0.0195, -0.884935, 0.465306, 0.0, 0.0, 0.0, 0.0, 1.0],
                [0.999291, -0.032245, -0.019449, -0.0, 0.032346, 0.470602, 0.881753, 0.374721, -0.019279, -0.881757, 0.471311, -0.0, 0.0, 0.0, 0.0, 1.0],
                [0.999295, -0.03217, -0.019309, 0.0, 0.032271, 0.474433, 0.8797, 0.374721, -0.019139, -0.879703, 0.475137, -0.0, 0.0, 0.0, 0.0, 1.0],
                [0.999298, -0.032144, -0.019261, -0.0, 0.032245, 0.475738, 0.878996, 0.374721, -0.019091, -0.879, 0.47644, 0.0, 0.0, 0.0, 0.0, 1.0],
                [0.999298, -0.032144, -0.019261, -0.0, 0.032245, 0.475738, 0.878996, 0.374721, -0.019091, -0.879, 0.47644, 0.0, 0.0, 0.0, 0.0, 1.0],
                [0.999298, -0.032144, -0.019261, -0.0, 0.032245, 0.475738, 0.878996, 0.374721, -0.019091, -0.879, 0.47644, 0.0, 0.0, 0.0, 0.0, 1.0],
                [0.999298, -0.032144, -0.019261, -0.0, 0.032245, 0.475738, 0.878996, 0.374721, -0.019091, -0.879, 0.47644, 0.0, 0.0, 0.0, 0.0, 1.0],
                [0.999298, -0.032144, -0.019261, -0.0, 0.032245, 0.475738, 0.878996, 0.374721, -0.019091, -0.879, 0.47644, 0.0, 0.0, 0.0, 0.0, 1.0],
                [0.999298, -0.032144, -0.019261, -0.0, 0.032245, 0.475738, 0.878996, 0.374721, -0.019091, -0.879, 0.47644, 0.0, 0.0, 0.0, 0.0, 1.0],
                [0.999298, -0.032144, -0.019261, -0.0, 0.032245, 0.475738, 0.878996, 0.374721, -0.019091, -0.879, 0.47644, 0.0, 0.0, 0.0, 0.0, 1.0],
                [0.999298, -0.032144, -0.019261, -0.0, 0.032245, 0.475738, 0.878996, 0.374721, -0.019091, -0.879, 0.47644, 0.0, 0.0, 0.0, 0.0, 1.0],
                [0.999298, -0.032144, -0.019261, -0.0, 0.032245, 0.475738, 0.878996, 0.374721, -0.019091, -0.879, 0.47644, 0.0, 0.0, 0.0, 0.0, 1.0],
                [0.999298, -0.032144, -0.019261, -0.0, 0.032245, 0.475738, 0.878996, 0.374721, -0.019091, -0.879, 0.47644, 0.0, 0.0, 0.0, 0.0, 1.0],
                [0.999299, -0.032128, -0.019231, 0.0, 0.032229, 0.476568, 0.878547, 0.374721, -0.019061, -0.878551, 0.477269, 0.0, 0.0, 0.0, 0.0, 1.0],
                [0.999302, -0.032078, -0.019139, -0.0, 0.032178, 0.479084, 0.877179, 0.374721, -0.018969, -0.877183, 0.479782, -0.0, 0.0, 0.0, 0.0, 1.0],
                [0.999308, -0.031992, -0.018983, -0.0, 0.032093, 0.483335, 0.874847, 0.374721, -0.018813, -0.87485, 0.484027, -0.0, 0.0, 0.0, 0.0, 1.0],
                [0.999316, -0.031869, -0.018763, 0.0, 0.03197, 0.489377, 0.871486, 0.374721, -0.018591, -0.87149, 0.490061, 0.0, 0.0, 0.0, 0.0, 1.0],
                [0.999326, -0.031706, -0.018475, 0.0, 0.031805, 0.497273, 0.867011, 0.374721, -0.018302, -0.867014, 0.497946, 0.0, 0.0, 0.0, 0.0, 1.0],
                [0.999339, -0.031497, -0.018116, -0.0, 0.031597, 0.507087, 0.861316, 0.374721, -0.017943, -0.861319, 0.507747, -0.0, 0.0, 0.0, 0.0, 1.0],
                [0.999355, -0.03124, -0.017686, -0.0, 0.031338, 0.518876, 0.854275, 0.374721, -0.017511, -0.854278, 0.519521, 0.0, 0.0, 0.0, 0.0, 1.0],
                [0.999374, -0.030928, -0.017181, 0.0, 0.031025, 0.532688, 0.845743, 0.374721, -0.017005, -0.845747, 0.533314, 0.0, 0.0, 0.0, 0.0, 1.0],
                [0.999395, -0.030556, -0.016602, 0.0, 0.030652, 0.548543, 0.835561, 0.374721, -0.016424, -0.835564, 0.549148, -0.0, 0.0, 0.0, 0.0, 1.0],
