{
    "animation": [
        {
            "name": "Root",
            "time": [0.0, 0.0167, 0.0333, 0.05, 0.0667, 0.0833, 0.1, 0.1167, 0.1333, 0.15, 0.1667, 0.1833, 0.2, 0.2167, 0.2333, 0.25, 0.2667, 0.2833, 0.3, 0.3167, 0.3333, 0.35, 0.3667, 0.3833, 0.4, 0.4167, 0.4333, 0.45, 0.4667, 0.4833, 0.5, 0.5167, 0.5333, 0.55, 0.5667, 0.5833, 0.6, 0.6167, 0.6333, 0.65, 0.6667, 0.6833, 0.7, 0.7167, 0.7333, 0.75, 0.7667, 0.7833, 0.8, 0.8167, 0.8333, 0.85, 0.8667, 0.8833, 0.9, 0.9167, 0.9333, 0.95, 0.9667, 0.9833, 1.0],
            "transform": [
                [0.542083, 0.0, -0.840325, -5e-06, -0.840325, 0.0, -0.542083, 0.000946, 0.0, 1.0, 0.0, 0.749639, 0.0, 0.0, 0.0, 1.0],
                [0.542083, 0.0, -0.840325, -5e-06, -0.840325, 0.0, -0.542083, 0.000946, 0.0, 1.0, 0.0, 0.749639, 0.0, 0.0, 0.0, 1.0],
                [0.542083, 0.0, -0.840325, -5e-06, -0.840325, 0.0, -0.542083, 0.000946, 0.0, 1.0, 0.0, 0.749639, 0.0, 0.0, 0.0, 1.0],
                [0.542083, 0.0, -0.840325, -5e-06, -0.840325, 0.0, -0.542083, 0.000946, 0.0, 1.0, 0.0, 0.749639, 0.0, 0.0, 0.0, 1.0],
                [0.542083, 0.0, -0.840325, -5e-06, -0.840325, 0.0, -0.542083, 0.000946, 0.0, 1.0, 0.0, 0.749639, 0.0, 0.0, 0.0, 1.0],
                [0.542083, 0.0, -0.840325, -5e-06, -0.840325, 0.0, -0.542083, 0.000946, 0.0, 1.0, 0.0, 0.749639, 0.0, 0.0, 0.0, 1.0],
                [0.542083, 0.0, -0.840325, -5e-06, -0.840325, 0.0, -0.542083, 0.000946, 0.0, 1.0, 0.0, 0.749639, 0.0, 0.0, 0.0, 1.0],
                [0.542083, 0.0, -0.840325, -5e-06, -0.840325, 0.0, -0.542083, 0.000946, 0.0, 1.0, 0.0, 0.749639, 0.0, 0.0, 0.0, 1.0],
                [0.542083, 0.0, -0.840325, -5e-06, -0.840325, 0.0, -0.542083, 0.000946, 0.0, 1.0, 0.0, 0.749639, 0.0, 0.0, 0.0, 1.0],
                [0.542083, 0.0, -0.840325, -5e-06, -0.840325, 0.0, -0.542083, 0.000946, 0.0, 1.0, 0.0, 0.749639, 0.0, 0.0, 0.0, 1.0],
                [0.542083, 0.0, -0.840325, -5e-06, -0.840325, 0.0, -0.542083, 0.000946, 0.0, 1.0, 0.0, 0.749639, 0.0, 0.0, 0.0, 1.0],
                [0.542083, 0.0, -0.840325, 0.000135, -0.840325, 0.0, -0.542083, 0.000916, 0.0, 1.0, 0.0, 0.747637, 0.0, 0.0, 0.0, 1.0],
                [0.542083, 0.0, -0.840325, 0.000556, -0.840325, 0.0, -0.542083, 0.000825, 0.0, 1.0, 0.0, 0.741611, 0.0, 0.0, 0.0, 1.0],
                [0.542083, 0.0, -0.840325, 0.001261, -0.840325, 0.0, -0.542083, 0.000673, 0.0, 1.0, 0.0, 0.731813, 0.0, 0.0, 0.0, 1.0],
                [0.542083, 0.0, -0.840325, 0.002251, -0.840325, 0.0, -0.542083, 0.00046, 0.0, 1.0, 0.0, 0.718998, 0.0, 0.0, 0.0, 1.0],
                [0.542083, 0.0, -0.840325, 0.003523, -0.840325, 0.0, -0.542083, 0.000185, 0.0, 1.0, 0.0, 0.70448, 0.0, 0.0, 0.0, 1.0],
                [0.542083, 0.0, -0.840325, 0.005072, -0.840325, 0.0, -0.542083, -0.000149, 0.0, 1.0, 0.0, 0.689962, 0.0, 0.0, 0.0, 1.0],
                [0.542083, 0.0, -0.840325, 0.006888, -0.840325, 0.0, -0.542083, -0.000541, 0.0, 1.0, 0.0, 0.677147, 0.0, 0.0, 0.0, 1.0],
                [0.542083, 0.0, -0.840325, 0.008959, -0.840325, 0.0, -0.542083, -0.000987, 0.0, 1.0, 0.0, 0.667349, 0.0, 0.0, 0.0, 1.0],
                [0.542083, 0.0, -0.840325, 0.011267, -0.840325, 0.0, -0.542083, -0.001485, 0.0, 1.0, 0.0, 0.661323, 0.0, 0.0, 0.0, 1.0],
                [0.542083, 0.0, -0.840325, 0.01379, -0.840325, 0.0, -0.542083, -0.00203, 0.0, 1.0, 0.0, 0.659321, 0.0, 0.0, 0.0, 1.0],
                [0.542083, 0.0, -0.840325, 0.016501, -0.840325, 0.0, -0.542083, -0.002615, 0.0, 1.0, 0.0, 0.660725, 0.0, 0.0, 0.0, 1.0],
                [0.542083, 0.0, -0.840325, 0.01937, -0.840325, 0.0, -0.542083, -0.003233, 0.0, 1.0, 0.0, 0.664951, 0.0, 0.0, 0.0, 1.0],
                [0.542083, 0.0, -0.840325, 0.02236, -0.840325, 0.0, -0.542083, -0.003879, 0.0, 1.0, 0.0, 0.671822, 0.0, 0.0, 0.0, 1.0],
                [0.542083, 0.0, -0.840325, 0.025434, -0.840325, 0.0, -0.542083, -0.004542, 0.0, 1.0, 0.0, 0.68081, 0.0, 0.0, 0.0, 1.0],
                [0.542083, 0.0, -0.840325, 0.028549, -0.840325, 0.0, -0.542083, -0.005214, 0.0, 1.0, 0.0, 0.690991, 0.0, 0.0, 0.0, 1.0],
                [0.542083, 0.0, -0.840325, 0.031665, -0.840325, 0.0, -0.542083, -0.005886, 0.0, 1.0, 0.0, 0.701172, 0.0, 0.0, 0.0, 1.0],
                [0.542083, 0.0, -0.840325, 0.034738, -0.840325, 0.0, -0.542083, -0.006549, 0.0, 1.0, 0.0, 0.71016, 0.0, 0.0, 0.0, 1.0],
                [0.542083, 0.0, -0.840325, 0.037729, -0.840325, 0.0, -0.542083, -0.007194, 0.0, 1.0, 0.0, 0.717031, 0.0, 0.0, 0.0, 1.0],
                [0.542083, 0.0, -0.840325, 0.040597, -0.840325, 0.0, -0.542083, -0.007813, 0.0, 1.0, 0.0, 0.721257, 0.0, 0.0, 0.0, 1.0],
                [0.542083, 0.0, -0.840325, 0.043309, -0.840325, 0.0, -0.542083, -0.008398, 0.0, 1.0, 0.0, 0.722661, 0.0, 0.0, 0.0, 1.0],
                [0.542083, 0.0, -0.840325, 0.045832, -0.840325, 0.0, -0.542083, -0.008942, 0.0, 1.0, 0.0, 0.722661, 0.0, 0.0, 0.0, 1.0],
                [0.542083, 0.0, -0.840325, 0.04814, -0.840325, 0.0, -0.542083, -0.00944, 0.0, 1.0, 0.0, 0.722661, 0.0, 0.0, 0.0, 1.0],
                [0.542083, 0.0, -0.840325, 0.050211, -0.840325, 0.0, -0.542083, -0.009887, 0.0, 1.0, 0.0, 0.722661, 0.0, 0.0, 0.0, 1.0],
                [0.542083, 0.0, -0.840325, 0.052027, -0.840325, 0.0, -0.542083, -0.010279, 0.0, 1.0, 0.0, 0.722661, 0.0, 0.0, 0.0, 1.0],
                [0.542083, 0.0, -0.840325, 0.053576, -0.840325, 0.0, -0.542083, -0.010613, 0.0, 1.0, 0.0, 0.722661, 0.0, 0.0, 0.0, 1.0],
                [0.542083, 0.0, -0.840325, 0.054847, -0.840325, 0.0, -0.542083, -0.010887, 0.0, 1.0, 0.0, 0.722661, 0.0, 0.0, 0.0, 1.0],
                [0.542083, 0.0, -0.840325, 0.055837, -0.840325, 0.0, -0.542083, -0.011101, 0.0, 1.0, 0.0, 0.722661, 0.0, 0.0, 0.0, 1.0],
                [0.542083, 0.0, -0.840325, 0.056543, -0.840325, 0.0, -0.542083, -0.011253, 0.0, 1.0, 0.0, 0.722661, 0.0, 0.0, 0.0, 1.0],
                [0.542083, 0.0, -0.840325, 0.056964, -0.840325, 0.0, -0.542083, -0.011344, 0.0, 1.0, 0.0, 0.722661, 0.0, 0.0, 0.0, 1.0],
                [0.542083, 0.0, -0.840325, 0.057103, -0.840325, 0.0, -0.542083, -0.011374, 0.0, 1.0, 0.0, 0.722661, 0.0, 0.0, 0.0, 1.0],
                [0.542083, 0.0, -0.840325, 0.056789, -0.840325, 0.0, -0.542083, -0.011306, 0.0, 1.0, 0.0, 0.722375, 0.0, 0.0, 0.0, 1.0],
                [0.542083, 0.0, -0.840325, 0.055837, -0.840325, 0.0, -0.542083, -0.011101, 0.0, 1.0, 0.0, 0.721514, 0.0, 0.0, 0.0, 1.0],
                [0.542083, 0.0, -0.840325, 0.054247, -0.840325, 0.0, -0.542083, -0.010758, 0.0, 1.0, 0.0, 0.720114, 0.0, 0.0, 0.0, 1.0],
                [0.542083, 0.0, -0.840325, 0.052027, -0.840325, 0.0, -0.542083, -0.010279, 0.0, 1.0, 0.0, 0.718282, 0.0, 0.0, 0.0, 1.0],
                [0.542083, 0.0, -0.840325, 0.049206, -0.840325, 0.0, -0.542083, -0.00967, 0.0, 1.0, 0.0, 0.716208, 0.0, 0.0, 0.0, 1.0],
                [0.542083, 0.0, -0.840325, 0.045832, -0.840325, 0.0, -0.542083, -0.008942, 0.0, 1.0, 0.0, 0.714133, 0.0, 0.0, 0.0, 1.0],
                [0.542083, 0.0, -0.840325, 0.041975, -0.840325, 0.0, -0.542083, -0.00811, 0.0, 1.0, 0.0, 0.712301, 0.0, 0.0, 0.0, 1.0],
                [0.542083, 0.0, -0.840325, 0.037729, -0.840325, 0.0, -0.542083, -0.007194, 0.0, 1.0, 0.0, 0.710901, 0.0, 0.0, 0.0, 1.0],
                [0.542083, 0.0, -0.840325, 0.03321, -0.840325, 0.0, -0.542083, -0.006219, 0.0, 1.0, 0.0, 0.71004, 0.0, 0.0, 0.0, 1.0],
                [0.542083, 0.0, -0.840325, 0.028549, -0.840325, 0.0, -0.542083, -0.005214, 0.0, 1.0, 0.0, 0.709754, 0.0, 0.0, 0.0, 1.0],
                [0.542083, 0.0, -0.840325, 0.023889, -0.840325, 0.0, -0.542083, -0.004208, 0.0, 1.0, 0.0, 0.710638, 0.0, 0.0, 0.0, 1.0],
                [0.542083, 0.0, -0.840325, 0.01937, -0.840325, 0.0, -0.542083, -0.003233, 0.0, 1.0, 0.0, 0.713299, 0.0, 0.0, 0.0, 1.0],
                [0.542083, 0.0, -0.840325, 0.015124, -0.840325, 0.0, -0.542083, -0.002317, 0.0, 1.0, 0.0, 0.717626, 0.0, 0.0, 0.0, 1.0],
                [0.542083, 0.0, -0.840325, 0.011267, -0.840325, 0.0, -0.542083, -0.001485, 0.0, 1.0, 0.0, 0.723286, 0.0, 0.0, 0.0, 1.0],
                [0.542083, 0.0, -0.840325, 0.007893, -0.840325, 0.0, -0.542083, -0.000757, 0.0, 1.0, 0.0, 0.729697, 0.0, 0.0, 0.0, 1.0],
                [0.542083, 0.0, -0.840325, 0.005072, -0.840325, 0.0, -0.542083, -0.000149, 0.0, 1.0, 0.0, 0.736108, 0.0, 0.0, 0.0, 1.0],
                [0.542083, 0.0, -0.840325, 0.002852, -0.840325, 0.0, -0.542083, 0.00033, 0.0, 1.0, 0.0, 0.741767, 0.0, 0.0, 0.0, 1.0],
                [0.542083, 0.0, -0.840325, 0.001261, -0.840325, 0.0, -0.542083, 0.000673, 0.0, 1.0, 0.0, 0.746094, 0.0, 0.0, 0.0, 1.0],
                [0.542083, 0.0, -0.840325, 0.00031, -0.840325, 0.0, -0.542083, 0.000879, 0.0, 1.0, 0.0, 0.748755, 0.0, 0.0, 0.0, 1.0],
                [0.542083, 0.0, -0.840325, -5e-06, -0.840325, 0.0, -0.542083, 0.000946, 0.0, 1.0, 0.0, 0.749639, 0.0, 0.0, 0.0, 1.0]
            ]
        },
        {
            "name": "Thigh_R",
            "time": [0.0, 0.0167, 0.0333, 0.05, 0.0667, 0.0833, 0.1, 0.1167, 0.1333, 0.15, 0.1667, 0.1833, 0.2, 0.2167, 0.2333, 0.25, 0.2667, 0.2833, 0.3, 0.3167, 0.3333, 0.35, 0.3667, 0.3833, 0.4, 0.4167, 0.4333, 0.45, 0.4667, 0.4833, 0.5, 0.5167, 0.5333, 0.55, 0.5667, 0.5833, 0.6, 0.6167, 0.6333, 0.65, 0.6667, 0.6833, 0.7, 0.7167, 0.7333, 0.75, 0.7667, 0.7833, 0.8, 0.8167, 0.8333, 0.85, 0.8667, 0.8833, 0.9, 0.9167, 0.9333, 0.95, 0.9667, 0.9833, 1.0],
            "transform": [
                [0.679141, -0.300626, -0.66962, 0.124994, 0.445624, -0.556042, 0.701596, -0.002831, -0.583255, -0.774881, -0.243665, -1.2e-05, 0.0, 0.0, 0.0, 1.0],
                [0.68505, -0.305974, -0.661125, 0.124994, 0.438416, -0.551625, 0.709578, -0.002831, -0.581805, -0.775945, -0.243747, -1.2e-05, 0.0, 0.0, 0.0, 1.0],
                [0.702951, -0.320626, -0.634869, 0.124994, 0.415815, -0.538919, 0.732574, -0.002831, -0.577025, -0.778952, -0.245512, -1.2e-05, 0.0, 0.0, 0.0, 1.0],
                [0.732084, -0.339836, -0.590393, 0.124994, 0.376314, -0.520685, 0.766339, -0.002831, -0.567838, -0.783198, -0.253301, -1.2e-05, 0.0, 0.0, 0.0, 1.0],
                [0.769548, -0.35656, -0.529775, 0.124994, 0.319562, -0.503235, 0.802891, -0.002831, -0.55288, -0.787159, -0.27332, -1.2e-05, 0.0, 0.0, 0.0, 1.0],
                [0.809879, -0.365249, -0.45901, 0.124994, 0.248439, -0.495275, 0.832454, -0.002831, -0.531389, -0.788223, -0.310371, -1.2e-05, 0.0, 0.0, 0.0, 1.0],
                [0.846399, -0.364935, -0.387855, 0.124994, 0.170346, -0.504509, 0.846435, -0.002831, -0.50457, -0.782492, -0.364851, -1.2e-05, 0.0, 0.0, 0.0, 1.0],
                [0.874177, -0.359212, -0.326775, 0.124994, 0.095677, -0.532324, 0.841116, -0.002831, -0.47609, -0.766549, -0.430978, -1.2e-05, 0.0, 0.0, 0.0, 1.0],
                [0.891995, -0.351879, -0.283771, 0.124994, 0.033848, -0.573996, 0.818158, -0.002831, -0.450776, -0.739398, -0.500092, -1.2e-05, 0.0, 0.0, 0.0, 1.0],
                [0.90158, -0.344173, -0.262104, 0.124994, -0.009643, -0.621701, 0.783195, -0.002831, -0.432505, -0.703586, -0.563832, -1.2e-05, 0.0, 0.0, 0.0, 1.0],
                [0.905447, -0.334977, -0.260684, 0.124994, -0.033274, -0.668281, 0.743164, -0.002831, -0.423153, -0.664222, -0.61624, -1.2e-05, 0.0, 0.0, 0.0, 1.0],
                [0.906781, -0.324662, -0.268966, 0.124994, -0.046444, -0.711002, 0.701654, -0.002831, -0.419036, -0.623755, -0.659802, -1.2e-05, 0.0, 0.0, 0.0, 1.0],
                [0.90734, -0.314628, -0.278825, 0.124994, -0.05805, -0.750654, 0.65814, -0.002831, -0.416371, -0.580971, -0.699363, -1.2e-05, 0.0, 0.0, 0.0, 1.0],
                [0.907141, -0.305069, -0.289875, 0.124994, -0.067862, -0.785854, 0.614677, -0.002831, -0.415319, -0.537927, -0.733584, -1.2e-05, 0.0, 0.0, 0.0, 1.0],
                [0.906292, -0.296855, -0.300854, 0.124994, -0.075693, -0.814311, 0.575471, -0.002831, -0.41582, -0.498772, -0.760474, -1.2e-05, 0.0, 0.0, 0.0, 1.0],
                [0.905014, -0.292358, -0.308992, 0.124994, -0.081377, -0.831964, 0.548828, -0.002831, -0.417525, -0.471552, -0.776731, -1.2e-05, 0.0, 0.0, 0.0, 1.0],
                [0.903628, -0.295474, -0.310084, 0.124994, -0.084807, -0.833049, 0.54666, -0.002831, -0.419839, -0.46768, -0.777825, -1.2e-05, 0.0, 0.0, 0.0, 1.0],
                [0.902254, -0.30436, -0.305454, 0.124994, -0.086643, -0.821889, 0.56302, -0.002831, -0.42241, -0.481521, -0.767924, -1.2e-05, 0.0, 0.0, 0.0, 1.0],
                [0.900848, -0.313601, -0.300213, 0.124994, -0.087955, -0.809016, 0.581169, -0.002831, -0.425132, -0.497139, -0.756383, -1.2e-05, 0.0, 0.0, 0.0, 1.0],
                [0.899417, -0.320903, -0.296765, 0.124994, -0.089387, -0.799647, 0.593779, -0.002831, -0.427853, -0.507529, -0.747902, -1.2e-05, 0.0, 0.0, 0.0, 1.0],
                [0.897997, -0.325697, -0.295843, 0.124994, -0.091278, -0.795634, 0.598862, -0.002831, -0.43043, -0.510772, -0.744206, -1.2e-05, 0.0, 0.0, 0.0, 1.0],
                [0.895959, -0.328532, -0.29887, 0.124994, -0.08326, -0.785237, 0.613572, -0.002831, -0.436262, -0.524852, -0.730894, -1.2e-05, 0.0, 0.0, 0.0, 1.0],
                [0.891831, -0.325514, -0.314129, 0.124994, -0.056019, -0.768535, 0.63735, -0.002831, -0.448886, -0.550812, -0.703639, -1.2e-05, 0.0, 0.0, 0.0, 1.0],
                [0.883933, -0.311198, -0.349024, 0.124994, -0.013515, -0.763085, 0.646156, -0.002831, -0.467418, -0.566442, -0.678723, -1.2e-05, 0.0, 0.0, 0.0, 1.0],
                [0.871125, -0.281882, -0.4021, 0.124994, 0.03754, -0.778213, 0.626877, -0.002831, -0.489625, -0.561183, -0.667339, -1.2e-05, 0.0, 0.0, 0.0, 1.0],
                [0.853984, -0.234207, -0.464606, 0.124994, 0.088864, -0.814184, 0.573766, -0.002831, -0.512655, -0.531274, -0.674488, -1.2e-05, 0.0, 0.0, 0.0, 1.0],
                [0.834919, -0.168254, -0.524023, 0.124994, 0.133324, -0.861935, 0.489175, -0.002831, -0.53398, -0.478286, -0.697214, -1.2e-05, 0.0, 0.0, 0.0, 1.0],
                [0.816935, -0.090709, -0.569552, 0.124994, 0.167135, -0.90794, 0.384331, -0.002831, -0.551982, -0.409166, -0.726567, -1.2e-05, 0.0, 0.0, 0.0, 1.0],
                [0.802246, -0.013449, -0.596843, 0.124994, 0.189913, -0.942062, 0.276499, -0.002831, -0.565981, -0.335168, -0.753211, -1.2e-05, 0.0, 0.0, 0.0, 1.0],
                [0.791804, 0.050376, -0.608695, 0.124994, 0.203266, -0.961518, 0.184838, -0.002831, -0.57596, -0.270082, -0.771574, -1.2e-05, 0.0, 0.0, 0.0, 1.0],
                [0.785604, 0.089147, -0.612274, 0.124994, 0.209349, -0.969499, 0.127455, -0.002831, -0.582237, -0.228308, -0.780305, -1.2e-05, 0.0, 0.0, 0.0, 1.0],
                [0.78189, 0.109959, -0.613642, 0.124994, 0.211647, -0.972681, 0.095381, -0.002831, -0.58639, -0.204452, -0.783803, -1.2e-05, 0.0, 0.0, 0.0, 1.0],
                [0.779144, 0.12514, -0.614227, 0.124994, 0.212483, -0.974584, 0.070975, -0.002831, -0.589734, -0.185813, -0.785931, -1.2e-05, 0.0, 0.0, 0.0, 1.0],
                [0.777284, 0.134312, -0.614646, 0.124994, 0.212102, -0.975697, 0.055016, -0.002831, -0.592319, -0.173131, -0.786882, -1.2e-05, 0.0, 0.0, 0.0, 1.0],
                [0.776151, 0.138182, -0.615221, 0.124994, 0.210858, -0.9764, 0.046709, -0.002831, -0.594247, -0.165977, -0.78697, -1.2e-05, 0.0, 0.0, 0.0, 1.0],
                [0.77549, 0.138626, -0.615953, 0.124994, 0.209243, -0.976892, 0.04358, -0.002831, -0.595678, -0.162679, -0.786577, -1.2e-05, 0.0, 0.0, 0.0, 1.0],
                [0.774985, 0.138638, -0.616585, 0.124994, 0.20784, -0.977282, 0.041494, -0.002831, -0.596825, -0.160308, -0.786194, -1.2e-05, 0.0, 0.0, 0.0, 1.0],
                [0.774316, 0.14131, -0.616819, 0.124994, 0.207232, -0.977622, 0.036177, -0.002831, -0.597904, -0.155837, -0.786273, -1.2e-05, 0.0, 0.0, 0.0, 1.0],
                [0.773235, 0.149244, -0.616307, 0.124994, 0.207859, -0.977864, 0.023988, -0.002831, -0.599084, -0.146654, -0.787141, -1.2e-05, 0.0, 0.0, 0.0, 1.0],
                [0.771606, 0.164428, -0.614481, 0.124994, 0.209939, -0.977712, 0.001996, -0.002831, -0.600458, -0.130544, -0.788929, -1.2e-05, 0.0, 0.0, 0.0, 1.0],
                [0.769409, 0.188733, -0.610238, 0.124994, 0.213446, -0.976402, -0.03286, -0.002831, -0.602039, -0.10497, -0.791537, -1.2e-05, 0.0, 0.0, 0.0, 1.0],
                [0.766521, 0.223982, -0.601896, 0.124994, 0.219038, -0.972194, -0.082834, -0.002831, -0.603712, -0.068344, -0.794268, -1.2e-05, 0.0, 0.0, 0.0, 1.0],
                [0.762895, 0.274283, -0.585458, 0.124994, 0.22719, -0.961529, -0.154424, -0.002831, -0.60529, -0.015201, -0.79586, -1.2e-05, 0.0, 0.0, 0.0, 1.0],
                [0.759005, 0.350083, -0.548956, 0.124994, 0.236877, -0.933839, -0.268018, -0.002831, -0.606465, 0.073392, -0.791716, -1.2e-05, 0.0, 0.0, 0.0, 1.0],
                [0.753412, 0.381015, -0.535908, 0.124994, 0.252052, -0.920099, -0.299813, -0.002831, -0.607322, 0.090806, -0.78925, -1.2e-05, 0.0, 0.0, 0.0, 1.0],
                [0.747348, 0.413118, -0.520388, 0.124994, 0.26886, -0.904249, -0.331734, -0.002831, -0.607606, 0.108009, -0.786861, -1.2e-05, 0.0, 0.0, 0.0, 1.0],
                [0.741157, 0.443998, -0.503539, 0.124994, 0.286383, -0.887493, -0.361027, -0.002831, -0.607183, 0.123373, -0.784926, -1.2e-05, 0.0, 0.0, 0.0, 1.0],
                [0.735184, 0.471674, -0.486855, 0.124994, 0.30373, -0.871296, -0.385476, -0.002831, -0.606014, 0.135523, -0.783825, -1.2e-05, 0.0, 0.0, 0.0, 1.0],
                [0.729702, 0.494941, -0.471772, 0.124994, 0.320188, -0.856976, -0.40382, -0.002831, -0.604164, 0.143613, -0.783812, -1.2e-05, 0.0, 0.0, 0.0, 1.0],
                [0.724889, 0.513337, -0.45937, 0.124994, 0.335265, -0.845444, -0.415717, -0.002831, -0.601775, 0.147338, -0.784958, -1.2e-05, 0.0, 0.0, 0.0, 1.0],
                [0.720841, 0.526883, -0.450314, 0.124994, 0.348655, -0.83717, -0.421409, -0.002831, -0.599023, 0.146765, -0.787167, -1.2e-05, 0.0, 0.0, 0.0, 1.0],
                [0.713648, 0.4448, -0.541164, 0.124994, 0.366686, -0.895443, -0.252433, -0.002831, -0.596864, -0.018289, -0.802134, -1.2e-05, 0.0, 0.0, 0.0, 1.0],
                [0.707531, 0.364933, -0.605165, 0.124994, 0.382275, -0.917882, -0.106574, -0.002831, -0.594362, -0.155935, -0.788935, -1.2e-05, 0.0, 0.0, 0.0, 1.0],
                [0.701839, 0.268323, -0.659867, 0.124994, 0.396468, -0.916745, 0.048908, -0.002831, -0.591807, -0.295942, -0.749789, -1.2e-05, 0.0, 0.0, 0.0, 1.0],
                [0.696697, 0.15561, -0.700285, 0.124994, 0.409129, -0.888054, 0.209699, -0.002831, -0.58926, -0.432604, -0.682369, -1.2e-05, 0.0, 0.0, 0.0, 1.0],
                [0.692192, 0.034781, -0.720874, 0.124994, 0.420034, -0.831661, 0.363195, -0.002831, -0.586891, -0.554193, -0.590279, -1.2e-05, 0.0, 0.0, 0.0, 1.0],
                [0.688258, -0.080886, -0.720942, 0.124994, 0.429044, -0.755964, 0.494409, -0.002831, -0.584997, -0.649597, -0.485595, -1.2e-05, 0.0, 0.0, 0.0, 1.0],
                [0.68478, -0.177835, -0.706719, 0.124994, 0.436156, -0.676892, 0.592946, -0.002831, -0.583819, -0.714277, -0.385959, -1.2e-05, 0.0, 0.0, 0.0, 1.0],
                [0.68185, -0.24737, -0.688395, 0.124994, 0.441364, -0.611346, 0.656851, -0.002831, -0.583333, -0.751707, -0.307667, -1.2e-05, 0.0, 0.0, 0.0, 1.0],
                [0.679844, -0.287704, -0.674565, 0.124994, 0.444561, -0.569874, 0.691093, -0.002831, -0.583247, -0.769721, -0.259524, -1.2e-05, 0.0, 0.0, 0.0, 1.0],
                [0.679141, -0.300626, -0.66962, 0.124994, 0.445624, -0.556042, 0.701596, -0.002831, -0.583255, -0.774881, -0.243665, -1.2e-05, 0.0, 0.0, 0.0, 1.0]
            ]
        },
        {
            "name": "Leg_R",
            "time": [0.0, 0.0167, 0.0333, 0.05, 0.0667, 0.0833, 0.1, 0.1167, 0.1333, 0.15, 0.1667, 0.1833, 0.2, 0.2167, 0.2333, 0.25, 0.2667, 0.2833, 0.3, 0.3167, 0.3333, 0.35, 0.3667, 0.3833, 0.4, 0.4167, 0.4333, 0.45, 0.4667, 0.4833, 0.5, 0.5167, 0.5333, 0.55, 0.5667, 0.5833, 0.6, 0.6167, 0.6333, 0.65, 0.6667, 0.6833, 0.7, 0.7167, 0.7333, 0.75, 0.7667, 0.7833, 0.8, 0.8167, 0.8333, 0.85, 0.8667, 0.8833, 0.9, 0.9167, 0.9333, 0.95, 0.9667, 0.9833, 1.0],
            "transform": [
                [0.998659, -0.036544, -0.036662, 0.0, 0.036659, -0.000748, 0.999328, 0.374721, -0.036547, -0.999332, 0.000593, -0.0, 0.0, 0.0, 0.0, 1.0],
                [0.998665, -0.036544, -0.036508, -0.0, 0.036659, 0.003475, 0.999322, 0.374721, -0.036392, -0.999326, 0.00481, -0.0, 0.0, 0.0, 0.0, 1.0],
                [0.998685, -0.036538, -0.035959, -0.0, 0.036653, 0.018518, 0.999156, 0.374721, -0.035841, -0.999161, 0.019833, -0.0, 0.0, 0.0, 0.0, 1.0],
                [0.998727, -0.036498, -0.034804, 0.0, 0.036613, 0.050138, 0.998071, 0.374721, -0.034683, -0.998075, 0.05141, -0.0, 0.0, 0.0, 0.0, 1.0],
                [0.998802, -0.03634, -0.03278, -0.0, 0.036455, 0.105562, 0.993744, 0.374721, -0.032652, -0.993748, 0.10676, 0.0, 0.0, 0.0, 0.0, 1.0],
                [0.998913, -0.035886, -0.029733, 0.0, 0.035999, 0.188994, 0.981318, 0.374721, -0.029596, -0.981322, 0.19008, -0.0, 0.0, 0.0, 0.0, 1.0],
                [0.999061, -0.034875, -0.025722, -0.0, 0.034984, 0.298818, 0.953668, 0.374721, -0.025573, -0.953672, 0.299757, 0.0, 0.0, 0.0, 0.0, 1.0],
                [0.99923, -0.033079, -0.021113, 0.0, 0.033183, 0.42503, 0.904571, 0.374721, -0.020949, -0.904574, 0.4258, -0.0, 0.0, 0.0, 0.0, 1.0],
                [0.999402, -0.030436, -0.016421, -0.0, 0.030532, 0.553501, 0.832288, 0.374721, -0.016242, -0.832292, 0.5541, 0.0, 0.0, 0.0, 0.0, 1.0],
                [0.999558, -0.027134, -0.012172, 0.0, 0.027219, 0.669858, 0.741991, 0.374721, -0.01198, -0.741993, 0.6703, -0.0, 0.0, 0.0, 0.0, 1.0],
                [0.999684, -0.023585, -0.008739, -0.0, 0.02366, 0.763854, 0.644955, 0.374721, -0.008536, -0.644957, 0.76417, -0.0, 0.0, 0.0, 0.0, 1.0],
                [0.999784, -0.019918, -0.006016, 0.0, 0.01998, 0.838419, 0.54466, 0.374721, -0.005804, -0.544661, 0.838636, 0.0, 0.0, 0.0, 0.0, 1.0],
                [0.999865, -0.015967, -0.003785, 0.0, 0.016017, 0.8995, 0.436627, 0.374721, -0.003567, -0.436628, 0.899635, 0.0, 0.0, 0.0, 0.0, 1.0],
                [0.999926, -0.011956, -0.002125, -0.0, 0.011994, 0.944968, 0.326943, 0.374721, -0.001901, -0.326944, 0.945042, 0.0, 0.0, 0.0, 0.0, 1.0],
                [0.999965, -0.0083, -0.00107, -0.0, 0.008327, 0.973864, 0.226981, 0.374721, -0.000842, -0.226982, 0.973898, 0.0, 0.0, 0.0, 0.0, 1.0],
                [0.999983, -0.005758, -0.000571, -0.0, 0.005776, 0.987511, 0.157443, 0.374721, -0.000342, -0.157444, 0.987528, 0.0, 0.0, 0.0, 0.0, 1.0],
                [0.999986, -0.005367, -0.000511, -0.0, 0.005384, 0.989156, 0.146771, 0.374721, -0.000282, -0.146772, 0.98917, -0.0, 0.0, 0.0, 0.0, 1.0],
                [0.999978, -0.006635, -0.000722, 0.0, 0.006656, 0.98338, 0.181435, 0.374721, -0.000494, -0.181436, 0.983402, 0.0, 0.0, 0.0, 0.0, 1.0],
                [0.999966, -0.008131, -0.001031, 0.0, 0.008157, 0.974931, 0.222358, 0.374721, -0.000803, -0.222359, 0.974964, 0.0, 0.0, 0.0, 0.0, 1.0],
                [0.999957, -0.009217, -0.001296, 0.0, 0.009246, 0.967669, 0.252052, 0.374721, -0.001069, -0.252053, 0.967712, -0.0, 0.0, 0.0, 0.0, 1.0],
                [0.999952, -0.00971, -0.001428, -0.0, 0.00974, 0.964058, 0.265515, 0.374721, -0.001202, -0.265516, 0.964106, 0.0, 0.0, 0.0, 0.0, 1.0],
                [0.999929, -0.011707, -0.00204, 0.0, 0.011744, 0.947298, 0.320139, 0.374721, -0.001816, -0.32014, 0.947368, -0.0, 0.0, 0.0, 0.0, 1.0],
                [0.999869, -0.015768, -0.003689, -0.0, 0.015818, 0.902126, 0.431183, 0.374721, -0.00347, -0.431185, 0.902257, -0.0, 0.0, 0.0, 0.0, 1.0],
                [0.999786, -0.019814, -0.005949, -0.0, 0.019876, 0.840258, 0.541822, 0.374721, -0.005737, -0.541824, 0.840472, -0.0, 0.0, 0.0, 0.0, 1.0],
                [0.999707, -0.022828, -0.008117, -0.0, 0.0229, 0.7809, 0.624236, 0.374721, -0.007911, -0.624238, 0.781194, 0.0, 0.0, 0.0, 0.0, 1.0],
                [0.999657, -0.024409, -0.009456, 0.0, 0.024486, 0.744229, 0.667476, 0.374721, -0.009255, -0.667478, 0.744571, 0.0, 0.0, 0.0, 0.0, 1.0],
                [0.999654, -0.024503, -0.00954, 0.0, 0.02458, 0.741919, 0.670039, 0.374721, -0.00934, -0.670042, 0.742264, -0.0, 0.0, 0.0, 0.0, 1.0],
                [0.999693, -0.023271, -0.008476, 0.0, 0.023344, 0.771049, 0.636348, 0.374721, -0.008272, -0.63635, 0.771356, 0.0, 0.0, 0.0, 0.0, 1.0],
                [0.999754, -0.021094, -0.006813, 0.0, 0.021161, 0.816588, 0.576832, 0.374721, -0.006604, -0.576835, 0.816834, -0.0, 0.0, 0.0, 0.0, 1.0],
                [0.999812, -0.018683, -0.005248, -0.0, 0.018742, 0.859437, 0.510898, 0.374721, -0.005034, -0.5109, 0.859626, -0.0, 0.0, 0.0, 0.0, 1.0],
                [0.999845, -0.017067, -0.004343, 0.0, 0.017121, 0.884239, 0.466721, 0.374721, -0.004126, -0.466723, 0.884394, 0.0, 0.0, 0.0, 0.0, 1.0],
                [0.99986, -0.016239, -0.003919, 0.0, 0.01629, 0.895849, 0.444061, 0.374721, -0.0037, -0.444062, 0.895988, 0.0, 0.0, 0.0, 0.0, 1.0],
                [0.999872, -0.015568, -0.003595, -0.0, 0.015617, 0.904717, 0.425726, 0.374721, -0.003375, -0.425728, 0.904845, 0.0, 0.0, 0.0, 0.0, 1.0],
                [0.99988, -0.015129, -0.003391, -0.0, 0.015176, 0.910284, 0.413706, 0.374721, -0.003172, -0.413707, 0.910404, -0.0, 0.0, 0.0, 0.0, 1.0],
                [0.999883, -0.014925, -0.0033, -0.0, 0.014972, 0.912798, 0.408138, 0.374721, -0.003079, -0.408139, 0.912914, 0.0, 0.0, 0.0, 0.0, 1.0],
                [0.999884, -0.014891, -0.003284, 0.0, 0.014938, 0.913215, 0.407205, 0.374721, -0.003064, -0.407206, 0.913331, 0.0, 0.0, 0.0, 0.0, 1.0],
                [0.999884, -0.014879, -0.003279, 0.0, 0.014926, 0.913357, 0.406885, 0.374721, -0.003059, -0.406886, 0.913473, -0.0, 0.0, 0.0, 0.0, 1.0],
                [0.999886, -0.014737, -0.003216, -0.0, 0.014783, 0.915083, 0.402994, 0.374721, -0.002996, -0.402996, 0.915197, 0.0, 0.0, 0.0, 0.0, 1.0],
                [0.999893, -0.014325, -0.003038, 0.0, 0.01437, 0.919973, 0.391718, 0.374721, -0.002817, -0.391719, 0.92008, 0.0, 0.0, 0.0, 0.0, 1.0],
                [0.999905, -0.013501, -0.002699, 0.0, 0.013543, 0.929257, 0.369187, 0.374721, -0.002477, -0.369188, 0.929351, -0.0, 0.0, 0.0, 0.0, 1.0],
                [0.999925, -0.012058, -0.00216, -0.0, 0.012096, 0.943994, 0.329741, 0.374721, -0.001937, -0.329742, 0.944069, -0.0, 0.0, 0.0, 0.0, 1.0],
                [0.99995, -0.009874, -0.001473, -0.0, 0.009905, 0.962808, 0.270006, 0.374721, -0.001247, -0.270007, 0.962857, -0.0, 0.0, 0.0, 0.0, 1.0],
                [0.999979, -0.00646, -0.00069, 0.0, 0.00648, 0.984252, 0.176651, 0.374721, -0.000462, -0.176652, 0.984273, -0.0, 0.0, 0.0, 0.0, 1.0],
                [1.0, -1.6e-05, -0.000115, 0.0, 1.6e-05, 1.0, 0.000435, 0.374721, 0.000115, -0.000435, 1.0, 0.0, 0.0, 0.0, 0.0, 1.0],
                [1.0, -1.6e-05, -0.000115, 0.0, 1.6e-05, 1.0, 0.000435, 0.374721, 0.000115, -0.000435, 1.0, -0.0, 0.0, 0.0, 0.0, 1.0],
                [1.0, -1.6e-05, -0.000115, -0.0, 1.6e-05, 1.0, 0.000435, 0.374721, 0.000115, -0.000435, 1.0, 0.0, 0.0, 0.0, 0.0, 1.0],
                [1.0, -1.6e-05, -0.000115, -0.0, 1.6e-05, 1.0, 0.000435, 0.374721, 0.000115, -0.000435, 1.0, 0.0, 0.0, 0.0, 0.0, 1.0],
                [1.0, -1.6e-05, -0.000115, -0.0, 1.6e-05, 1.0, 0.000435, 0.374721, 0.000115, -0.000435, 1.0, 0.0, 0.0, 0.0, 0.0, 1.0],
                [1.0, -1.6e-05, -0.000115, 0.0, 1.6e-05, 1.0, 0.000435, 0.374721, 0.000115, -0.000435, 1.0, 0.0, 0.0, 0.0, 0.0, 1.0],
                [1.0, -1.6e-05, -0.000115, -0.0, 1.6e-05, 1.0, 0.000435, 0.374721, 0.000115, -0.000435, 1.0, 0.0, 0.0, 0.0, 0.0, 1.0],
                [1.0, -1.6e-05, -0.000115, -0.0, 1.6e-05, 1.0, 0.000434, 0.374721, 0.000115, -0.000435, 1.0, 0.0, 0.0, 0.0, 0.0, 1.0],
                [0.999905, -0.013498, -0.002697, 0.0, 0.01354, 0.929288, 0.369107, 0.374721, -0.002475, -0.369108, 0.929383, 0.0, 0.0, 0.0, 0.0, 1.0],
                [0.999727, -0.022112, -0.007559, 0.0, 0.022182, 0.796166, 0.604671, 0.374721, -0.007352, -0.604673, 0.796439, 0.0, 0.0, 0.0, 0.0, 1.0],
                [0.999498, -0.02852, -0.0138, 0.0, 0.028609, 0.62527, 0.779884, 0.374721, -0.013613, -0.779887, 0.625772, 0.0, 0.0, 0.0, 0.0, 1.0],
                [0.999253, -0.032775, -0.020481, -0.0, 0.032878, 0.442333, 0.896248, 0.374721, -0.020315, -0.896251, 0.44308, 0.0, 0.0, 0.0, 0.0, 1.0],
                [0.999031, -0.035119, -0.026536, 0.0, 0.03523, 0.276521, 0.960362, 0.374721, -0.026389, -0.960366, 0.27749, 0.0, 0.0, 0.0, 0.0, 1.0],
                [0.998861, -0.036134, -0.031177, -0.0, 0.036248, 0.149461, 0.988103, 0.374721, -0.031044, -0.988107, 0.1506, 0.0, 0.0, 0.0, 0.0, 1.0],
                [0.998751, -0.036462, -0.034177, 0.0, 0.036576, 0.067298, 0.997062, 0.374721, -0.034054, -0.997066, 0.068547, 0.0, 0.0, 0.0, 0.0, 1.0],
                [0.998692, -0.036534, -0.035785, -0.0, 0.036649, 0.023267, 0.999057, 0.374721, -0.035667, -0.999061, 0.024575, -0.0, 0.0, 0.0, 0.0, 1.0],
                [0.998666, -0.036544, -0.036482, 0.0, 0.036659, 0.00419, 0.999319, 0.374721, -0.036366, -0.999323, 0.005524, 0.0, 0.0, 0.0, 0.0, 1.0],
                [0.998659, -0.036544, -0.036662, 0.0, 0.036659, -0.000748, 0.999328, 0.374721, -0.036547, -0.999332, 0.000593, -0.0, 0.0, 0.0, 0.0, 1.0]
            ]
        },
        {
            "name": "Knee_R",
            "time": [0.0, 0.0167, 0.0333, 0.05, 0.0667, 0.0833, 0.1, 0.1167, 0.1333, 0.15, 0.1667, 0.1833, 0.2, 0.2167, 0.2333, 0.25, 0.2667, 0.2833, 0.3, 0.3167, 0.3333, 0.35, 0.3667, 0.3833, 0.4, 0.4167, 0.4333, 0.45, 0.4667, 0.4833, 0.5, 0.5167, 0.5333, 0.55, 0.5667, 0.5833, 0.6, 0.6167, 0.6333, 0.65, 0.6667, 0.6833, 0.7, 0.7167, 0.7333, 0.75, 0.7667, 0.7833, 0.8, 0.8167, 0.8333, 0.85, 0.8667, 0.8833, 0.9, 0.9167, 0.9333, 0.95, 0.9667, 0.9833, 1.0],
            "transform": [
                [1.0, -5.7e-05, 5.7e-05, -5e-06, 5.7e-05, 0.001565, -0.999999, 0.4644, 5.7e-05, 0.999999, 0.001565, -0.00014, 0.0, 0.0, 0.0, 1.0],
                [1.0, -5.7e-05, 5.7e-05, -5e-06, 5.7e-05, 0.001565, -0.999999, 0.464038, 5.7e-05, 0.999999, 0.001565, -0.00014, 0.0, 0.0, 0.0, 1.0],
                [1.0, -5.7e-05, 5.7e-05, -5e-06, 5.7e-05, 0.001565, -0.999999, 0.462746, 5.7e-05, 0.999999, 0.001565, -0.000138, 0.0, 0.0, 0.0, 1.0],
                [1.0, -5.7e-05, 5.7e-05, -5e-06, 5.7e-05, 0.001565, -0.999999, 0.460028, 5.7e-05, 0.999999, 0.001565, -0.000134, 0.0, 0.0, 0.0, 1.0],
                [1.0, -5.7e-05, 5.7e-05, -5e-06, 5.7e-05, 0.001565, -0.999999, 0.455254, 5.7e-05, 0.999999, 0.001565, -0.000126, 0.0, 0.0, 0.0, 1.0],
                [1.0, -5.7e-05, 5.7e-05, -4e-06, 5.7e-05, 0.001565, -0.999999, 0.448008, 5.7e-05, 0.999999, 0.001565, -0.000115, 0.0, 0.0, 0.0, 1.0],
                [1.0, -5.7e-05, 5.7e-05, -4e-06, 5.7e-05, 0.001565, -0.999999, 0.438278, 5.7e-05, 0.999999, 0.001565, -9.9e-05, 0.0, 0.0, 0.0, 1.0],
                [1.0, -5.7e-05, 5.7e-05, -3e-06, 5.7e-05, 0.001565, -0.999999, 0.426641, 5.7e-05, 0.999999, 0.001565, -8.1e-05, 0.0, 0.0, 0.0, 1.0],
                [1.0, -5.7e-05, 5.7e-05, -2e-06, 5.7e-05, 0.001565, -0.999999, 0.413971, 5.7e-05, 0.999999, 0.001565, -6.1e-05, 0.0, 0.0, 0.0, 1.0],
                [1.0, -5.7e-05, 5.7e-05, -2e-06, 5.7e-05, 0.001565, -0.999999, 0.401311, 5.7e-05, 0.999999, 0.001565, -4.2e-05, 0.0, 0.0, 0.0, 1.0],
                [1.0, -5.7e-05, 5.7e-05, -1e-06, 5.7e-05, 0.001565, -0.999999, 0.389698, 5.7e-05, 0.999999, 0.001565, -2.3e-05, 0.0, 0.0, 0.0, 1.0],
                [1.0, -5.7e-05, 5.7e-05, -0.0, 5.7e-05, 0.001565, -0.999999, 0.378955, 5.7e-05, 0.999999, 0.001565, -7e-06, 0.0, 0.0, 0.0, 1.0],
                [1.0, -5.7e-05, 5.7e-05, 0.0, 5.7e-05, 0.001565, -0.999999, 0.374721, 5.7e-05, 0.999999, 0.001565, 0.0, 0.0, 0.0, 0.0, 1.0],
                [1.0, -5.7e-05, 5.7e-05, -0.0, 5.7e-05, 0.001565, -0.999999, 0.374721, 5.7e-05, 0.999999, 0.001565, 0.0, 0.0, 0.0, 0.0, 1.0],
                [1.0, -5.7e-05, 5.7e-05, -0.0, 5.7e-05, 0.001565, -0.999999, 0.374721, 5.7e-05, 0.999999, 0.001565, 0.0, 0.0, 0.0, 0.0, 1.0],
                [1.0, -5.7e-05, 5.7e-05, -0.0, 5.7e-05, 0.001565, -0.999999, 0.374721, 5.7e-05, 0.999999, 0.001565, -0.0, 0.0, 0.0, 0.0, 1.0],
                [1.0, -5.7e-05, 5.7e-05, -0.0, 5.7e-05, 0.001565, -0.999999, 0.374721, 5.7e-05, 0.999999, 0.001565, -0.0, 0.0, 0.0, 0.0, 1.0],
                [1.0, -5.7e-05, 5.7e-05, 0.0, 5.7e-05, 0.001565, -0.999999, 0.374721, 5.7e-05, 0.999999, 0.001565, 0.0, 0.0, 0.0, 0.0, 1.0],
                [1.0, -5.7e-05, 5.7e-05, 0.0, 5.7e-05, 0.001565, -0.999999, 0.374721, 5.7e-05, 0.999999, 0.001565, 0.0, 0.0, 0.0, 0.0, 1.0],
                [1.0, -5.7e-05, 5.7e-05, -0.0, 5.7e-05, 0.001565, -0.999999, 0.374721, 5.7e-05, 0.999999, 0.001565, -0.0, 0.0, 0.0, 0.0, 1.0],
                [1.0, -5.7e-05, 5.7e-05, -0.0, 5.7e-05, 0.001565, -0.999999, 0.374721, 5.7e-05, 0.999999, 0.001565, 0.0, 0.0, 0.0, 0.0, 1.0],
                [1.0, -5.7e-05, 5.7e-05, -0.0, 5.7e-05, 0.001565, -0.999999, 0.374721, 5.7e-05, 0.999999, 0.001565, -0.0, 0.0, 0.0, 0.0, 1.0],
                [1.0, -5.7e-05, 5.7e-05, -0.0, 5.7e-05, 0.001565, -0.999999, 0.374721, 5.7e-05, 0.999999, 0.001565, -0.0, 0.0, 0.0, 0.0, 1.0],
                [1.0, -5.7e-05, 5.7e-05, -0.0, 5.7e-05, 0.001565, -0.999999, 0.378665, 5.7e-05, 0.999999, 0.001565, -6e-06, 0.0, 0.0, 0.0, 1.0],
                [1.0, -5.7e-05, 5.7e-05, -1e-06, 5.7e-05, 0.001565, -0.999999, 0.387393, 5.7e-05, 0.999999, 0.001565, -2e-05, 0.0, 0.0, 0.0, 1.0],
                [1.0, -5.7e-05, 5.7e-05, -1e-06, 5.7e-05, 0.001565, -0.999999, 0.392264, 5.7e-05, 0.999999, 0.001565, -2.7e-05, 0.0, 0.0, 0.0, 1.0],
                [1.0, -5.7e-05, 5.7e-05, -1e-06, 5.7e-05, 0.001565, -0.999999, 0.39256, 5.7e-05, 0.999999, 0.001565, -2.8e-05, 0.0, 0.0, 0.0, 1.0],
                [1.0, -5.7e-05, 5.7e-05, -1e-06, 5.7e-05, 0.001565, -0.999999, 0.388734, 5.7e-05, 0.999999, 0.001565, -2.2e-05, 0.0, 0.0, 0.0, 1.0],
                [1.0, -5.7e-05, 5.7e-05, -0.0, 5.7e-05, 0.001565, -0.999999, 0.382295, 5.7e-05, 0.999999, 0.001565, -1.2e-05, 0.0, 0.0, 0.0, 1.0],
                [1.0, -5.7e-05, 5.7e-05, -0.0, 5.7e-05, 0.001565, -0.999999, 0.375538, 5.7e-05, 0.999999, 0.001565, -1e-06, 0.0, 0.0, 0.0, 1.0],
                [1.0, -5.7e-05, 5.7e-05, 0.0, 5.7e-05, 0.001565, -0.999999, 0.374721, 5.7e-05, 0.999999, 0.001565, 0.0, 0.0, 0.0, 0.0, 1.0],
                [1.0, -5.7e-05, 5.7e-05, 0.0, 5.7e-05, 0.001565, -0.999999, 0.374721, 5.7e-05, 0.999999, 0.001565, 0.0, 0.0, 0.0, 0.0, 1.0],
                [1.0, -5.7e-05, 5.7e-05, 0.0, 5.7e-05, 0.001565, -0.999999, 0.374721, 5.7e-05, 0.999999, 0.001565, 0.0, 0.0, 0.0, 0.0, 1.0],
                [1.0, -5.7e-05, 5.7e-05, -0.0, 5.7e-05, 0.001565, -0.999999, 0.374721, 5.7e-05, 0.999999, 0.001565, -0.0, 0.0, 0.0, 0.0, 1.0],
                [1.0, -5.7e-05, 5.7e-05, -0.0, 5.7e-05, 0.001565, -0.999999, 0.374721, 5.7e-05, 0.999999, 0.001565, 0.0, 0.0, 0.0, 0.0, 1.0],
                [1.0, -5.7e-05, 5.7e-05, 0.0, 5.7e-05, 0.001565, -0.999999, 0.374721, 5.7e-05, 0.999999, 0.001565, 0.0, 0.0, 0.0, 0.0, 1.0],
                [1.0, -5.7e-05, 5.7e-05, 0.0, 5.7e-05, 0.001565, -0.999999, 0.374721, 5.7e-05, 0.999999, 0.001565, -0.0, 0.0, 0.0, 0.0, 1.0],
                [1.0, -5.7e-05, 5.7e-05, -0.0, 5.7e-05, 0.001565, -0.999999, 0.374721, 5.7e-05, 0.999999, 0.001565, 0.0, 0.0, 0.0, 0.0, 1.0],
                [1.0, -5.7e-05, 5.7e-05, 0.0, 5.7e-05, 0.001565, -0.999999, 0.374721, 5.7e-05, 0.999999, 0.001565, -0.0, 0.0, 0.0, 0.0, 1.0],
                [1.0, -5.7e-05, 5.7e-05, -0.0, 5.7e-05, 0.001565, -0.999999, 0.374721, 5.7e-05, 0.999999, 0.001565, -0.0, 0.0, 0.0, 0.0, 1.0],
                [1.0, -5.7e-05, 5.7e-05, 0.0, 5.7e-05, 0.001565, -0.999999, 0.374721, 5.7e-05, 0.999999, 0.001565, -0.0, 0.0, 0.0, 0.0, 1.0],
                [1.0, -5.7e-05, 5.7e-05, -0.0, 5.7e-05, 0.001565, -0.999999, 0.374721, 5.7e-05, 0.999999, 0.001565, -0.0, 0.0, 0.0, 0.0, 1.0],
                [1.0, -5.7e-05, 5.7e-05, -0.0, 5.7e-05, 0.001565, -0.999999, 0.374721, 5.7e-05, 0.999999, 0.001565, -0.0, 0.0, 0.0, 0.0, 1.0],
                [1.0, -5.7e-05, 5.7e-05, 0.0, 5.7e-05, 0.001565, -0.999999, 0.374721, 5.7e-05, 0.999999, 0.001565, 0.0, 0.0, 0.0, 0.0, 1.0],
                [1.0, -5.7e-05, 5.7e-05, 0.0, 5.7e-05, 0.001565, -0.999999, 0.374721, 5.7e-05, 0.999999, 0.001565, -0.0, 0.0, 0.0, 0.0, 1.0],
                [1.0, -5.7e-05, 5.7e-05, -0.0, 5.7e-05, 0.001565, -0.999999, 0.374721, 5.7e-05, 0.999999, 0.001565, 0.0, 0.0, 0.0, 0.0, 1.0],
                [1.0, -5.7e-05, 5.7e-05, 0.0, 5.7e-05, 0.001565, -0.999999, 0.374721, 5.7e-05, 0.999999, 0.001565, -0.0, 0.0, 0.0, 0.0, 1.0],
                [1.0, -5.7e-05, 5.7e-05, -0.0, 5.7e-05, 0.001565, -0.999999, 0.374721, 5.7e-05, 0.999999, 0.001565, 0.0, 0.0, 0.0, 0.0, 1.0],
                [1.0, -5.7e-05, 5.7e-05, 0.0, 5.7e-05, 0.001565, -0.999999, 0.374721, 5.7e-05, 0.999999, 0.001565, 0.0, 0.0, 0.0, 0.0, 1.0],
                [1.0, -5.7e-05, 5.7e-05, 0.0, 5.7e-05, 0.001565, -0.999999, 0.374721, 5.7e-05, 0.999999, 0.001565, 0.0, 0.0, 0.0, 0.0, 1.0],
                [1.0, -5.7e-05, 5.7e-05, -0.0, 5.7e-05, 0.001565, -0.999999, 0.374721, 5.7e-05, 0.999999, 0.001565, -0.0, 0.0, 0.0, 0.0, 1.0],
                [1.0, -5.7e-05, 5.7e-05, -0.0, 5.7e-05, 0.001565, -0.999999, 0.374721, 5.7e-05, 0.999999, 0.001565, -0.0, 0.0, 0.0, 0.0, 1.0],
                [1.0, -5.7e-05, 5.7e-05, -1e-06, 5.7e-05, 0.001565, -0.999999, 0.385261, 5.7e-05, 0.999999, 0.001565, -1.7e-05, 0.0, 0.0, 0.0, 1.0],
                [1.0, -5.7e-05, 5.7e-05, -2e-06, 5.7e-05, 0.001565, -0.999999, 0.406337, 5.7e-05, 0.999999, 0.001565, -4.9e-05, 0.0, 0.0, 0.0, 1.0],
                [1.0, -5.7e-05, 5.7e-05, -3e-06, 5.7e-05, 0.001565, -0.999999, 0.424992, 5.7e-05, 0.999999, 0.001565, -7.9e-05, 0.0, 0.0, 0.0, 1.0],
                [1.0, -5.7e-05, 5.7e-05, -4e-06, 5.7e-05, 0.001565, -0.999999, 0.440277, 5.7e-05, 0.999999, 0.001565, -0.000103, 0.0, 0.0, 0.0, 1.0],
                [1.0, -5.7e-05, 5.7e-05, -4e-06, 5.7e-05, 0.001565, -0.999999, 0.451452, 5.7e-05, 0.999999, 0.001565, -0.00012, 0.0, 0.0, 0.0, 1.0],
                [1.0, -5.7e-05, 5.7e-05, -5e-06, 5.7e-05, 0.001565, -0.999999, 0.458552, 5.7e-05, 0.999999, 0.001565, -0.000131, 0.0, 0.0, 0.0, 1.0],
                [1.0, -5.7e-05, 5.7e-05, -5e-06, 5.7e-05, 0.001565, -0.999999, 0.462338, 5.7e-05, 0.999999, 0.001565, -0.000137, 0.0, 0.0, 0.0, 1.0],
                [1.0, -5.7e-05, 5.7e-05, -5e-06, 5.7e-05, 0.001565, -0.999999, 0.463976, 5.7e-05, 0.999999, 0.001565, -0.00014, 0.0, 0.0, 0.0, 1.0],
                [1.0, -5.7e-05, 5.7e-05, -5e-06, 5.7e-05, 0.001565, -0.999999, 0.4644, 5.7e-05, 0.999999, 0.001565, -0.00014, 0.0, 0.0, 0.0, 1.0]
            ]
        },
        {
            "name": "Thigh_L",
            "time": [0.0, 0.0167, 0.0333, 0.05, 0.0667, 0.0833, 0.1, 0.1167, 0.1333, 0.15, 0.1667, 0.1833, 0.2, 0.2167, 0.2333, 0.25, 0.2667, 0.2833, 0.3, 0.3167, 0.3333, 0.35, 0.3667, 0.3833, 0.4, 0.4167, 0.4333, 0.45, 0.4667, 0.4833, 0.5, 0.5167, 0.5333, 0.55, 0.5667, 0.5833, 0.6, 0.6167, 0.6333, 0.65, 0.6667, 0.6833, 0.7, 0.7167, 0.7333, 0.75, 0.7667, 0.7833, 0.8, 0.8167, 0.8333, 0.85, 0.8667, 0.8833, 0.9, 0.9167, 0.9333, 0.95, 0.9667, 0.9833, 1.0],
            "transform": [
                [0.603548, -0.195445, -0.773002, -0.125006, 0.01745, -0.966021, 0.257872, -0.002831, -0.797136, -0.169127, -0.57963, -1.2e-05, 0.0, 0.0, 0.0, 1.0],
                [0.603402, -0.195898, -0.773001, -0.125006, 0.017751, -0.965816, 0.258619, -0.002831, -0.79724, -0.169773, -0.579298, -1.2e-05, 0.0, 0.0, 0.0, 1.0],
                [0.602949, -0.196253, -0.773264, -0.125006, 0.018686, -0.96553, 0.25962, -0.002831, -0.797561, -0.170987, -0.578498, -1.2e-05, 0.0, 0.0, 0.0, 1.0],
                [0.602182, -0.193631, -0.774522, -0.125006, 0.020265, -0.966122, 0.257287, -0.002831, -0.798102, -0.170629, -0.577858, -1.2e-05, 0.0, 0.0, 0.0, 1.0],
                [0.60113, -0.184812, -0.777488, -0.125006, 0.022424, -0.968608, 0.24758, -0.002831, -0.798837, -0.166262, -0.578115, -1.2e-05, 0.0, 0.0, 0.0, 1.0],
                [0.599861, -0.167747, -0.782322, -0.125006, 0.025019, -0.973364, 0.227895, -0.002831, -0.799713, -0.156278, -0.579687, -1.2e-05, 0.0, 0.0, 0.0, 1.0],
