{
    "animation": [
        {
            "name": "Root",
            "time": [0.0, 0.0167, 0.0333, 0.05, 0.0667, 0.0833, 0.1, 0.1167, 0.1333, 0.15, 0.1667, 0.1833, 0.2, 0.2167, 0.2333, 0.25, 0.2667, 0.2833, 0.3, 0.3167, 0.3333, 0.35, 0.3667, 0.3833, 0.4, 0.4167, 0.4333, 0.45, 0.4667, 0.4833, 0.5, 0.5167, 0.5333, 0.55, 0.5667, 0.5833, 0.6, 0.6167, 0.6333, 0.65, 0.6667, 0.6833, 0.7, 0.7167, 0.7333, 0.75, 0.7667, 0.7833, 0.8, 0.8167, 0.8333, 0.85, 0.8667, 0.8833, 0.9, 0.9167, 0.9333, 0.95, 0.9667, 0.9833, 1.0, 1.0167, 1.0333, 1.05, 1.0667, 1.0833, 1.1, 1.1167, 1.1333, 1.15, 1.1667, 1.1833, 1.2, 1.2167, 1.2333, 1.25, 1.2667, 1.2833, 1.3, 1.3167, 1.3333, 1.35, 1.3667, 1.3833, 1.4, 1.4167, 1.4333, 1.45, 1.4667, 1.4833, 1.5, 1.5167, 1.5333, 1.55, 1.5667, 1.5833, 1.6, 1.6167, 1.6333, 1.65, 1.6667],
            "transform": [
                [0.760562, 0.0, 0.649266, -0.011788, 0.649266, 0.0, -0.760562, 0.000946, 0.0, 1.0, 0.0, 0.588205, 0.0, 0.0, 0.0, 1.0],
                [0.763332, 0.0, 0.646006, -0.013348, 0.646006, 0.0, -0.763332, 0.001976, 0.0, 1.0, 0.0, 0.588205, 0.0, 0.0, 0.0, 1.0],
                [0.77164, 0.0, 0.63606, -0.018062, 0.63606, 0.0, -0.77164, 0.005087, 0.0, 1.0, 0.0, 0.588205, 0.0, 0.0, 0.0, 1.0],
                [0.785338, 0.0, 0.619067, -0.025953, 0.619067, 0.0, -0.785338, 0.010296, 0.0, 1.0, 0.0, 0.588205, 0.0, 0.0, 0.0, 1.0],
                [0.804058, 0.0, 0.594551, -0.03701, 0.594551, 0.0, -0.804058, 0.017593, 0.0, 1.0, 0.0, 0.588205, 0.0, 0.0, 0.0, 1.0],
                [0.827159, 0.0, 0.561967, -0.051171, 0.561967, 0.0, -0.827159, 0.02694, 0.0, 1.0, 0.0, 0.588205, 0.0, 0.0, 0.0, 1.0],
                [0.853691, 0.0, 0.52078, -0.068322, 0.52078, 0.0, -0.853691, 0.038259, 0.0, 1.0, 0.0, 0.588205, 0.0, 0.0, 0.0, 1.0],
                [0.88236, 0.0, 0.470575, -0.08828, 0.470575, 0.0, -0.88236, 0.051432, 0.0, 1.0, 0.0, 0.588205, 0.0, 0.0, 0.0, 1.0],
                [0.91154, 0.0, 0.411212, -0.110794, 0.411212, 0.0, -0.91154, 0.066291, 0.0, 1.0, 0.0, 0.588205, 0.0, 0.0, 0.0, 1.0],
                [0.939346, 0.0, 0.342972, -0.135535, 0.342972, 0.0, -0.939346, 0.08262, 0.0, 1.0, 0.0, 0.588205, 0.0, 0.0, 0.0, 1.0],
                [0.963778, 0.0, 0.266707, -0.162103, 0.266707, 0.0, -0.963778, 0.100155, 0.0, 1.0, 0.0, 0.588205, 0.0, 0.0, 0.0, 1.0],
                [0.982943, 0.0, 0.183913, -0.190031, 0.183913, 0.0, -0.982943, 0.118587, 0.0, 1.0, 0.0, 0.588205, 0.0, 0.0, 0.0, 1.0],
                [0.995313, 0.0, 0.096704, -0.218796, 0.096704, 0.0, -0.995313, 0.137573, 0.0, 1.0, 0.0, 0.588205, 0.0, 0.0, 0.0, 1.0],
                [0.999971, 0.0, 0.007662, -0.247846, 0.007662, 0.0, -0.999971, 0.156745, 0.0, 1.0, 0.0, 0.588205, 0.0, 0.0, 0.0, 1.0],
                [0.99676, 0.0, -0.080432, -0.276612, -0.080432, 0.0, -0.99676, 0.175731, 0.0, 1.0, 0.0, 0.588205, 0.0, 0.0, 0.0, 1.0],
                [0.98631, 0.0, -0.164904, -0.304539, -0.164904, 0.0, -0.98631, 0.194163, 0.0, 1.0, 0.0, 0.588205, 0.0, 0.0, 0.0, 1.0],
                [0.969909, 0.0, -0.243467, -0.331107, -0.243467, 0.0, -0.969909, 0.211698, 0.0, 1.0, 0.0, 0.588205, 0.0, 0.0, 0.0, 1.0],
                [0.949289, 0.0, -0.314406, -0.355848, -0.314406, 0.0, -0.949289, 0.228027, 0.0, 1.0, 0.0, 0.588205, 0.0, 0.0, 0.0, 1.0],
                [0.926359, 0.0, -0.376642, -0.378362, -0.376642, 0.0, -0.926359, 0.242886, 0.0, 1.0, 0.0, 0.588205, 0.0, 0.0, 0.0, 1.0],
                [0.902984, 0.0, -0.429673, -0.39832, -0.429673, 0.0, -0.902984, 0.256059, 0.0, 1.0, 0.0, 0.588205, 0.0, 0.0, 0.0, 1.0],
                [0.880816, 0.0, -0.473459, -0.415471, -0.473459, 0.0, -0.880816, 0.267378, 0.0, 1.0, 0.0, 0.588205, 0.0, 0.0, 0.0, 1.0],
                [0.861199, 0.0, -0.508268, -0.429632, -0.508268, 0.0, -0.861199, 0.276725, 0.0, 1.0, 0.0, 0.588205, 0.0, 0.0, 0.0, 1.0],
                [0.84515, 0.0, -0.53453, -0.440689, -0.53453, 0.0, -0.84515, 0.284022, 0.0, 1.0, 0.0, 0.588205, 0.0, 0.0, 0.0, 1.0],
                [0.833366, 0.0, -0.552722, -0.44858, -0.552722, 0.0, -0.833366, 0.289231, 0.0, 1.0, 0.0, 0.588205, 0.0, 0.0, 0.0, 1.0],
                [0.826264, 0.0, -0.563283, -0.453294, -0.563283, 0.0, -0.826264, 0.292341, 0.0, 1.0, 0.0, 0.588205, 0.0, 0.0, 0.0, 1.0],
                [0.824021, 0.0, -0.566559, -0.454854, -0.566559, 0.0, -0.824021, 0.293371, 0.0, 1.0, 0.0, 0.588205, 0.0, 0.0, 0.0, 1.0],
                [0.824478, 0.0, -0.565894, -0.454854, -0.565894, 0.0, -0.824478, 0.293371, 0.0, 1.0, 0.0, 0.588205, 0.0, 0.0, 0.0, 1.0],
                [0.825466, 0.0, -0.564452, -0.454854, -0.564452, 0.0, -0.825466, 0.293371, 0.0, 1.0, 0.0, 0.588205, 0.0, 0.0, 0.0, 1.0],
                [0.826973, 0.0, -0.562242, -0.454854, -0.562242, 0.0, -0.826973, 0.293371, 0.0, 1.0, 0.0, 0.588205, 0.0, 0.0, 0.0, 1.0],
                [0.828964, 0.0, -0.559302, -0.454854, -0.559302, 0.0, -0.828964, 0.293371, 0.0, 1.0, 0.0, 0.588205, 0.0, 0.0, 0.0, 1.0],
                [0.831373, 0.0, -0.555715, -0.454854, -0.555715, 0.0, -0.831373, 0.293371, 0.0, 1.0, 0.0, 0.588205, 0.0, 0.0, 0.0, 1.0],
                [0.834099, 0.0, -0.551614, -0.454854, -0.551614, 0.0, -0.834099, 0.293371, 0.0, 1.0, 0.0, 0.588205, 0.0, 0.0, 0.0, 1.0],
                [0.837013, 0.0, -0.547183, -0.454854, -0.547183, 0.0, -0.837013, 0.293371, 0.0, 1.0, 0.0, 0.588205, 0.0, 0.0, 0.0, 1.0],
                [0.839964, 0.0, -0.542642, -0.454854, -0.542642, 0.0, -0.839964, 0.293371, 0.0, 1.0, 0.0, 0.588205, 0.0, 0.0, 0.0, 1.0],
                [0.8428, 0.0, -0.538228, -0.454854, -0.538228, 0.0, -0.8428, 0.293371, 0.0, 1.0, 0.0, 0.588205, 0.0, 0.0, 0.0, 1.0],
                [0.84538, 0.0, -0.534166, -0.454854, -0.534166, 0.0, -0.84538, 0.293371, 0.0, 1.0, 0.0, 0.588205, 0.0, 0.0, 0.0, 1.0],
                [0.847592, 0.0, -0.530648, -0.454854, -0.530648, 0.0, -0.847592, 0.293371, 0.0, 1.0, 0.0, 0.588205, 0.0, 0.0, 0.0, 1.0],
                [0.849358, 0.0, -0.527817, -0.454854, -0.527817, 0.0, -0.849358, 0.293371, 0.0, 1.0, 0.0, 0.588205, 0.0, 0.0, 0.0, 1.0],
                [0.850632, 0.0, -0.525761, -0.454854, -0.525761, 0.0, -0.850632, 0.293371, 0.0, 1.0, 0.0, 0.588205, 0.0, 0.0, 0.0, 1.0],
                [0.851394, 0.0, -0.524527, -0.454854, -0.524527, 0.0, -0.851394, 0.293371, 0.0, 1.0, 0.0, 0.588205, 0.0, 0.0, 0.0, 1.0],
                [0.851646, 0.0, -0.524118, -0.454854, -0.524118, 0.0, -0.851646, 0.293371, 0.0, 1.0, 0.0, 0.588205, 0.0, 0.0, 0.0, 1.0],
                [0.843084, 0.0, -0.537782, -0.451678, -0.537782, 0.0, -0.843084, 0.300534, 0.0, 1.0, 0.0, 0.588205, 0.0, 0.0, 0.0, 1.0],
                [0.815844, 0.0, -0.578272, -0.442117, -0.578272, 0.0, -0.815844, 0.322092, 0.0, 1.0, 0.0, 0.588205, 0.0, 0.0, 0.0, 1.0],
                [0.766945, 0.0, -0.641712, -0.426572, -0.641712, 0.0, -0.766945, 0.357142, 0.0, 1.0, 0.0, 0.588205, 0.0, 0.0, 0.0, 1.0],
                [0.694843, 0.0, -0.719162, -0.406241, -0.719162, 0.0, -0.694843, 0.402987, 0.0, 1.0, 0.0, 0.588205, 0.0, 0.0, 0.0, 1.0],
                [0.60318, 0.0, -0.797605, -0.383208, -0.797605, 0.0, -0.60318, 0.454922, 0.0, 1.0, 0.0, 0.588205, 0.0, 0.0, 0.0, 1.0],
                [0.502737, 0.0, -0.86444, -0.360175, -0.86444, 0.0, -0.502737, 0.506857, 0.0, 1.0, 0.0, 0.588205, 0.0, 0.0, 0.0, 1.0],
                [0.408578, 0.0, -0.912723, -0.339843, -0.912723, 0.0, -0.408578, 0.552702, 0.0, 1.0, 0.0, 0.588205, 0.0, 0.0, 0.0, 1.0],
                [0.334218, 0.0, -0.942496, -0.324298, -0.942496, 0.0, -0.334218, 0.587753, 0.0, 1.0, 0.0, 0.588205, 0.0, 0.0, 0.0, 1.0],
                [0.28784, 0.0, -0.957678, -0.314738, -0.957678, 0.0, -0.28784, 0.60931, 0.0, 1.0, 0.0, 0.588205, 0.0, 0.0, 0.0, 1.0],
                [0.272361, 0.0, -0.962195, -0.311561, -0.962195, 0.0, -0.272361, 0.616473, 0.0, 1.0, 0.0, 0.588205, 0.0, 0.0, 0.0, 1.0],
                [0.272366, 0.0, -0.962194, -0.311561, -0.962194, 0.0, -0.272366, 0.616473, 0.0, 1.0, 0.0, 0.588205, 0.0, 0.0, 0.0, 1.0],
                [0.272401, 0.0, -0.962184, -0.311561, -0.962184, 0.0, -0.272401, 0.616473, 0.0, 1.0, 0.0, 0.588205, 0.0, 0.0, 0.0, 1.0],
                [0.272505, 0.0, -0.962154, -0.311561, -0.962154, 0.0, -0.272505, 0.616473, 0.0, 1.0, 0.0, 0.588205, 0.0, 0.0, 0.0, 1.0],
                [0.272722, 0.0, -0.962093, -0.311561, -0.962093, 0.0, -0.272722, 0.616473, 0.0, 1.0, 0.0, 0.588205, 0.0, 0.0, 0.0, 1.0],
                [0.273103, 0.0, -0.961985, -0.311561, -0.961985, 0.0, -0.273103, 0.616473, 0.0, 1.0, 0.0, 0.588205, 0.0, 0.0, 0.0, 1.0],
                [0.273708, 0.0, -0.961813, -0.311561, -0.961813, 0.0, -0.273708, 0.616473, 0.0, 1.0, 0.0, 0.588205, 0.0, 0.0, 0.0, 1.0],
                [0.274599, 0.0, -0.961559, -0.311561, -0.961559, 0.0, -0.274599, 0.616473, 0.0, 1.0, 0.0, 0.588205, 0.0, 0.0, 0.0, 1.0],
                [0.275842, 0.0, -0.961203, -0.311561, -0.961203, 0.0, -0.275842, 0.616473, 0.0, 1.0, 0.0, 0.588205, 0.0, 0.0, 0.0, 1.0],
                [0.2775, 0.0, -0.960725, -0.311561, -0.960725, 0.0, -0.2775, 0.616473, 0.0, 1.0, 0.0, 0.588205, 0.0, 0.0, 0.0, 1.0],
                [0.27963, 0.0, -0.960108, -0.311561, -0.960108, 0.0, -0.27963, 0.616473, 0.0, 1.0, 0.0, 0.588205, 0.0, 0.0, 0.0, 1.0],
                [0.282279, 0.0, -0.959333, -0.311561, -0.959333, 0.0, -0.282279, 0.616473, 0.0, 1.0, 0.0, 0.588205, 0.0, 0.0, 0.0, 1.0],
                [0.285477, 0.0, -0.958385, -0.311561, -0.958385, 0.0, -0.285477, 0.616473, 0.0, 1.0, 0.0, 0.588205, 0.0, 0.0, 0.0, 1.0],
                [0.289243, 0.0, -0.957256, -0.311561, -0.957256, 0.0, -0.289243, 0.616473, 0.0, 1.0, 0.0, 0.588205, 0.0, 0.0, 0.0, 1.0],
                [0.293575, 0.0, -0.955936, -0.311561, -0.955936, 0.0, -0.293575, 0.616473, 0.0, 1.0, 0.0, 0.588205, 0.0, 0.0, 0.0, 1.0],
                [0.29846, 0.0, -0.954422, -0.311561, -0.954422, 0.0, -0.29846, 0.616473, 0.0, 1.0, 0.0, 0.588205, 0.0, 0.0, 0.0, 1.0],
                [0.303872, 0.0, -0.952713, -0.311561, -0.952713, 0.0, -0.303872, 0.616473, 0.0, 1.0, 0.0, 0.588205, 0.0, 0.0, 0.0, 1.0],
                [0.309778, 0.0, -0.950809, -0.311561, -0.950809, 0.0, -0.309778, 0.616473, 0.0, 1.0, 0.0, 0.588205, 0.0, 0.0, 0.0, 1.0],
                [0.316137, 0.0, -0.948714, -0.311561, -0.948714, 0.0, -0.316137, 0.616473, 0.0, 1.0, 0.0, 0.588205, 0.0, 0.0, 0.0, 1.0],
                [0.322909, 0.0, -0.94643, -0.311561, -0.94643, 0.0, -0.322909, 0.616473, 0.0, 1.0, 0.0, 0.588205, 0.0, 0.0, 0.0, 1.0],
                [0.330052, 0.0, -0.943963, -0.311561, -0.943963, 0.0, -0.330052, 0.616473, 0.0, 1.0, 0.0, 0.588205, 0.0, 0.0, 0.0, 1.0],
                [0.338456, 0.0, -0.940982, -0.311561, -0.940982, 0.0, -0.338456, 0.616473, 0.0, 1.0, 0.0, 0.588619, 0.0, 0.0, 0.0, 1.0],
                [0.34904, 0.0, -0.937108, -0.311561, -0.937108, 0.0, -0.34904, 0.616473, 0.0, 1.0, 0.0, 0.589869, 0.0, 0.0, 0.0, 1.0],
                [0.36179, 0.0, -0.93226, -0.311561, -0.93226, 0.0, -0.36179, 0.616473, 0.0, 1.0, 0.0, 0.591961, 0.0, 0.0, 0.0, 1.0],
                [0.376664, 0.0, -0.92635, -0.311561, -0.92635, 0.0, -0.376664, 0.616473, 0.0, 1.0, 0.0, 0.594897, 0.0, 0.0, 0.0, 1.0],
                [0.393593, 0.0, -0.919285, -0.311561, -0.919285, 0.0, -0.393593, 0.616473, 0.0, 1.0, 0.0, 0.598671, 0.0, 0.0, 0.0, 1.0],
                [0.412472, 0.0, -0.91097, -0.311561, -0.91097, 0.0, -0.412472, 0.616473, 0.0, 1.0, 0.0, 0.603265, 0.0, 0.0, 0.0, 1.0],
                [0.433157, 0.0, -0.901318, -0.311561, -0.901318, 0.0, -0.433157, 0.616473, 0.0, 1.0, 0.0, 0.608653, 0.0, 0.0, 0.0, 1.0],
                [0.455464, 0.0, -0.890254, -0.311561, -0.890254, 0.0, -0.455464, 0.616473, 0.0, 1.0, 0.0, 0.614796, 0.0, 0.0, 0.0, 1.0],
                [0.479162, 0.0, -0.877727, -0.311561, -0.877727, 0.0, -0.479162, 0.616473, 0.0, 1.0, 0.0, 0.621643, 0.0, 0.0, 0.0, 1.0],
                [0.503979, 0.0, -0.863716, -0.311561, -0.863716, 0.0, -0.503979, 0.616473, 0.0, 1.0, 0.0, 0.629128, 0.0, 0.0, 0.0, 1.0],
                [0.529607, 0.0, -0.848243, -0.311561, -0.848243, 0.0, -0.529607, 0.616473, 0.0, 1.0, 0.0, 0.637172, 0.0, 0.0, 0.0, 1.0],
                [0.555706, 0.0, -0.831379, -0.311561, -0.831379, 0.0, -0.555706, 0.616473, 0.0, 1.0, 0.0, 0.645682, 0.0, 0.0, 0.0, 1.0],
                [0.581917, 0.0, -0.813248, -0.311561, -0.813248, 0.0, -0.581917, 0.616473, 0.0, 1.0, 0.0, 0.654553, 0.0, 0.0, 0.0, 1.0],
                [0.607876, 0.0, -0.794032, -0.311561, -0.794032, 0.0, -0.607876, 0.616473, 0.0, 1.0, 0.0, 0.66367, 0.0, 0.0, 0.0, 1.0],
                [0.63323, 0.0, -0.773964, -0.311561, -0.773964, 0.0, -0.63323, 0.616473, 0.0, 1.0, 0.0, 0.672913, 0.0, 0.0, 0.0, 1.0],
                [0.657649, 0.0, -0.753324, -0.311561, -0.753324, 0.0, -0.657649, 0.616473, 0.0, 1.0, 0.0, 0.682156, 0.0, 0.0, 0.0, 1.0],
                [0.680842, 0.0, -0.73243, -0.311561, -0.73243, 0.0, -0.680842, 0.616473, 0.0, 1.0, 0.0, 0.691274, 0.0, 0.0, 0.0, 1.0],
                [0.702567, 0.0, -0.711618, -0.311561, -0.711618, 0.0, -0.702567, 0.616473, 0.0, 1.0, 0.0, 0.700145, 0.0, 0.0, 0.0, 1.0],
                [0.722633, 0.0, -0.691232, -0.311561, -0.691232, 0.0, -0.722633, 0.616473, 0.0, 1.0, 0.0, 0.708655, 0.0, 0.0, 0.0, 1.0],
                [0.740907, 0.0, -0.671608, -0.311561, -0.671608, 0.0, -0.740907, 0.616473, 0.0, 1.0, 0.0, 0.716698, 0.0, 0.0, 0.0, 1.0],
                [0.757307, 0.0, -0.653059, -0.311561, -0.653059, 0.0, -0.757307, 0.616473, 0.0, 1.0, 0.0, 0.724183, 0.0, 0.0, 0.0, 1.0],
                [0.7718, 0.0, -0.635866, -0.311561, -0.635866, 0.0, -0.7718, 0.616473, 0.0, 1.0, 0.0, 0.73103, 0.0, 0.0, 0.0, 1.0],
                [0.784387, 0.0, -0.620272, -0.311561, -0.620272, 0.0, -0.784387, 0.616473, 0.0, 1.0, 0.0, 0.737174, 0.0, 0.0, 0.0, 1.0],
                [0.795101, 0.0, -0.606476, -0.311561, -0.606476, 0.0, -0.795101, 0.616473, 0.0, 1.0, 0.0, 0.742562, 0.0, 0.0, 0.0, 1.0],
                [0.803996, 0.0, -0.594635, -0.311561, -0.594635, 0.0, -0.803996, 0.616473, 0.0, 1.0, 0.0, 0.747156, 0.0, 0.0, 0.0, 1.0],
                [0.811133, 0.0, -0.584862, -0.311561, -0.584862, 0.0, -0.811133, 0.616473, 0.0, 1.0, 0.0, 0.750929, 0.0, 0.0, 0.0, 1.0],
                [0.81658, 0.0, -0.577232, -0.311561, -0.577232, 0.0, -0.81658, 0.616473, 0.0, 1.0, 0.0, 0.753866, 0.0, 0.0, 0.0, 1.0],
                [0.820403, 0.0, -0.571785, -0.311561, -0.571785, 0.0, -0.820403, 0.616473, 0.0, 1.0, 0.0, 0.755958, 0.0, 0.0, 0.0, 1.0],
                [0.822661, 0.0, -0.568532, -0.311561, -0.568532, 0.0, -0.822661, 0.616473, 0.0, 1.0, 0.0, 0.757207, 0.0, 0.0, 0.0, 1.0],
                [0.823405, 0.0, -0.567454, -0.311561, -0.567454, 0.0, -0.823405, 0.616473, 0.0, 1.0, 0.0, 0.757621, 0.0, 0.0, 0.0, 1.0]
            ]
        },
        {
            "name": "Thigh_R",
            "time": [0.0, 0.0167, 0.0333, 0.05, 0.0667, 0.0833, 0.1, 0.1167, 0.1333, 0.15, 0.1667, 0.1833, 0.2, 0.2167, 0.2333, 0.25, 0.2667, 0.2833, 0.3, 0.3167, 0.3333, 0.35, 0.3667, 0.3833, 0.4, 0.4167, 0.4333, 0.45, 0.4667, 0.4833, 0.5, 0.5167, 0.5333, 0.55, 0.5667, 0.5833, 0.6, 0.6167, 0.6333, 0.65, 0.6667, 0.6833, 0.7, 0.7167, 0.7333, 0.75, 0.7667, 0.7833, 0.8, 0.8167, 0.8333, 0.85, 0.8667, 0.8833, 0.9, 0.9167, 0.9333, 0.95, 0.9667, 0.9833, 1.0, 1.0167, 1.0333, 1.05, 1.0667, 1.0833, 1.1, 1.1167, 1.1333, 1.15, 1.1667, 1.1833, 1.2, 1.2167, 1.2333, 1.25, 1.2667, 1.2833, 1.3, 1.3167, 1.3333, 1.35, 1.3667, 1.3833, 1.4, 1.4167, 1.4333, 1.45, 1.4667, 1.4833, 1.5, 1.5167, 1.5333, 1.55, 1.5667, 1.5833, 1.6, 1.6167, 1.6333, 1.65, 1.6667],
            "transform": [
                [0.905585, 0.288977, -0.310495, 0.124994, 0.424161, -0.614338, 0.665338, -0.002831, 0.001519, -0.734221, -0.678909, -1.2e-05, 0.0, 0.0, 0.0, 1.0],
                [0.905585, 0.288977, -0.310495, 0.124994, 0.424161, -0.614338, 0.665338, -0.002831, 0.001519, -0.734221, -0.678909, -1.2e-05, 0.0, 0.0, 0.0, 1.0],
                [0.905585, 0.288977, -0.310495, 0.124994, 0.424161, -0.614338, 0.665339, -0.002831, 0.001519, -0.734221, -0.678909, -1.2e-05, 0.0, 0.0, 0.0, 1.0],
                [0.905585, 0.288977, -0.310495, 0.124994, 0.424161, -0.614338, 0.665339, -0.002831, 0.001519, -0.734221, -0.678909, -1.2e-05, 0.0, 0.0, 0.0, 1.0],
                [0.905585, 0.288977, -0.310495, 0.124994, 0.424161, -0.614338, 0.665338, -0.002831, 0.001519, -0.734221, -0.678909, -1.2e-05, 0.0, 0.0, 0.0, 1.0],
                [0.905585, 0.288977, -0.310495, 0.124994, 0.424161, -0.614338, 0.665339, -0.002831, 0.001519, -0.734221, -0.678909, -1.2e-05, 0.0, 0.0, 0.0, 1.0],
                [0.905585, 0.288977, -0.310495, 0.124994, 0.424161, -0.614338, 0.665339, -0.002831, 0.001519, -0.734221, -0.678909, -1.2e-05, 0.0, 0.0, 0.0, 1.0],
                [0.905585, 0.288977, -0.310495, 0.124994, 0.424161, -0.614338, 0.665338, -0.002831, 0.001519, -0.734221, -0.678909, -1.2e-05, 0.0, 0.0, 0.0, 1.0],
                [0.905585, 0.288977, -0.310495, 0.124994, 0.424161, -0.614338, 0.665338, -0.002831, 0.001519, -0.734221, -0.678909, -1.2e-05, 0.0, 0.0, 0.0, 1.0],
                [0.905585, 0.288977, -0.310495, 0.124994, 0.424161, -0.614338, 0.665339, -0.002831, 0.001519, -0.734221, -0.678909, -1.2e-05, 0.0, 0.0, 0.0, 1.0],
                [0.905585, 0.288977, -0.310495, 0.124994, 0.424161, -0.614338, 0.665339, -0.002831, 0.001519, -0.734221, -0.678909, -1.2e-05, 0.0, 0.0, 0.0, 1.0],
                [0.905585, 0.288977, -0.310495, 0.124994, 0.424161, -0.614338, 0.665338, -0.002831, 0.001519, -0.734221, -0.678909, -1.2e-05, 0.0, 0.0, 0.0, 1.0],
                [0.905585, 0.288977, -0.310495, 0.124994, 0.424161, -0.614338, 0.665339, -0.002831, 0.001519, -0.734221, -0.678909, -1.2e-05, 0.0, 0.0, 0.0, 1.0],
                [0.905585, 0.288977, -0.310495, 0.124994, 0.424161, -0.614339, 0.665338, -0.002831, 0.001519, -0.73422, -0.678909, -1.2e-05, 0.0, 0.0, 0.0, 1.0],
                [0.905585, 0.288977, -0.310495, 0.124994, 0.424161, -0.614338, 0.665338, -0.002831, 0.001519, -0.734221, -0.678909, -1.2e-05, 0.0, 0.0, 0.0, 1.0],
                [0.905585, 0.288977, -0.310495, 0.124994, 0.424161, -0.614338, 0.665338, -0.002831, 0.001519, -0.734221, -0.678909, -1.2e-05, 0.0, 0.0, 0.0, 1.0],
                [0.905585, 0.288977, -0.310495, 0.124994, 0.424161, -0.614338, 0.665339, -0.002831, 0.001519, -0.734221, -0.678909, -1.2e-05, 0.0, 0.0, 0.0, 1.0],
                [0.905585, 0.288977, -0.310495, 0.124994, 0.424161, -0.614338, 0.665339, -0.002831, 0.001519, -0.734221, -0.678909, -1.2e-05, 0.0, 0.0, 0.0, 1.0],
                [0.905585, 0.288977, -0.310495, 0.124994, 0.424161, -0.614338, 0.665339, -0.002831, 0.001519, -0.734221, -0.678909, -1.2e-05, 0.0, 0.0, 0.0, 1.0],
                [0.905585, 0.288977, -0.310495, 0.124994, 0.424161, -0.614338, 0.665338, -0.002831, 0.001519, -0.734221, -0.678909, -1.2e-05, 0.0, 0.0, 0.0, 1.0],
                [0.905585, 0.288977, -0.310495, 0.124994, 0.424161, -0.614338, 0.665338, -0.002831, 0.001519, -0.734221, -0.678909, -1.2e-05, 0.0, 0.0, 0.0, 1.0],
                [0.905585, 0.288977, -0.310495, 0.124994, 0.424161, -0.614338, 0.665338, -0.002831, 0.001519, -0.734221, -0.678909, -1.2e-05, 0.0, 0.0, 0.0, 1.0],
                [0.905585, 0.288977, -0.310495, 0.124994, 0.424161, -0.614338, 0.665338, -0.002831, 0.001519, -0.734221, -0.678909, -1.2e-05, 0.0, 0.0, 0.0, 1.0],
                [0.905585, 0.288977, -0.310495, 0.124994, 0.424161, -0.614338, 0.665339, -0.002831, 0.001519, -0.734221, -0.678909, -1.2e-05, 0.0, 0.0, 0.0, 1.0],
                [0.905585, 0.288977, -0.310495, 0.124994, 0.424161, -0.614338, 0.665338, -0.002831, 0.001519, -0.734221, -0.678909, -1.2e-05, 0.0, 0.0, 0.0, 1.0],
                [0.905585, 0.288977, -0.310495, 0.124994, 0.424161, -0.614338, 0.665338, -0.002831, 0.001519, -0.734221, -0.678909, -1.2e-05, 0.0, 0.0, 0.0, 1.0],
                [0.905585, 0.288977, -0.310495, 0.124994, 0.424161, -0.614339, 0.665338, -0.002831, 0.001519, -0.734221, -0.678909, -1.2e-05, 0.0, 0.0, 0.0, 1.0],
                [0.905585, 0.288977, -0.310495, 0.124994, 0.424161, -0.614339, 0.665338, -0.002831, 0.001519, -0.73422, -0.678909, -1.2e-05, 0.0, 0.0, 0.0, 1.0],
                [0.905585, 0.288977, -0.310495, 0.124994, 0.424161, -0.614338, 0.665338, -0.002831, 0.001519, -0.734221, -0.678909, -1.2e-05, 0.0, 0.0, 0.0, 1.0],
                [0.905585, 0.288977, -0.310495, 0.124994, 0.424161, -0.614338, 0.665338, -0.002831, 0.001519, -0.734221, -0.678909, -1.2e-05, 0.0, 0.0, 0.0, 1.0],
                [0.905585, 0.288977, -0.310495, 0.124994, 0.424161, -0.614339, 0.665338, -0.002831, 0.001519, -0.734221, -0.67891, -1.2e-05, 0.0, 0.0, 0.0, 1.0],
                [0.905585, 0.288977, -0.310495, 0.124994, 0.424161, -0.614338, 0.665338, -0.002831, 0.001519, -0.734221, -0.678909, -1.2e-05, 0.0, 0.0, 0.0, 1.0],
                [0.905586, 0.288978, -0.310495, 0.124994, 0.424161, -0.614339, 0.665338, -0.002831, 0.001519, -0.73422, -0.67891, -1.2e-05, 0.0, 0.0, 0.0, 1.0],
                [0.905585, 0.288977, -0.310495, 0.124994, 0.424161, -0.614338, 0.665339, -0.002831, 0.001519, -0.734221, -0.678909, -1.2e-05, 0.0, 0.0, 0.0, 1.0],
                [0.905585, 0.288977, -0.310495, 0.124994, 0.424161, -0.614339, 0.665338, -0.002831, 0.001519, -0.734221, -0.678909, -1.2e-05, 0.0, 0.0, 0.0, 1.0],
                [0.905585, 0.288977, -0.310495, 0.124994, 0.424161, -0.614339, 0.665338, -0.002831, 0.001519, -0.734221, -0.678909, -1.2e-05, 0.0, 0.0, 0.0, 1.0],
                [0.905585, 0.288977, -0.310495, 0.124994, 0.424161, -0.614339, 0.665338, -0.002831, 0.001519, -0.734221, -0.678909, -1.2e-05, 0.0, 0.0, 0.0, 1.0],
                [0.905585, 0.288977, -0.310495, 0.124994, 0.424161, -0.614339, 0.665338, -0.002831, 0.001519, -0.734221, -0.678909, -1.2e-05, 0.0, 0.0, 0.0, 1.0],
                [0.905585, 0.288977, -0.310495, 0.124994, 0.424161, -0.614339, 0.665338, -0.002831, 0.001519, -0.734221, -0.678909, -1.2e-05, 0.0, 0.0, 0.0, 1.0],
                [0.905586, 0.288977, -0.310495, 0.124994, 0.424161, -0.614339, 0.665338, -0.002831, 0.001519, -0.734221, -0.678909, -1.2e-05, 0.0, 0.0, 0.0, 1.0],
                [0.905585, 0.288978, -0.310495, 0.124994, 0.424161, -0.614338, 0.665338, -0.002831, 0.001519, -0.734221, -0.678909, -1.2e-05, 0.0, 0.0, 0.0, 1.0],
                [0.905585, 0.288977, -0.310495, 0.124994, 0.424161, -0.614338, 0.665339, -0.002831, 0.001519, -0.734221, -0.678909, -1.2e-05, 0.0, 0.0, 0.0, 1.0],
                [0.905585, 0.288977, -0.310495, 0.124994, 0.424161, -0.614338, 0.665338, -0.002831, 0.001519, -0.734221, -0.678909, -1.2e-05, 0.0, 0.0, 0.0, 1.0],
                [0.905585, 0.288977, -0.310495, 0.124994, 0.424161, -0.614339, 0.665338, -0.002831, 0.001519, -0.734221, -0.67891, -1.2e-05, 0.0, 0.0, 0.0, 1.0],
                [0.905585, 0.288977, -0.310495, 0.124994, 0.424161, -0.614338, 0.665339, -0.002831, 0.001519, -0.734221, -0.678909, -1.2e-05, 0.0, 0.0, 0.0, 1.0],
                [0.905585, 0.288977, -0.310495, 0.124994, 0.424161, -0.614338, 0.665339, -0.002831, 0.001519, -0.734221, -0.678909, -1.2e-05, 0.0, 0.0, 0.0, 1.0],
                [0.905585, 0.288977, -0.310495, 0.124994, 0.424161, -0.614339, 0.665338, -0.002831, 0.001519, -0.73422, -0.678909, -1.2e-05, 0.0, 0.0, 0.0, 1.0],
                [0.905586, 0.288977, -0.310495, 0.124994, 0.424161, -0.614338, 0.665339, -0.002831, 0.001519, -0.734221, -0.678909, -1.2e-05, 0.0, 0.0, 0.0, 1.0],
                [0.905585, 0.288977, -0.310495, 0.124994, 0.424161, -0.614338, 0.665338, -0.002831, 0.001519, -0.734221, -0.678909, -1.2e-05, 0.0, 0.0, 0.0, 1.0],
                [0.905585, 0.288977, -0.310495, 0.124994, 0.424161, -0.614338, 0.665338, -0.002831, 0.001519, -0.734221, -0.678909, -1.2e-05, 0.0, 0.0, 0.0, 1.0],
                [0.905585, 0.288977, -0.310495, 0.124994, 0.424161, -0.614338, 0.665338, -0.002831, 0.001519, -0.73422, -0.678909, -1.2e-05, 0.0, 0.0, 0.0, 1.0],
                [0.905585, 0.288977, -0.310495, 0.124994, 0.424161, -0.614338, 0.665338, -0.002831, 0.001519, -0.734221, -0.678909, -1.2e-05, 0.0, 0.0, 0.0, 1.0],
                [0.905585, 0.288977, -0.310495, 0.124994, 0.424161, -0.614339, 0.665338, -0.002831, 0.001519, -0.73422, -0.678909, -1.2e-05, 0.0, 0.0, 0.0, 1.0],
                [0.905585, 0.288977, -0.310495, 0.124994, 0.424161, -0.614338, 0.665338, -0.002831, 0.001519, -0.73422, -0.678909, -1.2e-05, 0.0, 0.0, 0.0, 1.0],
                [0.905585, 0.288977, -0.310495, 0.124994, 0.424161, -0.614338, 0.665338, -0.002831, 0.001519, -0.734221, -0.678909, -1.2e-05, 0.0, 0.0, 0.0, 1.0],
                [0.905585, 0.288977, -0.310495, 0.124994, 0.424161, -0.614338, 0.665338, -0.002831, 0.001519, -0.734221, -0.678909, -1.2e-05, 0.0, 0.0, 0.0, 1.0],
                [0.905585, 0.288977, -0.310495, 0.124994, 0.424161, -0.614339, 0.665338, -0.002831, 0.001519, -0.73422, -0.678909, -1.2e-05, 0.0, 0.0, 0.0, 1.0],
                [0.905585, 0.288977, -0.310495, 0.124994, 0.424161, -0.614338, 0.665339, -0.002831, 0.001519, -0.734221, -0.678909, -1.2e-05, 0.0, 0.0, 0.0, 1.0],
                [0.905585, 0.288977, -0.310495, 0.124994, 0.424161, -0.614338, 0.665338, -0.002831, 0.001519, -0.734221, -0.678909, -1.2e-05, 0.0, 0.0, 0.0, 1.0],
                [0.905585, 0.288977, -0.310495, 0.124994, 0.424161, -0.614338, 0.665338, -0.002831, 0.001519, -0.734221, -0.678909, -1.2e-05, 0.0, 0.0, 0.0, 1.0],
                [0.905585, 0.288977, -0.310495, 0.124994, 0.424161, -0.614338, 0.665339, -0.002831, 0.001519, -0.734221, -0.678909, -1.2e-05, 0.0, 0.0, 0.0, 1.0],
                [0.905585, 0.288977, -0.310495, 0.124994, 0.424161, -0.614338, 0.665338, -0.002831, 0.001519, -0.73422, -0.678909, -1.2e-05, 0.0, 0.0, 0.0, 1.0],
                [0.905585, 0.288977, -0.310495, 0.124994, 0.424161, -0.614338, 0.665339, -0.002831, 0.001519, -0.734221, -0.678909, -1.2e-05, 0.0, 0.0, 0.0, 1.0],
                [0.905585, 0.288977, -0.310495, 0.124994, 0.424161, -0.614338, 0.665338, -0.002831, 0.001519, -0.73422, -0.678909, -1.2e-05, 0.0, 0.0, 0.0, 1.0],
                [0.905585, 0.288977, -0.310495, 0.124994, 0.424161, -0.614338, 0.665338, -0.002831, 0.001519, -0.73422, -0.678909, -1.2e-05, 0.0, 0.0, 0.0, 1.0],
                [0.905585, 0.288977, -0.310495, 0.124994, 0.424161, -0.614338, 0.665338, -0.002831, 0.001519, -0.734221, -0.678909, -1.2e-05, 0.0, 0.0, 0.0, 1.0],
                [0.905585, 0.288977, -0.310495, 0.124994, 0.424161, -0.614338, 0.665338, -0.002831, 0.001519, -0.73422, -0.678909, -1.2e-05, 0.0, 0.0, 0.0, 1.0],
                [0.905585, 0.288977, -0.310495, 0.124994, 0.424161, -0.614338, 0.665338, -0.002831, 0.001519, -0.734221, -0.678909, -1.2e-05, 0.0, 0.0, 0.0, 1.0],
                [0.905585, 0.288977, -0.310495, 0.124994, 0.424161, -0.614338, 0.665339, -0.002831, 0.001519, -0.734221, -0.678909, -1.2e-05, 0.0, 0.0, 0.0, 1.0],
                [0.905585, 0.288977, -0.310495, 0.124994, 0.424161, -0.614339, 0.665338, -0.002831, 0.001519, -0.73422, -0.678909, -1.2e-05, 0.0, 0.0, 0.0, 1.0],
                [0.905585, 0.288977, -0.310495, 0.124994, 0.424161, -0.614338, 0.665338, -0.002831, 0.001519, -0.734221, -0.678909, -1.2e-05, 0.0, 0.0, 0.0, 1.0],
                [0.90599, 0.288637, -0.309631, 0.124994, 0.423297, -0.615063, 0.665219, -0.002831, 0.001565, -0.733748, -0.67942, -1.2e-05, 0.0, 0.0, 0.0, 1.0],
                [0.907205, 0.287612, -0.307016, 0.124994, 0.420685, -0.617261, 0.66484, -0.002831, 0.001707, -0.732303, -0.680977, -1.2e-05, 0.0, 0.0, 0.0, 1.0],
                [0.909221, 0.285906, -0.302614, 0.124994, 0.416309, -0.620978, 0.664133, -0.002831, 0.001963, -0.729825, -0.683632, -1.2e-05, 0.0, 0.0, 0.0, 1.0],
                [0.91201, 0.28353, -0.296392, 0.124994, 0.410161, -0.626268, 0.66299, -0.002831, 0.002357, -0.726222, -0.687456, -1.2e-05, 0.0, 0.0, 0.0, 1.0],
                [0.915526, 0.280504, -0.288322, 0.124994, 0.402248, -0.633191, 0.66126, -0.002831, 0.002923, -0.721378, -0.692535, -1.2e-05, 0.0, 0.0, 0.0, 1.0],
                [0.919701, 0.276852, -0.278396, 0.124994, 0.392603, -0.641803, 0.65875, -0.002831, 0.003701, -0.715152, -0.698959, -1.2e-05, 0.0, 0.0, 0.0, 1.0],
                [0.924446, 0.2726, -0.266625, 0.124994, 0.381284, -0.652148, 0.655229, -0.002831, 0.004736, -0.707384, -0.706814, -1.2e-05, 0.0, 0.0, 0.0, 1.0],
                [0.929655, 0.267772, -0.253059, 0.124994, 0.36838, -0.66425, 0.650437, -0.002831, 0.006074, -0.697904, -0.716165, -1.2e-05, 0.0, 0.0, 0.0, 1.0],
                [0.935206, 0.262385, -0.237788, 0.124994, 0.354018, -0.678098, 0.644091, -0.002831, 0.007757, -0.68654, -0.727051, -1.2e-05, 0.0, 0.0, 0.0, 1.0],
                [0.940964, 0.256452, -0.220952, 0.124994, 0.338365, -0.693637, 0.635906, -0.002831, 0.009819, -0.673127, -0.739461, -1.2e-05, 0.0, 0.0, 0.0, 1.0],
                [0.946788, 0.249992, -0.20272, 0.124994, 0.321621, -0.710818, 0.625537, -0.002831, 0.012282, -0.65745, -0.753397, -1.2e-05, 0.0, 0.0, 0.0, 1.0],
                [0.952541, 0.242965, -0.183394, 0.124994, 0.304033, -0.729333, 0.612893, -0.002831, 0.015156, -0.639563, -0.768589, -1.2e-05, 0.0, 0.0, 0.0, 1.0],
                [0.958094, 0.235399, -0.163228, 0.124994, 0.285861, -0.749047, 0.597672, -0.002831, 0.018426, -0.619286, -0.784949, -1.2e-05, 0.0, 0.0, 0.0, 1.0],
                [0.963336, 0.227296, -0.142551, 0.124994, 0.267391, -0.769667, 0.579754, -0.002831, 0.022059, -0.596614, -0.802225, -1.2e-05, 0.0, 0.0, 0.0, 1.0],
                [0.968177, 0.218674, -0.121715, 0.124994, 0.248911, -0.790851, 0.559104, -0.002831, 0.026003, -0.571608, -0.820114, -1.2e-05, 0.0, 0.0, 0.0, 1.0],
                [0.972556, 0.20957, -0.10107, 0.124994, 0.230702, -0.812234, 0.535773, -0.002831, 0.030189, -0.544387, -0.838291, -1.2e-05, 0.0, 0.0, 0.0, 1.0],
                [0.976437, 0.200047, -0.080942, 0.124994, 0.213021, -0.833463, 0.509864, -0.002831, 0.034535, -0.515093, -0.856439, -1.2e-05, 0.0, 0.0, 0.0, 1.0],
                [0.979809, 0.19019, -0.06165, 0.124994, 0.196102, -0.854132, 0.481666, -0.002831, 0.038951, -0.484031, -0.874184, -1.2e-05, 0.0, 0.0, 0.0, 1.0],
                [0.982687, 0.180111, -0.043433, 0.124994, 0.180133, -0.873952, 0.451398, -0.002831, 0.043344, -0.451407, -0.891265, -1.2e-05, 0.0, 0.0, 0.0, 1.0],
                [0.985097, 0.169941, -0.026525, 0.124994, 0.165274, -0.892555, 0.419559, -0.002831, 0.047626, -0.41769, -0.90734, -1.2e-05, 0.0, 0.0, 0.0, 1.0],
                [0.987083, 0.159828, -0.011046, 0.124994, 0.151634, -0.909776, 0.386412, -0.002831, 0.05171, -0.383095, -0.922261, -1.2e-05, 0.0, 0.0, 0.0, 1.0],
                [0.988693, 0.149924, 0.002906, 0.124994, 0.139295, -0.925424, 0.352401, -0.002831, 0.055523, -0.348011, -0.935845, -1.2e-05, 0.0, 0.0, 0.0, 1.0],
                [0.989978, 0.140393, 0.015272, 0.124994, 0.128307, -0.93935, 0.318054, -0.002831, 0.058999, -0.312907, -0.94795, -1.2e-05, 0.0, 0.0, 0.0, 1.0],
                [0.990987, 0.131394, 0.026057, 0.124994, 0.118696, -0.9515, 0.283828, -0.002831, 0.062086, -0.278177, -0.958521, -1.2e-05, 0.0, 0.0, 0.0, 1.0],
                [0.991768, 0.123084, 0.03529, 0.124994, 0.110469, -0.961866, 0.25022, -0.002831, 0.064742, -0.244262, -0.967546, -1.2e-05, 0.0, 0.0, 0.0, 1.0],
                [0.992361, 0.115622, 0.043021, 0.124994, 0.103628, -0.970469, 0.217833, -0.002831, 0.066936, -0.211711, -0.975038, -1.2e-05, 0.0, 0.0, 0.0, 1.0],
                [0.992799, 0.109175, 0.049299, 0.124994, 0.09817, -0.977359, 0.187432, -0.002831, 0.068646, -0.181243, -0.98104, -1.2e-05, 0.0, 0.0, 0.0, 1.0],
                [0.993106, 0.103979, 0.054108, 0.124994, 0.094121, -0.982524, 0.160586, -0.002831, 0.06986, -0.154386, -0.985538, -1.2e-05, 0.0, 0.0, 0.0, 1.0],
                [0.993295, 0.100406, 0.0573, 0.124994, 0.091561, -0.985864, 0.140318, -0.002831, 0.070579, -0.134131, -0.988447, -1.2e-05, 0.0, 0.0, 0.0, 1.0],
                [0.99336, 0.099076, 0.058469, 0.124994, 0.090664, -0.987062, 0.132241, -0.002831, 0.070815, -0.126062, -0.989492, -1.2e-05, 0.0, 0.0, 0.0, 1.0]
            ]
        },
        {
            "name": "Leg_R",
            "time": [0.0, 0.0167, 0.0333, 0.05, 0.0667, 0.0833, 0.1, 0.1167, 0.1333, 0.15, 0.1667, 0.1833, 0.2, 0.2167, 0.2333, 0.25, 0.2667, 0.2833, 0.3, 0.3167, 0.3333, 0.35, 0.3667, 0.3833, 0.4, 0.4167, 0.4333, 0.45, 0.4667, 0.4833, 0.5, 0.5167, 0.5333, 0.55, 0.5667, 0.5833, 0.6, 0.6167, 0.6333, 0.65, 0.6667, 0.6833, 0.7, 0.7167, 0.7333, 0.75, 0.7667, 0.7833, 0.8, 0.8167, 0.8333, 0.85, 0.8667, 0.8833, 0.9, 0.9167, 0.9333, 0.95, 0.9667, 0.9833, 1.0, 1.0167, 1.0333, 1.05, 1.0667, 1.0833, 1.1, 1.1167, 1.1333, 1.15, 1.1667, 1.1833, 1.2, 1.2167, 1.2333, 1.25, 1.2667, 1.2833, 1.3, 1.3167, 1.3333, 1.35, 1.3667, 1.3833, 1.4, 1.4167, 1.4333, 1.45, 1.4667, 1.4833, 1.5, 1.5167, 1.5333, 1.55, 1.5667, 1.5833, 1.6, 1.6167, 1.6333, 1.65, 1.6667],
            "transform": [
                [0.999565, -0.026955, -0.011975, 0.0, 0.02704, 0.675243, 0.737099, 0.374721, -0.011782, -0.737102, 0.675678, -0.0, 0.0, 0.0, 0.0, 1.0],
                [0.999565, -0.026955, -0.011975, 0.0, 0.02704, 0.675243, 0.737099, 0.374721, -0.011782, -0.737102, 0.675678, 0.0, 0.0, 0.0, 0.0, 1.0],
                [0.999565, -0.026955, -0.011975, -0.0, 0.02704, 0.675243, 0.7371, 0.374721, -0.011782, -0.737103, 0.675678, 0.0, 0.0, 0.0, 0.0, 1.0],
                [0.999565, -0.026955, -0.011975, 0.0, 0.02704, 0.675243, 0.7371, 0.374721, -0.011782, -0.737102, 0.675678, 0.0, 0.0, 0.0, 0.0, 1.0],
                [0.999565, -0.026955, -0.011975, -0.0, 0.02704, 0.675243, 0.7371, 0.374721, -0.011782, -0.737103, 0.675678, 0.0, 0.0, 0.0, 0.0, 1.0],
                [0.999565, -0.026955, -0.011975, -0.0, 0.02704, 0.675243, 0.7371, 0.374721, -0.011782, -0.737103, 0.675678, 0.0, 0.0, 0.0, 0.0, 1.0],
                [0.999565, -0.026955, -0.011975, -0.0, 0.02704, 0.675243, 0.7371, 0.374721, -0.011782, -0.737103, 0.675678, -0.0, 0.0, 0.0, 0.0, 1.0],
                [0.999565, -0.026955, -0.011975, 0.0, 0.02704, 0.675243, 0.7371, 0.374721, -0.011782, -0.737103, 0.675678, 0.0, 0.0, 0.0, 0.0, 1.0],
                [0.999565, -0.026955, -0.011975, 0.0, 0.02704, 0.675243, 0.7371, 0.374721, -0.011782, -0.737102, 0.675678, 0.0, 0.0, 0.0, 0.0, 1.0],
                [0.999565, -0.026955, -0.011975, 0.0, 0.02704, 0.675243, 0.7371, 0.374721, -0.011782, -0.737103, 0.675678, 0.0, 0.0, 0.0, 0.0, 1.0],
                [0.999565, -0.026955, -0.011975, 0.0, 0.02704, 0.675243, 0.7371, 0.374721, -0.011782, -0.737103, 0.675678, 0.0, 0.0, 0.0, 0.0, 1.0],
                [0.999565, -0.026955, -0.011975, 0.0, 0.02704, 0.675243, 0.7371, 0.374721, -0.011782, -0.737103, 0.675678, 0.0, 0.0, 0.0, 0.0, 1.0],
                [0.999565, -0.026955, -0.011975, -0.0, 0.02704, 0.675243, 0.7371, 0.374721, -0.011782, -0.737103, 0.675678, -0.0, 0.0, 0.0, 0.0, 1.0],
                [0.999565, -0.026955, -0.011975, -0.0, 0.02704, 0.675243, 0.737099, 0.374721, -0.011782, -0.737102, 0.675678, 0.0, 0.0, 0.0, 0.0, 1.0],
                [0.999565, -0.026955, -0.011975, 0.0, 0.02704, 0.675243, 0.7371, 0.374721, -0.011782, -0.737103, 0.675678, -0.0, 0.0, 0.0, 0.0, 1.0],
                [0.999565, -0.026955, -0.011975, 0.0, 0.02704, 0.675243, 0.7371, 0.374721, -0.011782, -0.737103, 0.675678, 0.0, 0.0, 0.0, 0.0, 1.0],
                [0.999565, -0.026955, -0.011975, -0.0, 0.02704, 0.675243, 0.7371, 0.374721, -0.011782, -0.737103, 0.675678, -0.0, 0.0, 0.0, 0.0, 1.0],
                [0.999565, -0.026955, -0.011975, 0.0, 0.02704, 0.675243, 0.7371, 0.374721, -0.011782, -0.737102, 0.675678, -0.0, 0.0, 0.0, 0.0, 1.0],
                [0.999565, -0.026955, -0.011975, 0.0, 0.02704, 0.675243, 0.7371, 0.374721, -0.011782, -0.737103, 0.675678, -0.0, 0.0, 0.0, 0.0, 1.0],
                [0.999565, -0.026955, -0.011975, 0.0, 0.02704, 0.675243, 0.7371, 0.374721, -0.011782, -0.737103, 0.675678, -0.0, 0.0, 0.0, 0.0, 1.0],
                [0.999565, -0.026955, -0.011975, 0.0, 0.02704, 0.675243, 0.7371, 0.374721, -0.011783, -0.737102, 0.675678, 0.0, 0.0, 0.0, 0.0, 1.0],
                [0.999565, -0.026955, -0.011975, 0.0, 0.02704, 0.675243, 0.737099, 0.374721, -0.011782, -0.737103, 0.675678, 0.0, 0.0, 0.0, 0.0, 1.0],
                [0.999565, -0.026955, -0.011975, 0.0, 0.02704, 0.675243, 0.7371, 0.374721, -0.011782, -0.737103, 0.675678, 0.0, 0.0, 0.0, 0.0, 1.0],
                [0.999565, -0.026955, -0.011975, -0.0, 0.02704, 0.675243, 0.7371, 0.374721, -0.011782, -0.737103, 0.675678, -0.0, 0.0, 0.0, 0.0, 1.0],
                [0.999565, -0.026955, -0.011975, 0.0, 0.02704, 0.675243, 0.7371, 0.374721, -0.011782, -0.737103, 0.675678, -0.0, 0.0, 0.0, 0.0, 1.0],
                [0.999565, -0.026955, -0.011975, 0.0, 0.02704, 0.675243, 0.737099, 0.374721, -0.011782, -0.737102, 0.675678, -0.0, 0.0, 0.0, 0.0, 1.0],
                [0.999565, -0.026955, -0.011975, 0.0, 0.02704, 0.675243, 0.737099, 0.374721, -0.011782, -0.737102, 0.675678, -0.0, 0.0, 0.0, 0.0, 1.0],
                [0.999565, -0.026955, -0.011975, -0.0, 0.02704, 0.675243, 0.737099, 0.374721, -0.011782, -0.737102, 0.675678, 0.0, 0.0, 0.0, 0.0, 1.0],
                [0.999565, -0.026955, -0.011975, -0.0, 0.02704, 0.675243, 0.7371, 0.374721, -0.011782, -0.737102, 0.675678, -0.0, 0.0, 0.0, 0.0, 1.0],
                [0.999565, -0.026955, -0.011975, 0.0, 0.02704, 0.675243, 0.7371, 0.374721, -0.011782, -0.737103, 0.675678, -0.0, 0.0, 0.0, 0.0, 1.0],
                [0.999565, -0.026955, -0.011975, -0.0, 0.02704, 0.675243, 0.737099, 0.374721, -0.011782, -0.737102, 0.675678, -0.0, 0.0, 0.0, 0.0, 1.0],
                [0.999565, -0.026955, -0.011975, -0.0, 0.02704, 0.675243, 0.7371, 0.374721, -0.011782, -0.737103, 0.675678, -0.0, 0.0, 0.0, 0.0, 1.0],
                [0.999565, -0.026955, -0.011975, -0.0, 0.02704, 0.675244, 0.737099, 0.374721, -0.011782, -0.737102, 0.675679, 0.0, 0.0, 0.0, 0.0, 1.0],
                [0.999565, -0.026955, -0.011975, -0.0, 0.02704, 0.675243, 0.7371, 0.374721, -0.011782, -0.737102, 0.675678, -0.0, 0.0, 0.0, 0.0, 1.0],
                [0.999565, -0.026955, -0.011975, 0.0, 0.02704, 0.675243, 0.737099, 0.374721, -0.011782, -0.737102, 0.675678, -0.0, 0.0, 0.0, 0.0, 1.0],
                [0.999565, -0.026955, -0.011975, 0.0, 0.02704, 0.675243, 0.737099, 0.374721, -0.011782, -0.737102, 0.675678, -0.0, 0.0, 0.0, 0.0, 1.0],
                [0.999565, -0.026955, -0.011975, 0.0, 0.02704, 0.675243, 0.7371, 0.374721, -0.011782, -0.737102, 0.675678, 0.0, 0.0, 0.0, 0.0, 1.0],
                [0.999565, -0.026955, -0.011975, -0.0, 0.02704, 0.675243, 0.7371, 0.374721, -0.011782, -0.737102, 0.675678, -0.0, 0.0, 0.0, 0.0, 1.0],
                [0.999565, -0.026955, -0.011975, 0.0, 0.02704, 0.675243, 0.7371, 0.374721, -0.011782, -0.737103, 0.675678, -0.0, 0.0, 0.0, 0.0, 1.0],
                [0.999565, -0.026955, -0.011975, 0.0, 0.02704, 0.675243, 0.737099, 0.374721, -0.011782, -0.737102, 0.675678, -0.0, 0.0, 0.0, 0.0, 1.0],
                [0.999565, -0.026955, -0.011975, -0.0, 0.02704, 0.675243, 0.737099, 0.374721, -0.011782, -0.737102, 0.675678, -0.0, 0.0, 0.0, 0.0, 1.0],
                [0.999565, -0.026955, -0.011975, 0.0, 0.02704, 0.675243, 0.7371, 0.374721, -0.011782, -0.737103, 0.675678, -0.0, 0.0, 0.0, 0.0, 1.0],
                [0.999565, -0.026955, -0.011975, 0.0, 0.02704, 0.675243, 0.7371, 0.374721, -0.011782, -0.737102, 0.675678, -0.0, 0.0, 0.0, 0.0, 1.0],
                [0.999565, -0.026955, -0.011975, 0.0, 0.02704, 0.675243, 0.737099, 0.374721, -0.011782, -0.737102, 0.675678, -0.0, 0.0, 0.0, 0.0, 1.0],
                [0.999565, -0.026955, -0.011975, -0.0, 0.02704, 0.675243, 0.7371, 0.374721, -0.011782, -0.737103, 0.675678, -0.0, 0.0, 0.0, 0.0, 1.0],
                [0.999565, -0.026955, -0.011975, 0.0, 0.02704, 0.675243, 0.7371, 0.374721, -0.011782, -0.737103, 0.675678, -0.0, 0.0, 0.0, 0.0, 1.0],
                [0.999565, -0.026955, -0.011975, -0.0, 0.02704, 0.675243, 0.7371, 0.374721, -0.011782, -0.737103, 0.675678, 0.0, 0.0, 0.0, 0.0, 1.0],
                [0.999565, -0.026955, -0.011975, 0.0, 0.02704, 0.675243, 0.7371, 0.374721, -0.011782, -0.737103, 0.675678, -0.0, 0.0, 0.0, 0.0, 1.0],
