{
    "animation": [
        {
            "name": "Root",
            "time": [0.0, 0.0167, 0.0333, 0.05, 0.0667, 0.0833, 0.1, 0.1167, 0.1333, 0.15, 0.1667, 0.1833, 0.2, 0.2167, 0.2333, 0.25, 0.2667, 0.2833, 0.3, 0.3167, 0.3333, 0.35, 0.3667, 0.3833, 0.4, 0.4167, 0.4333, 0.45, 0.4667, 0.4833, 0.5, 0.5167, 0.5333, 0.55, 0.5667, 0.5833, 0.6, 0.6167, 0.6333, 0.65, 0.6667, 0.6833, 0.7, 0.7167, 0.7333, 0.75, 0.7667, 0.7833, 0.8, 0.8167, 0.8333, 0.85, 0.8667, 0.8833, 0.9, 0.9167, 0.9333, 0.95, 0.9667, 0.9833, 1.0, 1.0167, 1.0333, 1.05, 1.0667, 1.0833, 1.1, 1.1167, 1.1333, 1.15, 1.1667, 1.1833, 1.2, 1.2167, 1.2333, 1.25, 1.2667, 1.2833, 1.3, 1.3167, 1.3333],
            "transform": [
                [0.823405, 0.0, -0.567454, -5e-06, -0.567454, 0.0, -0.823405, 0.000946, 0.0, 1.0, 0.0, 0.757621, 0.0, 0.0, 0.0, 1.0],
                [0.821652, 0.0, -0.56999, -0.000452, -0.56999, 0.0, -0.821652, 0.000581, 0.0, 1.0, 0.0, 0.757621, 0.0, 0.0, 0.0, 1.0],
                [0.816301, 0.0, -0.577627, -0.001806, -0.577627, 0.0, -0.816301, -0.000522, 0.0, 1.0, 0.0, 0.757621, 0.0, 0.0, 0.0, 1.0],
                [0.80718, 0.0, -0.590306, -0.00407, -0.590306, 0.0, -0.80718, -0.002368, 0.0, 1.0, 0.0, 0.757621, 0.0, 0.0, 0.0, 1.0],
                [0.794092, 0.0, -0.607797, -0.007228, -0.607797, 0.0, -0.794092, -0.004943, 0.0, 1.0, 0.0, 0.757621, 0.0, 0.0, 0.0, 1.0],
                [0.776863, 0.0, -0.62967, -0.011242, -0.62967, 0.0, -0.776863, -0.008216, 0.0, 1.0, 0.0, 0.757621, 0.0, 0.0, 0.0, 1.0],
                [0.755395, 0.0, -0.65527, -0.016043, -0.65527, 0.0, -0.755395, -0.01213, 0.0, 1.0, 0.0, 0.757621, 0.0, 0.0, 0.0, 1.0],
                [0.729743, 0.0, -0.683722, -0.021532, -0.683722, 0.0, -0.729743, -0.016605, 0.0, 1.0, 0.0, 0.757621, 0.0, 0.0, 0.0, 1.0],
                [0.700188, 0.0, -0.713958, -0.027574, -0.713958, 0.0, -0.700188, -0.021531, 0.0, 1.0, 0.0, 0.757621, 0.0, 0.0, 0.0, 1.0],
                [0.667292, 0.0, -0.744797, -0.034004, -0.744797, 0.0, -0.667292, -0.026774, 0.0, 1.0, 0.0, 0.757621, 0.0, 0.0, 0.0, 1.0],
                [0.631909, 0.0, -0.775043, -0.040635, -0.775043, 0.0, -0.631909, -0.032181, 0.0, 1.0, 0.0, 0.757621, 0.0, 0.0, 0.0, 1.0],
                [0.595157, 0.0, -0.80361, -0.047267, -0.80361, 0.0, -0.595157, -0.037587, 0.0, 1.0, 0.0, 0.757621, 0.0, 0.0, 0.0, 1.0],
                [0.558325, 0.0, -0.829622, -0.053697, -0.829622, 0.0, -0.558325, -0.04283, 0.0, 1.0, 0.0, 0.757621, 0.0, 0.0, 0.0, 1.0],
                [0.522757, 0.0, -0.852482, -0.059739, -0.852482, 0.0, -0.522757, -0.047756, 0.0, 1.0, 0.0, 0.757621, 0.0, 0.0, 0.0, 1.0],
                [0.489722, 0.0, -0.871879, -0.065227, -0.871879, 0.0, -0.489722, -0.052231, 0.0, 1.0, 0.0, 0.757621, 0.0, 0.0, 0.0, 1.0],
                [0.460323, 0.0, -0.887752, -0.070029, -0.887752, 0.0, -0.460323, -0.056146, 0.0, 1.0, 0.0, 0.757621, 0.0, 0.0, 0.0, 1.0],
                [0.435428, 0.0, -0.900223, -0.074043, -0.900223, 0.0, -0.435428, -0.059419, 0.0, 1.0, 0.0, 0.757621, 0.0, 0.0, 0.0, 1.0],
                [0.41566, 0.0, -0.90952, -0.077201, -0.90952, 0.0, -0.41566, -0.061994, 0.0, 1.0, 0.0, 0.757621, 0.0, 0.0, 0.0, 1.0],
                [0.401404, 0.0, -0.915901, -0.079465, -0.915901, 0.0, -0.401404, -0.063839, 0.0, 1.0, 0.0, 0.757621, 0.0, 0.0, 0.0, 1.0],
                [0.392846, 0.0, -0.919604, -0.080818, -0.919604, 0.0, -0.392846, -0.064943, 0.0, 1.0, 0.0, 0.757621, 0.0, 0.0, 0.0, 1.0],
                [0.390009, 0.0, -0.920811, -0.081266, -0.920811, 0.0, -0.390009, -0.065308, 0.0, 1.0, 0.0, 0.757621, 0.0, 0.0, 0.0, 1.0],
                [0.403897, 0.0, -0.914804, -0.080584, -0.914804, 0.0, -0.403897, -0.062417, 0.0, 1.0, 0.0, 0.755958, 0.0, 0.0, 0.0, 1.0],
                [0.445984, 0.0, -0.895041, -0.078522, -0.895041, 0.0, -0.445984, -0.053679, 0.0, 1.0, 0.0, 0.750929, 0.0, 0.0, 0.0, 1.0],
                [0.515906, 0.0, -0.856645, -0.07509, -0.856645, 0.0, -0.515906, -0.03914, 0.0, 1.0, 0.0, 0.742562, 0.0, 0.0, 0.0, 1.0],
                [0.610564, 0.0, -0.791967, -0.070361, -0.791967, 0.0, -0.610564, -0.019102, 0.0, 1.0, 0.0, 0.731031, 0.0, 0.0, 0.0, 1.0],
                [0.721815, 0.0, -0.692086, -0.064483, -0.692086, 0.0, -0.721815, 0.005803, 0.0, 1.0, 0.0, 0.716698, 0.0, 0.0, 0.0, 1.0],
                [0.834741, 0.0, -0.550643, -0.057695, -0.550643, 0.0, -0.834741, 0.034567, 0.0, 1.0, 0.0, 0.700145, 0.0, 0.0, 0.0, 1.0],
                [0.929193, 0.0, -0.369594, -0.050318, -0.369594, 0.0, -0.929193, 0.065826, 0.0, 1.0, 0.0, 0.682156, 0.0, 0.0, 0.0, 1.0],
                [0.986606, 0.0, -0.163125, -0.042736, -0.163125, 0.0, -0.986606, 0.097948, 0.0, 1.0, 0.0, 0.66367, 0.0, 0.0, 0.0, 1.0],
                [0.998969, 0.0, 0.045397, -0.035359, 0.045397, 0.0, -0.998969, 0.129206, 0.0, 1.0, 0.0, 0.645682, 0.0, 0.0, 0.0, 1.0],
                [0.972477, 0.0, 0.233, -0.02857, 0.233, 0.0, -0.972477, 0.157971, 0.0, 1.0, 0.0, 0.629128, 0.0, 0.0, 0.0, 1.0],
                [0.92267, 0.0, 0.385591, -0.022693, 0.385591, 0.0, -0.92267, 0.182875, 0.0, 1.0, 0.0, 0.614796, 0.0, 0.0, 0.0, 1.0],
                [0.8663, 0.0, 0.499524, -0.017964, 0.499524, 0.0, -0.8663, 0.202913, 0.0, 1.0, 0.0, 0.603265, 0.0, 0.0, 0.0, 1.0],
                [0.816092, 0.0, 0.577922, -0.014532, 0.577922, 0.0, -0.816092, 0.217453, 0.0, 1.0, 0.0, 0.594897, 0.0, 0.0, 0.0, 1.0],
                [0.779652, 0.0, 0.626213, -0.01247, 0.626213, 0.0, -0.779652, 0.226191, 0.0, 1.0, 0.0, 0.589869, 0.0, 0.0, 0.0, 1.0],
                [0.760562, 0.0, 0.649266, -0.011788, 0.649266, 0.0, -0.760562, 0.229081, 0.0, 1.0, 0.0, 0.588205, 0.0, 0.0, 0.0, 1.0],
                [0.750758, 0.0, 0.660577, -0.011788, 0.660577, 0.0, -0.750758, 0.229081, 0.0, 1.0, 0.0, 0.588205, 0.0, 0.0, 0.0, 1.0],
                [0.741239, 0.0, 0.671241, -0.011788, 0.671241, 0.0, -0.741239, 0.229081, 0.0, 1.0, 0.0, 0.588205, 0.0, 0.0, 0.0, 1.0],
                [0.732067, 0.0, 0.681233, -0.011788, 0.681233, 0.0, -0.732067, 0.229081, 0.0, 1.0, 0.0, 0.588205, 0.0, 0.0, 0.0, 1.0],
                [0.723306, 0.0, 0.690528, -0.011788, 0.690528, 0.0, -0.723306, 0.229081, 0.0, 1.0, 0.0, 0.588205, 0.0, 0.0, 0.0, 1.0],
                [0.715023, 0.0, 0.699101, -0.011788, 0.699101, 0.0, -0.715023, 0.229081, 0.0, 1.0, 0.0, 0.588205, 0.0, 0.0, 0.0, 1.0],
                [0.707286, 0.0, 0.706928, -0.011788, 0.706928, 0.0, -0.707286, 0.229081, 0.0, 1.0, 0.0, 0.588205, 0.0, 0.0, 0.0, 1.0],
                [0.700154, 0.0, 0.713992, -0.011788, 0.713992, 0.0, -0.700154, 0.229081, 0.0, 1.0, 0.0, 0.588205, 0.0, 0.0, 0.0, 1.0],
                [0.693681, 0.0, 0.720282, -0.011788, 0.720282, 0.0, -0.693681, 0.229081, 0.0, 1.0, 0.0, 0.588205, 0.0, 0.0, 0.0, 1.0],
                [0.687905, 0.0, 0.7258, -0.011788, 0.7258, 0.0, -0.687905, 0.229081, 0.0, 1.0, 0.0, 0.588205, 0.0, 0.0, 0.0, 1.0],
                [0.682848, 0.0, 0.73056, -0.011788, 0.73056, 0.0, -0.682848, 0.229081, 0.0, 1.0, 0.0, 0.588205, 0.0, 0.0, 0.0, 1.0],
                [0.678511, 0.0, 0.73459, -0.011788, 0.73459, 0.0, -0.678511, 0.229081, 0.0, 1.0, 0.0, 0.588205, 0.0, 0.0, 0.0, 1.0],
                [0.674874, 0.0, 0.737933, -0.011788, 0.737933, 0.0, -0.674874, 0.229081, 0.0, 1.0, 0.0, 0.588205, 0.0, 0.0, 0.0, 1.0],
                [0.671899, 0.0, 0.740643, -0.011788, 0.740643, 0.0, -0.671899, 0.229081, 0.0, 1.0, 0.0, 0.588205, 0.0, 0.0, 0.0, 1.0],
                [0.669533, 0.0, 0.742782, -0.011788, 0.742782, 0.0, -0.669533, 0.229081, 0.0, 1.0, 0.0, 0.588205, 0.0, 0.0, 0.0, 1.0],
                [0.667712, 0.0, 0.744419, -0.011788, 0.744419, 0.0, -0.667712, 0.229081, 0.0, 1.0, 0.0, 0.588205, 0.0, 0.0, 0.0, 1.0],
                [0.666368, 0.0, 0.745623, -0.011788, 0.745623, 0.0, -0.666368, 0.229081, 0.0, 1.0, 0.0, 0.588205, 0.0, 0.0, 0.0, 1.0],
                [0.665432, 0.0, 0.746459, -0.011788, 0.746459, 0.0, -0.665432, 0.229081, 0.0, 1.0, 0.0, 0.588205, 0.0, 0.0, 0.0, 1.0],
                [0.664835, 0.0, 0.74699, -0.011788, 0.74699, 0.0, -0.664835, 0.229081, 0.0, 1.0, 0.0, 0.588205, 0.0, 0.0, 0.0, 1.0],
                [0.664517, 0.0, 0.747273, -0.011788, 0.747273, 0.0, -0.664517, 0.229081, 0.0, 1.0, 0.0, 0.588205, 0.0, 0.0, 0.0, 1.0],
                [0.664423, 0.0, 0.747357, -0.011788, 0.747357, 0.0, -0.664423, 0.229081, 0.0, 1.0, 0.0, 0.588205, 0.0, 0.0, 0.0, 1.0],
                [0.671813, 0.0, 0.740721, -0.015956, 0.740721, 0.0, -0.671813, 0.233581, 0.0, 1.0, 0.0, 0.588802, 0.0, 0.0, 0.0, 1.0],
                [0.694282, 0.0, 0.719703, -0.028526, 0.719703, 0.0, -0.694282, 0.2474, 0.0, 1.0, 0.0, 0.590604, 0.0, 0.0, 0.0, 1.0],
                [0.731139, 0.0, 0.682228, -0.049134, 0.682228, 0.0, -0.731139, 0.270631, 0.0, 1.0, 0.0, 0.593622, 0.0, 0.0, 0.0, 1.0],
                [0.779579, 0.0, 0.626304, -0.076593, 0.626304, 0.0, -0.779579, 0.302614, 0.0, 1.0, 0.0, 0.59785, 0.0, 0.0, 0.0, 1.0],
                [0.834277, 0.0, 0.551346, -0.108736, 0.551346, 0.0, -0.834277, 0.341703, 0.0, 1.0, 0.0, 0.603265, 0.0, 0.0, 0.0, 1.0],
                [0.888063, 0.0, 0.459721, -0.142553, 0.459721, 0.0, -0.888063, 0.385299, 0.0, 1.0, 0.0, 0.609823, 0.0, 0.0, 0.0, 1.0],
                [0.933956, 0.0, 0.357388, -0.174695, 0.357388, 0.0, -0.933956, 0.430245, 0.0, 1.0, 0.0, 0.617454, 0.0, 0.0, 0.0, 1.0],
                [0.967538, 0.0, 0.252726, -0.202155, 0.252726, 0.0, -0.967538, 0.473465, 0.0, 1.0, 0.0, 0.626063, 0.0, 0.0, 0.0, 1.0],
                [0.988059, 0.0, 0.154079, -0.222763, 0.154079, 0.0, -0.988059, 0.512516, 0.0, 1.0, 0.0, 0.635523, 0.0, 0.0, 0.0, 1.0],
                [0.997707, 0.0, 0.067675, -0.235332, 0.067675, 0.0, -0.997707, 0.545818, 0.0, 1.0, 0.0, 0.645682, 0.0, 0.0, 0.0, 1.0],
                [0.999995, 0.0, -0.003074, -0.239501, -0.003074, 0.0, -0.999995, 0.572596, 0.0, 1.0, 0.0, 0.65636, 0.0, 0.0, 0.0, 1.0],
                [0.997798, 0.0, -0.066323, -0.239493, -0.066323, 0.0, -0.997798, 0.59619, 0.0, 1.0, 0.0, 0.66736, 0.0, 0.0, 0.0, 1.0],
                [0.991436, 0.0, -0.13059, -0.239469, -0.13059, 0.0, -0.991436, 0.619999, 0.0, 1.0, 0.0, 0.678467, 0.0, 0.0, 0.0, 1.0],
                [0.980862, 0.0, -0.194702, -0.23943, -0.194702, 0.0, -0.980862, 0.643748, 0.0, 1.0, 0.0, 0.689466, 0.0, 0.0, 0.0, 1.0],
                [0.966344, 0.0, -0.257254, -0.239376, -0.257254, 0.0, -0.966344, 0.667074, 0.0, 1.0, 0.0, 0.700145, 0.0, 0.0, 0.0, 1.0],
                [0.948527, 0.0, -0.316695, -0.23931, -0.316695, 0.0, -0.948527, 0.68953, 0.0, 1.0, 0.0, 0.710304, 0.0, 0.0, 0.0, 1.0],
                [0.928437, 0.0, -0.37149, -0.239234, -0.37149, 0.0, -0.928437, 0.710611, 0.0, 1.0, 0.0, 0.719764, 0.0, 0.0, 0.0, 1.0],
                [0.907382, 0.0, -0.420308, -0.239153, -0.420308, 0.0, -0.907382, 0.729809, 0.0, 1.0, 0.0, 0.728373, 0.0, 0.0, 0.0, 1.0],
                [0.886776, 0.0, -0.4622, -0.239073, -0.4622, 0.0, -0.886776, 0.746673, 0.0, 1.0, 0.0, 0.736004, 0.0, 0.0, 0.0, 1.0],
                [0.867925, 0.0, -0.496696, -0.238997, -0.496696, 0.0, -0.867925, 0.760881, 0.0, 1.0, 0.0, 0.742562, 0.0, 0.0, 0.0, 1.0],
                [0.851849, 0.0, -0.523787, -0.23893, -0.523787, 0.0, -0.851849, 0.772266, 0.0, 1.0, 0.0, 0.747977, 0.0, 0.0, 0.0, 1.0],
                [0.839201, 0.0, -0.543822, -0.238877, -0.543822, 0.0, -0.839201, 0.780819, 0.0, 1.0, 0.0, 0.752205, 0.0, 0.0, 0.0, 1.0],
                [0.830274, 0.0, -0.557356, -0.238837, -0.557356, 0.0, -0.830274, 0.786658, 0.0, 1.0, 0.0, 0.755222, 0.0, 0.0, 0.0, 1.0],
                [0.825073, 0.0, -0.565026, -0.238813, -0.565026, 0.0, -0.825073, 0.789982, 0.0, 1.0, 0.0, 0.757025, 0.0, 0.0, 0.0, 1.0],
                [0.823405, 0.0, -0.567454, -0.238806, -0.567454, 0.0, -0.823405, 0.791033, 0.0, 1.0, 0.0, 0.757621, 0.0, 0.0, 0.0, 1.0]
            ]
        },
        {
            "name": "Thigh_R",
            "time": [0.0, 0.0167, 0.0333, 0.05, 0.0667, 0.0833, 0.1, 0.1167, 0.1333, 0.15, 0.1667, 0.1833, 0.2, 0.2167, 0.2333, 0.25, 0.2667, 0.2833, 0.3, 0.3167, 0.3333, 0.35, 0.3667, 0.3833, 0.4, 0.4167, 0.4333, 0.45, 0.4667, 0.4833, 0.5, 0.5167, 0.5333, 0.55, 0.5667, 0.5833, 0.6, 0.6167, 0.6333, 0.65, 0.6667, 0.6833, 0.7, 0.7167, 0.7333, 0.75, 0.7667, 0.7833, 0.8, 0.8167, 0.8333, 0.85, 0.8667, 0.8833, 0.9, 0.9167, 0.9333, 0.95, 0.9667, 0.9833, 1.0, 1.0167, 1.0333, 1.05, 1.0667, 1.0833, 1.1, 1.1167, 1.1333, 1.15, 1.1667, 1.1833, 1.2, 1.2167, 1.2333, 1.25, 1.2667, 1.2833, 1.3, 1.3167, 1.3333],
            "transform": [
                [0.99336, 0.099076, 0.058469, 0.124994, 0.090664, -0.987062, 0.132241, -0.002831, 0.070815, -0.126062, -0.989492, -1.2e-05, 0.0, 0.0, 0.0, 1.0],
                [0.993214, 0.102645, 0.05467, 0.124994, 0.092202, -0.981509, 0.167744, -0.002831, 0.070877, -0.161565, -0.984313, -1.2e-05, 0.0, 0.0, 0.0, 1.0],
                [0.992922, 0.108948, 0.047281, 0.124994, 0.095243, -0.968276, 0.231018, -0.002831, 0.07095, -0.22488, -0.9718, -1.2e-05, 0.0, 0.0, 0.0, 1.0],
                [0.992565, 0.115442, 0.038562, 0.124994, 0.098884, -0.949584, 0.29751, -0.002831, 0.070963, -0.291485, -0.95394, -1.2e-05, 0.0, 0.0, 0.0, 1.0],
                [0.992168, 0.121445, 0.029197, 0.124994, 0.102836, -0.926908, 0.360924, -0.002831, 0.070896, -0.355095, -0.932138, -1.2e-05, 0.0, 0.0, 0.0, 1.0],
                [0.991756, 0.126596, 0.019804, 0.124994, 0.106836, -0.902295, 0.417671, -0.002831, 0.070745, -0.412112, -0.908382, -1.2e-05, 0.0, 0.0, 0.0, 1.0],
                [0.991361, 0.130693, 0.011078, 0.124994, 0.110583, -0.878256, 0.465227, -0.002831, 0.070531, -0.459983, -0.885122, -1.2e-05, 0.0, 0.0, 0.0, 1.0],
                [0.991016, 0.133688, 0.003706, 0.124994, 0.113777, -0.85733, 0.502036, -0.002831, 0.070293, -0.497104, -0.864839, -1.2e-05, 0.0, 0.0, 0.0, 1.0],
                [0.990753, 0.135666, -0.001794, 0.124994, 0.116177, -0.84145, 0.527697, -0.002831, 0.070081, -0.523026, -0.849431, -1.2e-05, 0.0, 0.0, 0.0, 1.0],
                [0.99059, 0.136764, -0.005127, 0.124994, 0.117641, -0.831748, 0.542545, -0.002831, 0.069936, -0.538042, -0.840011, -1.2e-05, 0.0, 0.0, 0.0, 1.0],
                [0.990536, 0.13711, -0.006228, 0.124994, 0.118127, -0.828531, 0.547342, -0.002831, 0.069886, -0.542897, -0.836886, -1.2e-05, 0.0, 0.0, 0.0, 1.0],
                [0.990591, 0.136764, -0.005127, 0.124994, 0.117641, -0.831749, 0.542544, -0.002831, 0.069936, -0.538042, -0.840012, -1.2e-05, 0.0, 0.0, 0.0, 1.0],
                [0.990753, 0.135666, -0.001794, 0.124994, 0.116177, -0.84145, 0.527697, -0.002831, 0.070081, -0.523025, -0.849431, -1.2e-05, 0.0, 0.0, 0.0, 1.0],
                [0.991016, 0.133688, 0.003705, 0.124994, 0.113777, -0.85733, 0.502036, -0.002831, 0.070293, -0.497104, -0.864839, -1.2e-05, 0.0, 0.0, 0.0, 1.0],
                [0.991361, 0.130693, 0.011078, 0.124994, 0.110583, -0.878257, 0.465227, -0.002831, 0.070531, -0.459983, -0.885122, -1.2e-05, 0.0, 0.0, 0.0, 1.0],
                [0.991756, 0.126596, 0.019804, 0.124994, 0.106836, -0.902295, 0.417672, -0.002831, 0.070745, -0.412113, -0.908382, -1.2e-05, 0.0, 0.0, 0.0, 1.0],
                [0.992169, 0.121445, 0.029197, 0.124994, 0.102836, -0.926908, 0.360924, -0.002831, 0.070896, -0.355095, -0.932138, -1.2e-05, 0.0, 0.0, 0.0, 1.0],
                [0.992565, 0.115442, 0.038562, 0.124994, 0.098884, -0.949584, 0.297511, -0.002831, 0.070963, -0.291485, -0.953939, -1.2e-05, 0.0, 0.0, 0.0, 1.0],
                [0.992922, 0.108948, 0.047281, 0.124994, 0.095243, -0.968276, 0.231018, -0.002831, 0.07095, -0.224879, -0.9718, -1.2e-05, 0.0, 0.0, 0.0, 1.0],
                [0.993214, 0.102645, 0.05467, 0.124994, 0.092202, -0.981509, 0.167745, -0.002831, 0.070877, -0.161566, -0.984313, -1.2e-05, 0.0, 0.0, 0.0, 1.0],
                [0.99336, 0.099076, 0.058469, 0.124994, 0.090664, -0.987062, 0.132242, -0.002831, 0.070814, -0.126063, -0.989491, -1.2e-05, 0.0, 0.0, 0.0, 1.0],
                [0.993107, 0.103979, 0.054108, 0.124994, 0.094122, -0.982523, 0.160587, -0.002831, 0.069861, -0.154388, -0.985537, -1.2e-05, 0.0, 0.0, 0.0, 1.0],
                [0.992361, 0.115622, 0.043021, 0.124994, 0.103628, -0.970469, 0.217834, -0.002831, 0.066937, -0.211711, -0.975037, -1.2e-05, 0.0, 0.0, 0.0, 1.0],
                [0.990988, 0.131394, 0.026057, 0.124994, 0.118696, -0.9515, 0.283828, -0.002831, 0.062087, -0.278177, -0.958521, -1.2e-05, 0.0, 0.0, 0.0, 1.0],
                [0.988693, 0.149924, 0.002906, 0.124994, 0.139295, -0.925424, 0.352401, -0.002831, 0.055522, -0.348011, -0.935845, -1.2e-05, 0.0, 0.0, 0.0, 1.0],
                [0.985097, 0.169941, -0.026525, 0.124994, 0.165274, -0.892555, 0.419559, -0.002831, 0.047626, -0.41769, -0.90734, -1.2e-05, 0.0, 0.0, 0.0, 1.0],
                [0.97981, 0.19019, -0.06165, 0.124994, 0.196101, -0.854132, 0.481666, -0.002831, 0.038951, -0.48403, -0.874184, -1.2e-05, 0.0, 0.0, 0.0, 1.0],
                [0.972556, 0.20957, -0.10107, 0.124994, 0.230702, -0.812233, 0.535773, -0.002831, 0.030189, -0.544387, -0.83829, -1.2e-05, 0.0, 0.0, 0.0, 1.0],
                [0.963335, 0.227296, -0.142551, 0.124994, 0.267391, -0.769667, 0.579754, -0.002831, 0.022059, -0.596614, -0.802225, -1.2e-05, 0.0, 0.0, 0.0, 1.0],
                [0.952541, 0.242965, -0.183394, 0.124994, 0.304033, -0.729333, 0.612893, -0.002831, 0.015156, -0.639564, -0.768589, -1.2e-05, 0.0, 0.0, 0.0, 1.0],
                [0.940963, 0.256452, -0.220952, 0.124994, 0.338365, -0.693637, 0.635907, -0.002831, 0.009819, -0.673127, -0.739461, -1.2e-05, 0.0, 0.0, 0.0, 1.0],
                [0.929655, 0.267772, -0.253059, 0.124994, 0.36838, -0.66425, 0.650437, -0.002831, 0.006074, -0.697904, -0.716166, -1.2e-05, 0.0, 0.0, 0.0, 1.0],
                [0.9197, 0.276852, -0.278396, 0.124994, 0.392603, -0.641803, 0.65875, -0.002831, 0.003701, -0.715152, -0.698959, -1.2e-05, 0.0, 0.0, 0.0, 1.0],
                [0.91201, 0.28353, -0.296391, 0.124994, 0.41016, -0.626269, 0.66299, -0.002831, 0.002357, -0.726222, -0.687456, -1.2e-05, 0.0, 0.0, 0.0, 1.0],
                [0.907205, 0.287612, -0.307016, 0.124994, 0.420686, -0.617261, 0.66484, -0.002831, 0.001707, -0.732303, -0.680977, -1.2e-05, 0.0, 0.0, 0.0, 1.0],
                [0.905585, 0.288977, -0.310495, 0.124994, 0.424161, -0.614339, 0.665338, -0.002831, 0.001519, -0.734221, -0.678909, -1.2e-05, 0.0, 0.0, 0.0, 1.0],
                [0.905585, 0.288977, -0.310495, 0.124994, 0.424161, -0.614338, 0.665339, -0.002831, 0.001519, -0.734221, -0.678909, -1.2e-05, 0.0, 0.0, 0.0, 1.0],
                [0.905585, 0.288977, -0.310495, 0.124994, 0.424161, -0.614338, 0.665339, -0.002831, 0.001519, -0.734221, -0.678909, -1.2e-05, 0.0, 0.0, 0.0, 1.0],
                [0.905585, 0.288977, -0.310495, 0.124994, 0.424161, -0.614338, 0.665339, -0.002831, 0.001519, -0.734221, -0.678909, -1.2e-05, 0.0, 0.0, 0.0, 1.0],
                [0.905585, 0.288977, -0.310495, 0.124994, 0.424161, -0.614338, 0.665338, -0.002831, 0.001519, -0.734221, -0.678909, -1.2e-05, 0.0, 0.0, 0.0, 1.0],
                [0.905585, 0.288977, -0.310495, 0.124994, 0.424161, -0.614338, 0.665338, -0.002831, 0.001519, -0.734221, -0.678909, -1.2e-05, 0.0, 0.0, 0.0, 1.0],
                [0.905585, 0.288977, -0.310495, 0.124994, 0.424161, -0.614338, 0.665338, -0.002831, 0.001519, -0.734221, -0.678909, -1.2e-05, 0.0, 0.0, 0.0, 1.0],
                [0.905585, 0.288977, -0.310495, 0.124994, 0.424161, -0.614338, 0.665339, -0.002831, 0.001519, -0.734221, -0.678909, -1.2e-05, 0.0, 0.0, 0.0, 1.0],
                [0.905585, 0.288977, -0.310495, 0.124994, 0.424161, -0.614338, 0.665339, -0.002831, 0.001519, -0.734221, -0.678909, -1.2e-05, 0.0, 0.0, 0.0, 1.0],
                [0.905585, 0.288977, -0.310495, 0.124994, 0.424161, -0.614338, 0.665339, -0.002831, 0.001519, -0.734221, -0.678909, -1.2e-05, 0.0, 0.0, 0.0, 1.0],
                [0.905585, 0.288977, -0.310495, 0.124994, 0.424161, -0.614338, 0.665339, -0.002831, 0.001519, -0.734221, -0.678909, -1.2e-05, 0.0, 0.0, 0.0, 1.0],
                [0.905585, 0.288977, -0.310495, 0.124994, 0.424161, -0.614338, 0.665339, -0.002831, 0.001519, -0.734221, -0.678909, -1.2e-05, 0.0, 0.0, 0.0, 1.0],
                [0.905585, 0.288977, -0.310495, 0.124994, 0.424161, -0.614338, 0.665338, -0.002831, 0.001519, -0.734221, -0.678909, -1.2e-05, 0.0, 0.0, 0.0, 1.0],
                [0.905585, 0.288977, -0.310495, 0.124994, 0.424161, -0.614338, 0.665338, -0.002831, 0.001519, -0.734221, -0.678909, -1.2e-05, 0.0, 0.0, 0.0, 1.0],
                [0.905585, 0.288977, -0.310495, 0.124994, 0.424161, -0.614338, 0.665339, -0.002831, 0.001519, -0.734221, -0.678909, -1.2e-05, 0.0, 0.0, 0.0, 1.0],
                [0.905585, 0.288977, -0.310495, 0.124994, 0.424161, -0.614338, 0.665338, -0.002831, 0.001519, -0.734221, -0.678909, -1.2e-05, 0.0, 0.0, 0.0, 1.0],
                [0.905585, 0.288977, -0.310495, 0.124994, 0.424161, -0.614338, 0.665338, -0.002831, 0.001519, -0.734221, -0.678909, -1.2e-05, 0.0, 0.0, 0.0, 1.0],
                [0.905586, 0.288977, -0.310495, 0.124994, 0.424161, -0.614338, 0.665338, -0.002831, 0.001519, -0.734221, -0.678909, -1.2e-05, 0.0, 0.0, 0.0, 1.0],
                [0.905585, 0.288977, -0.310495, 0.124994, 0.424161, -0.614338, 0.665338, -0.002831, 0.001519, -0.734221, -0.678909, -1.2e-05, 0.0, 0.0, 0.0, 1.0],
                [0.905585, 0.288977, -0.310495, 0.124994, 0.424161, -0.614339, 0.665338, -0.002831, 0.001519, -0.73422, -0.678909, -1.2e-05, 0.0, 0.0, 0.0, 1.0],
                [0.905585, 0.288977, -0.310495, 0.124994, 0.424161, -0.614338, 0.665338, -0.002831, 0.001519, -0.734221, -0.678909, -1.2e-05, 0.0, 0.0, 0.0, 1.0],
                [0.906168, 0.288487, -0.309249, 0.124994, 0.422915, -0.615384, 0.665166, -0.002831, 0.001585, -0.733538, -0.679647, -1.2e-05, 0.0, 0.0, 0.0, 1.0],
                [0.907916, 0.287011, -0.305471, 0.124994, 0.419148, -0.618563, 0.664601, -0.002831, 0.001795, -0.73144, -0.681903, -1.2e-05, 0.0, 0.0, 0.0, 1.0],
                [0.910804, 0.284559, -0.299101, 0.124994, 0.412832, -0.62396, 0.663508, -0.002831, 0.002181, -0.727805, -0.685781, -1.2e-05, 0.0, 0.0, 0.0, 1.0],
                [0.914767, 0.28116, -0.290085, 0.124994, 0.40397, -0.631673, 0.661662, -0.002831, 0.002794, -0.722452, -0.691414, -1.2e-05, 0.0, 0.0, 0.0, 1.0],
                [0.919701, 0.276852, -0.278396, 0.124994, 0.392603, -0.641803, 0.65875, -0.002831, 0.003701, -0.715152, -0.69896, -1.2e-05, 0.0, 0.0, 0.0, 1.0],
                [0.925454, 0.27168, -0.264054, 0.124994, 0.378826, -0.654428, 0.654381, -0.002831, 0.004978, -0.70563, -0.708562, -1.2e-05, 0.0, 0.0, 0.0, 1.0],
                [0.931842, 0.265683, -0.247149, 0.124994, 0.362802, -0.669582, 0.648101, -0.002831, 0.006704, -0.693594, -0.720335, -1.2e-05, 0.0, 0.0, 0.0, 1.0],
                [0.938645, 0.258891, -0.227863, 0.124994, 0.344769, -0.687224, 0.63942, -0.002831, 0.008947, -0.678748, -0.734317, -1.2e-05, 0.0, 0.0, 0.0, 1.0],
                [0.945625, 0.251332, -0.206459, 0.124994, 0.325045, -0.707278, 0.627776, -0.002831, 0.011756, -0.660749, -0.750515, -1.2e-05, 0.0, 0.0, 0.0, 1.0],
                [0.952541, 0.242965, -0.183394, 0.124994, 0.304033, -0.729332, 0.612893, -0.002831, 0.015157, -0.639564, -0.768588, -1.2e-05, 0.0, 0.0, 0.0, 1.0],
                [0.95917, 0.233821, -0.159122, 0.124994, 0.282182, -0.753109, 0.594306, -0.002831, 0.019125, -0.614942, -0.788341, -1.2e-05, 0.0, 0.0, 0.0, 1.0],
                [0.965324, 0.223908, -0.134216, 0.124994, 0.259984, -0.778093, 0.571821, -0.002831, 0.023603, -0.586887, -0.809325, -1.2e-05, 0.0, 0.0, 0.0, 1.0],
                [0.970863, 0.213266, -0.109283, 0.124994, 0.237936, -0.803681, 0.545421, -0.002831, 0.028491, -0.555531, -0.831007, -1.2e-05, 0.0, 0.0, 0.0, 1.0],
                [0.975702, 0.201982, -0.084909, 0.124994, 0.216503, -0.829255, 0.515231, -0.002831, 0.033657, -0.521095, -0.852835, -1.2e-05, 0.0, 0.0, 0.0, 1.0],
                [0.97981, 0.19019, -0.06165, 0.124994, 0.196101, -0.854132, 0.481666, -0.002831, 0.038951, -0.48403, -0.874184, -1.2e-05, 0.0, 0.0, 0.0, 1.0],
                [0.983205, 0.17808, -0.039946, 0.124994, 0.177069, -0.877766, 0.445166, -0.002831, 0.044212, -0.444762, -0.894556, -1.2e-05, 0.0, 0.0, 0.0, 1.0],
                [0.985939, 0.165881, -0.020156, 0.124994, 0.159667, -0.899619, 0.406439, -0.002831, 0.049288, -0.403943, -0.913456, -1.2e-05, 0.0, 0.0, 0.0, 1.0],
                [0.988091, 0.153852, -0.002495, 0.124994, 0.144072, -0.919346, 0.366123, -0.002831, 0.054035, -0.362122, -0.930563, -1.2e-05, 0.0, 0.0, 0.0, 1.0],
                [0.989744, 0.142267, 0.012913, 0.124994, 0.130398, -0.936676, 0.325015, -0.002831, 0.058334, -0.319997, -0.945621, -1.2e-05, 0.0, 0.0, 0.0, 1.0],
                [0.990988, 0.131394, 0.026057, 0.124994, 0.118696, -0.9515, 0.283828, -0.002831, 0.062086, -0.278177, -0.958521, -1.2e-05, 0.0, 0.0, 0.0, 1.0],
                [0.991901, 0.12152, 0.036952, 0.124994, 0.108991, -0.963721, 0.243644, -0.002831, 0.065219, -0.237643, -0.969161, -1.2e-05, 0.0, 0.0, 0.0, 1.0],
                [0.992553, 0.112909, 0.045708, 0.124994, 0.101277, -0.973435, 0.205345, -0.002831, 0.067679, -0.199187, -0.977622, -1.2e-05, 0.0, 0.0, 0.0, 1.0],
                [0.992998, 0.105889, 0.052364, 0.124994, 0.095569, -0.980666, 0.170766, -0.002831, 0.069435, -0.164566, -0.983919, -1.2e-05, 0.0, 0.0, 0.0, 1.0],
                [0.993267, 0.100967, 0.056805, 0.124994, 0.091948, -0.98535, 0.143635, -0.002831, 0.070475, -0.137445, -0.987999, -1.2e-05, 0.0, 0.0, 0.0, 1.0],
                [0.99336, 0.099076, 0.058469, 0.124994, 0.090664, -0.987062, 0.132241, -0.002831, 0.070815, -0.126062, -0.989492, -1.2e-05, 0.0, 0.0, 0.0, 1.0]
            ]
        },
        {
            "name": "Leg_R",
            "time": [0.0, 0.0167, 0.0333, 0.05, 0.0667, 0.0833, 0.1, 0.1167, 0.1333, 0.15, 0.1667, 0.1833, 0.2, 0.2167, 0.2333, 0.25, 0.2667, 0.2833, 0.3, 0.3167, 0.3333, 0.35, 0.3667, 0.3833, 0.4, 0.4167, 0.4333, 0.45, 0.4667, 0.4833, 0.5, 0.5167, 0.5333, 0.55, 0.5667, 0.5833, 0.6, 0.6167, 0.6333, 0.65, 0.6667, 0.6833, 0.7, 0.7167, 0.7333, 0.75, 0.7667, 0.7833, 0.8, 0.8167, 0.8333, 0.85, 0.8667, 0.8833, 0.9, 0.9167, 0.9333, 0.95, 0.9667, 0.9833, 1.0, 1.0167, 1.0333, 1.05, 1.0667, 1.0833, 1.1, 1.1167, 1.1333, 1.15, 1.1667, 1.1833, 1.2, 1.2167, 1.2333, 1.25, 1.2667, 1.2833, 1.3, 1.3167, 1.3333],
            "transform": [
                [0.999992, -0.004059, -0.000341, 0.0, 0.004071, 0.993813, 0.110988, 0.374721, -0.000112, -0.110988, 0.993822, 0.0, 0.0, 0.0, 0.0, 1.0],
                [0.999978, -0.006653, -0.000725, 0.0, 0.006674, 0.983291, 0.181919, 0.374721, -0.000497, -0.18192, 0.983314, -0.0, 0.0, 0.0, 0.0, 1.0],
                [0.999936, -0.011208, -0.001875, -0.0, 0.011243, 0.951812, 0.306477, 0.374721, -0.00165, -0.306478, 0.951877, -0.0, 0.0, 0.0, 0.0, 1.0],
                [0.999867, -0.015845, -0.003726, 0.0, 0.015895, 0.901113, 0.433294, 0.374721, -0.003508, -0.433296, 0.901245, 0.0, 0.0, 0.0, 0.0, 1.0],
                [0.99978, -0.020061, -0.006109, 0.0, 0.020124, 0.835861, 0.548572, 0.374721, -0.005898, -0.548575, 0.836081, -0.0, 0.0, 0.0, 0.0, 1.0],
                [0.999683, -0.023605, -0.008756, 0.0, 0.02368, 0.763393, 0.645501, 0.374721, -0.008553, -0.645503, 0.763709, 0.0, 0.0, 0.0, 0.0, 1.0],
                [0.999588, -0.026369, -0.011351, -0.0, 0.026452, 0.69234, 0.721085, 0.374721, -0.011156, -0.721089, 0.692753, -0.0, 0.0, 0.0, 0.0, 1.0],
                [0.999506, -0.028356, -0.013597, -0.0, 0.028445, 0.630828, 0.775402, 0.374721, -0.01341, -0.775405, 0.631322, 0.0, 0.0, 0.0, 0.0, 1.0],
                [0.999443, -0.029651, -0.015287, -0.0, 0.029744, 0.584548, 0.810813, 0.374721, -0.015105, -0.810817, 0.585105, -0.0, 0.0, 0.0, 0.0, 1.0],
                [0.999406, -0.030363, -0.016312, -0.0, 0.030459, 0.556485, 0.830299, 0.374721, -0.016133, -0.830303, 0.557079, 0.0, 0.0, 0.0, 0.0, 1.0],
                [0.999393, -0.030587, -0.016651, 0.0, 0.030684, 0.547216, 0.836429, 0.374721, -0.016473, -0.836433, 0.547822, -0.0, 0.0, 0.0, 0.0, 1.0],
                [0.999406, -0.030363, -0.016312, 0.0, 0.030459, 0.556485, 0.830299, 0.374721, -0.016133, -0.830303, 0.557079, -0.0, 0.0, 0.0, 0.0, 1.0],
                [0.999443, -0.029651, -0.015287, 0.0, 0.029744, 0.584548, 0.810814, 0.374721, -0.015105, -0.810817, 0.585105, -0.0, 0.0, 0.0, 0.0, 1.0],
                [0.999506, -0.028356, -0.013597, -0.0, 0.028445, 0.630828, 0.775402, 0.374721, -0.01341, -0.775405, 0.631322, 0.0, 0.0, 0.0, 0.0, 1.0],
                [0.999588, -0.026369, -0.011351, -0.0, 0.026452, 0.692341, 0.721086, 0.374721, -0.011156, -0.721089, 0.692753, -0.0, 0.0, 0.0, 0.0, 1.0],
                [0.999683, -0.023605, -0.008756, -0.0, 0.02368, 0.763392, 0.645501, 0.374721, -0.008553, -0.645504, 0.763709, 0.0, 0.0, 0.0, 0.0, 1.0],
                [0.999781, -0.020061, -0.006109, -0.0, 0.020124, 0.835861, 0.548572, 0.374721, -0.005898, -0.548574, 0.836081, 0.0, 0.0, 0.0, 0.0, 1.0],
                [0.999867, -0.015845, -0.003727, 0.0, 0.015895, 0.901112, 0.433294, 0.37472, -0.003508, -0.433297, 0.901245, 0.0, 0.0, 0.0, 0.0, 1.0],
                [0.999936, -0.011207, -0.001875, 0.0, 0.011243, 0.951812, 0.306475, 0.374721, -0.00165, -0.306477, 0.951877, 0.0, 0.0, 0.0, 0.0, 1.0],
                [0.999978, -0.006653, -0.000725, -0.0, 0.006674, 0.983291, 0.181921, 0.374721, -0.000497, -0.181921, 0.983313, -0.0, 0.0, 0.0, 0.0, 1.0],
                [0.999992, -0.004059, -0.000341, 0.0, 0.004072, 0.993813, 0.110991, 0.374721, -0.000112, -0.110991, 0.993821, 0.0, 0.0, 0.0, 0.0, 1.0],
                [0.999982, -0.00592, -0.000597, -0.0, 0.005939, 0.986791, 0.161893, 0.374721, -0.000369, -0.161893, 0.986808, 0.0, 0.0, 0.0, 0.0, 1.0],
                [0.999954, -0.009443, -0.001355, -0.0, 0.009473, 0.966036, 0.258236, 0.374721, -0.001129, -0.258237, 0.966081, 0.0, 0.0, 0.0, 0.0, 1.0],
                [0.99991, -0.01314, -0.002558, -0.0, 0.013182, 0.933116, 0.359335, 0.374721, -0.002335, -0.359336, 0.933206, -0.0, 0.0, 0.0, 0.0, 1.0],
                [0.999854, -0.0166, -0.0041, -0.0, 0.016652, 0.890884, 0.453926, 0.374721, -0.003882, -0.453928, 0.89103, 0.0, 0.0, 0.0, 0.0, 1.0],
                [0.99979, -0.019629, -0.005831, -0.0, 0.019691, 0.843494, 0.536778, 0.374721, -0.005619, -0.53678, 0.843704, -0.0, 0.0, 0.0, 0.0, 1.0],
                [0.999727, -0.022122, -0.007566, 0.0, 0.022191, 0.795968, 0.604931, 0.374721, -0.00736, -0.604934, 0.796242, 0.0, 0.0, 0.0, 0.0, 1.0],
                [0.999669, -0.024048, -0.009137, -0.0, 0.024124, 0.752973, 0.65761, 0.374721, -0.008935, -0.657612, 0.753304, -0.0, 0.0, 0.0, 0.0, 1.0],
                [0.999622, -0.025427, -0.010405, -0.0, 0.025507, 0.718244, 0.695323, 0.374721, -0.010207, -0.695327, 0.718622, 0.0, 0.0, 0.0, 0.0, 1.0],
                [0.99959, -0.026325, -0.011304, -0.0, 0.026408, 0.693608, 0.719869, 0.374721, -0.01111, -0.719871, 0.694018, 0.0, 0.0, 0.0, 0.0, 1.0],
                [0.99957, -0.026835, -0.011845, -0.0, 0.026919, 0.678816, 0.733815, 0.374721, -0.011651, -0.733818, 0.679247, 0.0, 0.0, 0.0, 0.0, 1.0],
                [0.999561, -0.027055, -0.012084, 0.0, 0.02714, 0.672253, 0.739824, 0.374721, -0.011892, -0.739827, 0.672692, 0.0, 0.0, 0.0, 0.0, 1.0],
                [0.999559, -0.027092, -0.012125, 0.0, 0.027177, 0.671129, 0.740842, 0.374721, -0.011933, -0.740845, 0.67157, -0.0, 0.0, 0.0, 0.0, 1.0],
                [0.999561, -0.027042, -0.01207, 0.0, 0.027127, 0.672635, 0.739478, 0.374721, -0.011878, -0.73948, 0.673073, 0.0, 0.0, 0.0, 0.0, 1.0],
                [0.999564, -0.026981, -0.012003, 0.0, 0.027065, 0.674478, 0.737799, 0.374721, -0.01181, -0.737802, 0.674914, 0.0, 0.0, 0.0, 0.0, 1.0],
                [0.999565, -0.026955, -0.011975, -0.0, 0.02704, 0.675243, 0.737099, 0.374721, -0.011782, -0.737102, 0.675679, 0.0, 0.0, 0.0, 0.0, 1.0],
                [0.999565, -0.026955, -0.011975, 0.0, 0.02704, 0.675243, 0.7371, 0.374721, -0.011782, -0.737103, 0.675678, -0.0, 0.0, 0.0, 0.0, 1.0],
                [0.999565, -0.026955, -0.011975, 0.0, 0.02704, 0.675243, 0.7371, 0.374721, -0.011782, -0.737103, 0.675678, -0.0, 0.0, 0.0, 0.0, 1.0],
                [0.999565, -0.026955, -0.011975, -0.0, 0.02704, 0.675243, 0.7371, 0.374721, -0.011782, -0.737103, 0.675678, 0.0, 0.0, 0.0, 0.0, 1.0],
                [0.999565, -0.026955, -0.011975, 0.0, 0.02704, 0.675243, 0.7371, 0.374721, -0.011782, -0.737103, 0.675678, 0.0, 0.0, 0.0, 0.0, 1.0],
                [0.999565, -0.026955, -0.011975, -0.0, 0.02704, 0.675243, 0.737099, 0.374721, -0.011782, -0.737102, 0.675678, -0.0, 0.0, 0.0, 0.0, 1.0],
                [0.999565, -0.026955, -0.011975, 0.0, 0.02704, 0.675243, 0.737099, 0.374721, -0.011782, -0.737102, 0.675678, 0.0, 0.0, 0.0, 0.0, 1.0],
                [0.999565, -0.026955, -0.011975, 0.0, 0.02704, 0.675243, 0.737099, 0.374721, -0.011782, -0.737102, 0.675678, 0.0, 0.0, 0.0, 0.0, 1.0],
                [0.999565, -0.026955, -0.011975, -0.0, 0.02704, 0.675243, 0.7371, 0.374721, -0.011782, -0.737102, 0.675678, 0.0, 0.0, 0.0, 0.0, 1.0],
                [0.999565, -0.026955, -0.011975, -0.0, 0.02704, 0.675243, 0.7371, 0.374721, -0.011782, -0.737103, 0.675678, 0.0, 0.0, 0.0, 0.0, 1.0],
                [0.999565, -0.026955, -0.011975, -0.0, 0.02704, 0.675243, 0.7371, 0.374721, -0.011782, -0.737103, 0.675678, -0.0, 0.0, 0.0, 0.0, 1.0],
                [0.999565, -0.026955, -0.011975, 0.0, 0.02704, 0.675243, 0.7371, 0.374721, -0.011782, -0.737103, 0.675678, -0.0, 0.0, 0.0, 0.0, 1.0],
                [0.999565, -0.026955, -0.011975, -0.0, 0.02704, 0.675243, 0.737099, 0.374721, -0.011782, -0.737103, 0.675678, 0.0, 0.0, 0.0, 0.0, 1.0],
                [0.999565, -0.026955, -0.011975, -0.0, 0.02704, 0.675243, 0.7371, 0.374721, -0.011782, -0.737103, 0.675678, -0.0, 0.0, 0.0, 0.0, 1.0],
                [0.999565, -0.026955, -0.011975, -0.0, 0.02704, 0.675243, 0.7371, 0.374721, -0.011782, -0.737103, 0.675678, -0.0, 0.0, 0.0, 0.0, 1.0],
                [0.999565, -0.026955, -0.011975, 0.0, 0.02704, 0.675243, 0.737099, 0.374721, -0.011782, -0.737103, 0.675678, -0.0, 0.0, 0.0, 0.0, 1.0],
                [0.999565, -0.026955, -0.011975, 0.0, 0.02704, 0.675243, 0.7371, 0.374721, -0.011783, -0.737103, 0.675678, -0.0, 0.0, 0.0, 0.0, 1.0],
                [0.999565, -0.026955, -0.011975, 0.0, 0.02704, 0.675243, 0.7371, 0.374721, -0.011782, -0.737103, 0.675678, 0.0, 0.0, 0.0, 0.0, 1.0],
                [0.999565, -0.026955, -0.011975, -0.0, 0.02704, 0.675243, 0.737099, 0.374721, -0.011782, -0.737103, 0.675678, -0.0, 0.0, 0.0, 0.0, 1.0],
                [0.999565, -0.026955, -0.011975, 0.0, 0.02704, 0.675243, 0.737099, 0.374721, -0.011782, -0.737102, 0.675679, 0.0, 0.0, 0.0, 0.0, 1.0],
                [0.999565, -0.026955, -0.011975, -0.0, 0.02704, 0.675243, 0.7371, 0.374721, -0.011782, -0.737102, 0.675678, 0.0, 0.0, 0.0, 0.0, 1.0],
                [0.999565, -0.026965, -0.011985, 0.0, 0.027049, 0.67496, 0.737359, 0.374721, -0.011793, -0.737362, 0.675395, 0.0, 0.0, 0.0, 0.0, 1.0],
                [0.999564, -0.026991, -0.012014, 0.0, 0.027076, 0.674164, 0.738085, 0.374721, -0.011822, -0.738088, 0.674601, -0.0, 0.0, 0.0, 0.0, 1.0],
                [0.999562, -0.027029, -0.012056, -0.0, 0.027114, 0.673036, 0.739113, 0.374721, -0.011863, -0.739116, 0.673474, -0.0, 0.0, 0.0, 0.0, 1.0],
                [0.999561, -0.027067, -0.012098, -0.0, 0.027152, 0.671881, 0.740162, 0.374721, -0.011906, -0.740165, 0.67232, 0.0, 0.0, 0.0, 0.0, 1.0],
                [0.999559, -0.027092, -0.012125, 0.0, 0.027177, 0.671129, 0.740842, 0.374721, -0.011933, -0.740845, 0.67157, 0.0, 0.0, 0.0, 0.0, 1.0],
                [0.99956, -0.027086, -0.012119, -0.0, 0.027171, 0.671314, 0.740675, 0.374721, -0.011926, -0.740678, 0.671755, 0.0, 0.0, 0.0, 0.0, 1.0],
                [0.999562, -0.027028, -0.012056, 0.0, 0.027114, 0.673038, 0.73911, 0.374721, -0.011863, -0.739114, 0.673476, -0.0, 0.0, 0.0, 0.0, 1.0],
                [0.999567, -0.026898, -0.011913, -0.0, 0.026983, 0.676931, 0.735552, 0.374721, -0.01172, -0.735555, 0.677364, -0.0, 0.0, 0.0, 0.0, 1.0],
                [0.999576, -0.026668, -0.011665, -0.0, 0.026752, 0.683732, 0.729243, 0.374721, -0.011471, -0.729246, 0.684155, 0.0, 0.0, 0.0, 0.0, 1.0],
                [0.99959, -0.026325, -0.011305, 0.0, 0.026408, 0.693607, 0.71987, 0.374721, -0.01111, -0.719872, 0.694018, 0.0, 0.0, 0.0, 0.0, 1.0],
                [0.999608, -0.02584, -0.01081, -0.0, 0.025921, 0.707137, 0.706601, 0.374721, -0.010614, -0.706603, 0.70753, -0.0, 0.0, 0.0, 0.0, 1.0],
                [0.999631, -0.025192, -0.010179, 0.0, 0.025272, 0.724415, 0.688901, 0.374721, -0.009981, -0.688904, 0.724784, 0.0, 0.0, 0.0, 0.0, 1.0],
                [0.999659, -0.024366, -0.009417, 0.0, 0.024443, 0.745283, 0.666301, 0.374721, -0.009216, -0.666303, 0.745624, -0.0, 0.0, 0.0, 0.0, 1.0],
                [0.999691, -0.023344, -0.008537, -0.0, 0.023417, 0.769388, 0.638352, 0.374721, -0.008333, -0.638355, 0.769697, -0.0, 0.0, 0.0, 0.0, 1.0],
                [0.999727, -0.022122, -0.007566, -0.0, 0.022191, 0.795968, 0.604931, 0.374721, -0.00736, -0.604934, 0.796241, -0.0, 0.0, 0.0, 0.0, 1.0],
                [0.999764, -0.020692, -0.006533, -0.0, 0.020757, 0.824252, 0.565843, 0.374721, -0.006323, -0.565846, 0.824487, -0.0, 0.0, 0.0, 0.0, 1.0],
                [0.999803, -0.019065, -0.005479, 0.0, 0.019125, 0.853127, 0.521352, 0.374721, -0.005266, -0.521354, 0.853324, -0.0, 0.0, 0.0, 0.0, 1.0],
                [0.999841, -0.017248, -0.004439, -0.0, 0.017303, 0.881608, 0.471666, 0.374721, -0.004222, -0.471668, 0.881767, 0.0, 0.0, 0.0, 0.0, 1.0],
                [0.999878, -0.015265, -0.003454, 0.0, 0.015313, 0.90858, 0.417431, 0.374721, -0.003234, -0.417433, 0.908702, 0.0, 0.0, 0.0, 0.0, 1.0],
                [0.999911, -0.013141, -0.002558, -0.0, 0.013182, 0.933115, 0.359335, 0.374721, -0.002335, -0.359336, 0.933205, -0.0, 0.0, 0.0, 0.0, 1.0],
                [0.999939, -0.010934, -0.001788, -0.0, 0.010969, 0.954189, 0.299004, 0.374721, -0.001563, -0.299005, 0.95425, 0.0, 0.0, 0.0, 0.0, 1.0],
                [0.999961, -0.0087, -0.001165, 0.0, 0.008728, 0.971246, 0.237916, 0.374721, -0.000938, -0.237917, 0.971285, -0.0, 0.0, 0.0, 0.0, 1.0],
                [0.999978, -0.006569, -0.00071, 0.0, 0.00659, 0.983711, 0.17964, 0.374721, -0.000482, -0.179641, 0.983732, -0.0, 0.0, 0.0, 0.0, 1.0],
                [0.999988, -0.004817, -0.000434, -0.0, 0.004832, 0.991274, 0.131724, 0.374721, -0.000205, -0.131724, 0.991286, 0.0, 0.0, 0.0, 0.0, 1.0],
                [0.999992, -0.004059, -0.000341, 0.0, 0.004071, 0.993813, 0.110988, 0.374721, -0.000112, -0.110988, 0.993822, 0.0, 0.0, 0.0, 0.0, 1.0]
            ]
        },
        {
            "name": "Knee_R",
            "time": [0.0, 0.0167, 0.0333, 0.05, 0.0667, 0.0833, 0.1, 0.1167, 0.1333, 0.15, 0.1667, 0.1833, 0.2, 0.2167, 0.2333, 0.25, 0.2667, 0.2833, 0.3, 0.3167, 0.3333, 0.35, 0.3667, 0.3833, 0.4, 0.4167, 0.4333, 0.45, 0.4667, 0.4833, 0.5, 0.5167, 0.5333, 0.55, 0.5667, 0.5833, 0.6, 0.6167, 0.6333, 0.65, 0.6667, 0.6833, 0.7, 0.7167, 0.7333, 0.75, 0.7667, 0.7833, 0.8, 0.8167, 0.8333, 0.85, 0.8667, 0.8833, 0.9, 0.9167, 0.9333, 0.95, 0.9667, 0.9833, 1.0, 1.0167, 1.0333, 1.05, 1.0667, 1.0833, 1.1, 1.1167, 1.1333, 1.15, 1.1667, 1.1833, 1.2, 1.2167, 1.2333, 1.25, 1.2667, 1.2833, 1.3, 1.3167, 1.3333],
            "transform": [
                [1.0, -5.7e-05, 5.7e-05, 0.0, 5.7e-05, 0.001565, -0.999999, 0.374721, 5.7e-05, 0.999999, 0.001565, 0.0, 0.0, 0.0, 0.0, 1.0],
                [1.0, -5.7e-05, 5.7e-05, 0.0, 5.7e-05, 0.001565, -0.999999, 0.374721, 5.7e-05, 0.999999, 0.001565, -0.0, 0.0, 0.0, 0.0, 1.0],
                [1.0, -5.7e-05, 5.7e-05, -0.0, 5.7e-05, 0.001565, -0.999999, 0.374721, 5.7e-05, 0.999999, 0.001565, -0.0, 0.0, 0.0, 0.0, 1.0],
                [1.0, -5.7e-05, 5.7e-05, -0.0, 5.7e-05, 0.001565, -0.999999, 0.374721, 5.7e-05, 0.999999, 0.001565, 0.0, 0.0, 0.0, 0.0, 1.0],
                [1.0, -5.7e-05, 5.7e-05, -0.0, 5.7e-05, 0.001565, -0.999999, 0.379356, 5.7e-05, 0.999999, 0.001565, -7e-06, 0.0, 0.0, 0.0, 1.0],
