{
    "animation": [
        {
            "name": "Root",
            "time": [0.0, 0.0167, 0.0333, 0.05, 0.0667, 0.0833, 0.1, 0.1167, 0.1333, 0.15, 0.1667, 0.1833, 0.2, 0.2167, 0.2333, 0.25, 0.2667, 0.2833, 0.3, 0.3167, 0.3333, 0.35, 0.3667, 0.3833, 0.4, 0.4167, 0.4333, 0.45, 0.4667, 0.4833, 0.5, 0.5167, 0.5333, 0.55, 0.5667, 0.5833, 0.6, 0.6167, 0.6333, 0.65, 0.6667, 0.6833, 0.7, 0.7167, 0.7333, 0.75, 0.7667, 0.7833, 0.8, 0.8167, 0.8333, 0.85, 0.8667, 0.8833, 0.9, 0.9167, 0.9333, 0.95, 0.9667, 0.9833, 1.0, 1.0167, 1.0333, 1.05, 1.0667, 1.0833, 1.1, 1.1167, 1.1333, 1.15, 1.1667, 1.1833, 1.2, 1.2167, 1.2333, 1.25, 1.2667, 1.2833, 1.3, 1.3167, 1.3333, 1.35, 1.3667, 1.3833, 1.4, 1.4167, 1.4333, 1.45, 1.4667, 1.4833, 1.5, 1.5167, 1.5333, 1.55, 1.5667, 1.5833, 1.6, 1.6167, 1.6333, 1.65, 1.6667, 1.6833, 1.7, 1.7167, 1.7333, 1.75, 1.7667, 1.7833, 1.8, 1.8167, 1.8333, 1.85, 1.8667, 1.8833, 1.9, 1.9167, 1.9333, 1.95, 1.9667, 1.9833, 2.0],
            "transform": [
                [0.823405, 0.0, -0.567454, -5e-06, -0.567454, 0.0, -0.823405, 0.000946, 0.0, 1.0, 0.0, 0.757621, 0.0, 0.0, 0.0, 1.0],
                [0.823405, 0.0, -0.567454, -5e-06, -0.567454, 0.0, -0.823405, 0.000946, 0.0, 1.0, 0.0, 0.757621, 0.0, 0.0, 0.0, 1.0],
                [0.823405, 0.0, -0.567454, -5e-06, -0.567454, 0.0, -0.823405, 0.000946, 0.0, 1.0, 0.0, 0.757618, 0.0, 0.0, 0.0, 1.0],
                [0.823405, 0.0, -0.567454, -5e-06, -0.567454, 0.0, -0.823405, 0.000946, 0.0, 1.0, 0.0, 0.757614, 0.0, 0.0, 0.0, 1.0],
                [0.823405, 0.0, -0.567454, -5e-06, -0.567454, 0.0, -0.823405, 0.000946, 0.0, 1.0, 0.0, 0.757609, 0.0, 0.0, 0.0, 1.0],
                [0.823405, 0.0, -0.567454, -5e-06, -0.567454, 0.0, -0.823405, 0.000946, 0.0, 1.0, 0.0, 0.757602, 0.0, 0.0, 0.0, 1.0],
                [0.823405, 0.0, -0.567454, -5e-06, -0.567454, 0.0, -0.823405, 0.000946, 0.0, 1.0, 0.0, 0.757593, 0.0, 0.0, 0.0, 1.0],
                [0.823405, 0.0, -0.567454, -5e-06, -0.567454, 0.0, -0.823405, 0.000946, 0.0, 1.0, 0.0, 0.757583, 0.0, 0.0, 0.0, 1.0],
                [0.823405, 0.0, -0.567454, -5e-06, -0.567454, 0.0, -0.823405, 0.000946, 0.0, 1.0, 0.0, 0.757571, 0.0, 0.0, 0.0, 1.0],
                [0.823405, 0.0, -0.567454, -5e-06, -0.567454, 0.0, -0.823405, 0.000946, 0.0, 1.0, 0.0, 0.757558, 0.0, 0.0, 0.0, 1.0],
                [0.823405, 0.0, -0.567454, -5e-06, -0.567454, 0.0, -0.823405, 0.000946, 0.0, 1.0, 0.0, 0.757543, 0.0, 0.0, 0.0, 1.0],
                [0.823405, 0.0, -0.567454, -5e-06, -0.567454, 0.0, -0.823405, 0.000946, 0.0, 1.0, 0.0, 0.757527, 0.0, 0.0, 0.0, 1.0],
                [0.823405, 0.0, -0.567454, -5e-06, -0.567454, 0.0, -0.823405, 0.000946, 0.0, 1.0, 0.0, 0.757509, 0.0, 0.0, 0.0, 1.0],
                [0.823405, 0.0, -0.567454, -5e-06, -0.567454, 0.0, -0.823405, 0.000946, 0.0, 1.0, 0.0, 0.757489, 0.0, 0.0, 0.0, 1.0],
                [0.823405, 0.0, -0.567454, -5e-06, -0.567454, 0.0, -0.823405, 0.000946, 0.0, 1.0, 0.0, 0.757469, 0.0, 0.0, 0.0, 1.0],
                [0.823405, 0.0, -0.567454, -5e-06, -0.567454, 0.0, -0.823405, 0.000946, 0.0, 1.0, 0.0, 0.757446, 0.0, 0.0, 0.0, 1.0],
                [0.823405, 0.0, -0.567454, -5e-06, -0.567454, 0.0, -0.823405, 0.000946, 0.0, 1.0, 0.0, 0.757423, 0.0, 0.0, 0.0, 1.0],
                [0.823405, 0.0, -0.567454, -5e-06, -0.567454, 0.0, -0.823405, 0.000946, 0.0, 1.0, 0.0, 0.757398, 0.0, 0.0, 0.0, 1.0],
                [0.823405, 0.0, -0.567454, -5e-06, -0.567454, 0.0, -0.823405, 0.000946, 0.0, 1.0, 0.0, 0.757371, 0.0, 0.0, 0.0, 1.0],
                [0.823405, 0.0, -0.567454, -5e-06, -0.567454, 0.0, -0.823405, 0.000946, 0.0, 1.0, 0.0, 0.757344, 0.0, 0.0, 0.0, 1.0],
                [0.823405, 0.0, -0.567454, -5e-06, -0.567454, 0.0, -0.823405, 0.000946, 0.0, 1.0, 0.0, 0.757316, 0.0, 0.0, 0.0, 1.0],
                [0.823405, 0.0, -0.567454, -5e-06, -0.567454, 0.0, -0.823405, 0.000946, 0.0, 1.0, 0.0, 0.757286, 0.0, 0.0, 0.0, 1.0],
                [0.823405, 0.0, -0.567454, -5e-06, -0.567454, 0.0, -0.823405, 0.000946, 0.0, 1.0, 0.0, 0.757255, 0.0, 0.0, 0.0, 1.0],
                [0.823405, 0.0, -0.567454, -5e-06, -0.567454, 0.0, -0.823405, 0.000946, 0.0, 1.0, 0.0, 0.757224, 0.0, 0.0, 0.0, 1.0],
                [0.823405, 0.0, -0.567454, -5e-06, -0.567454, 0.0, -0.823405, 0.000946, 0.0, 1.0, 0.0, 0.757192, 0.0, 0.0, 0.0, 1.0],
                [0.823405, 0.0, -0.567454, -5e-06, -0.567454, 0.0, -0.823405, 0.000946, 0.0, 1.0, 0.0, 0.757159, 0.0, 0.0, 0.0, 1.0],
                [0.823405, 0.0, -0.567454, -5e-06, -0.567454, 0.0, -0.823405, 0.000946, 0.0, 1.0, 0.0, 0.757125, 0.0, 0.0, 0.0, 1.0],
                [0.823405, 0.0, -0.567454, -5e-06, -0.567454, 0.0, -0.823405, 0.000946, 0.0, 1.0, 0.0, 0.757092, 0.0, 0.0, 0.0, 1.0],
                [0.823405, 0.0, -0.567454, -5e-06, -0.567454, 0.0, -0.823405, 0.000946, 0.0, 1.0, 0.0, 0.757057, 0.0, 0.0, 0.0, 1.0],
                [0.823405, 0.0, -0.567454, -5e-06, -0.567454, 0.0, -0.823405, 0.000946, 0.0, 1.0, 0.0, 0.757023, 0.0, 0.0, 0.0, 1.0],
                [0.823405, 0.0, -0.567454, -5e-06, -0.567454, 0.0, -0.823405, 0.000946, 0.0, 1.0, 0.0, 0.756988, 0.0, 0.0, 0.0, 1.0],
                [0.823405, 0.0, -0.567454, -5e-06, -0.567454, 0.0, -0.823405, 0.000946, 0.0, 1.0, 0.0, 0.756954, 0.0, 0.0, 0.0, 1.0],
                [0.823405, 0.0, -0.567454, -5e-06, -0.567454, 0.0, -0.823405, 0.000946, 0.0, 1.0, 0.0, 0.756919, 0.0, 0.0, 0.0, 1.0],
                [0.823405, 0.0, -0.567454, -5e-06, -0.567454, 0.0, -0.823405, 0.000946, 0.0, 1.0, 0.0, 0.756885, 0.0, 0.0, 0.0, 1.0],
                [0.823405, 0.0, -0.567454, -5e-06, -0.567454, 0.0, -0.823405, 0.000946, 0.0, 1.0, 0.0, 0.756851, 0.0, 0.0, 0.0, 1.0],
                [0.823405, 0.0, -0.567454, -5e-06, -0.567454, 0.0, -0.823405, 0.000946, 0.0, 1.0, 0.0, 0.756818, 0.0, 0.0, 0.0, 1.0],
                [0.823405, 0.0, -0.567454, -5e-06, -0.567454, 0.0, -0.823405, 0.000946, 0.0, 1.0, 0.0, 0.756785, 0.0, 0.0, 0.0, 1.0],
                [0.823405, 0.0, -0.567454, -5e-06, -0.567454, 0.0, -0.823405, 0.000946, 0.0, 1.0, 0.0, 0.756753, 0.0, 0.0, 0.0, 1.0],
                [0.823405, 0.0, -0.567454, -5e-06, -0.567454, 0.0, -0.823405, 0.000946, 0.0, 1.0, 0.0, 0.756721, 0.0, 0.0, 0.0, 1.0],
                [0.823405, 0.0, -0.567454, -5e-06, -0.567454, 0.0, -0.823405, 0.000946, 0.0, 1.0, 0.0, 0.756691, 0.0, 0.0, 0.0, 1.0],
                [0.823405, 0.0, -0.567454, -5e-06, -0.567454, 0.0, -0.823405, 0.000946, 0.0, 1.0, 0.0, 0.756661, 0.0, 0.0, 0.0, 1.0],
                [0.823405, 0.0, -0.567454, -5e-06, -0.567454, 0.0, -0.823405, 0.000946, 0.0, 1.0, 0.0, 0.756633, 0.0, 0.0, 0.0, 1.0],
                [0.823405, 0.0, -0.567454, -5e-06, -0.567454, 0.0, -0.823405, 0.000946, 0.0, 1.0, 0.0, 0.756605, 0.0, 0.0, 0.0, 1.0],
                [0.823405, 0.0, -0.567454, -5e-06, -0.567454, 0.0, -0.823405, 0.000946, 0.0, 1.0, 0.0, 0.756579, 0.0, 0.0, 0.0, 1.0],
                [0.823405, 0.0, -0.567454, -5e-06, -0.567454, 0.0, -0.823405, 0.000946, 0.0, 1.0, 0.0, 0.756554, 0.0, 0.0, 0.0, 1.0],
                [0.823405, 0.0, -0.567454, -5e-06, -0.567454, 0.0, -0.823405, 0.000946, 0.0, 1.0, 0.0, 0.75653, 0.0, 0.0, 0.0, 1.0],
                [0.823405, 0.0, -0.567454, -5e-06, -0.567454, 0.0, -0.823405, 0.000946, 0.0, 1.0, 0.0, 0.756508, 0.0, 0.0, 0.0, 1.0],
                [0.823405, 0.0, -0.567454, -5e-06, -0.567454, 0.0, -0.823405, 0.000946, 0.0, 1.0, 0.0, 0.756487, 0.0, 0.0, 0.0, 1.0],
                [0.823405, 0.0, -0.567454, -5e-06, -0.567454, 0.0, -0.823405, 0.000946, 0.0, 1.0, 0.0, 0.756468, 0.0, 0.0, 0.0, 1.0],
                [0.823405, 0.0, -0.567454, -5e-06, -0.567454, 0.0, -0.823405, 0.000946, 0.0, 1.0, 0.0, 0.75645, 0.0, 0.0, 0.0, 1.0],
                [0.823405, 0.0, -0.567454, -5e-06, -0.567454, 0.0, -0.823405, 0.000946, 0.0, 1.0, 0.0, 0.756433, 0.0, 0.0, 0.0, 1.0],
                [0.823405, 0.0, -0.567454, -5e-06, -0.567454, 0.0, -0.823405, 0.000946, 0.0, 1.0, 0.0, 0.756419, 0.0, 0.0, 0.0, 1.0],
                [0.823405, 0.0, -0.567454, -5e-06, -0.567454, 0.0, -0.823405, 0.000946, 0.0, 1.0, 0.0, 0.756405, 0.0, 0.0, 0.0, 1.0],
                [0.823405, 0.0, -0.567454, -5e-06, -0.567454, 0.0, -0.823405, 0.000946, 0.0, 1.0, 0.0, 0.756393, 0.0, 0.0, 0.0, 1.0],
                [0.823405, 0.0, -0.567454, -5e-06, -0.567454, 0.0, -0.823405, 0.000946, 0.0, 1.0, 0.0, 0.756383, 0.0, 0.0, 0.0, 1.0],
                [0.823405, 0.0, -0.567454, -5e-06, -0.567454, 0.0, -0.823405, 0.000946, 0.0, 1.0, 0.0, 0.756375, 0.0, 0.0, 0.0, 1.0],
                [0.823405, 0.0, -0.567454, -5e-06, -0.567454, 0.0, -0.823405, 0.000946, 0.0, 1.0, 0.0, 0.756368, 0.0, 0.0, 0.0, 1.0],
                [0.823405, 0.0, -0.567454, -5e-06, -0.567454, 0.0, -0.823405, 0.000946, 0.0, 1.0, 0.0, 0.756362, 0.0, 0.0, 0.0, 1.0],
                [0.823405, 0.0, -0.567454, -5e-06, -0.567454, 0.0, -0.823405, 0.000946, 0.0, 1.0, 0.0, 0.756358, 0.0, 0.0, 0.0, 1.0],
                [0.823405, 0.0, -0.567454, -5e-06, -0.567454, 0.0, -0.823405, 0.000946, 0.0, 1.0, 0.0, 0.756356, 0.0, 0.0, 0.0, 1.0],
                [0.823405, 0.0, -0.567454, -5e-06, -0.567454, 0.0, -0.823405, 0.000946, 0.0, 1.0, 0.0, 0.756355, 0.0, 0.0, 0.0, 1.0],
                [0.823405, 0.0, -0.567454, -5e-06, -0.567454, 0.0, -0.823405, 0.000946, 0.0, 1.0, 0.0, 0.756356, 0.0, 0.0, 0.0, 1.0],
                [0.823405, 0.0, -0.567454, -5e-06, -0.567454, 0.0, -0.823405, 0.000946, 0.0, 1.0, 0.0, 0.756358, 0.0, 0.0, 0.0, 1.0],
                [0.823405, 0.0, -0.567454, -5e-06, -0.567454, 0.0, -0.823405, 0.000946, 0.0, 1.0, 0.0, 0.756362, 0.0, 0.0, 0.0, 1.0],
                [0.823405, 0.0, -0.567454, -5e-06, -0.567454, 0.0, -0.823405, 0.000946, 0.0, 1.0, 0.0, 0.756368, 0.0, 0.0, 0.0, 1.0],
                [0.823405, 0.0, -0.567454, -5e-06, -0.567454, 0.0, -0.823405, 0.000946, 0.0, 1.0, 0.0, 0.756375, 0.0, 0.0, 0.0, 1.0],
                [0.823405, 0.0, -0.567454, -5e-06, -0.567454, 0.0, -0.823405, 0.000946, 0.0, 1.0, 0.0, 0.756383, 0.0, 0.0, 0.0, 1.0],
                [0.823405, 0.0, -0.567454, -5e-06, -0.567454, 0.0, -0.823405, 0.000946, 0.0, 1.0, 0.0, 0.756393, 0.0, 0.0, 0.0, 1.0],
                [0.823405, 0.0, -0.567454, -5e-06, -0.567454, 0.0, -0.823405, 0.000946, 0.0, 1.0, 0.0, 0.756405, 0.0, 0.0, 0.0, 1.0],
                [0.823405, 0.0, -0.567454, -5e-06, -0.567454, 0.0, -0.823405, 0.000946, 0.0, 1.0, 0.0, 0.756419, 0.0, 0.0, 0.0, 1.0],
                [0.823405, 0.0, -0.567454, -5e-06, -0.567454, 0.0, -0.823405, 0.000946, 0.0, 1.0, 0.0, 0.756433, 0.0, 0.0, 0.0, 1.0],
                [0.823405, 0.0, -0.567454, -5e-06, -0.567454, 0.0, -0.823405, 0.000946, 0.0, 1.0, 0.0, 0.75645, 0.0, 0.0, 0.0, 1.0],
                [0.823405, 0.0, -0.567454, -5e-06, -0.567454, 0.0, -0.823405, 0.000946, 0.0, 1.0, 0.0, 0.756468, 0.0, 0.0, 0.0, 1.0],
                [0.823405, 0.0, -0.567454, -5e-06, -0.567454, 0.0, -0.823405, 0.000946, 0.0, 1.0, 0.0, 0.756487, 0.0, 0.0, 0.0, 1.0],
                [0.823405, 0.0, -0.567454, -5e-06, -0.567454, 0.0, -0.823405, 0.000946, 0.0, 1.0, 0.0, 0.756508, 0.0, 0.0, 0.0, 1.0],
                [0.823405, 0.0, -0.567454, -5e-06, -0.567454, 0.0, -0.823405, 0.000946, 0.0, 1.0, 0.0, 0.75653, 0.0, 0.0, 0.0, 1.0],
                [0.823405, 0.0, -0.567454, -5e-06, -0.567454, 0.0, -0.823405, 0.000946, 0.0, 1.0, 0.0, 0.756554, 0.0, 0.0, 0.0, 1.0],
                [0.823405, 0.0, -0.567454, -5e-06, -0.567454, 0.0, -0.823405, 0.000946, 0.0, 1.0, 0.0, 0.756579, 0.0, 0.0, 0.0, 1.0],
                [0.823405, 0.0, -0.567454, -5e-06, -0.567454, 0.0, -0.823405, 0.000946, 0.0, 1.0, 0.0, 0.756605, 0.0, 0.0, 0.0, 1.0],
                [0.823405, 0.0, -0.567454, -5e-06, -0.567454, 0.0, -0.823405, 0.000946, 0.0, 1.0, 0.0, 0.756633, 0.0, 0.0, 0.0, 1.0],
                [0.823405, 0.0, -0.567454, -5e-06, -0.567454, 0.0, -0.823405, 0.000946, 0.0, 1.0, 0.0, 0.756661, 0.0, 0.0, 0.0, 1.0],
                [0.823405, 0.0, -0.567454, -5e-06, -0.567454, 0.0, -0.823405, 0.000946, 0.0, 1.0, 0.0, 0.756691, 0.0, 0.0, 0.0, 1.0],
                [0.823405, 0.0, -0.567454, -5e-06, -0.567454, 0.0, -0.823405, 0.000946, 0.0, 1.0, 0.0, 0.756721, 0.0, 0.0, 0.0, 1.0],
                [0.823405, 0.0, -0.567454, -5e-06, -0.567454, 0.0, -0.823405, 0.000946, 0.0, 1.0, 0.0, 0.756753, 0.0, 0.0, 0.0, 1.0],
                [0.823405, 0.0, -0.567454, -5e-06, -0.567454, 0.0, -0.823405, 0.000946, 0.0, 1.0, 0.0, 0.756785, 0.0, 0.0, 0.0, 1.0],
                [0.823405, 0.0, -0.567454, -5e-06, -0.567454, 0.0, -0.823405, 0.000946, 0.0, 1.0, 0.0, 0.756818, 0.0, 0.0, 0.0, 1.0],
                [0.823405, 0.0, -0.567454, -5e-06, -0.567454, 0.0, -0.823405, 0.000946, 0.0, 1.0, 0.0, 0.756851, 0.0, 0.0, 0.0, 1.0],
                [0.823405, 0.0, -0.567454, -5e-06, -0.567454, 0.0, -0.823405, 0.000946, 0.0, 1.0, 0.0, 0.756885, 0.0, 0.0, 0.0, 1.0],
                [0.823405, 0.0, -0.567454, -5e-06, -0.567454, 0.0, -0.823405, 0.000946, 0.0, 1.0, 0.0, 0.756919, 0.0, 0.0, 0.0, 1.0],
                [0.823405, 0.0, -0.567454, -5e-06, -0.567454, 0.0, -0.823405, 0.000946, 0.0, 1.0, 0.0, 0.756954, 0.0, 0.0, 0.0, 1.0],
                [0.823405, 0.0, -0.567454, -5e-06, -0.567454, 0.0, -0.823405, 0.000946, 0.0, 1.0, 0.0, 0.756988, 0.0, 0.0, 0.0, 1.0],
                [0.823405, 0.0, -0.567454, -5e-06, -0.567454, 0.0, -0.823405, 0.000946, 0.0, 1.0, 0.0, 0.757023, 0.0, 0.0, 0.0, 1.0],
                [0.823405, 0.0, -0.567454, -5e-06, -0.567454, 0.0, -0.823405, 0.000946, 0.0, 1.0, 0.0, 0.757057, 0.0, 0.0, 0.0, 1.0],
                [0.823405, 0.0, -0.567454, -5e-06, -0.567454, 0.0, -0.823405, 0.000946, 0.0, 1.0, 0.0, 0.757092, 0.0, 0.0, 0.0, 1.0],
                [0.823405, 0.0, -0.567454, -5e-06, -0.567454, 0.0, -0.823405, 0.000946, 0.0, 1.0, 0.0, 0.757125, 0.0, 0.0, 0.0, 1.0],
                [0.823405, 0.0, -0.567454, -5e-06, -0.567454, 0.0, -0.823405, 0.000946, 0.0, 1.0, 0.0, 0.757159, 0.0, 0.0, 0.0, 1.0],
                [0.823405, 0.0, -0.567454, -5e-06, -0.567454, 0.0, -0.823405, 0.000946, 0.0, 1.0, 0.0, 0.757192, 0.0, 0.0, 0.0, 1.0],
                [0.823405, 0.0, -0.567454, -5e-06, -0.567454, 0.0, -0.823405, 0.000946, 0.0, 1.0, 0.0, 0.757224, 0.0, 0.0, 0.0, 1.0],
                [0.823405, 0.0, -0.567454, -5e-06, -0.567454, 0.0, -0.823405, 0.000946, 0.0, 1.0, 0.0, 0.757255, 0.0, 0.0, 0.0, 1.0],
                [0.823405, 0.0, -0.567454, -5e-06, -0.567454, 0.0, -0.823405, 0.000946, 0.0, 1.0, 0.0, 0.757286, 0.0, 0.0, 0.0, 1.0],
                [0.823405, 0.0, -0.567454, -5e-06, -0.567454, 0.0, -0.823405, 0.000946, 0.0, 1.0, 0.0, 0.757316, 0.0, 0.0, 0.0, 1.0],
                [0.823405, 0.0, -0.567454, -5e-06, -0.567454, 0.0, -0.823405, 0.000946, 0.0, 1.0, 0.0, 0.757344, 0.0, 0.0, 0.0, 1.0],
                [0.823405, 0.0, -0.567454, -5e-06, -0.567454, 0.0, -0.823405, 0.000946, 0.0, 1.0, 0.0, 0.757371, 0.0, 0.0, 0.0, 1.0],
                [0.823405, 0.0, -0.567454, -5e-06, -0.567454, 0.0, -0.823405, 0.000946, 0.0, 1.0, 0.0, 0.757398, 0.0, 0.0, 0.0, 1.0],
                [0.823405, 0.0, -0.567454, -5e-06, -0.567454, 0.0, -0.823405, 0.000946, 0.0, 1.0, 0.0, 0.757423, 0.0, 0.0, 0.0, 1.0],
                [0.823405, 0.0, -0.567454, -5e-06, -0.567454, 0.0, -0.823405, 0.000946, 0.0, 1.0, 0.0, 0.757446, 0.0, 0.0, 0.0, 1.0],
                [0.823405, 0.0, -0.567454, -5e-06, -0.567454, 0.0, -0.823405, 0.000946, 0.0, 1.0, 0.0, 0.757469, 0.0, 0.0, 0.0, 1.0],
                [0.823405, 0.0, -0.567454, -5e-06, -0.567454, 0.0, -0.823405, 0.000946, 0.0, 1.0, 0.0, 0.757489, 0.0, 0.0, 0.0, 1.0],
                [0.823405, 0.0, -0.567454, -5e-06, -0.567454, 0.0, -0.823405, 0.000946, 0.0, 1.0, 0.0, 0.757509, 0.0, 0.0, 0.0, 1.0],
                [0.823405, 0.0, -0.567454, -5e-06, -0.567454, 0.0, -0.823405, 0.000946, 0.0, 1.0, 0.0, 0.757527, 0.0, 0.0, 0.0, 1.0],
                [0.823405, 0.0, -0.567454, -5e-06, -0.567454, 0.0, -0.823405, 0.000946, 0.0, 1.0, 0.0, 0.757543, 0.0, 0.0, 0.0, 1.0],
                [0.823405, 0.0, -0.567454, -5e-06, -0.567454, 0.0, -0.823405, 0.000946, 0.0, 1.0, 0.0, 0.757558, 0.0, 0.0, 0.0, 1.0],
                [0.823405, 0.0, -0.567454, -5e-06, -0.567454, 0.0, -0.823405, 0.000946, 0.0, 1.0, 0.0, 0.757571, 0.0, 0.0, 0.0, 1.0],
                [0.823405, 0.0, -0.567454, -5e-06, -0.567454, 0.0, -0.823405, 0.000946, 0.0, 1.0, 0.0, 0.757583, 0.0, 0.0, 0.0, 1.0],
                [0.823405, 0.0, -0.567454, -5e-06, -0.567454, 0.0, -0.823405, 0.000946, 0.0, 1.0, 0.0, 0.757593, 0.0, 0.0, 0.0, 1.0],
                [0.823405, 0.0, -0.567454, -5e-06, -0.567454, 0.0, -0.823405, 0.000946, 0.0, 1.0, 0.0, 0.757602, 0.0, 0.0, 0.0, 1.0],
                [0.823405, 0.0, -0.567454, -5e-06, -0.567454, 0.0, -0.823405, 0.000946, 0.0, 1.0, 0.0, 0.757609, 0.0, 0.0, 0.0, 1.0],
                [0.823405, 0.0, -0.567454, -5e-06, -0.567454, 0.0, -0.823405, 0.000946, 0.0, 1.0, 0.0, 0.757614, 0.0, 0.0, 0.0, 1.0],
                [0.823405, 0.0, -0.567454, -5e-06, -0.567454, 0.0, -0.823405, 0.000946, 0.0, 1.0, 0.0, 0.757618, 0.0, 0.0, 0.0, 1.0],
                [0.823405, 0.0, -0.567454, -5e-06, -0.567454, 0.0, -0.823405, 0.000946, 0.0, 1.0, 0.0, 0.757621, 0.0, 0.0, 0.0, 1.0],
                [0.823405, 0.0, -0.567454, -5e-06, -0.567454, 0.0, -0.823405, 0.000946, 0.0, 1.0, 0.0, 0.757621, 0.0, 0.0, 0.0, 1.0]
            ]
        },
        {
            "name": "Thigh_R",
            "time": [0.0, 0.0167, 0.0333, 0.05, 0.0667, 0.0833, 0.1, 0.1167, 0.1333, 0.15, 0.1667, 0.1833, 0.2, 0.2167, 0.2333, 0.25, 0.2667, 0.2833, 0.3, 0.3167, 0.3333, 0.35, 0.3667, 0.3833, 0.4, 0.4167, 0.4333, 0.45, 0.4667, 0.4833, 0.5, 0.5167, 0.5333, 0.55, 0.5667, 0.5833, 0.6, 0.6167, 0.6333, 0.65, 0.6667, 0.6833, 0.7, 0.7167, 0.7333, 0.75, 0.7667, 0.7833, 0.8, 0.8167, 0.8333, 0.85, 0.8667, 0.8833, 0.9, 0.9167, 0.9333, 0.95, 0.9667, 0.9833, 1.0, 1.0167, 1.0333, 1.05, 1.0667, 1.0833, 1.1, 1.1167, 1.1333, 1.15, 1.1667, 1.1833, 1.2, 1.2167, 1.2333, 1.25, 1.2667, 1.2833, 1.3, 1.3167, 1.3333, 1.35, 1.3667, 1.3833, 1.4, 1.4167, 1.4333, 1.45, 1.4667, 1.4833, 1.5, 1.5167, 1.5333, 1.55, 1.5667, 1.5833, 1.6, 1.6167, 1.6333, 1.65, 1.6667, 1.6833, 1.7, 1.7167, 1.7333, 1.75, 1.7667, 1.7833, 1.8, 1.8167, 1.8333, 1.85, 1.8667, 1.8833, 1.9, 1.9167, 1.9333, 1.95, 1.9667, 1.9833, 2.0],
            "transform": [
                [0.99336, 0.099076, 0.058469, 0.124994, 0.090664, -0.987062, 0.132241, -0.002831, 0.070815, -0.126062, -0.989492, -1.2e-05, 0.0, 0.0, 0.0, 1.0],
                [0.99336, 0.099078, 0.058467, 0.124994, 0.090665, -0.98706, 0.13226, -0.002831, 0.070815, -0.126081, -0.989489, -1.2e-05, 0.0, 0.0, 0.0, 1.0],
                [0.99336, 0.099083, 0.058462, 0.124994, 0.090667, -0.987052, 0.132312, -0.002831, 0.070815, -0.126133, -0.989483, -1.2e-05, 0.0, 0.0, 0.0, 1.0],
                [0.99336, 0.099092, 0.058453, 0.124994, 0.090671, -0.98704, 0.132401, -0.002831, 0.070816, -0.126222, -0.989471, -1.2e-05, 0.0, 0.0, 0.0, 1.0],
                [0.993359, 0.099105, 0.058441, 0.124994, 0.090676, -0.987023, 0.132526, -0.002831, 0.070817, -0.126347, -0.989455, -1.2e-05, 0.0, 0.0, 0.0, 1.0],
                [0.993359, 0.099121, 0.058425, 0.124994, 0.090683, -0.987001, 0.132686, -0.002831, 0.070818, -0.126506, -0.989435, -1.2e-05, 0.0, 0.0, 0.0, 1.0],
                [0.993358, 0.099141, 0.058406, 0.124994, 0.090691, -0.986974, 0.13288, -0.002831, 0.070819, -0.1267, -0.98941, -1.2e-05, 0.0, 0.0, 0.0, 1.0],
                [0.993357, 0.099164, 0.058384, 0.124994, 0.0907, -0.986942, 0.13311, -0.002831, 0.070821, -0.12693, -0.98938, -1.2e-05, 0.0, 0.0, 0.0, 1.0],
                [0.993355, 0.099191, 0.058358, 0.124994, 0.090711, -0.986906, 0.133374, -0.002831, 0.070823, -0.127194, -0.989346, -1.2e-05, 0.0, 0.0, 0.0, 1.0],
                [0.993354, 0.099231, 0.058318, 0.124994, 0.090727, -0.98685, 0.133773, -0.002831, 0.070826, -0.127593, -0.989295, -1.2e-05, 0.0, 0.0, 0.0, 1.0],
                [0.993352, 0.099265, 0.058285, 0.124994, 0.090741, -0.986803, 0.134111, -0.002831, 0.070828, -0.12793, -0.989251, -1.2e-05, 0.0, 0.0, 0.0, 1.0],
                [0.993351, 0.099302, 0.058248, 0.124994, 0.090757, -0.986751, 0.134483, -0.002831, 0.070831, -0.128302, -0.989202, -1.2e-05, 0.0, 0.0, 0.0, 1.0],
                [0.993349, 0.099343, 0.058209, 0.124994, 0.090773, -0.986695, 0.134884, -0.002831, 0.070834, -0.128703, -0.98915, -1.2e-05, 0.0, 0.0, 0.0, 1.0],
                [0.993347, 0.099387, 0.058166, 0.124994, 0.090791, -0.986633, 0.13532, -0.002831, 0.070837, -0.129139, -0.989093, -1.2e-05, 0.0, 0.0, 0.0, 1.0],
                [0.993345, 0.099434, 0.05812, 0.124994, 0.090811, -0.986568, 0.135781, -0.002831, 0.070841, -0.129599, -0.989033, -1.2e-05, 0.0, 0.0, 0.0, 1.0],
                [0.993343, 0.099483, 0.058072, 0.124994, 0.090831, -0.986498, 0.136272, -0.002831, 0.070845, -0.130091, -0.988968, -1.2e-05, 0.0, 0.0, 0.0, 1.0],
                [0.993341, 0.099535, 0.058021, 0.124994, 0.090852, -0.986425, 0.136786, -0.002831, 0.070849, -0.130603, -0.9889, -1.2e-05, 0.0, 0.0, 0.0, 1.0],
                [0.993338, 0.09959, 0.057968, 0.124994, 0.090875, -0.986348, 0.137326, -0.002831, 0.070853, -0.131143, -0.988828, -1.2e-05, 0.0, 0.0, 0.0, 1.0],
                [0.993336, 0.099646, 0.057912, 0.124994, 0.090898, -0.986268, 0.137888, -0.002831, 0.070857, -0.131705, -0.988753, -1.2e-05, 0.0, 0.0, 0.0, 1.0],
                [0.993333, 0.099705, 0.057855, 0.124994, 0.090923, -0.986184, 0.13847, -0.002831, 0.070862, -0.132286, -0.988675, -1.2e-05, 0.0, 0.0, 0.0, 1.0],
                [0.993331, 0.099766, 0.057796, 0.124994, 0.090948, -0.986097, 0.139069, -0.002831, 0.070866, -0.132885, -0.988595, -1.2e-05, 0.0, 0.0, 0.0, 1.0],
                [0.993328, 0.099827, 0.057736, 0.124994, 0.090973, -0.98601, 0.139673, -0.002831, 0.070871, -0.133489, -0.988513, -1.2e-05, 0.0, 0.0, 0.0, 1.0],
                [0.993325, 0.099888, 0.057676, 0.124994, 0.090998, -0.985921, 0.14028, -0.002831, 0.070876, -0.134095, -0.988431, -1.2e-05, 0.0, 0.0, 0.0, 1.0],
                [0.993323, 0.099951, 0.057614, 0.124994, 0.091025, -0.98583, 0.140903, -0.002831, 0.070881, -0.134718, -0.988346, -1.2e-05, 0.0, 0.0, 0.0, 1.0],
                [0.99332, 0.100025, 0.057542, 0.124994, 0.091055, -0.985722, 0.141634, -0.002831, 0.070887, -0.135448, -0.988245, -1.2e-05, 0.0, 0.0, 0.0, 1.0],
                [0.993317, 0.100091, 0.057477, 0.124994, 0.091083, -0.985625, 0.142289, -0.002831, 0.070892, -0.136103, -0.988155, -1.2e-05, 0.0, 0.0, 0.0, 1.0],
                [0.993314, 0.100157, 0.057411, 0.124994, 0.09111, -0.985527, 0.142948, -0.002831, 0.070898, -0.136761, -0.988064, -1.2e-05, 0.0, 0.0, 0.0, 1.0],
                [0.993311, 0.100225, 0.057345, 0.124994, 0.091138, -0.985428, 0.143613, -0.002831, 0.070903, -0.137426, -0.987971, -1.2e-05, 0.0, 0.0, 0.0, 1.0],
                [0.993308, 0.100292, 0.057279, 0.124994, 0.091166, -0.985329, 0.144276, -0.002831, 0.070909, -0.138088, -0.987878, -1.2e-05, 0.0, 0.0, 0.0, 1.0],
                [0.993305, 0.100358, 0.057214, 0.124994, 0.091194, -0.985229, 0.144937, -0.002831, 0.070914, -0.138749, -0.987785, -1.2e-05, 0.0, 0.0, 0.0, 1.0],
                [0.993302, 0.100425, 0.057148, 0.124994, 0.091222, -0.98513, 0.145595, -0.002831, 0.07092, -0.139406, -0.987692, -1.2e-05, 0.0, 0.0, 0.0, 1.0],
                [0.993299, 0.100491, 0.057084, 0.124994, 0.09125, -0.985031, 0.146244, -0.002831, 0.070925, -0.140055, -0.9876, -1.2e-05, 0.0, 0.0, 0.0, 1.0],
                [0.993296, 0.100556, 0.05702, 0.124994, 0.091277, -0.984932, 0.146889, -0.002831, 0.070931, -0.1407, -0.987508, -1.2e-05, 0.0, 0.0, 0.0, 1.0],
                [0.993293, 0.10062, 0.056957, 0.124994, 0.091304, -0.984835, 0.147522, -0.002831, 0.070937, -0.141332, -0.987418, -1.2e-05, 0.0, 0.0, 0.0, 1.0],
                [0.99329, 0.100683, 0.056895, 0.124994, 0.09133, -0.98474, 0.148143, -0.002831, 0.070942, -0.141953, -0.987328, -1.2e-05, 0.0, 0.0, 0.0, 1.0],
                [0.993288, 0.100744, 0.056834, 0.124994, 0.091356, -0.984646, 0.148748, -0.002831, 0.070947, -0.142558, -0.987241, -1.2e-05, 0.0, 0.0, 0.0, 1.0],
                [0.993285, 0.100802, 0.056777, 0.124994, 0.091381, -0.984557, 0.149321, -0.002831, 0.070952, -0.14313, -0.987157, -1.2e-05, 0.0, 0.0, 0.0, 1.0],
                [0.993282, 0.100858, 0.056722, 0.124994, 0.091405, -0.98447, 0.149878, -0.002831, 0.070957, -0.143687, -0.987076, -1.2e-05, 0.0, 0.0, 0.0, 1.0],
                [0.99328, 0.100913, 0.056668, 0.124994, 0.091428, -0.984385, 0.150419, -0.002831, 0.070962, -0.144227, -0.986997, -1.2e-05, 0.0, 0.0, 0.0, 1.0],
                [0.993277, 0.100976, 0.056605, 0.124994, 0.091454, -0.984287, 0.151046, -0.002831, 0.070967, -0.144853, -0.986905, -1.2e-05, 0.0, 0.0, 0.0, 1.0],
                [0.993275, 0.101028, 0.056553, 0.124994, 0.091476, -0.984206, 0.151561, -0.002831, 0.070972, -0.145368, -0.986829, -1.2e-05, 0.0, 0.0, 0.0, 1.0],
                [0.993272, 0.101078, 0.056504, 0.124994, 0.091497, -0.984128, 0.152054, -0.002831, 0.070976, -0.145862, -0.986756, -1.2e-05, 0.0, 0.0, 0.0, 1.0],
                [0.99327, 0.101126, 0.056457, 0.124994, 0.091518, -0.984053, 0.152526, -0.002831, 0.070981, -0.146333, -0.986686, -1.2e-05, 0.0, 0.0, 0.0, 1.0],
                [0.993268, 0.101171, 0.056412, 0.124994, 0.091537, -0.983981, 0.152974, -0.002831, 0.070985, -0.146781, -0.986619, -1.2e-05, 0.0, 0.0, 0.0, 1.0],
                [0.993266, 0.101214, 0.056369, 0.124994, 0.091555, -0.983914, 0.153398, -0.002831, 0.070989, -0.147204, -0.986555, -1.2e-05, 0.0, 0.0, 0.0, 1.0],
                [0.993264, 0.101254, 0.056329, 0.124994, 0.091572, -0.98385, 0.153797, -0.002831, 0.070992, -0.147603, -0.986496, -1.2e-05, 0.0, 0.0, 0.0, 1.0],
                [0.993263, 0.101292, 0.056292, 0.124994, 0.091588, -0.98379, 0.154172, -0.002831, 0.070996, -0.147977, -0.986439, -1.2e-05, 0.0, 0.0, 0.0, 1.0],
                [0.993261, 0.101327, 0.056257, 0.124994, 0.091604, -0.983734, 0.154521, -0.002831, 0.070999, -0.148326, -0.986387, -1.2e-05, 0.0, 0.0, 0.0, 1.0],
                [0.99326, 0.10136, 0.056224, 0.124994, 0.091618, -0.983681, 0.154845, -0.002831, 0.071002, -0.14865, -0.986338, -1.2e-05, 0.0, 0.0, 0.0, 1.0],
                [0.993258, 0.10139, 0.056195, 0.124994, 0.09163, -0.983633, 0.155142, -0.002831, 0.071005, -0.148947, -0.986293, -1.2e-05, 0.0, 0.0, 0.0, 1.0],
                [0.993257, 0.101418, 0.056167, 0.124994, 0.091642, -0.983589, 0.155414, -0.002831, 0.071007, -0.149219, -0.986251, -1.2e-05, 0.0, 0.0, 0.0, 1.0],
                [0.993256, 0.101443, 0.056143, 0.124994, 0.091653, -0.983549, 0.15566, -0.002831, 0.07101, -0.149465, -0.986214, -1.2e-05, 0.0, 0.0, 0.0, 1.0],
                [0.993255, 0.101465, 0.056121, 0.124994, 0.091662, -0.983514, 0.155879, -0.002831, 0.071012, -0.149683, -0.986181, -1.2e-05, 0.0, 0.0, 0.0, 1.0],
                [0.993254, 0.101484, 0.056101, 0.124994, 0.09167, -0.983483, 0.156071, -0.002831, 0.071014, -0.149875, -0.986151, -1.2e-05, 0.0, 0.0, 0.0, 1.0],
                [0.993253, 0.101501, 0.056085, 0.124994, 0.091678, -0.983455, 0.156239, -0.002831, 0.071015, -0.150043, -0.986126, -1.2e-05, 0.0, 0.0, 0.0, 1.0],
                [0.993252, 0.101515, 0.05607, 0.124994, 0.091684, -0.983432, 0.15638, -0.002831, 0.071016, -0.150184, -0.986104, -1.2e-05, 0.0, 0.0, 0.0, 1.0],
                [0.993252, 0.101527, 0.056059, 0.124994, 0.091689, -0.983414, 0.156493, -0.002831, 0.071018, -0.150297, -0.986087, -1.2e-05, 0.0, 0.0, 0.0, 1.0],
                [0.993251, 0.101536, 0.05605, 0.124994, 0.091693, -0.983399, 0.156583, -0.002831, 0.071018, -0.150387, -0.986073, -1.2e-05, 0.0, 0.0, 0.0, 1.0],
                [0.993251, 0.101542, 0.056044, 0.124994, 0.091695, -0.983389, 0.156646, -0.002831, 0.071019, -0.15045, -0.986063, -1.2e-05, 0.0, 0.0, 0.0, 1.0],
                [0.993251, 0.101546, 0.05604, 0.124994, 0.091697, -0.983383, 0.156683, -0.002831, 0.071019, -0.150487, -0.986058, -1.2e-05, 0.0, 0.0, 0.0, 1.0],
                [0.993251, 0.101547, 0.056039, 0.124994, 0.091698, -0.983381, 0.156696, -0.002831, 0.071019, -0.1505, -0.986056, -1.2e-05, 0.0, 0.0, 0.0, 1.0],
                [0.993251, 0.101546, 0.05604, 0.124994, 0.091697, -0.983383, 0.156683, -0.002831, 0.071019, -0.150487, -0.986058, -1.2e-05, 0.0, 0.0, 0.0, 1.0],
                [0.993251, 0.101542, 0.056044, 0.124994, 0.091695, -0.983389, 0.156646, -0.002831, 0.071019, -0.15045, -0.986063, -1.2e-05, 0.0, 0.0, 0.0, 1.0],
                [0.993251, 0.101536, 0.05605, 0.124994, 0.091693, -0.983399, 0.156583, -0.002831, 0.071018, -0.150387, -0.986073, -1.2e-05, 0.0, 0.0, 0.0, 1.0],
                [0.993252, 0.101527, 0.056059, 0.124994, 0.091689, -0.983414, 0.156493, -0.002831, 0.071018, -0.150297, -0.986087, -1.2e-05, 0.0, 0.0, 0.0, 1.0],
                [0.993252, 0.101515, 0.05607, 0.124994, 0.091684, -0.983432, 0.15638, -0.002831, 0.071016, -0.150184, -0.986104, -1.2e-05, 0.0, 0.0, 0.0, 1.0],
                [0.993253, 0.101501, 0.056085, 0.124994, 0.091678, -0.983455, 0.156239, -0.002831, 0.071015, -0.150043, -0.986126, -1.2e-05, 0.0, 0.0, 0.0, 1.0],
                [0.993254, 0.101484, 0.056101, 0.124994, 0.09167, -0.983483, 0.156071, -0.002831, 0.071014, -0.149875, -0.986151, -1.2e-05, 0.0, 0.0, 0.0, 1.0],
                [0.993255, 0.101465, 0.056121, 0.124994, 0.091662, -0.983514, 0.155879, -0.002831, 0.071012, -0.149683, -0.986181, -1.2e-05, 0.0, 0.0, 0.0, 1.0],
                [0.993256, 0.101443, 0.056143, 0.124994, 0.091653, -0.983549, 0.15566, -0.002831, 0.07101, -0.149465, -0.986214, -1.2e-05, 0.0, 0.0, 0.0, 1.0],
                [0.993257, 0.101418, 0.056167, 0.124994, 0.091642, -0.983589, 0.155414, -0.002831, 0.071007, -0.149219, -0.986251, -1.2e-05, 0.0, 0.0, 0.0, 1.0],
                [0.993258, 0.10139, 0.056195, 0.124994, 0.09163, -0.983633, 0.155142, -0.002831, 0.071005, -0.148947, -0.986293, -1.2e-05, 0.0, 0.0, 0.0, 1.0],
                [0.99326, 0.10136, 0.056224, 0.124994, 0.091618, -0.983681, 0.154845, -0.002831, 0.071002, -0.14865, -0.986338, -1.2e-05, 0.0, 0.0, 0.0, 1.0],
                [0.993261, 0.101327, 0.056257, 0.124994, 0.091604, -0.983734, 0.154521, -0.002831, 0.070999, -0.148326, -0.986387, -1.2e-05, 0.0, 0.0, 0.0, 1.0],
                [0.993263, 0.101292, 0.056292, 0.124994, 0.091588, -0.98379, 0.154172, -0.002831, 0.070996, -0.147977, -0.986439, -1.2e-05, 0.0, 0.0, 0.0, 1.0],
                [0.993264, 0.101254, 0.056329, 0.124994, 0.091572, -0.98385, 0.153797, -0.002831, 0.070992, -0.147603, -0.986496, -1.2e-05, 0.0, 0.0, 0.0, 1.0],
                [0.993266, 0.101214, 0.056369, 0.124994, 0.091555, -0.983914, 0.153398, -0.002831, 0.070989, -0.147204, -0.986555, -1.2e-05, 0.0, 0.0, 0.0, 1.0],
                [0.993268, 0.101171, 0.056412, 0.124994, 0.091537, -0.983981, 0.152974, -0.002831, 0.070985, -0.146781, -0.986619, -1.2e-05, 0.0, 0.0, 0.0, 1.0],
                [0.99327, 0.101126, 0.056457, 0.124994, 0.091518, -0.984053, 0.152526, -0.002831, 0.070981, -0.146333, -0.986686, -1.2e-05, 0.0, 0.0, 0.0, 1.0],
                [0.993272, 0.101078, 0.056504, 0.124994, 0.091497, -0.984128, 0.152054, -0.002831, 0.070976, -0.145862, -0.986756, -1.2e-05, 0.0, 0.0, 0.0, 1.0],
                [0.993275, 0.101028, 0.056553, 0.124994, 0.091476, -0.984206, 0.151561, -0.002831, 0.070972, -0.145368, -0.986829, -1.2e-05, 0.0, 0.0, 0.0, 1.0],
                [0.993277, 0.100976, 0.056605, 0.124994, 0.091454, -0.984287, 0.151046, -0.002831, 0.070967, -0.144853, -0.986905, -1.2e-05, 0.0, 0.0, 0.0, 1.0],
                [0.99328, 0.100913, 0.056668, 0.124994, 0.091428, -0.984385, 0.150419, -0.002831, 0.070962, -0.144227, -0.986997, -1.2e-05, 0.0, 0.0, 0.0, 1.0],
                [0.993282, 0.100858, 0.056722, 0.124994, 0.091405, -0.98447, 0.149878, -0.002831, 0.070957, -0.143687, -0.987076, -1.2e-05, 0.0, 0.0, 0.0, 1.0],
                [0.993285, 0.100802, 0.056777, 0.124994, 0.091381, -0.984557, 0.149321, -0.002831, 0.070952, -0.14313, -0.987157, -1.2e-05, 0.0, 0.0, 0.0, 1.0],
                [0.993288, 0.100744, 0.056834, 0.124994, 0.091356, -0.984646, 0.148748, -0.002831, 0.070947, -0.142558, -0.987241, -1.2e-05, 0.0, 0.0, 0.0, 1.0],
                [0.99329, 0.100683, 0.056895, 0.124994, 0.09133, -0.98474, 0.148143, -0.002831, 0.070942, -0.141953, -0.987328, -1.2e-05, 0.0, 0.0, 0.0, 1.0],
                [0.993293, 0.10062, 0.056957, 0.124994, 0.091304, -0.984835, 0.147522, -0.002831, 0.070937, -0.141332, -0.987418, -1.2e-05, 0.0, 0.0, 0.0, 1.0],
                [0.993296, 0.100556, 0.05702, 0.124994, 0.091277, -0.984932, 0.146889, -0.002831, 0.070931, -0.1407, -0.987508, -1.2e-05, 0.0, 0.0, 0.0, 1.0],
                [0.993299, 0.100491, 0.057084, 0.124994, 0.09125, -0.985031, 0.146244, -0.002831, 0.070925, -0.140055, -0.9876, -1.2e-05, 0.0, 0.0, 0.0, 1.0],
                [0.993302, 0.100425, 0.057148, 0.124994, 0.091222, -0.98513, 0.145595, -0.002831, 0.07092, -0.139406, -0.987692, -1.2e-05, 0.0, 0.0, 0.0, 1.0],
                [0.993305, 0.100358, 0.057214, 0.124994, 0.091194, -0.985229, 0.144937, -0.002831, 0.070914, -0.138749, -0.987785, -1.2e-05, 0.0, 0.0, 0.0, 1.0],
                [0.993308, 0.100292, 0.057279, 0.124994, 0.091166, -0.985329, 0.144276, -0.002831, 0.070909, -0.138088, -0.987878, -1.2e-05, 0.0, 0.0, 0.0, 1.0],
                [0.993311, 0.100225, 0.057345, 0.124994, 0.091138, -0.985428, 0.143613, -0.002831, 0.070903, -0.137426, -0.987971, -1.2e-05, 0.0, 0.0, 0.0, 1.0],
                [0.993314, 0.100157, 0.057411, 0.124994, 0.09111, -0.985527, 0.142948, -0.002831, 0.070898, -0.136761, -0.988064, -1.2e-05, 0.0, 0.0, 0.0, 1.0],
                [0.993317, 0.100091, 0.057477, 0.124994, 0.091083, -0.985625, 0.142289, -0.002831, 0.070892, -0.136103, -0.988155, -1.2e-05, 0.0, 0.0, 0.0, 1.0],
                [0.99332, 0.100025, 0.057542, 0.124994, 0.091055, -0.985722, 0.141634, -0.002831, 0.070887, -0.135448, -0.988245, -1.2e-05, 0.0, 0.0, 0.0, 1.0],
                [0.993323, 0.099951, 0.057614, 0.124994, 0.091025, -0.98583, 0.140903, -0.002831, 0.070881, -0.134718, -0.988346, -1.2e-05, 0.0, 0.0, 0.0, 1.0],
                [0.993325, 0.099888, 0.057676, 0.124994, 0.090998, -0.985921, 0.14028, -0.002831, 0.070876, -0.134095, -0.988431, -1.2e-05, 0.0, 0.0, 0.0, 1.0],
                [0.993328, 0.099827, 0.057736, 0.124994, 0.090973, -0.98601, 0.139673, -0.002831, 0.070871, -0.133489, -0.988513, -1.2e-05, 0.0, 0.0, 0.0, 1.0],
                [0.993331, 0.099766, 0.057796, 0.124994, 0.090948, -0.986097, 0.139069, -0.002831, 0.070866, -0.132885, -0.988595, -1.2e-05, 0.0, 0.0, 0.0, 1.0],
                [0.993333, 0.099705, 0.057855, 0.124994, 0.090923, -0.986184, 0.13847, -0.002831, 0.070862, -0.132286, -0.988675, -1.2e-05, 0.0, 0.0, 0.0, 1.0],
                [0.993336, 0.099646, 0.057912, 0.124994, 0.090898, -0.986268, 0.137888, -0.002831, 0.070857, -0.131705, -0.988753, -1.2e-05, 0.0, 0.0, 0.0, 1.0],
                [0.993338, 0.09959, 0.057968, 0.124994, 0.090875, -0.986348, 0.137326, -0.002831, 0.070853, -0.131143, -0.988828, -1.2e-05, 0.0, 0.0, 0.0, 1.0],
                [0.993341, 0.099535, 0.058021, 0.124994, 0.090852, -0.986425, 0.136786, -0.002831, 0.070849, -0.130603, -0.9889, -1.2e-05, 0.0, 0.0, 0.0, 1.0],
                [0.993343, 0.099483, 0.058072, 0.124994, 0.090831, -0.986498, 0.136272, -0.002831, 0.070845, -0.130091, -0.988968, -1.2e-05, 0.0, 0.0, 0.0, 1.0],
                [0.993345, 0.099434, 0.05812, 0.124994, 0.090811, -0.986568, 0.135781, -0.002831, 0.070841, -0.129599, -0.989033, -1.2e-05, 0.0, 0.0, 0.0, 1.0],
                [0.993347, 0.099387, 0.058166, 0.124994, 0.090791, -0.986633, 0.13532, -0.002831, 0.070837, -0.129139, -0.989093, -1.2e-05, 0.0, 0.0, 0.0, 1.0],
                [0.993349, 0.099343, 0.058209, 0.124994, 0.090773, -0.986695, 0.134884, -0.002831, 0.070834, -0.128703, -0.98915, -1.2e-05, 0.0, 0.0, 0.0, 1.0],
                [0.993351, 0.099302, 0.058248, 0.124994, 0.090757, -0.986751, 0.134483, -0.002831, 0.070831, -0.128302, -0.989202, -1.2e-05, 0.0, 0.0, 0.0, 1.0],
                [0.993352, 0.099265, 0.058285, 0.124994, 0.090741, -0.986803, 0.134111, -0.002831, 0.070828, -0.12793, -0.989251, -1.2e-05, 0.0, 0.0, 0.0, 1.0],
                [0.993354, 0.099231, 0.058318, 0.124994, 0.090727, -0.98685, 0.133773, -0.002831, 0.070826, -0.127593, -0.989295, -1.2e-05, 0.0, 0.0, 0.0, 1.0],
                [0.993355, 0.099191, 0.058358, 0.124994, 0.090711, -0.986906, 0.133374, -0.002831, 0.070823, -0.127194, -0.989346, -1.2e-05, 0.0, 0.0, 0.0, 1.0],
                [0.993357, 0.099164, 0.058384, 0.124994, 0.0907, -0.986942, 0.13311, -0.002831, 0.070821, -0.12693, -0.98938, -1.2e-05, 0.0, 0.0, 0.0, 1.0],
                [0.993358, 0.099141, 0.058406, 0.124994, 0.090691, -0.986974, 0.13288, -0.002831, 0.070819, -0.1267, -0.98941, -1.2e-05, 0.0, 0.0, 0.0, 1.0],
                [0.993359, 0.099121, 0.058425, 0.124994, 0.090683, -0.987001, 0.132686, -0.002831, 0.070818, -0.126506, -0.989435, -1.2e-05, 0.0, 0.0, 0.0, 1.0],
                [0.993359, 0.099105, 0.058441, 0.124994, 0.090676, -0.987023, 0.132526, -0.002831, 0.070817, -0.126347, -0.989455, -1.2e-05, 0.0, 0.0, 0.0, 1.0],
                [0.99336, 0.099092, 0.058453, 0.124994, 0.090671, -0.98704, 0.132401, -0.002831, 0.070816, -0.126222, -0.989471, -1.2e-05, 0.0, 0.0, 0.0, 1.0],
                [0.99336, 0.099083, 0.058462, 0.124994, 0.090667, -0.987052, 0.132312, -0.002831, 0.070815, -0.126133, -0.989483, -1.2e-05, 0.0, 0.0, 0.0, 1.0],
                [0.99336, 0.099078, 0.058467, 0.124994, 0.090665, -0.98706, 0.13226, -0.002831, 0.070815, -0.126081, -0.989489, -1.2e-05, 0.0, 0.0, 0.0, 1.0],
                [0.99336, 0.099076, 0.058469, 0.124994, 0.090664, -0.987062, 0.132241, -0.002831, 0.070815, -0.126062, -0.989492, -1.2e-05, 0.0, 0.0, 0.0, 1.0]
            ]
        },
        {
            "name": "Leg_R",
            "time": [0.0, 0.0167, 0.0333, 0.05, 0.0667, 0.0833, 0.1, 0.1167, 0.1333, 0.15, 0.1667, 0.1833, 0.2, 0.2167, 0.2333, 0.25, 0.2667, 0.2833, 0.3, 0.3167, 0.3333, 0.35, 0.3667, 0.3833, 0.4, 0.4167, 0.4333, 0.45, 0.4667, 0.4833, 0.5, 0.5167, 0.5333, 0.55, 0.5667, 0.5833, 0.6, 0.6167, 0.6333, 0.65, 0.6667, 0.6833, 0.7, 0.7167, 0.7333, 0.75, 0.7667, 0.7833, 0.8, 0.8167, 0.8333, 0.85, 0.8667, 0.8833, 0.9, 0.9167, 0.9333, 0.95, 0.9667, 0.9833, 1.0, 1.0167, 1.0333, 1.05, 1.0667, 1.0833, 1.1, 1.1167, 1.1333, 1.15, 1.1667, 1.1833, 1.2, 1.2167, 1.2333, 1.25, 1.2667, 1.2833, 1.3, 1.3167, 1.3333, 1.35, 1.3667, 1.3833, 1.4, 1.4167, 1.4333, 1.45, 1.4667, 1.4833, 1.5, 1.5167, 1.5333, 1.55, 1.5667, 1.5833, 1.6, 1.6167, 1.6333, 1.65, 1.6667, 1.6833, 1.7, 1.7167, 1.7333, 1.75, 1.7667, 1.7833, 1.8, 1.8167, 1.8333, 1.85, 1.8667, 1.8833, 1.9, 1.9167, 1.9333, 1.95, 1.9667, 1.9833, 2.0],
            "transform": [
                [0.999992, -0.004059, -0.000341, 0.0, 0.004071, 0.993813, 0.110988, 0.374721, -0.000112, -0.110988, 0.993822, 0.0, 0.0, 0.0, 0.0, 1.0],
                [0.999992, -0.00406, -0.000341, 0.0, 0.004073, 0.993809, 0.111026, 0.374721, -0.000112, -0.111027, 0.993818, 0.0, 0.0, 0.0, 0.0, 1.0],
                [0.999992, -0.004064, -0.000342, -0.0, 0.004077, 0.993797, 0.11113, 0.374721, -0.000112, -0.11113, 0.993806, 0.0, 0.0, 0.0, 0.0, 1.0],
                [0.999992, -0.00407, -0.000342, -0.0, 0.004083, 0.993777, 0.111309, 0.374721, -0.000113, -0.11131, 0.993786, 0.0, 0.0, 0.0, 0.0, 1.0],
                [0.999992, -0.00408, -0.000343, -0.0, 0.004092, 0.993749, 0.111559, 0.374721, -0.000114, -0.111559, 0.993758, 0.0, 0.0, 0.0, 0.0, 1.0],
                [0.999992, -0.004091, -0.000345, -0.0, 0.004104, 0.993713, 0.111879, 0.374721, -0.000115, -0.111879, 0.993722, 0.0, 0.0, 0.0, 0.0, 1.0],
                [0.999992, -0.004106, -0.000346, -0.0, 0.004118, 0.993669, 0.112268, 0.374721, -0.000117, -0.112268, 0.993678, 0.0, 0.0, 0.0, 0.0, 1.0],
                [0.999992, -0.004122, -0.000348, -0.0, 0.004135, 0.993617, 0.112728, 0.374721, -0.000119, -0.112729, 0.993626, 0.0, 0.0, 0.0, 0.0, 1.0],
                [0.999991, -0.004142, -0.00035, 0.0, 0.004155, 0.993557, 0.113257, 0.374721, -0.000121, -0.113258, 0.993566, -0.0, 0.0, 0.0, 0.0, 1.0],
