{
    "animation": [
        {
            "name": "Root",
            "time": [0.0, 0.0167, 0.0333, 0.05, 0.0667, 0.0833, 0.1, 0.1167, 0.1333, 0.15, 0.1667, 0.1833, 0.2, 0.2167, 0.2333, 0.25, 0.2667, 0.2833, 0.3, 0.3167, 0.3333, 0.35, 0.3667, 0.3833, 0.4, 0.4167, 0.4333, 0.45, 0.4667, 0.4833, 0.5, 0.5167, 0.5333, 0.55, 0.5667, 0.5833, 0.6, 0.6167, 0.6333, 0.65, 0.6667, 0.6833, 0.7, 0.7167, 0.7333, 0.75, 0.7667, 0.7833, 0.8],
            "transform": [
                [1.0, 0.0, -0.0, -5e-06, -0.0, 0.0, -1.0, 0.000946, 0.0, 1.0, 0.0, 0.757621, 0.0, 0.0, 0.0, 1.0],
                [1.0, 0.0, -0.0, -5e-06, -0.0, 0.0, -1.0, 0.000946, 0.0, 1.0, 0.0, 0.760976, 0.0, 0.0, 0.0, 1.0],
                [1.0, 0.0, -0.0, -5e-06, -0.0, 0.0, -1.0, 0.000946, 0.0, 1.0, 0.0, 0.770738, 0.0, 0.0, 0.0, 1.0],
                [1.0, 0.0, -0.0, -5e-06, -0.0, 0.0, -1.0, 0.000946, 0.0, 1.0, 0.0, 0.784773, 0.0, 0.0, 0.0, 1.0],
                [1.0, 0.0, -0.0, -5e-06, -0.0, 0.0, -1.0, 0.000946, 0.0, 1.0, 0.0, 0.798808, 0.0, 0.0, 0.0, 1.0],
                [1.0, 0.0, -0.0, -5e-06, -0.0, 0.0, -1.0, 0.000946, 0.0, 1.0, 0.0, 0.80857, 0.0, 0.0, 0.0, 1.0],
                [1.0, 0.0, -0.0, -5e-06, -0.0, 0.0, -1.0, 0.000946, 0.0, 1.0, 0.0, 0.811925, 0.0, 0.0, 0.0, 1.0],
                [1.0, 0.0, -0.0, -5e-06, -0.0, 0.0, -1.0, 0.000946, 0.0, 1.0, 0.0, 0.805338, 0.0, 0.0, 0.0, 1.0],
                [1.0, 0.0, -0.0, -5e-06, -0.0, 0.0, -1.0, 0.000946, 0.0, 1.0, 0.0, 0.785457, 0.0, 0.0, 0.0, 1.0],
                [1.0, 0.0, -0.0, -5e-06, -0.0, 0.0, -1.0, 0.000946, 0.0, 1.0, 0.0, 0.755016, 0.0, 0.0, 0.0, 1.0],
                [1.0, 0.0, -0.0, -5e-06, -0.0, 0.0, -1.0, 0.000946, 0.0, 1.0, 0.0, 0.720969, 0.0, 0.0, 0.0, 1.0],
                [1.0, 0.0, -0.0, -5e-06, -0.0, 0.0, -1.0, 0.000946, 0.0, 1.0, 0.0, 0.691174, 0.0, 0.0, 0.0, 1.0],
                [1.0, 0.0, -0.0, -5e-06, -0.0, 0.0, -1.0, 0.000946, 0.0, 1.0, 0.0, 0.670304, 0.0, 0.0, 0.0, 1.0],
                [1.0, 0.0, -0.0, -5e-06, -0.0, 0.0, -1.0, 0.000946, 0.0, 1.0, 0.0, 0.6552, 0.0, 0.0, 0.0, 1.0],
                [1.0, 0.0, -0.0, -5e-06, -0.0, 0.0, -1.0, 0.000946, 0.0, 1.0, 0.0, 0.642184, 0.0, 0.0, 0.0, 1.0],
                [1.0, 0.0, -0.0, -5e-06, -0.0, 0.0, -1.0, 0.000946, 0.0, 1.0, 0.0, 0.632259, 0.0, 0.0, 0.0, 1.0],
                [1.0, 0.0, -0.0, -5e-06, -0.0, 0.0, -1.0, 0.000946, 0.0, 1.0, 0.0, 0.62594, 0.0, 0.0, 0.0, 1.0],
                [1.0, 0.0, -0.0, -5e-06, -0.0, 0.0, -1.0, 0.000946, 0.0, 1.0, 0.0, 0.622838, 0.0, 0.0, 0.0, 1.0],
                [1.0, 0.0, -0.0, -5e-06, -0.0, 0.0, -1.0, 0.000946, 0.0, 1.0, 0.0, 0.622016, 0.0, 0.0, 0.0, 1.0],
                [1.0, 0.0, -0.0, -5e-06, -0.0, 0.0, -1.0, 0.000946, 0.0, 1.0, 0.0, 0.628231, 0.0, 0.0, 0.0, 1.0],
                [1.0, 0.0, -0.0, -5e-06, -0.0, 0.0, -1.0, 0.000946, 0.0, 1.0, 0.0, 0.647031, 0.0, 0.0, 0.0, 1.0],
                [1.0, 0.0, -0.0, -5e-06, -0.0, 0.0, -1.0, 0.000946, 0.0, 1.0, 0.0, 0.675917, 0.0, 0.0, 0.0, 1.0],
                [1.0, 0.0, -0.0, -5e-06, -0.0, 0.0, -1.0, 0.000946, 0.0, 1.0, 0.0, 0.70841, 0.0, 0.0, 0.0, 1.0],
                [1.0, 0.0, -0.0, -5e-06, -0.0, 0.0, -1.0, 0.000946, 0.0, 1.0, 0.0, 0.737123, 0.0, 0.0, 0.0, 1.0],
                [1.0, 0.0, -0.0, -5e-06, -0.0, 0.0, -1.0, 0.000946, 0.0, 1.0, 0.0, 0.757621, 0.0, 0.0, 0.0, 1.0],
                [1.0, 0.0, -0.0, -5e-06, -0.0, 0.0, -1.0, 0.000946, 0.0, 1.0, 0.0, 0.773097, 0.0, 0.0, 0.0, 1.0],
                [1.0, 0.0, -0.0, -5e-06, -0.0, 0.0, -1.0, 0.000946, 0.0, 1.0, 0.0, 0.787194, 0.0, 0.0, 0.0, 1.0],
                [1.0, 0.0, -0.0, -5e-06, -0.0, 0.0, -1.0, 0.000946, 0.0, 1.0, 0.0, 0.798675, 0.0, 0.0, 0.0, 1.0],
                [1.0, 0.0, -0.0, -5e-06, -0.0, 0.0, -1.0, 0.000946, 0.0, 1.0, 0.0, 0.806548, 0.0, 0.0, 0.0, 1.0],
                [1.0, 0.0, -0.0, -5e-06, -0.0, 0.0, -1.0, 0.000946, 0.0, 1.0, 0.0, 0.810732, 0.0, 0.0, 0.0, 1.0],
                [1.0, 0.0, -0.0, -5e-06, -0.0, 0.0, -1.0, 0.000946, 0.0, 1.0, 0.0, 0.811925, 0.0, 0.0, 0.0, 1.0],
                [1.0, 0.0, -0.0, -5e-06, -0.0, 0.0, -1.0, 0.000946, 0.0, 1.0, 0.0, 0.805338, 0.0, 0.0, 0.0, 1.0],
                [1.0, 0.0, -0.0, -5e-06, -0.0, 0.0, -1.0, 0.000946, 0.0, 1.0, 0.0, 0.785457, 0.0, 0.0, 0.0, 1.0],
                [1.0, 0.0, -0.0, -5e-06, -0.0, 0.0, -1.0, 0.000946, 0.0, 1.0, 0.0, 0.755016, 0.0, 0.0, 0.0, 1.0],
                [1.0, 0.0, -0.0, -5e-06, -0.0, 0.0, -1.0, 0.000946, 0.0, 1.0, 0.0, 0.720969, 0.0, 0.0, 0.0, 1.0],
                [1.0, 0.0, -0.0, -5e-06, -0.0, 0.0, -1.0, 0.000946, 0.0, 1.0, 0.0, 0.691174, 0.0, 0.0, 0.0, 1.0],
                [1.0, 0.0, -0.0, -5e-06, -0.0, 0.0, -1.0, 0.000946, 0.0, 1.0, 0.0, 0.670304, 0.0, 0.0, 0.0, 1.0],
                [1.0, 0.0, -0.0, -5e-06, -0.0, 0.0, -1.0, 0.000946, 0.0, 1.0, 0.0, 0.6552, 0.0, 0.0, 0.0, 1.0],
                [1.0, 0.0, -0.0, -5e-06, -0.0, 0.0, -1.0, 0.000946, 0.0, 1.0, 0.0, 0.642184, 0.0, 0.0, 0.0, 1.0],
                [1.0, 0.0, -0.0, -5e-06, -0.0, 0.0, -1.0, 0.000946, 0.0, 1.0, 0.0, 0.632259, 0.0, 0.0, 0.0, 1.0],
                [1.0, 0.0, -0.0, -5e-06, -0.0, 0.0, -1.0, 0.000946, 0.0, 1.0, 0.0, 0.62594, 0.0, 0.0, 0.0, 1.0],
                [1.0, 0.0, -0.0, -5e-06, -0.0, 0.0, -1.0, 0.000946, 0.0, 1.0, 0.0, 0.622838, 0.0, 0.0, 0.0, 1.0],
                [1.0, 0.0, -0.0, -5e-06, -0.0, 0.0, -1.0, 0.000946, 0.0, 1.0, 0.0, 0.622016, 0.0, 0.0, 0.0, 1.0],
                [1.0, 0.0, -0.0, -5e-06, -0.0, 0.0, -1.0, 0.000946, 0.0, 1.0, 0.0, 0.630393, 0.0, 0.0, 0.0, 1.0],
                [1.0, 0.0, -0.0, -5e-06, -0.0, 0.0, -1.0, 0.000946, 0.0, 1.0, 0.0, 0.654772, 0.0, 0.0, 0.0, 1.0],
                [1.0, 0.0, -0.0, -5e-06, -0.0, 0.0, -1.0, 0.000946, 0.0, 1.0, 0.0, 0.689819, 0.0, 0.0, 0.0, 1.0],
                [1.0, 0.0, -0.0, -5e-06, -0.0, 0.0, -1.0, 0.000946, 0.0, 1.0, 0.0, 0.724865, 0.0, 0.0, 0.0, 1.0],
                [1.0, 0.0, -0.0, -5e-06, -0.0, 0.0, -1.0, 0.000946, 0.0, 1.0, 0.0, 0.749245, 0.0, 0.0, 0.0, 1.0],
                [1.0, 0.0, -0.0, -5e-06, -0.0, 0.0, -1.0, 0.000946, 0.0, 1.0, 0.0, 0.757621, 0.0, 0.0, 0.0, 1.0]
            ]
        },
        {
            "name": "Thigh_R",
            "time": [0.0, 0.0167, 0.0333, 0.05, 0.0667, 0.0833, 0.1, 0.1167, 0.1333, 0.15, 0.1667, 0.1833, 0.2, 0.2167, 0.2333, 0.25, 0.2667, 0.2833, 0.3, 0.3167, 0.3333, 0.35, 0.3667, 0.3833, 0.4, 0.4167, 0.4333, 0.45, 0.4667, 0.4833, 0.5, 0.5167, 0.5333, 0.55, 0.5667, 0.5833, 0.6, 0.6167, 0.6333, 0.65, 0.6667, 0.6833, 0.7, 0.7167, 0.7333, 0.75, 0.7667, 0.7833, 0.8],
            "transform": [
                [0.999833, 0.017136, 0.006357, 0.124994, 0.007962, -0.721415, 0.692457, -0.002831, 0.016452, -0.69229, -0.721431, -1.2e-05, 0.0, 0.0, 0.0, 1.0],
                [0.999801, 0.019815, 0.002168, 0.124994, 0.011907, -0.680924, 0.732257, -0.002831, 0.015986, -0.732086, -0.681025, -1.2e-05, 0.0, 0.0, 0.0, 1.0],
                [0.999609, 0.024748, -0.012966, 0.124994, 0.024571, -0.557803, 0.829609, -0.002831, 0.013299, -0.829604, -0.558194, -1.2e-05, 0.0, 0.0, 0.0, 1.0],
                [0.998798, 0.022331, -0.043638, 0.124994, 0.048861, -0.381919, 0.922903, -0.002831, 0.003943, -0.923926, -0.382551, -1.2e-05, 0.0, 0.0, 0.0, 1.0],
                [0.995819, 0.004043, -0.091256, 0.124994, 0.089686, -0.23284, 0.968371, -0.002831, -0.017333, -0.972507, -0.23223, -1.2e-05, 0.0, 0.0, 0.0, 1.0],
                [0.988979, -0.023516, -0.146176, 0.124994, 0.140652, -0.159069, 0.977197, -0.002831, -0.046231, -0.986987, -0.154009, -1.2e-05, 0.0, 0.0, 0.0, 1.0],
                [0.984159, -0.037451, -0.173285, 0.124994, 0.166443, -0.141396, 0.975861, -0.002831, -0.061049, -0.989244, -0.132923, -1.2e-05, 0.0, 0.0, 0.0, 1.0],
                [0.989214, -0.02151, -0.144891, 0.124994, 0.138932, -0.175619, 0.974605, -0.002831, -0.046409, -0.984223, -0.170736, -1.2e-05, 0.0, 0.0, 0.0, 1.0],
                [0.996868, 0.00657, -0.078811, 0.124994, 0.077493, -0.280114, 0.956834, -0.002831, -0.01579, -0.959944, -0.279746, -1.2e-05, 0.0, 0.0, 0.0, 1.0],
                [0.999783, 0.015899, -0.013448, 0.124994, 0.019071, -0.439768, 0.897909, -0.002831, 0.008362, -0.89797, -0.439976, -1.2e-05, 0.0, 0.0, 0.0, 1.0],
                [0.999599, 0.001832, 0.028245, 0.124994, -0.021127, -0.615794, 0.787624, -0.002831, 0.018837, -0.787905, -0.615509, -1.2e-05, 0.0, 0.0, 0.0, 1.0],
                [0.998775, -0.023813, 0.043362, 0.124994, -0.045537, -0.785051, 0.617755, -0.002831, 0.019331, -0.618973, -0.785174, -1.2e-05, 0.0, 0.0, 0.0, 1.0],
                [0.998418, -0.033805, 0.04493, 0.124994, -0.053092, -0.829913, 0.55536, -0.002831, 0.018514, -0.556867, -0.830396, -1.2e-05, 0.0, 0.0, 0.0, 1.0],
                [0.998835, -0.020481, 0.043684, 0.124994, -0.04433, -0.746919, 0.663435, -0.002831, 0.019041, -0.664599, -0.746958, -1.2e-05, 0.0, 0.0, 0.0, 1.0],
                [0.999467, -0.006788, 0.031936, 0.124994, -0.028012, -0.680766, 0.731965, -0.002831, 0.016772, -0.732469, -0.680594, -1.2e-05, 0.0, 0.0, 0.0, 1.0],
                [0.999893, 0.005855, 0.013433, 0.124994, -0.006717, -0.63159, 0.775273, -0.002831, 0.013023, -0.77528, -0.631483, -1.2e-05, 0.0, 0.0, 0.0, 1.0],
                [0.999861, 0.015785, -0.005354, 0.124994, 0.013777, -0.601847, 0.798492, -0.002831, 0.009382, -0.798455, -0.601981, -1.2e-05, 0.0, 0.0, 0.0, 1.0],
                [0.999585, 0.022237, -0.018319, 0.124994, 0.027934, -0.592301, 0.805232, -0.002831, 0.007056, -0.80541, -0.592677, -1.2e-05, 0.0, 0.0, 0.0, 1.0],
                [0.99942, 0.025271, -0.022818, 0.124994, 0.033412, -0.599001, 0.80005, -0.002831, 0.00655, -0.800349, -0.599499, -1.2e-05, 0.0, 0.0, 0.0, 1.0],
                [0.999449, 0.025734, -0.020936, 0.124994, 0.032408, -0.622507, 0.781943, -0.002831, 0.00709, -0.782191, -0.622999, -1.2e-05, 0.0, 0.0, 0.0, 1.0],
                [0.999597, 0.02411, -0.015001, 0.124994, 0.027259, -0.666725, 0.744805, -0.002831, 0.007955, -0.744914, -0.667113, -1.2e-05, 0.0, 0.0, 0.0, 1.0],
                [0.999774, 0.020297, -0.00638, 0.124994, 0.019135, -0.726724, 0.686663, -0.002831, 0.009301, -0.68663, -0.726948, -1.2e-05, 0.0, 0.0, 0.0, 1.0],
                [0.999886, 0.014908, 0.002307, 0.124994, 0.010403, -0.792183, 0.610195, -0.002831, 0.010925, -0.610102, -0.792248, -1.2e-05, 0.0, 0.0, 0.0, 1.0],
                [0.99992, 0.009182, 0.008675, 0.124994, 0.003291, -0.852412, 0.52286, -0.002831, 0.012195, -0.52279, -0.852374, -1.2e-05, 0.0, 0.0, 0.0, 1.0],
                [0.99992, 0.004288, 0.011866, 0.124994, -0.001263, -0.901744, 0.432269, -0.002831, 0.012553, -0.43225, -0.901667, -1.2e-05, 0.0, 0.0, 0.0, 1.0],
                [0.999916, -4.3e-05, 0.01291, 0.124994, -0.00434, -0.942928, 0.332968, -0.002831, 0.012159, -0.332996, -0.94285, -1.2e-05, 0.0, 0.0, 0.0, 1.0],
                [0.99991, -0.004485, 0.012661, 0.124994, -0.007109, -0.976463, 0.215565, -0.002831, 0.011396, -0.215636, -0.976407, -1.2e-05, 0.0, 0.0, 0.0, 1.0],
                [0.999898, -0.008787, 0.011238, 0.124994, -0.009694, -0.99647, 0.08338, -0.002831, 0.010466, -0.083481, -0.996455, -1.2e-05, 0.0, 0.0, 0.0, 1.0],
                [0.999877, -0.012833, 0.008987, 0.124994, -0.0123, -0.998295, -0.057049, -0.002831, 0.009703, 0.056932, -0.998331, -1.2e-05, 0.0, 0.0, 0.0, 1.0],
                [0.999838, -0.016867, 0.006193, 0.124994, -0.015262, -0.979114, -0.202739, -0.002831, 0.009483, 0.202611, -0.979214, -1.2e-05, 0.0, 0.0, 0.0, 1.0],
                [0.999742, -0.022606, 0.002059, 0.124994, -0.020045, -0.921766, -0.387227, -0.002831, 0.010652, 0.387086, -0.921982, -1.2e-05, 0.0, 0.0, 0.0, 1.0],
                [0.999738, -0.02289, -0.000634, 0.124994, -0.020349, -0.87537, -0.483024, -0.002831, 0.010501, 0.482911, -0.875607, -1.2e-05, 0.0, 0.0, 0.0, 1.0],
                [0.999849, -0.017312, -0.001471, 0.124994, -0.015594, -0.856808, -0.515399, -0.002831, 0.007662, 0.515344, -0.856949, -1.2e-05, 0.0, 0.0, 0.0, 1.0],
                [0.999953, -0.009577, -0.001437, 0.124994, -0.008819, -0.839307, -0.543587, -0.002831, 0.004, 0.543574, -0.839352, -1.2e-05, 0.0, 0.0, 0.0, 1.0],
                [0.999998, -0.00188, -0.000403, 0.124994, -0.001779, -0.824987, -0.565148, -0.002831, 0.00073, 0.565148, -0.824989, -1.2e-05, 0.0, 0.0, 0.0, 1.0],
                [0.999993, 0.003521, 0.000931, 0.124994, 0.00341, -0.815413, -0.578869, -0.002831, -0.001279, 0.578868, -0.81542, -1.2e-05, 0.0, 0.0, 0.0, 1.0],
                [0.999984, 0.005414, 0.001612, 0.124994, 0.005334, -0.810828, -0.58526, -0.002831, -0.001862, 0.585259, -0.810844, -1.2e-05, 0.0, 0.0, 0.0, 1.0],
                [0.999987, 0.004904, 0.001567, 0.124994, 0.004889, -0.808953, -0.587853, -0.002831, -0.001615, 0.587853, -0.808966, -1.2e-05, 0.0, 0.0, 0.0, 1.0],
                [0.999994, 0.003298, 0.001111, 0.124994, 0.003319, -0.80819, -0.588912, -0.002831, -0.001044, 0.588912, -0.808196, -1.2e-05, 0.0, 0.0, 0.0, 1.0],
                [0.999998, 0.001925, 0.00024, 0.124994, 0.001726, -0.826314, -0.563206, -0.002831, -0.000886, 0.563206, -0.826316, -1.2e-05, 0.0, 0.0, 0.0, 1.0],
                [0.999999, 0.000537, -0.000652, 0.124994, 0.000114, -0.850307, -0.526286, -0.002831, -0.000837, 0.526286, -0.850307, -1.2e-05, 0.0, 0.0, 0.0, 1.0],
                [0.999999, -0.000725, -0.001286, 0.124994, -0.001262, -0.871764, -0.489925, -0.002831, -0.000766, 0.489926, -0.871764, -1.2e-05, 0.0, 0.0, 0.0, 1.0],
                [0.999998, -0.001202, -0.001595, 0.124994, -0.00179, -0.893537, -0.448985, -0.002831, -0.000885, 0.448987, -0.893538, -1.2e-05, 0.0, 0.0, 0.0, 1.0],
                [0.999997, 0.001962, -0.001429, 0.124994, 0.001465, -0.957177, -0.289499, -0.002831, -0.001936, 0.289496, -0.957177, -1.2e-05, 0.0, 0.0, 0.0, 1.0],
                [0.999976, 0.006854, -0.000788, 0.124994, 0.006846, -0.999926, -0.010036, -0.002831, -0.000857, 0.01003, -0.999949, -1.2e-05, 0.0, 0.0, 0.0, 1.0],
                [0.999935, 0.011329, 0.000766, 0.124994, 0.010599, -0.95548, 0.294865, -0.002831, 0.004073, -0.294838, -0.955539, -1.2e-05, 0.0, 0.0, 0.0, 1.0],
                [0.999886, 0.014721, 0.00321, 0.124994, 0.01076, -0.8468, 0.531802, -0.002831, 0.010547, -0.531707, -0.846863, -1.2e-05, 0.0, 0.0, 0.0, 1.0],
                [0.999847, 0.016599, 0.00547, 0.124994, 0.00892, -0.753797, 0.657047, -0.002831, 0.015029, -0.656898, -0.75383, -1.2e-05, 0.0, 0.0, 0.0, 1.0],
                [0.999833, 0.017136, 0.006357, 0.124994, 0.007962, -0.721415, 0.692457, -0.002831, 0.016452, -0.69229, -0.721431, -1.2e-05, 0.0, 0.0, 0.0, 1.0]
            ]
        },
        {
            "name": "Leg_R",
            "time": [0.0, 0.0167, 0.0333, 0.05, 0.0667, 0.0833, 0.1, 0.1167, 0.1333, 0.15, 0.1667, 0.1833, 0.2, 0.2167, 0.2333, 0.25, 0.2667, 0.2833, 0.3, 0.3167, 0.3333, 0.35, 0.3667, 0.3833, 0.4, 0.4167, 0.4333, 0.45, 0.4667, 0.4833, 0.5, 0.5167, 0.5333, 0.55, 0.5667, 0.5833, 0.6, 0.6167, 0.6333, 0.65, 0.6667, 0.6833, 0.7, 0.7167, 0.7333, 0.75, 0.7667, 0.7833, 0.8],
            "transform": [
                [0.998956, -0.035646, -0.028587, 0.0, 0.035758, 0.220384, 0.974758, 0.374721, -0.028446, -0.974762, 0.221428, 0.0, 0.0, 0.0, 0.0, 1.0],
                [0.998914, -0.035881, -0.029707, -0.0, 0.035994, 0.189709, 0.98118, 0.374721, -0.02957, -0.981185, 0.190794, -0.0, 0.0, 0.0, 0.0, 1.0],
                [0.998829, -0.036253, -0.032036, -0.0, 0.036368, 0.125927, 0.991373, 0.374721, -0.031906, -0.991377, 0.127098, 0.0, 0.0, 0.0, 0.0, 1.0],
                [0.998795, -0.036358, -0.032955, 0.0, 0.036473, 0.100762, 0.994242, 0.374721, -0.032828, -0.994246, 0.101967, 0.0, 0.0, 0.0, 0.0, 1.0],
                [0.998867, -0.036108, -0.031008, -0.0, 0.036222, 0.154076, 0.987395, 0.374721, -0.030875, -0.987399, 0.155209, 0.0, 0.0, 0.0, 0.0, 1.0],
                [0.998978, -0.035499, -0.027964, -0.0, 0.035611, 0.237426, 0.970753, 0.374721, -0.027822, -0.970757, 0.238448, 0.0, 0.0, 0.0, 0.0, 1.0],
                [0.999029, -0.035137, -0.026598, -0.0, 0.035248, 0.274821, 0.960849, 0.374721, -0.026452, -0.960853, 0.275792, 0.0, 0.0, 0.0, 0.0, 1.0],
                [0.999083, -0.034678, -0.025113, -0.0, 0.034787, 0.315503, 0.948287, 0.374721, -0.024961, -0.948291, 0.31642, 0.0, 0.0, 0.0, 0.0, 1.0],
                [0.99925, -0.032816, -0.020565, -0.0, 0.03292, 0.440024, 0.897382, 0.374721, -0.0204, -0.897386, 0.440774, 0.0, 0.0, 0.0, 0.0, 1.0],
                [0.999512, -0.028213, -0.013423, 0.0, 0.028302, 0.635603, 0.771497, 0.374721, -0.013235, -0.771501, 0.636091, -0.0, 0.0, 0.0, 0.0, 1.0],
                [0.999794, -0.019484, -0.005739, 0.0, 0.019545, 0.846013, 0.532803, 0.374721, -0.005526, -0.532805, 0.84622, 0.0, 0.0, 0.0, 0.0, 1.0],
                [0.999987, -0.005085, -0.00047, 0.0, 0.005101, 0.990271, 0.139062, 0.374721, -0.000241, -0.139062, 0.990284, 0.0, 0.0, 0.0, 0.0, 1.0],
                [1.0, -1.6e-05, -0.000115, 0.0, 1.6e-05, 1.0, 0.000435, 0.374721, 0.000115, -0.000435, 1.0, 0.0, 0.0, 0.0, 0.0, 1.0],
                [0.999949, -0.010006, -0.001511, -0.0, 0.010038, 0.961782, 0.273633, 0.374721, -0.001285, -0.273634, 0.961833, -0.0, 0.0, 0.0, 0.0, 1.0],
                [0.999839, -0.017391, -0.004515, -0.0, 0.017446, 0.879506, 0.475568, 0.374721, -0.004299, -0.47557, 0.879667, 0.0, 0.0, 0.0, 0.0, 1.0],
                [0.999699, -0.023094, -0.008331, -0.0, 0.023166, 0.775019, 0.631514, 0.374721, -0.008127, -0.631516, 0.77532, 0.0, 0.0, 0.0, 0.0, 1.0],
                [0.99955, -0.027313, -0.012372, -0.0, 0.027399, 0.664367, 0.746904, 0.374721, -0.012181, -0.746907, 0.664817, 0.0, 0.0, 0.0, 0.0, 1.0],
                [0.999417, -0.03016, -0.016012, -0.0, 0.030255, 0.564694, 0.824746, 0.374721, -0.015832, -0.824749, 0.565277, -0.0, 0.0, 0.0, 0.0, 1.0],
                [0.99931, -0.03196, -0.018924, 0.0, 0.03206, 0.484954, 0.873952, 0.374721, -0.018754, -0.873956, 0.485644, 0.0, 0.0, 0.0, 0.0, 1.0],
                [0.999233, -0.033041, -0.021032, -0.0, 0.033145, 0.427248, 0.903527, 0.374721, -0.020868, -0.903531, 0.428015, -0.0, 0.0, 0.0, 0.0, 1.0],
                [0.999191, -0.033555, -0.02217, 0.0, 0.033661, 0.396096, 0.917592, 0.374721, -0.022009, -0.917596, 0.396905, -0.0, 0.0, 0.0, 0.0, 1.0],
                [0.999189, -0.033585, -0.022239, -0.0, 0.033691, 0.394194, 0.918409, 0.374721, -0.022079, -0.918414, 0.395005, -0.0, 0.0, 0.0, 0.0, 1.0],
                [0.99922, -0.033204, -0.021382, -0.0, 0.033309, 0.417657, 0.907994, 0.374721, -0.021219, -0.907998, 0.418437, -0.0, 0.0, 0.0, 0.0, 1.0],
                [0.999272, -0.032513, -0.019961, 0.0, 0.032616, 0.456563, 0.889093, 0.374721, -0.019794, -0.889097, 0.457291, 0.0, 0.0, 0.0, 0.0, 1.0],
                [0.999332, -0.031624, -0.018332, -0.0, 0.031723, 0.50117, 0.864767, 0.374721, -0.01816, -0.864771, 0.501838, -0.0, 0.0, 0.0, 0.0, 1.0],
                [0.999404, -0.030391, -0.016354, -0.0, 0.030487, 0.555338, 0.831066, 0.374721, -0.016175, -0.831069, 0.555933, -0.0, 0.0, 0.0, 0.0, 1.0],
                [0.999502, -0.028425, -0.013682, -0.0, 0.028514, 0.628496, 0.77729, 0.374721, -0.013495, -0.777293, 0.628994, 0.0, 0.0, 0.0, 0.0, 1.0],
                [0.999621, -0.025456, -0.010433, -0.0, 0.025536, 0.717479, 0.696112, 0.374721, -0.010235, -0.696114, 0.717858, -0.0, 0.0, 0.0, 0.0, 1.0],
                [0.99975, -0.02124, -0.006917, 0.0, 0.021307, 0.813758, 0.580813, 0.374721, -0.006708, -0.580815, 0.814008, 0.0, 0.0, 0.0, 0.0, 1.0],
                [0.999875, -0.015398, -0.003515, -0.0, 0.015446, 0.906903, 0.421056, 0.374721, -0.003296, -0.421058, 0.907028, -0.0, 0.0, 0.0, 0.0, 1.0],
                [0.999988, -0.004941, -0.00045, -0.0, 0.004957, 0.990817, 0.135121, 0.374721, -0.000221, -0.135121, 0.990829, -0.0, 0.0, 0.0, 0.0, 1.0],
                [1.0, -1.6e-05, -0.000115, -0.0, 1.6e-05, 1.0, 0.000435, 0.374721, 0.000115, -0.000435, 1.0, -0.0, 0.0, 0.0, 0.0, 1.0],
                [1.0, -1.6e-05, -0.000115, -0.0, 1.6e-05, 1.0, 0.000435, 0.374721, 0.000115, -0.000435, 1.0, -0.0, 0.0, 0.0, 0.0, 1.0],
                [1.0, -1.6e-05, -0.000115, -0.0, 1.6e-05, 1.0, 0.000435, 0.374721, 0.000115, -0.000435, 1.0, -0.0, 0.0, 0.0, 0.0, 1.0],
                [1.0, -1.6e-05, -0.000115, -0.0, 1.6e-05, 1.0, 0.000435, 0.374721, 0.000115, -0.000435, 1.0, -0.0, 0.0, 0.0, 0.0, 1.0],
                [1.0, -1.6e-05, -0.000115, 0.0, 1.6e-05, 1.0, 0.000435, 0.374721, 0.000115, -0.000435, 1.0, -0.0, 0.0, 0.0, 0.0, 1.0],
                [1.0, -1.6e-05, -0.000115, -0.0, 1.6e-05, 1.0, 0.000435, 0.374721, 0.000115, -0.000435, 1.0, -0.0, 0.0, 0.0, 0.0, 1.0],
                [1.0, -1.6e-05, -0.000115, 0.0, 1.6e-05, 1.0, 0.000435, 0.374721, 0.000115, -0.000435, 1.0, 0.0, 0.0, 0.0, 0.0, 1.0],
                [1.0, -1.6e-05, -0.000115, 0.0, 1.6e-05, 1.0, 0.000434, 0.374721, 0.000115, -0.000434, 1.0, -0.0, 0.0, 0.0, 0.0, 1.0],
                [0.999997, -0.002222, -0.000183, -0.0, 0.002229, 0.99815, 0.060763, 0.374721, 4.7e-05, -0.060763, 0.998152, 0.0, 0.0, 0.0, 0.0, 1.0],
                [0.999987, -0.005132, -0.000477, 0.0, 0.005148, 0.990089, 0.140344, 0.374721, -0.000248, -0.140344, 0.990103, -0.0, 0.0, 0.0, 0.0, 1.0],
                [0.99997, -0.007719, -0.000939, 0.0, 0.007743, 0.97744, 0.211072, 0.374721, -0.000711, -0.211073, 0.97747, 0.0, 0.0, 0.0, 0.0, 1.0],
                [0.999944, -0.010452, -0.001641, 0.0, 0.010485, 0.958224, 0.285826, 0.374721, -0.001415, -0.285828, 0.95828, 0.0, 0.0, 0.0, 0.0, 1.0],
                [0.999798, -0.019293, -0.005619, -0.0, 0.019354, 0.849278, 0.527592, 0.374721, -0.005407, -0.527594, 0.849479, 0.0, 0.0, 0.0, 0.0, 1.0],
                [0.999482, -0.028859, -0.014231, 0.0, 0.02895, 0.613481, 0.789179, 0.374721, -0.014045, -0.789182, 0.613998, 0.0, 0.0, 0.0, 0.0, 1.0],
                [0.999165, -0.033854, -0.022881, -0.0, 0.03396, 0.376618, 0.925746, 0.374721, -0.022722, -0.92575, 0.377453, 0.0, 0.0, 0.0, 0.0, 1.0],
                [0.998992, -0.035408, -0.0276, 0.0, 0.03552, 0.247393, 0.968264, 0.374721, -0.027457, -0.968268, 0.248401, 0.0, 0.0, 0.0, 0.0, 1.0],
                [0.998953, -0.035659, -0.028644, -0.0, 0.035771, 0.218807, 0.975112, 0.374721, -0.028504, -0.975116, 0.219854, 0.0, 0.0, 0.0, 0.0, 1.0],
                [0.998956, -0.035646, -0.028587, 0.0, 0.035758, 0.220384, 0.974758, 0.374721, -0.028446, -0.974762, 0.221428, 0.0, 0.0, 0.0, 0.0, 1.0]
            ]
        },
        {
            "name": "Knee_R",
            "time": [0.0, 0.0167, 0.0333, 0.05, 0.0667, 0.0833, 0.1, 0.1167, 0.1333, 0.15, 0.1667, 0.1833, 0.2, 0.2167, 0.2333, 0.25, 0.2667, 0.2833, 0.3, 0.3167, 0.3333, 0.35, 0.3667, 0.3833, 0.4, 0.4167, 0.4333, 0.45, 0.4667, 0.4833, 0.5, 0.5167, 0.5333, 0.55, 0.5667, 0.5833, 0.6, 0.6167, 0.6333, 0.65, 0.6667, 0.6833, 0.7, 0.7167, 0.7333, 0.75, 0.7667, 0.7833, 0.8],
            "transform": [
                [1.0, -5.7e-05, 5.7e-05, -4e-06, 5.7e-05, 0.001565, -0.999999, 0.445254, 5.7e-05, 0.999999, 0.001565, -0.00011, 0.0, 0.0, 0.0, 1.0],
                [1.0, -5.7e-05, 5.7e-05, -4e-06, 5.7e-05, 0.001565, -0.999999, 0.447945, 5.7e-05, 0.999999, 0.001565, -0.000115, 0.0, 0.0, 0.0, 1.0],
                [1.0, -5.7e-05, 5.7e-05, -5e-06, 5.7e-05, 0.001565, -0.999999, 0.453493, 5.7e-05, 0.999999, 0.001565, -0.000123, 0.0, 0.0, 0.0, 1.0],
                [1.0, -5.7e-05, 5.7e-05, -5e-06, 5.7e-05, 0.001565, -0.999999, 0.455668, 5.7e-05, 0.999999, 0.001565, -0.000127, 0.0, 0.0, 0.0, 1.0],
                [1.0, -5.7e-05, 5.7e-05, -4e-06, 5.7e-05, 0.001565, -0.999999, 0.451052, 5.7e-05, 0.999999, 0.001565, -0.000119, 0.0, 0.0, 0.0, 1.0],
                [1.0, -5.7e-05, 5.7e-05, -4e-06, 5.7e-05, 0.001565, -0.999999, 0.443751, 5.7e-05, 0.999999, 0.001565, -0.000108, 0.0, 0.0, 0.0, 1.0],
                [1.0, -5.7e-05, 5.7e-05, -4e-06, 5.7e-05, 0.001565, -0.999999, 0.440429, 5.7e-05, 0.999999, 0.001565, -0.000103, 0.0, 0.0, 0.0, 1.0],
                [1.0, -5.7e-05, 5.7e-05, -4e-06, 5.7e-05, 0.001565, -0.999999, 0.436773, 5.7e-05, 0.999999, 0.001565, -9.7e-05, 0.0, 0.0, 0.0, 1.0],
                [1.0, -5.7e-05, 5.7e-05, -3e-06, 5.7e-05, 0.001565, -0.999999, 0.425213, 5.7e-05, 0.999999, 0.001565, -7.9e-05, 0.0, 0.0, 0.0, 1.0],
                [1.0, -5.7e-05, 5.7e-05, -2e-06, 5.7e-05, 0.001565, -0.999999, 0.405194, 5.7e-05, 0.999999, 0.001565, -4.8e-05, 0.0, 0.0, 0.0, 1.0],
                [1.0, -5.7e-05, 5.7e-05, -0.0, 5.7e-05, 0.001565, -0.999999, 0.377745, 5.7e-05, 0.999999, 0.001565, -5e-06, 0.0, 0.0, 0.0, 1.0],
                [1.0, -5.7e-05, 5.7e-05, -0.0, 5.7e-05, 0.001565, -0.999999, 0.374721, 5.7e-05, 0.999999, 0.001565, -0.0, 0.0, 0.0, 0.0, 1.0],
                [1.0, -5.7e-05, 5.7e-05, 0.0, 5.7e-05, 0.001565, -0.999999, 0.374721, 5.7e-05, 0.999999, 0.001565, 0.0, 0.0, 0.0, 0.0, 1.0],
                [1.0, -5.7e-05, 5.7e-05, -0.0, 5.7e-05, 0.001565, -0.999999, 0.374721, 5.7e-05, 0.999999, 0.001565, 0.0, 0.0, 0.0, 0.0, 1.0],
                [1.0, -5.7e-05, 5.7e-05, 0.0, 5.7e-05, 0.001565, -0.999999, 0.374721, 5.7e-05, 0.999999, 0.001565, -0.0, 0.0, 0.0, 0.0, 1.0],
                [1.0, -5.7e-05, 5.7e-05, -1e-06, 5.7e-05, 0.001565, -0.999999, 0.388197, 5.7e-05, 0.999999, 0.001565, -2.1e-05, 0.0, 0.0, 0.0, 1.0],
                [1.0, -5.7e-05, 5.7e-05, -2e-06, 5.7e-05, 0.001565, -0.999999, 0.401944, 5.7e-05, 0.999999, 0.001565, -4.3e-05, 0.0, 0.0, 0.0, 1.0],
                [1.0, -5.7e-05, 5.7e-05, -2e-06, 5.7e-05, 0.001565, -0.999999, 0.412812, 5.7e-05, 0.999999, 0.001565, -6e-05, 0.0, 0.0, 0.0, 1.0],
                [1.0, -5.7e-05, 5.7e-05, -3e-06, 5.7e-05, 0.001565, -0.999999, 0.420861, 5.7e-05, 0.999999, 0.001565, -7.2e-05, 0.0, 0.0, 0.0, 1.0],
                [1.0, -5.7e-05, 5.7e-05, -3e-06, 5.7e-05, 0.001565, -0.999999, 0.42643, 5.7e-05, 0.999999, 0.001565, -8.1e-05, 0.0, 0.0, 0.0, 1.0],
                [1.0, -5.7e-05, 5.7e-05, -3e-06, 5.7e-05, 0.001565, -0.999999, 0.429365, 5.7e-05, 0.999999, 0.001565, -8.6e-05, 0.0, 0.0, 0.0, 1.0],
                [1.0, -5.7e-05, 5.7e-05, -3e-06, 5.7e-05, 0.001565, -0.999999, 0.429543, 5.7e-05, 0.999999, 0.001565, -8.6e-05, 0.0, 0.0, 0.0, 1.0],
                [1.0, -5.7e-05, 5.7e-05, -3e-06, 5.7e-05, 0.001565, -0.999999, 0.427339, 5.7e-05, 0.999999, 0.001565, -8.2e-05, 0.0, 0.0, 0.0, 1.0],
                [1.0, -5.7e-05, 5.7e-05, -3e-06, 5.7e-05, 0.001565, -0.999999, 0.423624, 5.7e-05, 0.999999, 0.001565, -7.6e-05, 0.0, 0.0, 0.0, 1.0],
                [1.0, -5.7e-05, 5.7e-05, -3e-06, 5.7e-05, 0.001565, -0.999999, 0.419261, 5.7e-05, 0.999999, 0.001565, -7e-05, 0.0, 0.0, 0.0, 1.0],
                [1.0, -5.7e-05, 5.7e-05, -2e-06, 5.7e-05, 0.001565, -0.999999, 0.413781, 5.7e-05, 0.999999, 0.001565, -6.1e-05, 0.0, 0.0, 0.0, 1.0],
                [1.0, -5.7e-05, 5.7e-05, -2e-06, 5.7e-05, 0.001565, -0.999999, 0.405981, 5.7e-05, 0.999999, 0.001565, -4.9e-05, 0.0, 0.0, 0.0, 1.0],
                [1.0, -5.7e-05, 5.7e-05, -1e-06, 5.7e-05, 0.001565, -0.999999, 0.39563, 5.7e-05, 0.999999, 0.001565, -3.3e-05, 0.0, 0.0, 0.0, 1.0],
                [1.0, -5.7e-05, 5.7e-05, -0.0, 5.7e-05, 0.001565, -0.999999, 0.382715, 5.7e-05, 0.999999, 0.001565, -1.3e-05, 0.0, 0.0, 0.0, 1.0],
                [1.0, -5.7e-05, 5.7e-05, 0.0, 5.7e-05, 0.001565, -0.999999, 0.374721, 5.7e-05, 0.999999, 0.001565, -0.0, 0.0, 0.0, 0.0, 1.0],
                [1.0, -5.7e-05, 5.7e-05, -0.0, 5.7e-05, 0.001565, -0.999999, 0.37472, 5.7e-05, 0.999999, 0.001565, -0.0, 0.0, 0.0, 0.0, 1.0],
                [1.0, -5.7e-05, 5.7e-05, -0.0, 5.7e-05, 0.001565, -0.999999, 0.374721, 5.7e-05, 0.999999, 0.001565, -0.0, 0.0, 0.0, 0.0, 1.0],
                [1.0, -5.7e-05, 5.7e-05, -0.0, 5.7e-05, 0.001565, -0.999999, 0.374721, 5.7e-05, 0.999999, 0.001565, -0.0, 0.0, 0.0, 0.0, 1.0],
                [1.0, -5.7e-05, 5.7e-05, -0.0, 5.7e-05, 0.001565, -0.999999, 0.374721, 5.7e-05, 0.999999, 0.001565, -0.0, 0.0, 0.0, 0.0, 1.0],
                [1.0, -5.7e-05, 5.7e-05, -0.0, 5.7e-05, 0.001565, -0.999999, 0.374721, 5.7e-05, 0.999999, 0.001565, 0.0, 0.0, 0.0, 0.0, 1.0],
                [1.0, -5.7e-05, 5.7e-05, -0.0, 5.7e-05, 0.001565, -0.999999, 0.374721, 5.7e-05, 0.999999, 0.001565, -0.0, 0.0, 0.0, 0.0, 1.0],
                [1.0, -5.7e-05, 5.7e-05, -0.0, 5.7e-05, 0.001565, -0.999999, 0.374721, 5.7e-05, 0.999999, 0.001565, 0.0, 0.0, 0.0, 0.0, 1.0],
                [1.0, -5.7e-05, 5.7e-05, 0.0, 5.7e-05, 0.001565, -0.999999, 0.374721, 5.7e-05, 0.999999, 0.001565, 0.0, 0.0, 0.0, 0.0, 1.0],
                [1.0, -5.7e-05, 5.7e-05, 0.0, 5.7e-05, 0.001565, -0.999999, 0.374721, 5.7e-05, 0.999999, 0.001565, -0.0, 0.0, 0.0, 0.0, 1.0],
                [1.0, -5.7e-05, 5.7e-05, -0.0, 5.7e-05, 0.001565, -0.999999, 0.374721, 5.7e-05, 0.999999, 0.001565, 0.0, 0.0, 0.0, 0.0, 1.0],
                [1.0, -5.7e-05, 5.7e-05, 0.0, 5.7e-05, 0.001565, -0.999999, 0.374721, 5.7e-05, 0.999999, 0.001565, -0.0, 0.0, 0.0, 0.0, 1.0],
                [1.0, -5.7e-05, 5.7e-05, 0.0, 5.7e-05, 0.001565, -0.999999, 0.374721, 5.7e-05, 0.999999, 0.001565, 0.0, 0.0, 0.0, 0.0, 1.0],
                [1.0, -5.7e-05, 5.7e-05, -0.0, 5.7e-05, 0.001565, -0.999999, 0.374721, 5.7e-05, 0.999999, 0.001565, -0.0, 0.0, 0.0, 0.0, 1.0],
                [1.0, -5.7e-05, 5.7e-05, -0.0, 5.7e-05, 0.001565, -0.999999, 0.377217, 5.7e-05, 0.999999, 0.001565, -4e-06, 0.0, 0.0, 0.0, 1.0],
                [1.0, -5.7e-05, 5.7e-05, -2e-06, 5.7e-05, 0.001565, -0.999999, 0.407626, 5.7e-05, 0.999999, 0.001565, -5.1e-05, 0.0, 0.0, 0.0, 1.0],
                [1.0, -5.7e-05, 5.7e-05, -3e-06, 5.7e-05, 0.001565, -0.999999, 0.431178, 5.7e-05, 0.999999, 0.001565, -8.8e-05, 0.0, 0.0, 0.0, 1.0],
                [1.0, -5.7e-05, 5.7e-05, -4e-06, 5.7e-05, 0.001565, -0.999999, 0.442869, 5.7e-05, 0.999999, 0.001565, -0.000107, 0.0, 0.0, 0.0, 1.0],
                [1.0, -5.7e-05, 5.7e-05, -4e-06, 5.7e-05, 0.001565, -0.999999, 0.445393, 5.7e-05, 0.999999, 0.001565, -0.000111, 0.0, 0.0, 0.0, 1.0],
                [1.0, -5.7e-05, 5.7e-05, -4e-06, 5.7e-05, 0.001565, -0.999999, 0.445254, 5.7e-05, 0.999999, 0.001565, -0.00011, 0.0, 0.0, 0.0, 1.0]
            ]
        },
        {
            "name": "Thigh_L",
            "time": [0.0, 0.0167, 0.0333, 0.05, 0.0667, 0.0833, 0.1, 0.1167, 0.1333, 0.15, 0.1667, 0.1833, 0.2, 0.2167, 0.2333, 0.25, 0.2667, 0.2833, 0.3, 0.3167, 0.3333, 0.35, 0.3667, 0.3833, 0.4, 0.4167, 0.4333, 0.45, 0.4667, 0.4833, 0.5, 0.5167, 0.5333, 0.55, 0.5667, 0.5833, 0.6, 0.6167, 0.6333, 0.65, 0.6667, 0.6833, 0.7, 0.7167, 0.7333, 0.75, 0.7667, 0.7833, 0.8],
            "transform": [
                [0.999763, 0.013937, -0.016722, -0.125006, 0.0198, -0.901401, 0.432532, -0.002831, -0.009045, -0.432761, -0.901463, -1.2e-05, 0.0, 0.0, 0.0, 1.0],
                [0.999755, 0.014548, -0.016655, -0.125006, 0.020084, -0.912561, 0.408447, -0.002831, -0.009257, -0.408682, -0.91263, -1.2e-05, 0.0, 0.0, 0.0, 1.0],
                [0.999735, 0.016401, -0.01619, -0.125006, 0.020834, -0.943514, 0.330677, -0.002831, -0.009852, -0.330926, -0.943605, -1.2e-05, 0.0, 0.0, 0.0, 1.0],
                [0.999707, 0.019217, -0.014698, -0.125006, 0.021725, -0.980396, 0.195833, -0.002831, -0.010646, -0.196095, -0.980527, -1.2e-05, 0.0, 0.0, 0.0, 1.0],
                [0.999686, 0.02215, -0.011752, -0.125006, 0.022363, -0.999583, 0.01827, -0.002831, -0.011342, -0.018527, -0.999764, -1.2e-05, 0.0, 0.0, 0.0, 1.0],
                [0.999677, 0.024248, -0.007583, -0.125006, 0.022549, -0.98433, -0.174886, -0.002831, -0.011705, 0.174659, -0.98456, -1.2e-05, 0.0, 0.0, 0.0, 1.0],
                [0.999683, 0.025078, -0.002121, -0.125006, 0.022301, -0.921729, -0.387192, -0.002831, -0.011665, 0.387023, -0.921996, -1.2e-05, 0.0, 0.0, 0.0, 1.0],
                [0.999738, 0.022898, 0.000658, -0.125006, 0.020368, -0.875362, -0.483038, -0.002831, -0.010484, 0.482924, -0.875599, -1.2e-05, 0.0, 0.0, 0.0, 1.0],
                [0.999849, 0.01732, 0.001495, -0.125006, 0.015613, -0.8568, -0.515412, -0.002831, -0.007646, 0.515357, -0.856941, -1.2e-05, 0.0, 0.0, 0.0, 1.0],
                [0.999953, 0.009584, 0.001462, -0.125006, 0.008839, -0.839298, -0.5436, -0.002831, -0.003983, 0.543587, -0.839343, -1.2e-05, 0.0, 0.0, 0.0, 1.0],
                [0.999998, 0.001888, 0.000428, -0.125006, 0.001799, -0.824978, -0.565161, -0.002831, -0.000714, 0.565161, -0.82498, -1.2e-05, 0.0, 0.0, 0.0, 1.0],
                [0.999993, -0.003513, -0.000905, -0.125006, -0.003389, -0.815404, -0.578882, -0.002831, 0.001296, 0.578881, -0.815411, -1.2e-05, 0.0, 0.0, 0.0, 1.0],
                [0.999984, -0.005406, -0.001586, -0.125006, -0.005312, -0.810819, -0.585273, -0.002831, 0.001878, 0.585272, -0.810835, -1.2e-05, 0.0, 0.0, 0.0, 1.0],
                [0.999987, -0.004896, -0.001541, -0.125006, -0.004867, -0.808944, -0.587866, -0.002831, 0.001632, 0.587866, -0.808957, -1.2e-05, 0.0, 0.0, 0.0, 1.0],
                [0.999994, -0.00329, -0.001084, -0.125006, -0.003297, -0.808181, -0.588925, -0.002831, 0.001061, 0.588925, -0.808187, -1.2e-05, 0.0, 0.0, 0.0, 1.0],
                [1.0, -0.000815, -0.00023, -0.125006, -0.000803, -0.826357, -0.563146, -0.002831, 0.000269, 0.563146, -0.826358, -1.2e-05, 0.0, 0.0, 0.0, 1.0],
                [0.999998, 0.002033, 0.000588, -0.125006, 0.002038, -0.850328, -0.526249, -0.002831, -0.00057, 0.526249, -0.85033, -1.2e-05, 0.0, 0.0, 0.0, 1.0],
                [0.999989, 0.004602, 0.001106, -0.125006, 0.004554, -0.871785, -0.489866, -0.002831, -0.00129, 0.489866, -0.871797, -1.2e-05, 0.0, 0.0, 0.0, 1.0],
                [0.999978, 0.006478, 0.001238, -0.125006, 0.006344, -0.893559, -0.448901, -0.002831, -0.001802, 0.448899, -0.893581, -1.2e-05, 0.0, 0.0, 0.0, 1.0],
                [0.999968, 0.008001, 0.000442, -0.125006, 0.007691, -0.942787, -0.333306, -0.002831, -0.00225, 0.333299, -0.942819, -1.2e-05, 0.0, 0.0, 0.0, 1.0],
                [0.999956, 0.009254, -0.001705, -0.125006, 0.00897, -0.99222, -0.124176, -0.002831, -0.002841, 0.124155, -0.992259, -1.2e-05, 0.0, 0.0, 0.0, 1.0],
                [0.999941, 0.009655, -0.0049, -0.125006, 0.010207, -0.991566, 0.129201, -0.002831, -0.003611, -0.129243, -0.991606, -1.2e-05, 0.0, 0.0, 0.0, 1.0],
                [0.999924, 0.008933, -0.008481, -0.125006, 0.011454, -0.927528, 0.373577, -0.002831, -0.004529, -0.373646, -0.92756, -1.2e-05, 0.0, 0.0, 0.0, 1.0],
                [0.999904, 0.00741, -0.011726, -0.125006, 0.012733, -0.825601, 0.56411, -0.002831, -0.005501, -0.564205, -0.825617, -1.2e-05, 0.0, 0.0, 0.0, 1.0],
                [0.999882, 0.005651, -0.01432, -0.125006, 0.013997, -0.721029, 0.692763, -0.002831, -0.00641, -0.692882, -0.721023, -1.2e-05, 0.0, 0.0, 0.0, 1.0],
                [0.999928, 0.002404, -0.011722, -0.125006, 0.010795, -0.603821, 0.797046, -0.002831, -0.005162, -0.797116, -0.603804, -1.2e-05, 0.0, 0.0, 0.0, 1.0],
                [0.99999, -0.000102, 0.004475, -0.125006, -0.004025, -0.457951, 0.888968, -0.002831, 0.001958, -0.888977, -0.457947, -1.2e-05, 0.0, 0.0, 0.0, 1.0],
                [0.999215, 0.005886, 0.039186, -0.125006, -0.035344, -0.314758, 0.948514, -0.002831, 0.017917, -0.949154, -0.314303, -1.2e-05, 0.0, 0.0, 0.0, 1.0],
                [0.995529, 0.024783, 0.091147, -0.125006, -0.083899, -0.211293, 0.973815, -0.002831, 0.043393, -0.977109, -0.208269, -1.2e-05, 0.0, 0.0, 0.0, 1.0],
                [0.988447, 0.048429, 0.14362, -0.125006, -0.134332, -0.158922, 0.97811, -0.002831, 0.070193, -0.986103, -0.150581, -1.2e-05, 0.0, 0.0, 0.0, 1.0],
                [0.984334, 0.059178, 0.166088, -0.125006, -0.15617, -0.144619, 0.977086, -0.002831, 0.081841, -0.987716, -0.133112, -1.2e-05, 0.0, 0.0, 0.0, 1.0],
                [0.989495, 0.042727, 0.138112, -0.125006, -0.128482, -0.178079, 0.975592, -0.002831, 0.066279, -0.983088, -0.170719, -1.2e-05, 0.0, 0.0, 0.0, 1.0],
                [0.997225, 0.012734, 0.073353, -0.125006, -0.066826, -0.281219, 0.957314, -0.002831, 0.032819, -0.959559, -0.279588, -1.2e-05, 0.0, 0.0, 0.0, 1.0],
                [0.99995, -0.000303, 0.010007, -0.125006, -0.009121, -0.43972, 0.898088, -0.002831, 0.004129, -0.898135, -0.439701, -1.2e-05, 0.0, 0.0, 0.0, 1.0],
                [0.999526, 0.008293, -0.029633, -0.125006, 0.028459, -0.615393, 0.787707, -0.002831, -0.011704, -0.788177, -0.615337, -1.2e-05, 0.0, 0.0, 0.0, 1.0],
                [0.99871, 0.026355, -0.043408, -0.125006, 0.047565, -0.784906, 0.617786, -0.002831, -0.01779, -0.619054, -0.785147, -1.2e-05, 0.0, 0.0, 0.0, 1.0],
                [0.99842, 0.033814, -0.044887, -0.125006, 0.053075, -0.829922, 0.555349, -0.002831, -0.018475, -0.556854, -0.830405, -1.2e-05, 0.0, 0.0, 0.0, 1.0],
                [0.998706, 0.025519, -0.043995, -0.125006, 0.048306, -0.746625, 0.663489, -0.002831, -0.015916, -0.664755, -0.746892, -1.2e-05, 0.0, 0.0, 0.0, 1.0],
                [0.999331, 0.015741, -0.033015, -0.125006, 0.034901, -0.680362, 0.732044, -0.002831, -0.010939, -0.732707, -0.680457, -1.2e-05, 0.0, 0.0, 0.0, 1.0],
                [0.999859, 0.006389, -0.015511, -0.125006, 0.016062, -0.631273, 0.775394, -0.002831, -0.004838, -0.775534, -0.631287, -1.2e-05, 0.0, 0.0, 0.0, 1.0],
                [0.999997, -0.000825, 0.002187, -0.125006, -0.002243, -0.601812, 0.798634, -0.002831, 0.000657, -0.798637, -0.601813, -1.2e-05, 0.0, 0.0, 0.0, 1.0],
                [0.999887, -0.005201, 0.014139, -0.125006, -0.014472, -0.592455, 0.805473, -0.002831, 0.004188, -0.805586, -0.592464, -1.2e-05, 0.0, 0.0, 0.0, 1.0],
                [0.999819, -0.00674, 0.017805, -0.125006, -0.018293, -0.599198, 0.800391, -0.002831, 0.005274, -0.800572, -0.599213, -1.2e-05, 0.0, 0.0, 0.0, 1.0],
                [0.999875, -0.006006, 0.014645, -0.125006, -0.015167, -0.628184, 0.777916, -0.002831, 0.004528, -0.778041, -0.628197, -1.2e-05, 0.0, 0.0, 0.0, 1.0],
                [0.999971, -0.003266, 0.006863, -0.125006, -0.007222, -0.689859, 0.723908, -0.002831, 0.00237, -0.723937, -0.689863, -1.2e-05, 0.0, 0.0, 0.0, 1.0],
                [0.999995, 0.001639, -0.002848, -0.125006, 0.003077, -0.77113, 0.63667, -0.002831, -0.001153, -0.636675, -0.771131, -1.2e-05, 0.0, 0.0, 0.0, 1.0],
                [0.999912, 0.007584, -0.010857, -0.125006, 0.012226, -0.843767, 0.53657, -0.002831, -0.005091, -0.536656, -0.843786, -1.2e-05, 0.0, 0.0, 0.0, 1.0],
                [0.999807, 0.012249, -0.015373, -0.125006, 0.017949, -0.887765, 0.459947, -0.002831, -0.008013, -0.460135, -0.887813, -1.2e-05, 0.0, 0.0, 0.0, 1.0],
                [0.999763, 0.013937, -0.016722, -0.125006, 0.0198, -0.901401, 0.432532, -0.002831, -0.009045, -0.432761, -0.901463, -1.2e-05, 0.0, 0.0, 0.0, 1.0]
            ]
        },
        {
            "name": "Leg_L",
            "time": [0.0, 0.0167, 0.0333, 0.05, 0.0667, 0.0833, 0.1, 0.1167, 0.1333, 0.15, 0.1667, 0.1833, 0.2, 0.2167, 0.2333, 0.25, 0.2667, 0.2833, 0.3, 0.3167, 0.3333, 0.35, 0.3667, 0.3833, 0.4, 0.4167, 0.4333, 0.45, 0.4667, 0.4833, 0.5, 0.5167, 0.5333, 0.55, 0.5667, 0.5833, 0.6, 0.6167, 0.6333, 0.65, 0.6667, 0.6833, 0.7, 0.7167, 0.7333, 0.75, 0.7667, 0.7833, 0.8],
            "transform": [
                [1.0, 6.6e-05, 3.9e-05, -0.0, -6.7e-05, 0.501146, 0.865362, 0.374721, 3.8e-05, -0.865362, 0.501146, 0.0, 0.0, 0.0, 0.0, 1.0],
                [1.0, 6.5e-05, 3.8e-05, 0.0, -6.6e-05, 0.512306, 0.858803, 0.374721, 3.7e-05, -0.858803, 0.512306, -0.0, 0.0, 0.0, 0.0, 1.0],
                [1.0, 6.3e-05, 3.5e-05, 0.0, -6.4e-05, 0.55298, 0.833195, 0.374721, 3.4e-05, -0.833195, 0.55298, -0.0, 0.0, 0.0, 0.0, 1.0],
                [1.0, 5.9e-05, 2.8e-05, 0.0, -5.9e-05, 0.636054, 0.771645, 0.374721, 2.7e-05, -0.771645, 0.636054, -0.0, 0.0, 0.0, 0.0, 1.0],
                [1.0, 5e-05, 1.9e-05, 0.0, -5e-05, 0.758209, 0.652012, 0.374721, 1.8e-05, -0.652012, 0.758209, -0.0, 0.0, 0.0, 0.0, 1.0],
                [1.0, 3.5e-05, 9e-06, 0.0, -3.5e-05, 0.888999, 0.45791, 0.374721, 8e-06, -0.45791, 0.888998, 0.0, 0.0, 0.0, 0.0, 1.0],
                [1.0, 1e-05, 1e-06, 0.0, -1e-05, 0.990818, 0.1352, 0.374721, -0.0, -0.1352, 0.990818, -0.0, 0.0, 0.0, 0.0, 1.0],
                [1.0, 0.0, 1e-06, 0.0, -0.0, 1.0, 0.000403, 0.374721, -1e-06, -0.000403, 1.0, 0.0, 0.0, 0.0, 0.0, 1.0],
