{
    "animation": [
        {
            "name": "Root",
            "time": [0.0, 0.0167, 0.0333, 0.05, 0.0667, 0.0833, 0.1, 0.1167, 0.1333, 0.15, 0.1667, 0.1833, 0.2, 0.2167, 0.2333, 0.25, 0.2667, 0.2833, 0.3, 0.3167, 0.3333, 0.35, 0.3667, 0.3833, 0.4, 0.4167, 0.4333, 0.45, 0.4667, 0.4833, 0.5, 0.5167, 0.5333, 0.55, 0.5667, 0.5833, 0.6, 0.6167, 0.6333, 0.65, 0.6667, 0.6833, 0.7, 0.7167, 0.7333, 0.75, 0.7667, 0.7833, 0.8, 0.8167, 0.8333, 0.85, 0.8667, 0.8833, 0.9, 0.9167, 0.9333, 0.95, 0.9667, 0.9833, 1.0, 1.0167, 1.0333, 1.05, 1.0667, 1.0833, 1.1, 1.1167, 1.1333, 1.15, 1.1667, 1.1833, 1.2, 1.2167, 1.2333, 1.25, 1.2667, 1.2833, 1.3, 1.3167, 1.3333, 1.35, 1.3667, 1.3833, 1.4, 1.4167, 1.4333, 1.45, 1.4667, 1.4833, 1.5],
            "transform": [
                [0.900842, 0.0, -0.434148, -5e-06, -0.434148, 0.0, -0.900842, 0.000946, 0.0, 1.0, 0.0, 0.739346, 0.0, 0.0, 0.0, 1.0],
                [0.900842, 0.0, -0.434148, -5e-06, -0.434148, 0.0, -0.900842, 0.000946, 0.0, 1.0, 0.0, 0.739346, 0.0, 0.0, 0.0, 1.0],
                [0.900842, 0.0, -0.434148, -5e-06, -0.434148, 0.0, -0.900842, 0.000946, 0.0, 1.0, 0.0, 0.739346, 0.0, 0.0, 0.0, 1.0],
                [0.900842, 0.0, -0.434148, -5e-06, -0.434148, 0.0, -0.900842, 0.000946, 0.0, 1.0, 0.0, 0.739346, 0.0, 0.0, 0.0, 1.0],
                [0.900842, 0.0, -0.434148, -5e-06, -0.434148, 0.0, -0.900842, 0.000946, 0.0, 1.0, 0.0, 0.739346, 0.0, 0.0, 0.0, 1.0],
                [0.900842, 0.0, -0.434148, -5e-06, -0.434148, 0.0, -0.900842, 0.000946, 0.0, 1.0, 0.0, 0.739346, 0.0, 0.0, 0.0, 1.0],
                [0.900842, 0.0, -0.434148, -5e-06, -0.434148, 0.0, -0.900842, 0.000946, 0.0, 1.0, 0.0, 0.739346, 0.0, 0.0, 0.0, 1.0],
                [0.900842, 0.0, -0.434148, -5e-06, -0.434148, 0.0, -0.900842, 0.000946, 0.0, 1.0, 0.0, 0.739346, 0.0, 0.0, 0.0, 1.0],
                [0.900842, 0.0, -0.434148, -5e-06, -0.434148, 0.0, -0.900842, 0.000946, 0.0, 1.0, 0.0, 0.739346, 0.0, 0.0, 0.0, 1.0],
                [0.900842, 0.0, -0.434148, -5e-06, -0.434148, 0.0, -0.900842, 0.000946, 0.0, 1.0, 0.0, 0.739346, 0.0, 0.0, 0.0, 1.0],
                [0.900842, 0.0, -0.434148, -5e-06, -0.434148, 0.0, -0.900842, 0.000946, 0.0, 1.0, 0.0, 0.739346, 0.0, 0.0, 0.0, 1.0],
                [0.900842, 0.0, -0.434148, -5e-06, -0.434148, 0.0, -0.900842, 0.000946, 0.0, 1.0, 0.0, 0.739346, 0.0, 0.0, 0.0, 1.0],
                [0.900842, 0.0, -0.434148, -5e-06, -0.434148, 0.0, -0.900842, 0.000946, 0.0, 1.0, 0.0, 0.739346, 0.0, 0.0, 0.0, 1.0],
                [0.907115, 0.0, -0.420882, -5e-06, -0.420882, 0.0, -0.907115, 0.007491, 0.0, 1.0, 0.0, 0.734236, 0.0, 0.0, 0.0, 1.0],
                [0.924985, 0.0, -0.380004, -5e-06, -0.380004, 0.0, -0.924985, 0.027247, 0.0, 1.0, 0.0, 0.718812, 0.0, 0.0, 0.0, 1.0],
                [0.950712, 0.0, -0.310076, -5e-06, -0.310076, 0.0, -0.950712, 0.059823, 0.0, 1.0, 0.0, 0.693377, 0.0, 0.0, 0.0, 1.0],
                [0.977384, 0.0, -0.211473, -5e-06, -0.211473, 0.0, -0.977384, 0.103792, 0.0, 1.0, 0.0, 0.659048, 0.0, 0.0, 0.0, 1.0],
                [0.996048, 0.0, -0.088813, -5e-06, -0.088813, 0.0, -0.996048, 0.156444, 0.0, 1.0, 0.0, 0.61794, 0.0, 0.0, 0.0, 1.0],
                [0.998869, 0.0, 0.047541, -5e-06, 0.047541, 0.0, -0.998869, 0.21383, 0.0, 1.0, 0.0, 0.573135, 0.0, 0.0, 0.0, 1.0],
                [0.983111, 0.0, 0.183011, -5e-06, 0.183011, 0.0, -0.983111, 0.271217, 0.0, 1.0, 0.0, 0.528331, 0.0, 0.0, 0.0, 1.0],
                [0.952881, 0.0, 0.303344, -5e-06, 0.303344, 0.0, -0.952881, 0.323869, 0.0, 1.0, 0.0, 0.487222, 0.0, 0.0, 0.0, 1.0],
                [0.916965, 0.0, 0.398968, -5e-06, 0.398968, 0.0, -0.916965, 0.367837, 0.0, 1.0, 0.0, 0.452893, 0.0, 0.0, 0.0, 1.0],
                [0.884713, 0.0, 0.466136, -5e-06, 0.466136, 0.0, -0.884713, 0.400414, 0.0, 1.0, 0.0, 0.427459, 0.0, 0.0, 0.0, 1.0],
                [0.863042, 0.0, 0.505133, -5e-06, 0.505133, 0.0, -0.863042, 0.42017, 0.0, 1.0, 0.0, 0.412034, 0.0, 0.0, 0.0, 1.0],
                [0.855536, 0.0, 0.517743, -5e-06, 0.517743, 0.0, -0.855536, 0.426714, 0.0, 1.0, 0.0, 0.406925, 0.0, 0.0, 0.0, 1.0],
                [0.855536, 0.0, 0.517743, -5e-06, 0.517743, 0.0, -0.855536, 0.426714, 0.0, 1.0, 0.0, 0.407126, 0.0, 0.0, 0.0, 1.0],
                [0.855536, 0.0, 0.517743, -5e-06, 0.517743, 0.0, -0.855536, 0.426714, 0.0, 1.0, 0.0, 0.40773, 0.0, 0.0, 0.0, 1.0],
                [0.855536, 0.0, 0.517743, -5e-06, 0.517743, 0.0, -0.855536, 0.426714, 0.0, 1.0, 0.0, 0.408732, 0.0, 0.0, 0.0, 1.0],
                [0.855536, 0.0, 0.517743, -5e-06, 0.517743, 0.0, -0.855536, 0.426714, 0.0, 1.0, 0.0, 0.41013, 0.0, 0.0, 0.0, 1.0],
                [0.855536, 0.0, 0.517743, -5e-06, 0.517743, 0.0, -0.855536, 0.426714, 0.0, 1.0, 0.0, 0.41192, 0.0, 0.0, 0.0, 1.0],
                [0.855536, 0.0, 0.517743, -5e-06, 0.517743, 0.0, -0.855536, 0.426714, 0.0, 1.0, 0.0, 0.414097, 0.0, 0.0, 0.0, 1.0],
                [0.855536, 0.0, 0.517743, -5e-06, 0.517743, 0.0, -0.855536, 0.426714, 0.0, 1.0, 0.0, 0.416655, 0.0, 0.0, 0.0, 1.0],
                [0.855536, 0.0, 0.517743, -5e-06, 0.517743, 0.0, -0.855536, 0.426714, 0.0, 1.0, 0.0, 0.419588, 0.0, 0.0, 0.0, 1.0],
                [0.855536, 0.0, 0.517743, -5e-06, 0.517743, 0.0, -0.855536, 0.426714, 0.0, 1.0, 0.0, 0.42289, 0.0, 0.0, 0.0, 1.0],
                [0.855536, 0.0, 0.517743, -5e-06, 0.517743, 0.0, -0.855536, 0.426714, 0.0, 1.0, 0.0, 0.426551, 0.0, 0.0, 0.0, 1.0],
                [0.855536, 0.0, 0.517743, -5e-06, 0.517743, 0.0, -0.855536, 0.426714, 0.0, 1.0, 0.0, 0.430564, 0.0, 0.0, 0.0, 1.0],
                [0.855536, 0.0, 0.517743, -5e-06, 0.517743, 0.0, -0.855536, 0.426714, 0.0, 1.0, 0.0, 0.434918, 0.0, 0.0, 0.0, 1.0],
                [0.855536, 0.0, 0.517743, -5e-06, 0.517743, 0.0, -0.855536, 0.426714, 0.0, 1.0, 0.0, 0.439604, 0.0, 0.0, 0.0, 1.0],
                [0.855536, 0.0, 0.517743, -5e-06, 0.517743, 0.0, -0.855536, 0.426714, 0.0, 1.0, 0.0, 0.44461, 0.0, 0.0, 0.0, 1.0],
                [0.855536, 0.0, 0.517743, -5e-06, 0.517743, 0.0, -0.855536, 0.426714, 0.0, 1.0, 0.0, 0.449925, 0.0, 0.0, 0.0, 1.0],
                [0.855536, 0.0, 0.517743, -5e-06, 0.517743, 0.0, -0.855536, 0.426714, 0.0, 1.0, 0.0, 0.455534, 0.0, 0.0, 0.0, 1.0],
                [0.855536, 0.0, 0.517743, -5e-06, 0.517743, 0.0, -0.855536, 0.426714, 0.0, 1.0, 0.0, 0.461424, 0.0, 0.0, 0.0, 1.0],
                [0.855536, 0.0, 0.517743, -5e-06, 0.517743, 0.0, -0.855536, 0.426714, 0.0, 1.0, 0.0, 0.467582, 0.0, 0.0, 0.0, 1.0],
                [0.855536, 0.0, 0.517743, -5e-06, 0.517743, 0.0, -0.855536, 0.426714, 0.0, 1.0, 0.0, 0.473991, 0.0, 0.0, 0.0, 1.0],
                [0.855536, 0.0, 0.517743, -5e-06, 0.517743, 0.0, -0.855536, 0.426714, 0.0, 1.0, 0.0, 0.480636, 0.0, 0.0, 0.0, 1.0],
                [0.855536, 0.0, 0.517743, -5e-06, 0.517743, 0.0, -0.855536, 0.426714, 0.0, 1.0, 0.0, 0.487499, 0.0, 0.0, 0.0, 1.0],
                [0.855536, 0.0, 0.517743, -5e-06, 0.517743, 0.0, -0.855536, 0.426714, 0.0, 1.0, 0.0, 0.494564, 0.0, 0.0, 0.0, 1.0],
                [0.855536, 0.0, 0.517743, -5e-06, 0.517743, 0.0, -0.855536, 0.426714, 0.0, 1.0, 0.0, 0.501813, 0.0, 0.0, 0.0, 1.0],
                [0.855536, 0.0, 0.517743, -5e-06, 0.517743, 0.0, -0.855536, 0.426714, 0.0, 1.0, 0.0, 0.509227, 0.0, 0.0, 0.0, 1.0],
                [0.85615, 0.0, 0.516728, -5e-06, 0.516728, 0.0, -0.85615, 0.426714, 0.0, 1.0, 0.0, 0.516787, 0.0, 0.0, 0.0, 1.0],
                [0.857994, 0.0, 0.513661, -5e-06, 0.513661, 0.0, -0.857994, 0.426714, 0.0, 1.0, 0.0, 0.524475, 0.0, 0.0, 0.0, 1.0],
                [0.861059, 0.0, 0.508506, -5e-06, 0.508506, 0.0, -0.861059, 0.426714, 0.0, 1.0, 0.0, 0.53227, 0.0, 0.0, 0.0, 1.0],
                [0.865319, 0.0, 0.501222, -5e-06, 0.501222, 0.0, -0.865319, 0.426714, 0.0, 1.0, 0.0, 0.540152, 0.0, 0.0, 0.0, 1.0],
                [0.870729, 0.0, 0.491764, -5e-06, 0.491764, 0.0, -0.870729, 0.426714, 0.0, 1.0, 0.0, 0.548102, 0.0, 0.0, 0.0, 1.0],
                [0.877223, 0.0, 0.480084, -5e-06, 0.480084, 0.0, -0.877223, 0.426714, 0.0, 1.0, 0.0, 0.5561, 0.0, 0.0, 0.0, 1.0],
                [0.884713, 0.0, 0.466136, -5e-06, 0.466136, 0.0, -0.884713, 0.426714, 0.0, 1.0, 0.0, 0.564126, 0.0, 0.0, 0.0, 1.0],
                [0.893089, 0.0, 0.449881, -5e-06, 0.449881, 0.0, -0.893089, 0.426714, 0.0, 1.0, 0.0, 0.572159, 0.0, 0.0, 0.0, 1.0],
                [0.902216, 0.0, 0.431285, -5e-06, 0.431285, 0.0, -0.902216, 0.426714, 0.0, 1.0, 0.0, 0.58018, 0.0, 0.0, 0.0, 1.0],
                [0.911937, 0.0, 0.41033, -5e-06, 0.41033, 0.0, -0.911937, 0.426714, 0.0, 1.0, 0.0, 0.588169, 0.0, 0.0, 0.0, 1.0],
                [0.922072, 0.0, 0.387018, -5e-06, 0.387018, 0.0, -0.922072, 0.426714, 0.0, 1.0, 0.0, 0.596107, 0.0, 0.0, 0.0, 1.0],
                [0.932421, 0.0, 0.361373, -5e-06, 0.361373, 0.0, -0.932421, 0.426714, 0.0, 1.0, 0.0, 0.603975, 0.0, 0.0, 0.0, 1.0],
                [0.942767, 0.0, 0.333452, -5e-06, 0.333452, 0.0, -0.942767, 0.426714, 0.0, 1.0, 0.0, 0.611755, 0.0, 0.0, 0.0, 1.0],
                [0.952881, 0.0, 0.303344, -5e-06, 0.303344, 0.0, -0.952881, 0.426714, 0.0, 1.0, 0.0, 0.619428, 0.0, 0.0, 0.0, 1.0],
                [0.962529, 0.0, 0.27118, -5e-06, 0.27118, 0.0, -0.962529, 0.426714, 0.0, 1.0, 0.0, 0.626976, 0.0, 0.0, 0.0, 1.0],
                [0.971477, 0.0, 0.237133, -5e-06, 0.237133, 0.0, -0.971477, 0.426714, 0.0, 1.0, 0.0, 0.634385, 0.0, 0.0, 0.0, 1.0],
                [0.979506, 0.0, 0.201416, -5e-06, 0.201416, 0.0, -0.979506, 0.426714, 0.0, 1.0, 0.0, 0.641636, 0.0, 0.0, 0.0, 1.0],
                [0.986412, 0.0, 0.164289, -5e-06, 0.164289, 0.0, -0.986412, 0.426714, 0.0, 1.0, 0.0, 0.648714, 0.0, 0.0, 0.0, 1.0],
                [0.992024, 0.0, 0.126045, -5e-06, 0.126045, 0.0, -0.992024, 0.426714, 0.0, 1.0, 0.0, 0.655605, 0.0, 0.0, 0.0, 1.0],
                [0.996207, 0.0, 0.087012, -5e-06, 0.087012, 0.0, -0.996207, 0.426714, 0.0, 1.0, 0.0, 0.662294, 0.0, 0.0, 0.0, 1.0],
                [0.998869, 0.0, 0.047541, -5e-06, 0.047541, 0.0, -0.998869, 0.426714, 0.0, 1.0, 0.0, 0.668769, 0.0, 0.0, 0.0, 1.0],
                [0.999968, 0.0, 0.007996, -5e-06, 0.007996, 0.0, -0.999968, 0.426714, 0.0, 1.0, 0.0, 0.675016, 0.0, 0.0, 0.0, 1.0],
                [0.999511, 0.0, -0.031258, -5e-06, -0.031258, 0.0, -0.999511, 0.426714, 0.0, 1.0, 0.0, 0.681024, 0.0, 0.0, 0.0, 1.0],
                [0.997557, 0.0, -0.069862, -5e-06, -0.069862, 0.0, -0.997557, 0.426714, 0.0, 1.0, 0.0, 0.686781, 0.0, 0.0, 0.0, 1.0],
                [0.994208, 0.0, -0.107477, -5e-06, -0.107477, 0.0, -0.994208, 0.426714, 0.0, 1.0, 0.0, 0.692278, 0.0, 0.0, 0.0, 1.0],
                [0.989608, 0.0, -0.143795, -5e-06, -0.143795, 0.0, -0.989608, 0.426714, 0.0, 1.0, 0.0, 0.697505, 0.0, 0.0, 0.0, 1.0],
                [0.983933, 0.0, -0.178538, -5e-06, -0.178538, 0.0, -0.983933, 0.426714, 0.0, 1.0, 0.0, 0.702453, 0.0, 0.0, 0.0, 1.0],
                [0.977384, 0.0, -0.211473, -5e-06, -0.211473, 0.0, -0.977384, 0.426714, 0.0, 1.0, 0.0, 0.707114, 0.0, 0.0, 0.0, 1.0],
                [0.970175, 0.0, -0.242405, -5e-06, -0.242405, 0.0, -0.970175, 0.426714, 0.0, 1.0, 0.0, 0.711481, 0.0, 0.0, 0.0, 1.0],
                [0.962528, 0.0, -0.271183, -5e-06, -0.271183, 0.0, -0.962528, 0.426714, 0.0, 1.0, 0.0, 0.715547, 0.0, 0.0, 0.0, 1.0],
                [0.954661, 0.0, -0.297695, -5e-06, -0.297695, 0.0, -0.954661, 0.426714, 0.0, 1.0, 0.0, 0.719307, 0.0, 0.0, 0.0, 1.0],
                [0.946786, 0.0, -0.321864, -5e-06, -0.321864, 0.0, -0.946786, 0.426714, 0.0, 1.0, 0.0, 0.722754, 0.0, 0.0, 0.0, 1.0],
                [0.939099, 0.0, -0.343647, -5e-06, -0.343647, 0.0, -0.939099, 0.426714, 0.0, 1.0, 0.0, 0.725886, 0.0, 0.0, 0.0, 1.0],
                [0.931779, 0.0, -0.363026, -5e-06, -0.363026, 0.0, -0.931779, 0.426714, 0.0, 1.0, 0.0, 0.728697, 0.0, 0.0, 0.0, 1.0],
                [0.924985, 0.0, -0.380004, -5e-06, -0.380004, 0.0, -0.924985, 0.426714, 0.0, 1.0, 0.0, 0.731184, 0.0, 0.0, 0.0, 1.0],
                [0.918853, 0.0, -0.394599, -5e-06, -0.394599, 0.0, -0.918853, 0.426714, 0.0, 1.0, 0.0, 0.733344, 0.0, 0.0, 0.0, 1.0],
                [0.913498, 0.0, -0.406843, -5e-06, -0.406843, 0.0, -0.913498, 0.426714, 0.0, 1.0, 0.0, 0.735175, 0.0, 0.0, 0.0, 1.0],
                [0.909011, 0.0, -0.416773, -5e-06, -0.416773, 0.0, -0.909011, 0.426714, 0.0, 1.0, 0.0, 0.736675, 0.0, 0.0, 0.0, 1.0],
                [0.905462, 0.0, -0.424428, -5e-06, -0.424428, 0.0, -0.905462, 0.426714, 0.0, 1.0, 0.0, 0.737843, 0.0, 0.0, 0.0, 1.0],
                [0.9029, 0.0, -0.429851, -5e-06, -0.429851, 0.0, -0.9029, 0.426714, 0.0, 1.0, 0.0, 0.738678, 0.0, 0.0, 0.0, 1.0],
                [0.901356, 0.0, -0.433079, -5e-06, -0.433079, 0.0, -0.901356, 0.426714, 0.0, 1.0, 0.0, 0.739179, 0.0, 0.0, 0.0, 1.0],
                [0.900842, 0.0, -0.434148, -5e-06, -0.434148, 0.0, -0.900842, 0.426714, 0.0, 1.0, 0.0, 0.739346, 0.0, 0.0, 0.0, 1.0]
            ]
        },
        {
            "name": "Thigh_R",
            "time": [0.0, 0.0167, 0.0333, 0.05, 0.0667, 0.0833, 0.1, 0.1167, 0.1333, 0.15, 0.1667, 0.1833, 0.2, 0.2167, 0.2333, 0.25, 0.2667, 0.2833, 0.3, 0.3167, 0.3333, 0.35, 0.3667, 0.3833, 0.4, 0.4167, 0.4333, 0.45, 0.4667, 0.4833, 0.5, 0.5167, 0.5333, 0.55, 0.5667, 0.5833, 0.6, 0.6167, 0.6333, 0.65, 0.6667, 0.6833, 0.7, 0.7167, 0.7333, 0.75, 0.7667, 0.7833, 0.8, 0.8167, 0.8333, 0.85, 0.8667, 0.8833, 0.9, 0.9167, 0.9333, 0.95, 0.9667, 0.9833, 1.0, 1.0167, 1.0333, 1.05, 1.0667, 1.0833, 1.1, 1.1167, 1.1333, 1.15, 1.1667, 1.1833, 1.2, 1.2167, 1.2333, 1.25, 1.2667, 1.2833, 1.3, 1.3167, 1.3333, 1.35, 1.3667, 1.3833, 1.4, 1.4167, 1.4333, 1.45, 1.4667, 1.4833, 1.5],
            "transform": [
                [0.990703, 0.115139, 0.072459, 0.124994, 0.119659, -0.99091, -0.06147, -0.002831, 0.064723, 0.069568, -0.99548, -1.2e-05, 0.0, 0.0, 0.0, 1.0],
                [0.990703, 0.115139, 0.072459, 0.124994, 0.119659, -0.99091, -0.06147, -0.002831, 0.064723, 0.069568, -0.99548, -1.2e-05, 0.0, 0.0, 0.0, 1.0],
                [0.990703, 0.115139, 0.072459, 0.124994, 0.119659, -0.99091, -0.06147, -0.002831, 0.064723, 0.069568, -0.99548, -1.2e-05, 0.0, 0.0, 0.0, 1.0],
                [0.990703, 0.115139, 0.072459, 0.124994, 0.119659, -0.99091, -0.06147, -0.002831, 0.064723, 0.069568, -0.99548, -1.2e-05, 0.0, 0.0, 0.0, 1.0],
                [0.990703, 0.115139, 0.072459, 0.124994, 0.119659, -0.99091, -0.06147, -0.002831, 0.064723, 0.069568, -0.99548, -1.2e-05, 0.0, 0.0, 0.0, 1.0],
                [0.990703, 0.115139, 0.072459, 0.124994, 0.119659, -0.99091, -0.06147, -0.002831, 0.064723, 0.069568, -0.99548, -1.2e-05, 0.0, 0.0, 0.0, 1.0],
                [0.990703, 0.115139, 0.072459, 0.124994, 0.119659, -0.99091, -0.06147, -0.002831, 0.064723, 0.069568, -0.99548, -1.2e-05, 0.0, 0.0, 0.0, 1.0],
                [0.990703, 0.115139, 0.072459, 0.124994, 0.119659, -0.99091, -0.06147, -0.002831, 0.064723, 0.069568, -0.99548, -1.2e-05, 0.0, 0.0, 0.0, 1.0],
                [0.990703, 0.115139, 0.072459, 0.124994, 0.119659, -0.99091, -0.06147, -0.002831, 0.064723, 0.069568, -0.99548, -1.2e-05, 0.0, 0.0, 0.0, 1.0],
                [0.990703, 0.115139, 0.072459, 0.124994, 0.119659, -0.99091, -0.06147, -0.002831, 0.064723, 0.069568, -0.99548, -1.2e-05, 0.0, 0.0, 0.0, 1.0],
                [0.990703, 0.115139, 0.072459, 0.124994, 0.119659, -0.99091, -0.06147, -0.002831, 0.064723, 0.069568, -0.99548, -1.2e-05, 0.0, 0.0, 0.0, 1.0],
                [0.990703, 0.115139, 0.072459, 0.124994, 0.119659, -0.99091, -0.06147, -0.002831, 0.064723, 0.069568, -0.99548, -1.2e-05, 0.0, 0.0, 0.0, 1.0],
                [0.990703, 0.115139, 0.072459, 0.124994, 0.119659, -0.99091, -0.06147, -0.002831, 0.064723, 0.069568, -0.99548, -1.2e-05, 0.0, 0.0, 0.0, 1.0],
                [0.991076, 0.111205, 0.073504, 0.124994, 0.113616, -0.993088, -0.029459, -0.002831, 0.06972, 0.037546, -0.996864, -1.2e-05, 0.0, 0.0, 0.0, 1.0],
                [0.991899, 0.096763, 0.082304, 0.124994, 0.095112, -0.995183, 0.023761, -0.002831, 0.084206, -0.015741, -0.996328, -1.2e-05, 0.0, 0.0, 0.0, 1.0],
                [0.992309, 0.069407, 0.102499, 0.124994, 0.063726, -0.996298, 0.057701, -0.002831, 0.106124, -0.050727, -0.993062, -1.2e-05, 0.0, 0.0, 0.0, 1.0],
                [0.991086, 0.026222, 0.130621, 0.124994, 0.019243, -0.998334, 0.054411, -0.002831, 0.13183, -0.051414, -0.989942, -1.2e-05, 0.0, 0.0, 0.0, 1.0],
                [0.986905, -0.037129, 0.15697, 0.124994, -0.038385, -0.999251, 0.004976, -0.002831, 0.156667, -0.010938, -0.987594, -1.2e-05, 0.0, 0.0, 0.0, 1.0],
                [0.978368, -0.122583, 0.166639, 0.124994, -0.108908, -0.990069, -0.088899, -0.002831, 0.175881, 0.068825, -0.982006, -1.2e-05, 0.0, 0.0, 0.0, 1.0],
                [0.963866, -0.223959, 0.144241, 0.124994, -0.191037, -0.958493, -0.211655, -0.002831, 0.185655, 0.176449, -0.966646, -1.2e-05, 0.0, 0.0, 0.0, 1.0],
                [0.941938, -0.325512, 0.082427, 0.124994, -0.280772, -0.898154, -0.338363, -0.002831, 0.184173, 0.295571, -0.937403, -1.2e-05, 0.0, 0.0, 0.0, 1.0],
                [0.912968, -0.407871, -0.011426, 0.124994, -0.369654, -0.814921, -0.446388, -0.002831, 0.172757, 0.411759, -0.894771, -1.2e-05, 0.0, 0.0, 0.0, 1.0],
                [0.881607, -0.457508, -0.116, 0.124994, -0.445308, -0.724813, -0.52569, -0.002831, 0.156428, 0.515105, -0.842735, -1.2e-05, 0.0, 0.0, 0.0, 1.0],
                [0.856818, -0.474088, -0.20274, 0.124994, -0.495537, -0.648461, -0.57788, -0.002831, 0.142496, 0.5956, -0.790544, -1.2e-05, 0.0, 0.0, 0.0, 1.0],
                [0.847429, -0.47407, -0.239002, 0.124994, -0.512894, -0.614756, -0.599181, -0.002831, 0.137125, 0.630343, -0.764113, -1.2e-05, 0.0, 0.0, 0.0, 1.0],
                [0.847812, -0.474169, -0.237445, 0.124994, -0.512203, -0.616243, -0.598244, -0.002831, 0.137344, 0.628815, -0.765332, -1.2e-05, 0.0, 0.0, 0.0, 1.0],
                [0.848951, -0.474405, -0.232859, 0.124994, -0.510136, -0.620597, -0.595503, -0.002831, 0.137997, 0.62434, -0.76887, -1.2e-05, 0.0, 0.0, 0.0, 1.0],
                [0.850823, -0.47462, -0.225468, 0.124994, -0.506714, -0.627544, -0.591129, -0.002831, 0.13907, 0.617191, -0.774428, -1.2e-05, 0.0, 0.0, 0.0, 1.0],
                [0.853394, -0.474604, -0.21557, 0.124994, -0.501963, -0.636729, -0.58533, -0.002831, 0.14054, 0.607722, -0.781618, -1.2e-05, 0.0, 0.0, 0.0, 1.0],
                [0.856616, -0.474133, -0.20349, 0.124994, -0.495921, -0.64778, -0.578314, -0.002831, 0.14238, 0.596305, -0.790034, -1.2e-05, 0.0, 0.0, 0.0, 1.0],
                [0.860433, -0.473003, -0.189536, 0.124994, -0.48863, -0.660368, -0.570226, -0.002831, 0.144554, 0.583251, -0.799329, -1.2e-05, 0.0, 0.0, 0.0, 1.0],
                [0.86478, -0.471028, -0.174034, 0.124994, -0.480145, -0.674165, -0.561218, -0.002831, 0.147021, 0.568888, -0.80917, -1.2e-05, 0.0, 0.0, 0.0, 1.0],
                [0.869588, -0.468106, -0.157143, 0.124994, -0.470527, -0.689055, -0.551191, -0.002831, 0.149735, 0.553246, -0.819453, -1.2e-05, 0.0, 0.0, 0.0, 1.0],
                [0.874781, -0.464087, -0.139218, 0.124994, -0.459845, -0.704703, -0.540314, -0.002831, 0.152645, 0.536673, -0.829872, -1.2e-05, 0.0, 0.0, 0.0, 1.0],
                [0.880283, -0.458899, -0.120474, 0.124994, -0.448174, -0.720951, -0.528558, -0.002831, 0.155699, 0.519271, -0.84031, -1.2e-05, 0.0, 0.0, 0.0, 1.0],
                [0.886016, -0.452495, -0.101114, 0.124994, -0.435597, -0.737655, -0.515872, -0.002831, 0.158842, 0.501113, -0.850682, -1.2e-05, 0.0, 0.0, 0.0, 1.0],
                [0.891905, -0.444841, -0.081374, 0.124994, -0.422202, -0.754637, -0.502267, -0.002831, 0.16202, 0.482328, -0.86088, -1.2e-05, 0.0, 0.0, 0.0, 1.0],
                [0.897879, -0.43593, -0.061474, 0.124994, -0.40808, -0.771738, -0.487744, -0.002831, 0.165179, 0.463018, -0.870825, -1.2e-05, 0.0, 0.0, 0.0, 1.0],
                [0.90387, -0.425787, -0.04153, 0.124994, -0.393326, -0.788911, -0.472141, -0.002831, 0.168267, 0.443086, -0.880549, -1.2e-05, 0.0, 0.0, 0.0, 1.0],
                [0.909819, -0.414432, -0.021825, 0.124994, -0.378034, -0.805918, -0.45562, -0.002831, 0.171234, 0.422779, -0.889911, -1.2e-05, 0.0, 0.0, 0.0, 1.0],
                [0.91567, -0.401923, -0.002529, 0.124994, -0.362299, -0.822643, -0.43818, -0.002831, 0.174033, 0.402142, -0.898888, -1.2e-05, 0.0, 0.0, 0.0, 1.0],
                [0.921379, -0.388324, 0.016278, 0.124994, -0.346215, -0.839059, -0.419665, -0.002831, 0.176624, 0.381032, -0.907538, -1.2e-05, 0.0, 0.0, 0.0, 1.0],
                [0.926906, -0.373718, 0.034343, 0.124994, -0.329871, -0.854945, -0.400322, -0.002831, 0.178968, 0.359729, -0.915735, -1.2e-05, 0.0, 0.0, 0.0, 1.0],
                [0.932221, -0.358196, 0.051565, 0.124994, -0.313353, -0.870238, -0.38013, -0.002831, 0.181034, 0.338204, -0.923499, -1.2e-05, 0.0, 0.0, 0.0, 1.0],
                [0.9373, -0.341859, 0.067832, 0.124994, -0.296741, -0.884858, -0.35913, -0.002831, 0.182793, 0.316481, -0.930824, -1.2e-05, 0.0, 0.0, 0.0, 1.0],
                [0.942125, -0.324822, 0.083009, 0.124994, -0.28011, -0.898689, -0.33749, -0.002831, 0.184223, 0.294703, -0.937666, -1.2e-05, 0.0, 0.0, 0.0, 1.0],
                [0.946686, -0.3072, 0.097025, 0.124994, -0.263527, -0.911679, -0.315275, -0.002831, 0.185307, 0.272894, -0.944032, -1.2e-05, 0.0, 0.0, 0.0, 1.0],
                [0.950977, -0.289112, 0.109808, 0.124994, -0.247054, -0.92377, -0.292602, -0.002831, 0.186031, 0.251126, -0.949913, -1.2e-05, 0.0, 0.0, 0.0, 1.0],
                [0.954996, -0.270681, 0.121307, 0.124994, -0.230744, -0.934919, -0.269604, -0.002831, 0.186388, 0.229477, -0.955304, -1.2e-05, 0.0, 0.0, 0.0, 1.0],
                [0.958745, -0.252028, 0.131488, 0.124994, -0.214645, -0.945096, -0.24642, -0.002831, 0.186373, 0.208028, -0.960206, -1.2e-05, 0.0, 0.0, 0.0, 1.0],
                [0.962231, -0.233281, 0.140324, 0.124994, -0.198797, -0.954278, -0.22324, -0.002831, 0.185985, 0.18691, -0.964614, -1.2e-05, 0.0, 0.0, 0.0, 1.0],
                [0.965461, -0.214528, 0.147859, 0.124994, -0.183235, -0.962503, -0.200036, -0.002831, 0.185228, 0.166031, -0.968571, -1.2e-05, 0.0, 0.0, 0.0, 1.0],
                [0.968444, -0.195913, 0.154057, 0.124994, -0.167989, -0.969736, -0.177186, -0.002831, 0.184107, 0.145712, -0.972049, -1.2e-05, 0.0, 0.0, 0.0, 1.0],
                [0.971191, -0.177527, 0.158972, 0.124994, -0.15308, -0.976024, -0.154745, -0.002831, 0.182631, 0.125949, -0.975084, -1.2e-05, 0.0, 0.0, 0.0, 1.0],
                [0.973713, -0.159463, 0.162651, 0.124994, -0.13853, -0.981407, -0.132861, -0.002831, 0.180813, 0.106833, -0.977701, -1.2e-05, 0.0, 0.0, 0.0, 1.0],
                [0.97602, -0.141807, 0.165152, 0.124994, -0.124352, -0.985935, -0.111672, -0.002831, 0.178664, 0.088455, -0.97993, -1.2e-05, 0.0, 0.0, 0.0, 1.0],
                [0.978126, -0.124635, 0.166542, 0.124994, -0.110559, -0.989667, -0.091312, -0.002831, 0.176201, 0.0709, -0.981801, -1.2e-05, 0.0, 0.0, 0.0, 1.0],
                [0.98004, -0.10801, 0.1669, 0.124994, -0.097158, -0.992669, -0.071903, -0.002831, 0.173442, 0.054249, -0.983352, -1.2e-05, 0.0, 0.0, 0.0, 1.0],
                [0.981774, -0.091987, 0.166307, 0.124994, -0.084156, -0.995013, -0.053555, -0.002831, 0.170403, 0.038581, -0.984622, -1.2e-05, 0.0, 0.0, 0.0, 1.0],
                [0.983339, -0.076607, 0.164853, 0.124994, -0.071557, -0.996774, -0.036367, -0.002831, 0.167107, 0.023963, -0.985651, -1.2e-05, 0.0, 0.0, 0.0, 1.0],
                [0.984744, -0.061901, 0.16263, 0.124994, -0.059363, -0.998028, -0.020426, -0.002831, 0.163573, 0.010457, -0.98648, -1.2e-05, 0.0, 0.0, 0.0, 1.0],
                [0.985998, -0.047892, 0.159731, 0.124994, -0.047576, -0.998851, -0.0058, -0.002831, 0.159825, -0.001883, -0.987147, -1.2e-05, 0.0, 0.0, 0.0, 1.0],
                [0.987112, -0.034606, 0.156245, 0.124994, -0.036197, -0.999318, 0.007346, -0.002831, 0.155884, -0.012909, -0.987695, -1.2e-05, 0.0, 0.0, 0.0, 1.0],
                [0.988093, -0.022008, 0.152276, 0.124994, -0.025224, -0.999498, 0.019217, -0.002831, 0.151776, -0.022831, -0.988155, -1.2e-05, 0.0, 0.0, 0.0, 1.0],
                [0.98895, -0.010122, 0.147905, 0.124994, -0.014657, -0.999455, 0.029604, -0.002831, 0.147524, -0.031446, -0.988562, -1.2e-05, 0.0, 0.0, 0.0, 1.0],
                [0.98969, 0.001068, 0.143221, 0.124994, -0.004495, -0.999248, 0.038513, -0.002831, 0.143154, -0.038762, -0.988945, -1.2e-05, 0.0, 0.0, 0.0, 1.0],
                [0.990322, 0.01158, 0.138308, 0.124994, 0.005263, -0.99893, 0.045951, -0.002831, 0.138691, -0.04478, -0.989327, -1.2e-05, 0.0, 0.0, 0.0, 1.0],
                [0.990852, 0.021434, 0.133243, 0.124994, 0.014618, -0.998544, 0.051922, -0.002831, 0.134161, -0.049501, -0.989726, -1.2e-05, 0.0, 0.0, 0.0, 1.0],
                [0.991287, 0.030655, 0.1281, 0.124994, 0.023572, -0.998128, 0.056442, -0.002831, 0.12959, -0.052933, -0.990158, -1.2e-05, 0.0, 0.0, 0.0, 1.0],
                [0.991636, 0.039258, 0.122951, 0.124994, 0.032125, -0.997714, 0.059465, -0.002831, 0.125003, -0.055019, -0.990634, -1.2e-05, 0.0, 0.0, 0.0, 1.0],
                [0.991905, 0.04729, 0.117851, 0.124994, 0.040278, -0.997314, 0.061183, -0.002831, 0.120427, -0.055942, -0.991149, -1.2e-05, 0.0, 0.0, 0.0, 1.0],
                [0.9921, 0.054763, 0.112863, 0.124994, 0.048032, -0.99695, 0.061522, -0.002831, 0.115887, -0.055617, -0.991708, -1.2e-05, 0.0, 0.0, 0.0, 1.0],
                [0.99223, 0.061707, 0.108036, 0.124994, 0.055387, -0.996627, 0.060559, -0.002831, 0.111408, -0.054107, -0.992305, -1.2e-05, 0.0, 0.0, 0.0, 1.0],
                [0.992301, 0.06814, 0.103422, 0.124994, 0.062343, -0.996351, 0.058288, -0.002831, 0.107016, -0.051393, -0.992932, -1.2e-05, 0.0, 0.0, 0.0, 1.0],
                [0.99232, 0.074098, 0.09905, 0.124994, 0.068901, -0.996112, 0.054902, -0.002831, 0.102733, -0.047657, -0.993571, -1.2e-05, 0.0, 0.0, 0.0, 1.0],
                [0.992294, 0.079591, 0.094963, 0.124994, 0.07506, -0.995906, 0.050374, -0.002831, 0.098583, -0.04286, -0.994209, -1.2e-05, 0.0, 0.0, 0.0, 1.0],
                [0.99223, 0.084636, 0.091193, 0.124994, 0.080821, -0.995724, 0.044746, -0.002831, 0.09459, -0.037029, -0.994832, -1.2e-05, 0.0, 0.0, 0.0, 1.0],
                [0.992135, 0.089258, 0.087753, 0.124994, 0.086183, -0.995546, 0.038227, -0.002831, 0.090774, -0.030365, -0.995412, -1.2e-05, 0.0, 0.0, 0.0, 1.0],
                [0.992016, 0.093454, 0.084678, 0.124994, 0.091147, -0.995364, 0.030721, -0.002831, 0.087156, -0.022759, -0.995938, -1.2e-05, 0.0, 0.0, 0.0, 1.0],
                [0.991879, 0.097258, 0.081955, 0.124994, 0.095712, -0.995153, 0.0226, -0.002831, 0.083755, -0.014574, -0.996384, -1.2e-05, 0.0, 0.0, 0.0, 1.0],
                [0.991731, 0.100653, 0.07962, 0.124994, 0.099878, -0.994906, 0.013663, -0.002831, 0.080589, -0.005599, -0.996736, -1.2e-05, 0.0, 0.0, 0.0, 1.0],
                [0.991577, 0.103672, 0.07764, 0.124994, 0.103645, -0.994605, 0.004379, -0.002831, 0.077675, 0.003704, -0.996976, -1.2e-05, 0.0, 0.0, 0.0, 1.0],
                [0.991423, 0.106296, 0.076041, 0.124994, 0.107014, -0.994243, -0.00542, -0.002831, 0.075027, 0.01351, -0.997094, -1.2e-05, 0.0, 0.0, 0.0, 1.0],
                [0.991274, 0.108557, 0.074774, 0.124994, 0.109984, -0.993817, -0.015227, -0.002831, 0.072659, 0.023317, -0.997088, -1.2e-05, 0.0, 0.0, 0.0, 1.0],
                [0.991135, 0.110447, 0.073839, 0.124994, 0.112555, -0.993331, -0.025018, -0.002831, 0.070583, 0.033106, -0.99696, -1.2e-05, 0.0, 0.0, 0.0, 1.0],
                [0.991011, 0.111985, 0.073192, 0.124994, 0.114729, -0.9928, -0.034427, -0.002831, 0.06881, 0.042514, -0.996728, -1.2e-05, 0.0, 0.0, 0.0, 1.0],
                [0.990904, 0.113186, 0.072789, 0.124994, 0.116506, -0.992254, -0.043099, -0.002831, 0.067347, 0.051186, -0.99642, -1.2e-05, 0.0, 0.0, 0.0, 1.0],
                [0.990818, 0.114075, 0.072574, 0.124994, 0.117887, -0.991737, -0.050596, -0.002831, 0.066202, 0.058686, -0.996083, -1.2e-05, 0.0, 0.0, 0.0, 1.0],
                [0.990755, 0.114679, 0.072485, 0.124994, 0.118871, -0.991304, -0.056442, -0.002831, 0.065381, 0.064536, -0.995775, -1.2e-05, 0.0, 0.0, 0.0, 1.0],
                [0.990716, 0.115026, 0.072461, 0.124994, 0.119462, -0.991013, -0.060181, -0.002831, 0.064887, 0.068278, -0.995558, -1.2e-05, 0.0, 0.0, 0.0, 1.0],
                [0.990703, 0.115139, 0.072459, 0.124994, 0.119659, -0.99091, -0.06147, -0.002831, 0.064723, 0.069568, -0.99548, -1.2e-05, 0.0, 0.0, 0.0, 1.0]
            ]
        },
        {
            "name": "Leg_R",
            "time": [0.0, 0.0167, 0.0333, 0.05, 0.0667, 0.0833, 0.1, 0.1167, 0.1333, 0.15, 0.1667, 0.1833, 0.2, 0.2167, 0.2333, 0.25, 0.2667, 0.2833, 0.3, 0.3167, 0.3333, 0.35, 0.3667, 0.3833, 0.4, 0.4167, 0.4333, 0.45, 0.4667, 0.4833, 0.5, 0.5167, 0.5333, 0.55, 0.5667, 0.5833, 0.6, 0.6167, 0.6333, 0.65, 0.6667, 0.6833, 0.7, 0.7167, 0.7333, 0.75, 0.7667, 0.7833, 0.8, 0.8167, 0.8333, 0.85, 0.8667, 0.8833, 0.9, 0.9167, 0.9333, 0.95, 0.9667, 0.9833, 1.0, 1.0167, 1.0333, 1.05, 1.0667, 1.0833, 1.1, 1.1167, 1.1333, 1.15, 1.1667, 1.1833, 1.2, 1.2167, 1.2333, 1.25, 1.2667, 1.2833, 1.3, 1.3167, 1.3333, 1.35, 1.3667, 1.3833, 1.4, 1.4167, 1.4333, 1.45, 1.4667, 1.4833, 1.5],
            "transform": [
                [1.0, -0.000268, -0.000148, -0.0, 0.000295, 0.970947, 0.239298, 0.375166, 7.9e-05, -0.239298, 0.970946, 0.0, 0.0, 0.0, 0.0, 1.0],
                [1.0, -0.000268, -0.000148, -0.0, 0.000295, 0.970947, 0.239298, 0.375166, 7.9e-05, -0.239298, 0.970946, 0.0, 0.0, 0.0, 0.0, 1.0],
                [1.0, -0.000268, -0.000148, -0.0, 0.000295, 0.970947, 0.239298, 0.375166, 7.9e-05, -0.239298, 0.970946, 0.0, 0.0, 0.0, 0.0, 1.0],
                [1.0, -0.000268, -0.000148, -0.0, 0.000295, 0.970947, 0.239298, 0.375166, 7.9e-05, -0.239298, 0.970946, 0.0, 0.0, 0.0, 0.0, 1.0],
                [1.0, -0.000268, -0.000148, -0.0, 0.000295, 0.970947, 0.239298, 0.375166, 7.9e-05, -0.239298, 0.970946, 0.0, 0.0, 0.0, 0.0, 1.0],
                [1.0, -0.000268, -0.000148, -0.0, 0.000295, 0.970947, 0.239298, 0.375166, 7.9e-05, -0.239298, 0.970946, 0.0, 0.0, 0.0, 0.0, 1.0],
                [1.0, -0.000268, -0.000148, -0.0, 0.000295, 0.970947, 0.239298, 0.375166, 7.9e-05, -0.239298, 0.970946, 0.0, 0.0, 0.0, 0.0, 1.0],
                [1.0, -0.000268, -0.000148, -0.0, 0.000295, 0.970947, 0.239298, 0.375166, 7.9e-05, -0.239298, 0.970946, 0.0, 0.0, 0.0, 0.0, 1.0],
                [1.0, -0.000268, -0.000148, -0.0, 0.000295, 0.970947, 0.239298, 0.375166, 7.9e-05, -0.239298, 0.970946, 0.0, 0.0, 0.0, 0.0, 1.0],
                [1.0, -0.000268, -0.000148, -0.0, 0.000295, 0.970947, 0.239298, 0.375166, 7.9e-05, -0.239298, 0.970946, 0.0, 0.0, 0.0, 0.0, 1.0],
                [1.0, -0.000268, -0.000148, -0.0, 0.000295, 0.970947, 0.239298, 0.375166, 7.9e-05, -0.239298, 0.970946, 0.0, 0.0, 0.0, 0.0, 1.0],
                [1.0, -0.000268, -0.000148, -0.0, 0.000295, 0.970947, 0.239298, 0.375166, 7.9e-05, -0.239298, 0.970946, 0.0, 0.0, 0.0, 0.0, 1.0],
                [1.0, -0.000268, -0.000148, -0.0, 0.000295, 0.970947, 0.239298, 0.375166, 7.9e-05, -0.239298, 0.970946, 0.0, 0.0, 0.0, 0.0, 1.0],
                [1.0, -0.000357, -0.000174, 0.0, 0.000394, 0.947583, 0.319513, 0.375166, 5e-05, -0.319511, 0.947582, 0.0, 0.0, 0.0, 0.0, 1.0],
                [1.0, -0.000528, -0.000248, -0.0, 0.000582, 0.881473, 0.472237, 0.375166, -3.1e-05, -0.472234, 0.881472, -0.0, 0.0, 0.0, 0.0, 1.0],
                [1.0, -0.00069, -0.000353, -0.0, 0.000761, 0.78692, 0.617057, 0.375166, -0.000148, -0.617054, 0.786919, -0.0, 0.0, 0.0, 0.0, 1.0],
                [0.999999, -0.000812, -0.000464, -0.0, 0.000895, 0.687816, 0.725887, 0.375166, -0.00027, -0.725883, 0.687815, 0.0, 0.0, 0.0, 0.0, 1.0],
                [0.999999, -0.000884, -0.000549, 0.0, 0.000975, 0.612323, 0.790609, 0.375166, -0.000363, -0.790606, 0.612322, -0.0, 0.0, 0.0, 0.0, 1.0],
                [0.999999, -0.000908, -0.000581, 0.0, 0.001001, 0.583695, 0.811975, 0.375166, -0.000398, -0.811971, 0.583694, 0.0, 0.0, 0.0, 0.0, 1.0],
                [0.999999, -0.000885, -0.00055, -0.0, 0.000976, 0.610908, 0.791703, 0.375166, -0.000365, -0.791699, 0.610907, 0.0, 0.0, 0.0, 0.0, 1.0],
                [1.0, -0.000815, -0.000467, 0.0, 0.000898, 0.685103, 0.728449, 0.375166, -0.000273, -0.728444, 0.685102, -0.0, 0.0, 0.0, 0.0, 1.0],
                [1.0, -0.000695, -0.000358, 0.0, 0.000767, 0.783146, 0.621841, 0.375166, -0.000153, -0.621837, 0.783145, -0.0, 0.0, 0.0, 0.0, 1.0],
                [1.0, -0.000538, -0.000253, -0.0, 0.000593, 0.87689, 0.480692, 0.375166, -3.7e-05, -0.48069, 0.87689, 0.0, 0.0, 0.0, 0.0, 1.0],
                [1.0, -0.000374, -0.000179, -0.0, 0.000412, 0.942495, 0.334221, 0.375166, 4.4e-05, -0.33422, 0.942494, 0.0, 0.0, 0.0, 0.0, 1.0],
                [1.0, -0.00029, -0.000153, -0.0, 0.00032, 0.965692, 0.259692, 0.375166, 7.3e-05, -0.259691, 0.965691, 0.0, 0.0, 0.0, 0.0, 1.0],
                [1.0, -0.000294, -0.000154, -0.0, 0.000325, 0.964763, 0.263125, 0.375166, 7.2e-05, -0.263124, 0.964762, 0.0, 0.0, 0.0, 0.0, 1.0],
                [1.0, -0.000305, -0.000157, 0.0, 0.000337, 0.961988, 0.273095, 0.375166, 6.8e-05, -0.273094, 0.961987, -0.0, 0.0, 0.0, 0.0, 1.0],
                [1.0, -0.000323, -0.000163, 0.0, 0.000356, 0.957401, 0.288765, 0.375166, 6.2e-05, -0.288763, 0.9574, -0.0, 0.0, 0.0, 0.0, 1.0],
                [1.0, -0.000346, -0.00017, -0.0, 0.000381, 0.951049, 0.309043, 0.375166, 5.5e-05, -0.309041, 0.951048, -0.0, 0.0, 0.0, 0.0, 1.0],
                [1.0, -0.000372, -0.000179, 0.0, 0.00041, 0.943005, 0.332782, 0.375166, 4.5e-05, -0.33278, 0.943004, 0.0, 0.0, 0.0, 0.0, 1.0],
                [1.0, -0.000401, -0.000189, -0.0, 0.000443, 0.93334, 0.358996, 0.375166, 3.3e-05, -0.358994, 0.933339, 0.0, 0.0, 0.0, 0.0, 1.0],
                [1.0, -0.000432, -0.000202, 0.0, 0.000477, 0.922206, 0.386701, 0.375166, 1.9e-05, -0.386699, 0.922205, -0.0, 0.0, 0.0, 0.0, 1.0],
                [1.0, -0.000465, -0.000216, 0.0, 0.000513, 0.909534, 0.415632, 0.375166, 3e-06, -0.41563, 0.909533, -0.0, 0.0, 0.0, 0.0, 1.0],
                [1.0, -0.000497, -0.000232, -0.0, 0.000549, 0.895613, 0.444836, 0.375166, -1.4e-05, -0.444833, 0.895612, -0.0, 0.0, 0.0, 0.0, 1.0],
                [1.0, -0.00053, -0.000248, -0.0, 0.000584, 0.88055, 0.473957, 0.375166, -3.2e-05, -0.473954, 0.880548, -0.0, 0.0, 0.0, 0.0, 1.0],
                [1.0, -0.000562, -0.000266, 0.0, 0.00062, 0.864447, 0.502726, 0.375166, -5.2e-05, -0.502723, 0.864446, 0.0, 0.0, 0.0, 0.0, 1.0],
                [1.0, -0.000594, -0.000285, 0.0, 0.000655, 0.847505, 0.53079, 0.375166, -7.3e-05, -0.530787, 0.847504, -0.0, 0.0, 0.0, 0.0, 1.0],
                [1.0, -0.000624, -0.000305, -0.0, 0.000688, 0.829921, 0.557883, 0.375166, -9.5e-05, -0.557879, 0.82992, -0.0, 0.0, 0.0, 0.0, 1.0],
                [1.0, -0.000653, -0.000325, -0.0, 0.00072, 0.811658, 0.584135, 0.375166, -0.000117, -0.584131, 0.811657, 0.0, 0.0, 0.0, 0.0, 1.0],
                [1.0, -0.000681, -0.000346, 0.0, 0.000751, 0.793128, 0.609057, 0.375166, -0.00014, -0.609053, 0.793127, -0.0, 0.0, 0.0, 0.0, 1.0],
                [1.0, -0.000707, -0.000367, -0.0, 0.00078, 0.7745, 0.632576, 0.375166, -0.000163, -0.632572, 0.774499, -0.0, 0.0, 0.0, 0.0, 1.0],
                [1.0, -0.000732, -0.000388, -0.0, 0.000808, 0.755683, 0.65494, 0.375166, -0.000186, -0.654936, 0.755682, 0.0, 0.0, 0.0, 0.0, 1.0],
                [1.0, -0.000756, -0.000409, 0.0, 0.000833, 0.737168, 0.675712, 0.375166, -0.000209, -0.675708, 0.737166, 0.0, 0.0, 0.0, 0.0, 1.0],
                [0.999999, -0.000777, -0.000429, -0.0, 0.000857, 0.719013, 0.694999, 0.375166, -0.000232, -0.694995, 0.719011, 0.0, 0.0, 0.0, 0.0, 1.0],
                [1.0, -0.000797, -0.000449, 0.0, 0.000879, 0.701343, 0.712826, 0.375166, -0.000253, -0.712822, 0.701341, 0.0, 0.0, 0.0, 0.0, 1.0],
                [1.0, -0.000815, -0.000468, -0.0, 0.000899, 0.684446, 0.729066, 0.375166, -0.000274, -0.729062, 0.684444, -0.0, 0.0, 0.0, 0.0, 1.0],
                [1.0, -0.000832, -0.000486, 0.0, 0.000917, 0.668419, 0.743787, 0.375166, -0.000294, -0.743783, 0.668417, 0.0, 0.0, 0.0, 0.0, 1.0],
                [1.0, -0.000847, -0.000502, 0.0, 0.000934, 0.653416, 0.757001, 0.375166, -0.000312, -0.756997, 0.653415, 0.0, 0.0, 0.0, 0.0, 1.0],
                [1.0, -0.00086, -0.000518, 0.0, 0.000948, 0.639582, 0.768725, 0.375166, -0.00033, -0.76872, 0.639581, -0.0, 0.0, 0.0, 0.0, 1.0],
                [0.999999, -0.000871, -0.000532, 0.0, 0.000961, 0.62705, 0.778981, 0.375166, -0.000345, -0.778977, 0.627048, 0.0, 0.0, 0.0, 0.0, 1.0],
                [1.0, -0.000881, -0.000544, 0.0, 0.000972, 0.616007, 0.787743, 0.375166, -0.000358, -0.787739, 0.616006, -0.0, 0.0, 0.0, 0.0, 1.0],
                [0.999999, -0.000889, -0.000555, -0.0, 0.000981, 0.606277, 0.795255, 0.375166, -0.000371, -0.795251, 0.606276, -0.0, 0.0, 0.0, 0.0, 1.0],
                [0.999999, -0.000896, -0.000564, -0.0, 0.000988, 0.598306, 0.80127, 0.375166, -0.000381, -0.801266, 0.598305, 0.0, 0.0, 0.0, 0.0, 1.0],
                [0.999999, -0.000901, -0.000571, -0.0, 0.000994, 0.592016, 0.805928, 0.375166, -0.000388, -0.805925, 0.592015, 0.0, 0.0, 0.0, 0.0, 1.0],
                [0.999999, -0.000905, -0.000576, -0.0, 0.000998, 0.587462, 0.809254, 0.375166, -0.000394, -0.80925, 0.587461, 0.0, 0.0, 0.0, 0.0, 1.0],
                [1.0, -0.000907, -0.000579, 0.0, 0.001001, 0.584682, 0.811265, 0.375166, -0.000397, -0.81126, 0.584681, -0.0, 0.0, 0.0, 0.0, 1.0],
                [0.999999, -0.000908, -0.000581, 0.0, 0.001001, 0.583693, 0.811977, 0.375166, -0.000398, -0.811972, 0.583691, 0.0, 0.0, 0.0, 0.0, 1.0],
                [0.999999, -0.000907, -0.00058, 0.0, 0.001001, 0.584496, 0.811398, 0.375166, -0.000397, -0.811394, 0.584495, -0.0, 0.0, 0.0, 0.0, 1.0],
                [0.999999, -0.000905, -0.000577, 0.0, 0.000998, 0.587076, 0.809533, 0.375166, -0.000394, -0.809529, 0.587075, -0.0, 0.0, 0.0, 0.0, 1.0],
                [0.999999, -0.000902, -0.000572, 0.0, 0.000995, 0.591398, 0.806382, 0.375166, -0.000389, -0.806378, 0.591396, 0.0, 0.0, 0.0, 0.0, 1.0],
                [1.0, -0.000897, -0.000565, -0.0, 0.000989, 0.597411, 0.801937, 0.375166, -0.000381, -0.801933, 0.59741, 0.0, 0.0, 0.0, 0.0, 1.0],
                [1.0, -0.00089, -0.000557, -0.0, 0.000982, 0.605049, 0.79619, 0.375166, -0.000372, -0.796187, 0.605048, -0.0, 0.0, 0.0, 0.0, 1.0],
                [0.999999, -0.000882, -0.000546, -0.0, 0.000973, 0.614388, 0.789006, 0.375166, -0.00036, -0.789002, 0.614387, 0.0, 0.0, 0.0, 0.0, 1.0],
                [1.0, -0.000873, -0.000534, 0.0, 0.000963, 0.62496, 0.780659, 0.375166, -0.000347, -0.780655, 0.624959, 0.0, 0.0, 0.0, 0.0, 1.0],
                [1.0, -0.000862, -0.000521, -0.0, 0.000951, 0.636928, 0.770926, 0.375166, -0.000333, -0.770921, 0.636927, -0.0, 0.0, 0.0, 0.0, 1.0],
                [0.999999, -0.00085, -0.000506, -0.0, 0.000937, 0.650135, 0.759821, 0.375166, -0.000316, -0.759817, 0.650133, -0.0, 0.0, 0.0, 0.0, 1.0],
                [1.0, -0.000836, -0.00049, 0.0, 0.000922, 0.664436, 0.747347, 0.375166, -0.000299, -0.747343, 0.664435, -0.0, 0.0, 0.0, 0.0, 1.0],
                [0.999999, -0.00082, -0.000473, -0.0, 0.000905, 0.679696, 0.733495, 0.375166, -0.00028, -0.733492, 0.679695, -0.0, 0.0, 0.0, 0.0, 1.0],
                [1.0, -0.000803, -0.000455, 0.0, 0.000886, 0.695771, 0.718265, 0.375166, -0.00026, -0.718262, 0.69577, -0.0, 0.0, 0.0, 0.0, 1.0],
                [0.999999, -0.000785, -0.000436, 0.0, 0.000865, 0.712611, 0.701563, 0.375166, -0.000239, -0.701558, 0.712609, -0.0, 0.0, 0.0, 0.0, 1.0],
                [0.999999, -0.000764, -0.000417, 0.0, 0.000843, 0.729844, 0.683616, 0.375166, -0.000218, -0.683612, 0.729843, 0.0, 0.0, 0.0, 0.0, 1.0],
                [1.0, -0.000743, -0.000397, -0.0, 0.000819, 0.747474, 0.664293, 0.375166, -0.000196, -0.664289, 0.747473, -0.0, 0.0, 0.0, 0.0, 1.0],
                [1.0, -0.00072, -0.000377, 0.0, 0.000794, 0.765308, 0.643667, 0.375166, -0.000174, -0.643663, 0.765307, -0.0, 0.0, 0.0, 0.0, 1.0],
