{
    "animation": [
        {
            "name": "Root",
            "time": [0.0, 0.0167, 0.0333, 0.05, 0.0667, 0.0833, 0.1, 0.1167, 0.1333, 0.15, 0.1667, 0.1833, 0.2, 0.2167, 0.2333, 0.25, 0.2667, 0.2833, 0.3, 0.3167, 0.3333, 0.35, 0.3667, 0.3833, 0.4, 0.4167, 0.4333, 0.45, 0.4667, 0.4833, 0.5, 0.5167, 0.5333, 0.55, 0.5667, 0.5833, 0.6, 0.6167, 0.6333, 0.65, 0.6667, 0.6833, 0.7, 0.7167, 0.7333, 0.75, 0.7667, 0.7833, 0.8, 0.8167, 0.8333, 0.85, 0.8667, 0.8833, 0.9, 0.9167, 0.9333, 0.95, 0.9667, 0.9833, 1.0, 1.0167, 1.0333, 1.05, 1.0667, 1.0833, 1.1, 1.1167, 1.1333, 1.15, 1.1667, 1.1833, 1.2],
            "transform": [
                [0.518933, 0.0, 0.854815, -5e-06, 0.854815, 0.0, -0.518933, -0.042572, 0.0, 1.0, 0.0, 0.438065, 0.0, 0.0, 0.0, 1.0],
                [0.532695, 0.00202, 0.846305, 0.000903, 0.846209, -0.016504, -0.532595, 0.06598, 0.012892, 0.999862, -0.010501, 0.438314, 0.0, 0.0, 0.0, 1.0],
                [0.575024, 0.007673, 0.8181, 0.003448, 0.816421, -0.070093, -0.573187, 0.379367, 0.052945, 0.997511, -0.04657, 0.438957, 0.0, 0.0, 0.0, 1.0],
                [0.64119, 0.013483, 0.767264, 0.006065, 0.758618, -0.161813, -0.631122, 0.82312, 0.115644, 0.986729, -0.113981, 0.438698, 0.0, 0.0, 0.0, 1.0],
                [0.716002, 0.014138, 0.697955, 0.006352, 0.673034, -0.279479, -0.684775, 1.254857, 0.185383, 0.960048, -0.209622, 0.435519, 0.0, 0.0, 0.0, 1.0],
                [0.781691, 0.008217, 0.623612, 0.003644, 0.573979, -0.400586, -0.714198, 1.536886, 0.243942, 0.916222, -0.317851, 0.429174, 0.0, 0.0, 0.0, 1.0],
                [0.829514, 0.0, 0.558486, -0.000136, 0.481367, -0.507054, -0.71497, 1.603453, 0.283183, 0.861914, -0.420608, 0.421971, 0.0, 0.0, 0.0, 1.0],
                [0.867978, -0.007712, 0.496543, -0.003722, 0.385345, -0.620246, -0.683231, 1.549193, 0.313248, 0.78437, -0.535388, 0.45543, 0.0, 0.0, 0.0, 1.0],
                [0.90299, -0.01991, 0.429199, -0.009423, 0.26892, -0.752885, -0.600705, 1.480236, 0.335098, 0.657851, -0.674494, 0.566721, 0.0, 0.0, 0.0, 1.0],
                [0.929298, -0.038995, 0.367266, -0.018402, 0.148163, -0.871524, -0.467433, 1.40682, 0.338309, 0.4888, -0.804128, 0.738188, 0.0, 0.0, 0.0, 1.0],
                [0.944253, -0.05961, 0.32378, -0.028231, 0.047821, -0.948208, -0.314031, 1.337824, 0.32573, 0.312008, -0.892497, 0.9336, 0.0, 0.0, 0.0, 1.0],
                [0.949718, -0.072446, 0.304611, -0.034557, -0.016817, -0.983262, -0.18142, 1.272793, 0.312656, 0.167175, -0.935039, 1.112311, 0.0, 0.0, 0.0, 1.0],
                [0.948701, -0.071798, 0.307914, -0.034599, -0.045456, -0.99473, -0.091897, 1.206173, 0.31289, 0.073186, -0.946965, 1.248082, 0.0, 0.0, 0.0, 1.0],
                [0.944658, -0.062252, 0.322097, -0.030401, -0.057773, -0.998054, -0.023457, 1.132569, 0.32293, 0.003551, -0.946416, 1.357141, 0.0, 0.0, 0.0, 1.0],
                [0.939854, -0.049052, 0.338037, -0.024379, -0.070213, -0.996245, 0.050652, 1.049899, 0.334283, -0.07134, -0.939769, 1.462042, 0.0, 0.0, 0.0, 1.0],
                [0.934068, -0.031198, 0.355731, -0.015989, -0.083014, -0.987856, 0.131337, 0.959086, 0.347313, -0.152208, -0.925314, 1.560917, 0.0, 0.0, 0.0, 1.0],
                [0.927003, -0.007423, 0.374981, -0.004529, -0.096585, -0.970808, 0.219551, 0.861902, 0.362405, -0.239741, -0.900659, 1.651568, 0.0, 0.0, 0.0, 1.0],
                [0.918275, 0.023839, 0.395226, 0.010881, -0.111587, -0.942143, 0.316092, 0.761254, 0.379895, -0.334362, -0.862486, 1.731616, 0.0, 0.0, 0.0, 1.0],
                [0.907411, 0.06442, 0.415277, 0.031288, -0.129032, -0.89774, 0.421205, 0.66143, 0.399945, -0.435791, -0.806307, 1.798848, 0.0, 0.0, 0.0, 1.0],
                [0.893888, 0.116239, 0.432958, 0.057829, -0.150356, -0.832117, 0.533829, 0.568196, 0.422323, -0.542282, -0.726342, 1.85182, 0.0, 0.0, 0.0, 1.0],
                [0.877236, 0.180876, 0.444682, 0.091509, -0.17742, -0.738567, 0.650416, 0.488577, 0.446072, -0.649464, -0.615807, 1.890753, 0.0, 0.0, 0.0, 1.0],
                [0.85726, 0.258724, 0.44516, 0.132753, -0.212278, -0.610085, 0.763369, 0.430077, 0.469088, -0.748904, -0.46808, 1.918599, 0.0, 0.0, 0.0, 1.0],
                [0.834397, 0.347692, 0.427659, 0.180688, -0.256572, -0.441695, 0.859695, 0.399087, 0.487804, -0.827052, -0.279341, 1.941865, 0.0, 0.0, 0.0, 1.0],
                [0.810114, 0.441796, 0.385399, 0.232332, -0.310452, -0.234372, 0.921244, 0.398416, 0.497328, -0.86596, -0.052712, 1.970403, 0.0, 0.0, 0.0, 1.0],
                [0.787074, 0.53072, 0.314405, 0.282237, -0.371366, 0.0007, 0.928486, 0.424665, 0.492546, -0.847547, 0.197643, 2.015137, 0.0, 0.0, 0.0, 1.0],
                [0.768659, 0.601783, 0.216841, 0.323442, -0.433641, 0.241033, 0.86825, 0.46731, 0.470233, -0.76142, 0.44623, 2.083649, 0.0, 0.0, 0.0, 1.0],
                [0.757776, 0.644454, 0.102245, 0.349878, -0.489834, 0.458305, 0.741633, 0.511486, 0.431089, -0.612075, 0.662968, 2.175833, 0.0, 0.0, 0.0, 1.0],
                [0.755623, 0.654827, -0.015328, 0.358905, -0.533525, 0.628889, 0.565552, 0.543781, 0.379979, -0.419166, 0.82457, 2.28317, 0.0, 0.0, 0.0, 1.0],
                [0.760842, 0.635432, -0.131707, 0.35143, -0.563993, 0.747876, 0.350133, 0.556786, 0.320986, -0.192114, 0.927394, 2.381958, 0.0, 0.0, 0.0, 1.0],
                [0.772422, 0.586808, -0.242942, 0.327328, -0.58057, 0.807476, 0.104503, 0.541942, 0.257493, 0.060325, 0.964395, 2.447208, 0.0, 0.0, 0.0, 1.0],
                [0.789143, 0.514072, -0.336131, 0.289073, -0.581965, 0.800796, -0.141572, 0.494986, 0.196394, 0.307337, 0.931114, 2.462169, 0.0, 0.0, 0.0, 1.0],
                [0.808527, 0.428144, -0.403705, 0.242565, -0.570658, 0.737927, -0.360296, 0.42122, 0.143646, 0.521686, 0.840958, 2.413718, 0.0, 0.0, 0.0, 1.0],
                [0.82795, 0.340858, -0.445325, 0.194451, -0.551401, 0.639584, -0.53562, 0.332188, 0.102253, 0.68902, 0.717493, 2.298453, 0.0, 0.0, 0.0, 1.0],
                [0.845526, 0.260932, -0.465833, 0.149793, -0.529032, 0.527364, -0.66484, 0.240185, 0.072186, 0.80858, 0.583941, 2.123809, 0.0, 0.0, 0.0, 1.0],
                [0.860339, 0.1928, -0.471854, 0.111307, -0.507105, 0.417449, -0.754043, 0.154502, 0.051596, 0.888012, 0.456917, 1.905215, 0.0, 0.0, 0.0, 1.0],
                [0.872219, 0.13752, -0.469385, 0.079789, -0.487631, 0.319223, -0.812597, 0.080427, 0.03809, 0.937649, 0.345491, 1.662108, 0.0, 0.0, 0.0, 1.0],
                [0.881412, 0.094232, -0.462854, 0.05491, -0.471427, 0.236696, -0.849548, 0.019937, 0.029501, 0.967003, 0.25305, 1.414474, 0.0, 0.0, 0.0, 1.0],
                [0.888319, 0.061302, -0.455116, 0.035851, -0.45859, 0.170555, -0.872127, -0.027135, 0.024159, 0.983439, 0.17962, 1.180357, 0.0, 0.0, 0.0, 1.0],
                [0.893355, 0.036992, -0.447827, 0.021697, -0.448866, 0.11981, -0.885531, -0.062079, 0.020897, 0.992107, 0.123638, 0.974344, 0.0, 0.0, 0.0, 1.0],
                [0.896877, 0.01977, -0.441839, 0.011621, -0.441875, 0.082852, -0.893242, -0.086603, 0.018948, 0.996366, 0.083044, 0.806959, 0.0, 0.0, 0.0, 1.0],
                [0.899168, 0.008418, -0.437522, 0.004954, -0.43724, 0.058022, -0.897471, -0.102407, 0.017831, 0.99828, 0.055852, 0.6848, 0.0, 0.0, 0.0, 1.0],
                [0.900441, 0.002034, -0.434974, 0.001195, -0.434636, 0.043892, -0.899536, -0.110975, 0.017263, 0.999034, 0.040406, 0.611148, 0.0, 0.0, 0.0, 1.0],
                [0.900842, -0.0, -0.434148, -5e-06, -0.433811, 0.039367, -0.900143, -0.113487, 0.017091, 0.999225, 0.035463, 0.586744, 0.0, 0.0, 0.0, 1.0],
                [0.900842, -0.0, -0.434148, -5e-06, -0.433811, 0.039367, -0.900143, -0.113316, 0.017091, 0.999225, 0.035463, 0.585177, 0.0, 0.0, 0.0, 1.0],
                [0.900842, -0.0, -0.434148, -5e-06, -0.433811, 0.039367, -0.900143, -0.113211, 0.017091, 0.999225, 0.035463, 0.580489, 0.0, 0.0, 0.0, 1.0],
                [0.900842, -0.0, -0.434148, -5e-06, -0.433811, 0.039367, -0.900143, -0.113172, 0.017091, 0.999225, 0.035463, 0.572967, 0.0, 0.0, 0.0, 1.0],
                [0.900842, -0.0, -0.434148, -5e-06, -0.433811, 0.039367, -0.900143, -0.113193, 0.017091, 0.999225, 0.035463, 0.563402, 0.0, 0.0, 0.0, 1.0],
                [0.900842, -0.0, -0.434148, -5e-06, -0.433811, 0.039367, -0.900143, -0.113257, 0.017091, 0.999225, 0.035463, 0.553083, 0.0, 0.0, 0.0, 1.0],
                [0.900842, -0.0, -0.434148, -5e-06, -0.433811, 0.039367, -0.900143, -0.113339, 0.017091, 0.999225, 0.035463, 0.543519, 0.0, 0.0, 0.0, 1.0],
                [0.900842, -0.0, -0.434148, -5e-06, -0.433811, 0.039367, -0.900143, -0.113416, 0.017091, 0.999225, 0.035463, 0.536002, 0.0, 0.0, 0.0, 1.0],
                [0.900842, -0.0, -0.434148, -5e-06, -0.433811, 0.039367, -0.900143, -0.113468, 0.017091, 0.999225, 0.035463, 0.531321, 0.0, 0.0, 0.0, 1.0],
                [0.900842, -0.0, -0.434148, -5e-06, -0.433811, 0.039367, -0.900143, -0.113487, 0.017091, 0.999225, 0.035463, 0.529761, 0.0, 0.0, 0.0, 1.0],
                [0.900842, -0.0, -0.434148, -5e-06, -0.433811, 0.039367, -0.900143, -0.113487, 0.017091, 0.999225, 0.035463, 0.530874, 0.0, 0.0, 0.0, 1.0],
                [0.900842, -0.0, -0.434148, -5e-06, -0.433811, 0.039367, -0.900143, -0.113487, 0.017091, 0.999225, 0.035463, 0.534237, 0.0, 0.0, 0.0, 1.0],
                [0.900842, -0.0, -0.434148, -5e-06, -0.433811, 0.039367, -0.900143, -0.113487, 0.017091, 0.999225, 0.035463, 0.539863, 0.0, 0.0, 0.0, 1.0],
                [0.900842, -0.0, -0.434148, -5e-06, -0.433811, 0.039367, -0.900143, -0.113487, 0.017091, 0.999225, 0.035463, 0.547723, 0.0, 0.0, 0.0, 1.0],
                [0.900842, -0.0, -0.434148, -5e-06, -0.433811, 0.039367, -0.900143, -0.113487, 0.017091, 0.999225, 0.035463, 0.557734, 0.0, 0.0, 0.0, 1.0],
                [0.900842, -0.0, -0.434148, -5e-06, -0.433811, 0.039367, -0.900143, -0.113487, 0.017091, 0.999225, 0.035463, 0.569751, 0.0, 0.0, 0.0, 1.0],
                [0.900842, -0.0, -0.434148, -5e-06, -0.433811, 0.039367, -0.900143, -0.113487, 0.017091, 0.999225, 0.035463, 0.583556, 0.0, 0.0, 0.0, 1.0],
                [0.900842, -0.0, -0.434148, -5e-06, -0.433811, 0.039367, -0.900143, -0.113487, 0.017091, 0.999225, 0.035463, 0.598856, 0.0, 0.0, 0.0, 1.0],
                [0.900842, -0.0, -0.434148, -5e-06, -0.433811, 0.039367, -0.900143, -0.113487, 0.017091, 0.999225, 0.035463, 0.615288, 0.0, 0.0, 0.0, 1.0],
                [0.900842, -0.0, -0.434148, -5e-06, -0.433811, 0.039367, -0.900143, -0.113487, 0.017091, 0.999225, 0.035463, 0.632425, 0.0, 0.0, 0.0, 1.0],
                [0.900842, -0.0, -0.434148, -5e-06, -0.433811, 0.039367, -0.900143, -0.113487, 0.017091, 0.999225, 0.035463, 0.649801, 0.0, 0.0, 0.0, 1.0],
                [0.900842, -0.0, -0.434148, -5e-06, -0.433811, 0.039367, -0.900143, -0.113487, 0.017091, 0.999225, 0.035463, 0.666938, 0.0, 0.0, 0.0, 1.0],
                [0.900842, -0.0, -0.434148, -5e-06, -0.433811, 0.039367, -0.900143, -0.113487, 0.017091, 0.999225, 0.035463, 0.68337, 0.0, 0.0, 0.0, 1.0],
                [0.900842, -0.0, -0.434148, -5e-06, -0.433811, 0.039367, -0.900143, -0.113487, 0.017091, 0.999225, 0.035463, 0.69867, 0.0, 0.0, 0.0, 1.0],
                [0.900842, -0.0, -0.434148, -5e-06, -0.433811, 0.039367, -0.900143, -0.113487, 0.017091, 0.999225, 0.035463, 0.712475, 0.0, 0.0, 0.0, 1.0],
                [0.900842, -0.0, -0.434148, -5e-06, -0.433811, 0.039367, -0.900143, -0.113487, 0.017091, 0.999225, 0.035463, 0.724492, 0.0, 0.0, 0.0, 1.0],
                [0.900842, -0.0, -0.434148, -5e-06, -0.433811, 0.039367, -0.900143, -0.113487, 0.017091, 0.999225, 0.035463, 0.734503, 0.0, 0.0, 0.0, 1.0],
                [0.900842, -0.0, -0.434148, -5e-06, -0.433811, 0.039367, -0.900143, -0.113487, 0.017091, 0.999225, 0.035463, 0.742363, 0.0, 0.0, 0.0, 1.0],
                [0.900842, -0.0, -0.434148, -5e-06, -0.433811, 0.039367, -0.900143, -0.113487, 0.017091, 0.999225, 0.035463, 0.747989, 0.0, 0.0, 0.0, 1.0],
                [0.900842, -0.0, -0.434148, -5e-06, -0.433811, 0.039367, -0.900143, -0.113487, 0.017091, 0.999225, 0.035463, 0.751353, 0.0, 0.0, 0.0, 1.0],
                [0.900842, -0.0, -0.434148, -5e-06, -0.433811, 0.039367, -0.900143, -0.113487, 0.017091, 0.999225, 0.035463, 0.752465, 0.0, 0.0, 0.0, 1.0]
            ]
        },
        {
            "name": "Thigh_R",
            "time": [0.0, 0.0167, 0.0333, 0.05, 0.0667, 0.0833, 0.1, 0.1167, 0.1333, 0.15, 0.1667, 0.1833, 0.2, 0.2167, 0.2333, 0.25, 0.2667, 0.2833, 0.3, 0.3167, 0.3333, 0.35, 0.3667, 0.3833, 0.4, 0.4167, 0.4333, 0.45, 0.4667, 0.4833, 0.5, 0.5167, 0.5333, 0.55, 0.5667, 0.5833, 0.6, 0.6167, 0.6333, 0.65, 0.6667, 0.6833, 0.7, 0.7167, 0.7333, 0.75, 0.7667, 0.7833, 0.8, 0.8167, 0.8333, 0.85, 0.8667, 0.8833, 0.9, 0.9167, 0.9333, 0.95, 0.9667, 0.9833, 1.0, 1.0167, 1.0333, 1.05, 1.0667, 1.0833, 1.1, 1.1167, 1.1333, 1.15, 1.1667, 1.1833, 1.2],
            "transform": [
                [0.988807, 0.10863, 0.102272, 0.124994, -0.036334, -0.489527, 0.871219, -0.002831, 0.144711, -0.865175, -0.480078, -1.2e-05, 0.0, 0.0, 0.0, 1.0],
                [0.989389, 0.115808, 0.087728, 0.124994, -0.022303, -0.475623, 0.879354, -0.002831, 0.143567, -0.871973, -0.467971, -1.2e-05, 0.0, 0.0, 0.0, 1.0],
                [0.98998, 0.133352, 0.046419, 0.124994, 0.017576, -0.442584, 0.896541, -0.002831, 0.140105, -0.886737, -0.44047, -1.2e-05, 0.0, 0.0, 0.0, 1.0],
                [0.988292, 0.152392, -0.007434, 0.124994, 0.071222, -0.417714, 0.905769, -0.002831, 0.134931, -0.89569, -0.423651, -1.2e-05, 0.0, 0.0, 0.0, 1.0],
                [0.984468, 0.168555, -0.049119, 0.124994, 0.11822, -0.429602, 0.895232, -0.002831, 0.129799, -0.887133, -0.442828, -1.2e-05, 0.0, 0.0, 0.0, 1.0],
                [0.981533, 0.180999, -0.061906, 0.124994, 0.143438, -0.482269, 0.864185, -0.002831, 0.126566, -0.857107, -0.499296, -1.2e-05, 0.0, 0.0, 0.0, 1.0],
                [0.981486, 0.186014, -0.045652, 0.124994, 0.144313, -0.561487, 0.81479, -0.002831, 0.125934, -0.806296, -0.577904, -1.2e-05, 0.0, 0.0, 0.0, 1.0],
                [0.984677, 0.174089, 0.010201, 0.124994, 0.117925, -0.707824, 0.696464, -0.002831, 0.128472, -0.684591, -0.717474, -1.2e-05, 0.0, 0.0, 0.0, 1.0],
                [0.987866, 0.132334, 0.081292, 0.124994, 0.081456, -0.887133, 0.454263, -0.002831, 0.132236, -0.44213, -0.887111, -1.2e-05, 0.0, 0.0, 0.0, 1.0],
                [0.988758, 0.101309, 0.109971, 0.124994, 0.067256, -0.958216, 0.278023, -0.002831, 0.133547, -0.267501, -0.954219, -1.2e-05, 0.0, 0.0, 0.0, 1.0],
                [0.988678, 0.107788, 0.104387, 0.124994, 0.069524, -0.945574, 0.317888, -0.002831, 0.132975, -0.307031, -0.942325, -1.2e-05, 0.0, 0.0, 0.0, 1.0],
                [0.98829, 0.126206, 0.085755, 0.124994, 0.077092, -0.89802, 0.433141, -0.002831, 0.13168, -0.421457, -0.897197, -1.2e-05, 0.0, 0.0, 0.0, 1.0],
                [0.987419, 0.148054, 0.055532, 0.124994, 0.090906, -0.818864, 0.566734, -0.002831, 0.129385, -0.554554, -0.821987, -1.2e-05, 0.0, 0.0, 0.0, 1.0],
                [0.98567, 0.168225, 0.012372, 0.124994, 0.112532, -0.710449, 0.694683, -0.002831, 0.125657, -0.683334, -0.719168, -1.2e-05, 0.0, 0.0, 0.0, 1.0],
                [0.982287, 0.181802, -0.045383, 0.124994, 0.144026, -0.577603, 0.8035, -0.002831, 0.119869, -0.7958, -0.593528, -1.2e-05, 0.0, 0.0, 0.0, 1.0],
                [0.975967, 0.18323, -0.117959, 0.124994, 0.187392, -0.429377, 0.883457, -0.002831, 0.111232, -0.884325, -0.453368, -1.2e-05, 0.0, 0.0, 0.0, 1.0],
                [0.964927, 0.167572, -0.202077, 0.124994, 0.243118, -0.279986, 0.928695, -0.002831, 0.099048, -0.945247, -0.310883, -1.2e-05, 0.0, 0.0, 0.0, 1.0],
                [0.947912, 0.134305, -0.288831, 0.124994, 0.307418, -0.14829, 0.939933, -0.002831, 0.08341, -0.979762, -0.181833, -1.2e-05, 0.0, 0.0, 0.0, 1.0],
                [0.926842, 0.091789, -0.364053, 0.124994, 0.369554, -0.051836, 0.927746, -0.002831, 0.066288, -0.994408, -0.081945, -1.2e-05, 0.0, 0.0, 0.0, 1.0],
                [0.909058, 0.057191, -0.412719, 0.124994, 0.413425, -0.000432, 0.910522, -0.002831, 0.051896, -0.998343, -0.024018, -1.2e-05, 0.0, 0.0, 0.0, 1.0],
                [0.903791, 0.046216, -0.425465, 0.124994, 0.42562, 0.007073, 0.904858, -0.002831, 0.04483, -0.998886, -0.013259, -1.2e-05, 0.0, 0.0, 0.0, 1.0],
                [0.907069, 0.052431, -0.417697, 0.124994, 0.418803, -0.011571, 0.907987, -0.002831, 0.042775, -0.998537, -0.032435, -1.2e-05, 0.0, 0.0, 0.0, 1.0],
                [0.91127, 0.064019, -0.406795, 0.124994, 0.409712, -0.041411, 0.911259, -0.002831, 0.041493, -0.997068, -0.063946, -1.2e-05, 0.0, 0.0, 0.0, 1.0],
                [0.916172, 0.080308, -0.392651, 0.124994, 0.398686, -0.082481, 0.913356, -0.00283, 0.040965, -0.993331, -0.107565, -1.2e-05, 0.0, 0.0, 0.0, 1.0],
                [0.921504, 0.100382, -0.375166, 0.124994, 0.386186, -0.134565, 0.912539, -0.002831, 0.041119, -0.985787, -0.162749, -1.2e-05, 0.0, 0.0, 0.0, 1.0],
                [0.926993, 0.123086, -0.354303, 0.124994, 0.372737, -0.196926, 0.906786, -0.002831, 0.041842, -0.972641, -0.228408, -1.2e-05, 0.0, 0.0, 0.0, 1.0],
                [0.932394, 0.147088, -0.330156, 0.124994, 0.358876, -0.268074, 0.894048, -0.002831, 0.042998, -0.952083, -0.302717, -1.2e-05, 0.0, 0.0, 0.0, 1.0],
                [0.937516, 0.171035, -0.302999, 0.124994, 0.345091, -0.345826, 0.872522, -0.002831, 0.044448, -0.922557, -0.38322, -1.2e-05, 0.0, 0.0, 0.0, 1.0],
                [0.942227, 0.193496, -0.273434, 0.124994, 0.331794, -0.426855, 0.841242, -0.002831, 0.046062, -0.883355, -0.466375, -1.2e-05, 0.0, 0.0, 0.0, 1.0],
                [0.946455, 0.213461, -0.242191, 0.124994, 0.31929, -0.50801, 0.799977, -0.002831, 0.047729, -0.83446, -0.548944, -1.2e-05, 0.0, 0.0, 0.0, 1.0],
                [0.950172, 0.230221, -0.210167, 0.124994, 0.307792, -0.586111, 0.749482, -0.002831, 0.049367, -0.776813, -0.627745, -1.2e-05, 0.0, 0.0, 0.0, 1.0],
                [0.953389, 0.243472, -0.178245, 0.124994, 0.297421, -0.658566, 0.691244, -0.002831, 0.050914, -0.712024, -0.700261, -1.2e-05, 0.0, 0.0, 0.0, 1.0],
                [0.956132, 0.253171, -0.147361, 0.124994, 0.288224, -0.723175, 0.627641, -0.002831, 0.052334, -0.642566, -0.764398, -1.2e-05, 0.0, 0.0, 0.0, 1.0],
                [0.958444, 0.259655, -0.118165, 0.124994, 0.280199, -0.778987, 0.560943, -0.002831, 0.053605, -0.570727, -0.819348, -1.2e-05, 0.0, 0.0, 0.0, 1.0],
                [0.96037, 0.263404, -0.091143, 0.124994, 0.273304, -0.825716, 0.493446, -0.00283, 0.054719, -0.498783, -0.864958, -1.2e-05, 0.0, 0.0, 0.0, 1.0],
                [0.961954, 0.26493, -0.066759, 0.124994, 0.26748, -0.863419, 0.427731, -0.002831, 0.055679, -0.429297, -0.901408, -1.2e-05, 0.0, 0.0, 0.0, 1.0],
                [0.963235, 0.264822, -0.045241, 0.124994, 0.262654, -0.89284, 0.365844, -0.002831, 0.056492, -0.364258, -0.929546, -1.2e-05, 0.0, 0.0, 0.0, 1.0],
                [0.96425, 0.26364, -0.026734, 0.124994, 0.258754, -0.914973, 0.309619, -0.002831, 0.057168, -0.305448, -0.950455, -1.2e-05, 0.0, 0.0, 0.0, 1.0],
                [0.965029, 0.261892, -0.011436, 0.124994, 0.25571, -0.930842, 0.261032, -0.002831, 0.057719, -0.254808, -0.965231, -1.2e-05, 0.0, 0.0, 0.0, 1.0],
                [0.965595, 0.260046, 0.000609, 0.124994, 0.253462, -0.94166, 0.221421, -0.002831, 0.058155, -0.21363, -0.975147, -1.2e-05, 0.0, 0.0, 0.0, 1.0],
                [0.965969, 0.258489, 0.009276, 0.124994, 0.251958, -0.948453, 0.192217, -0.002831, 0.058486, -0.183319, -0.981277, -1.2e-05, 0.0, 0.0, 0.0, 1.0],
                [0.966164, 0.257517, 0.014549, 0.124994, 0.251157, -0.952134, 0.174225, -0.002831, 0.05872, -0.164656, -0.984567, -1.2e-05, 0.0, 0.0, 0.0, 1.0],
                [0.966189, 0.257311, 0.016421, 0.124994, 0.251027, -0.9533, 0.167919, -0.002831, 0.058863, -0.1581, -0.985632, -1.2e-05, 0.0, 0.0, 0.0, 1.0],
                [0.965883, 0.258468, 0.016238, 0.124994, 0.252079, -0.95267, 0.169911, -0.002831, 0.059388, -0.160001, -0.985294, -1.2e-05, 0.0, 0.0, 0.0, 1.0],
                [0.965065, 0.261561, 0.015337, 0.124994, 0.254866, -0.950708, 0.17661, -0.002831, 0.060777, -0.166511, -0.98413, -1.2e-05, 0.0, 0.0, 0.0, 1.0],
                [0.963734, 0.266503, 0.013831, 0.124994, 0.259322, -0.947468, 0.187214, -0.002831, 0.063, -0.176817, -0.982191, -1.2e-05, 0.0, 0.0, 0.0, 1.0],
                [0.961961, 0.272923, 0.011932, 0.124994, 0.265119, -0.943199, 0.200202, -0.002831, 0.065896, -0.189402, -0.979652, -1.2e-05, 0.0, 0.0, 0.0, 1.0],
                [0.959925, 0.280076, 0.009991, 0.124994, 0.271596, -0.93846, 0.213356, -0.002831, 0.069135, -0.202071, -0.976893, -1.2e-05, 0.0, 0.0, 0.0, 1.0],
                [0.957909, 0.286952, 0.008278, 0.124994, 0.277831, -0.933938, 0.22486, -0.002831, 0.072257, -0.213074, -0.974326, -1.2e-05, 0.0, 0.0, 0.0, 1.0],
                [0.956227, 0.292539, 0.00699, 0.124994, 0.282904, -0.930298, 0.233457, -0.002831, 0.0748, -0.22124, -0.972313, -1.2e-05, 0.0, 0.0, 0.0, 1.0],
                [0.955135, 0.296104, 0.006214, 0.124994, 0.286142, -0.927995, 0.238622, -0.002831, 0.076425, -0.226117, -0.971063, -1.2e-05, 0.0, 0.0, 0.0, 1.0],
                [0.954762, 0.297307, 0.005959, 0.124994, 0.287235, -0.92722, 0.240312, -0.002831, 0.076974, -0.227708, -0.970648, -1.2e-05, 0.0, 0.0, 0.0, 1.0],
                [0.955155, 0.296043, 0.005946, 0.124994, 0.286, -0.927568, 0.240444, -0.002831, 0.076699, -0.22794, -0.970616, -1.2e-05, 0.0, 0.0, 0.0, 1.0],
                [0.95632, 0.292261, 0.005933, 0.124994, 0.282302, -0.928609, 0.240794, -0.002831, 0.075887, -0.22858, -0.970529, -1.2e-05, 0.0, 0.0, 0.0, 1.0],
                [0.958191, 0.286063, 0.006002, 0.124994, 0.276235, -0.930323, 0.241216, -0.002831, 0.074589, -0.229452, -0.970423, -1.2e-05, 0.0, 0.0, 0.0, 1.0],
                [0.960657, 0.277665, 0.006279, 0.124994, 0.268, -0.932668, 0.241451, -0.002831, 0.072901, -0.230248, -0.970363, -1.2e-05, 0.0, 0.0, 0.0, 1.0],
                [0.963564, 0.267386, 0.006919, 0.124994, 0.257897, -0.935596, 0.241125, -0.002831, 0.07095, -0.230535, -0.970439, -1.2e-05, 0.0, 0.0, 0.0, 1.0],
                [0.966741, 0.255629, 0.008087, 0.124994, 0.246307, -0.939063, 0.239763, -0.002831, 0.068887, -0.229777, -0.970767, -1.2e-05, 0.0, 0.0, 0.0, 1.0],
                [0.970015, 0.242839, 0.009948, 0.124994, 0.233664, -0.943058, 0.23672, -0.002831, 0.066869, -0.227278, -0.971496, -1.2e-05, 0.0, 0.0, 0.0, 1.0],
                [0.973233, 0.229476, 0.01256, 0.124994, 0.220426, -0.947517, 0.231557, -0.002831, 0.06504, -0.222572, -0.972709, -1.2e-05, 0.0, 0.0, 0.0, 1.0],
                [0.976269, 0.215967, 0.015982, 0.124994, 0.207035, -0.952433, 0.223611, -0.002831, 0.063517, -0.214978, -0.974515, -1.2e-05, 0.0, 0.0, 0.0, 1.0],
                [0.979037, 0.202678, 0.020197, 0.124994, 0.193898, -0.957772, 0.212304, -0.002831, 0.062376, -0.20392, -0.976962, -1.2e-05, 0.0, 0.0, 0.0, 1.0],
                [0.981483, 0.189898, 0.025082, 0.124994, 0.181357, -0.963401, 0.197392, -0.002831, 0.06165, -0.189172, -0.97997, -1.2e-05, 0.0, 0.0, 0.0, 1.0],
                [0.983589, 0.177827, 0.030515, 0.124994, 0.169685, -0.969187, 0.178548, -0.002831, 0.061328, -0.170424, -0.983424, -1.2e-05, 0.0, 0.0, 0.0, 1.0],
                [0.985357, 0.166596, 0.036301, 0.124994, 0.159083, -0.974881, 0.155875, -0.002831, 0.06136, -0.147803, -0.987075, -1.2e-05, 0.0, 0.0, 0.0, 1.0],
                [0.986809, 0.156272, 0.042268, 0.124994, 0.149682, -0.980216, 0.129497, -0.002831, 0.061671, -0.121448, -0.990643, -1.2e-05, 0.0, 0.0, 0.0, 1.0],
                [0.987976, 0.146894, 0.048224, 0.124994, 0.141557, -0.984875, 0.099905, -0.002831, 0.062172, -0.091865, -0.993792, -1.2e-05, 0.0, 0.0, 0.0, 1.0],
                [0.988891, 0.138486, 0.053998, 0.124994, 0.134738, -0.988558, 0.067796, -0.002831, 0.062771, -0.059755, -0.9962, -1.2e-05, 0.0, 0.0, 0.0, 1.0],
                [0.989588, 0.131087, 0.059427, 0.124994, 0.129224, -0.991025, 0.034212, -0.002831, 0.063381, -0.026165, -0.997609, -1.2e-05, 0.0, 0.0, 0.0, 1.0],
                [0.990096, 0.124778, 0.064341, 0.124994, 0.124991, -0.992157, 0.000723, -0.002831, 0.063929, 0.007337, -0.99789, -1.2e-05, 0.0, 0.0, 0.0, 1.0],
                [0.99044, 0.119753, 0.06846, 0.124994, 0.122008, -0.992083, -0.029741, -0.002831, 0.064359, 0.03782, -0.997173, -1.2e-05, 0.0, 0.0, 0.0, 1.0],
                [0.990639, 0.116364, 0.071372, 0.124994, 0.120241, -0.991347, -0.052651, -0.002831, 0.06463, 0.06075, -0.996021, -1.2e-05, 0.0, 0.0, 0.0, 1.0],
                [0.990703, 0.115138, 0.072456, 0.124994, 0.119659, -0.99091, -0.061466, -0.002831, 0.064723, 0.069574, -0.995438, -1.2e-05, 0.0, 0.0, 0.0, 1.0]
            ]
        },
        {
            "name": "Leg_R",
            "time": [0.0, 0.0167, 0.0333, 0.05, 0.0667, 0.0833, 0.1, 0.1167, 0.1333, 0.15, 0.1667, 0.1833, 0.2, 0.2167, 0.2333, 0.25, 0.2667, 0.2833, 0.3, 0.3167, 0.3333, 0.35, 0.3667, 0.3833, 0.4, 0.4167, 0.4333, 0.45, 0.4667, 0.4833, 0.5, 0.5167, 0.5333, 0.55, 0.5667, 0.5833, 0.6, 0.6167, 0.6333, 0.65, 0.6667, 0.6833, 0.7, 0.7167, 0.7333, 0.75, 0.7667, 0.7833, 0.8, 0.8167, 0.8333, 0.85, 0.8667, 0.8833, 0.9, 0.9167, 0.9333, 0.95, 0.9667, 0.9833, 1.0, 1.0167, 1.0333, 1.05, 1.0667, 1.0833, 1.1, 1.1167, 1.1333, 1.15, 1.1667, 1.1833, 1.2],
            "transform": [
                [0.999998, -0.001048, -0.001623, 0.0, 0.001156, -0.348413, 0.937328, 0.375166, -0.001548, -0.93735, -0.348403, 0.0, 0.0, 0.0, 0.0, 1.0],
                [0.999998, -0.001054, -0.001608, -0.0, 0.001162, -0.335057, 0.942185, 0.375166, -0.001532, -0.942208, -0.335047, -0.0, 0.0, 0.0, 0.0, 1.0],
                [0.999998, -0.001072, -0.001552, 0.0, 0.001183, -0.284638, 0.958622, 0.375166, -0.001469, -0.958646, -0.284628, -0.0, 0.0, 0.0, 0.0, 1.0],
                [0.999998, -0.0011, -0.001435, -0.0, 0.001213, -0.180548, 0.983552, 0.375166, -0.001341, -0.983579, -0.180538, -0.0, 0.0, 0.0, 0.0, 1.0],
                [0.999999, -0.001118, -0.001261, 0.0, 0.001233, -0.02477, 0.999678, 0.375166, -0.001149, -0.999709, -0.024761, 0.0, 0.0, 0.0, 0.0, 1.0],
                [0.999999, -0.001105, -0.001061, -0.0, 0.001219, 0.153788, 0.988088, 0.375166, -0.000929, -0.988122, 0.153799, -0.0, 0.0, 0.0, 0.0, 1.0],
                [0.999999, -0.001058, -0.000871, 0.0, 0.001167, 0.323772, 0.946118, 0.375166, -0.000719, -0.946154, 0.323785, -0.0, 0.0, 0.0, 0.0, 1.0],
                [0.999999, -0.00095, -0.000644, -0.0, 0.001048, 0.527336, 0.849638, 0.375166, -0.000468, -0.849675, 0.52735, 0.0, 0.0, 0.0, 0.0, 1.0],
                [1.0, -0.000679, -0.000344, 0.0, 0.000748, 0.794782, 0.606876, 0.375166, -0.000138, -0.606907, 0.794792, 0.0, 0.0, 0.0, 0.0, 1.0],
                [1.0, -0.000406, -0.000191, 0.0, 0.000448, 0.931834, 0.362873, 0.375166, 3.1e-05, -0.362889, 0.931838, 0.0, 0.0, 0.0, 0.0, 1.0],
                [1.0, -0.000486, -0.000226, 0.0, 0.000536, 0.900549, 0.434741, 0.375166, -8e-06, -0.434761, 0.900554, 0.0, 0.0, 0.0, 0.0, 1.0],
                [1.0, -0.000704, -0.000364, -0.0, 0.000776, 0.77713, 0.629321, 0.375167, -0.00016, -0.629353, 0.777141, -0.0, 0.0, 0.0, 0.0, 1.0],
                [0.999999, -0.000914, -0.00059, 0.0, 0.001008, 0.575654, 0.817675, 0.375166, -0.000408, -0.817712, 0.575667, 0.0, 0.0, 0.0, 0.0, 1.0],
                [0.999999, -0.001058, -0.00087, 0.0, 0.001167, 0.324427, 0.945894, 0.375166, -0.000718, -0.94593, 0.324439, -0.0, 0.0, 0.0, 0.0, 1.0],
                [0.999999, -0.001116, -0.001165, 0.0, 0.001231, 0.060866, 0.998131, 0.375166, -0.001043, -0.998163, 0.060876, 0.0, 0.0, 0.0, 0.0, 1.0],
                [0.999998, -0.0011, -0.001433, -0.0, 0.001213, -0.178667, 0.983895, 0.375166, -0.001339, -0.983922, -0.178657, 0.0, 0.0, 0.0, 0.0, 1.0],
                [0.999998, -0.001039, -0.001646, 0.0, 0.001146, -0.369316, 0.929291, 0.375166, -0.001574, -0.929312, -0.369306, 0.0, 0.0, 0.0, 0.0, 1.0],
                [0.999998, -0.000967, -0.001795, 0.0, 0.001066, -0.502526, 0.864551, 0.375166, -0.001738, -0.864568, -0.502514, -0.0, 0.0, 0.0, 0.0, 1.0],
                [0.999998, -0.000908, -0.001886, -0.0, 0.001001, -0.583786, 0.811899, 0.375166, -0.001838, -0.811912, -0.583773, -0.0, 0.0, 0.0, 0.0, 1.0],
                [0.999997, -0.000875, -0.00193, -0.0, 0.000965, -0.622963, 0.782244, 0.375166, -0.001887, -0.782255, -0.62295, 0.0, 0.0, 0.0, 0.0, 1.0],
                [0.999998, -0.00087, -0.001936, -0.0, 0.000959, -0.628535, 0.777773, 0.375166, -0.001893, -0.777784, -0.628523, 0.0, 0.0, 0.0, 0.0, 1.0],
                [0.999998, -0.000879, -0.001924, -0.0, 0.000969, -0.618284, 0.785947, 0.375166, -0.001881, -0.785958, -0.618272, 0.0, 0.0, 0.0, 0.0, 1.0],
                [0.999998, -0.000889, -0.001912, 0.0, 0.000981, -0.606801, 0.794846, 0.375166, -0.001867, -0.794858, -0.606789, -0.0, 0.0, 0.0, 0.0, 1.0],
                [0.999998, -0.0009, -0.001897, -0.0, 0.000993, -0.593366, 0.804924, 0.375166, -0.00185, -0.804937, -0.593354, -0.0, 0.0, 0.0, 0.0, 1.0],
                [0.999998, -0.000914, -0.001879, -0.0, 0.001008, -0.57693, 0.816784, 0.375166, -0.00183, -0.816798, -0.576918, 0.0, 0.0, 0.0, 0.0, 1.0],
                [0.999998, -0.000929, -0.001855, -0.0, 0.001025, -0.556171, 0.831059, 0.375166, -0.001804, -0.831073, -0.556159, 0.0, 0.0, 0.0, 0.0, 1.0],
                [0.999997, -0.000948, -0.001825, 0.0, 0.001046, -0.529602, 0.848236, 0.375166, -0.001771, -0.848251, -0.529591, -0.0, 0.0, 0.0, 0.0, 1.0],
                [0.999998, -0.000971, -0.001786, 0.0, 0.001071, -0.495586, 0.868548, 0.375166, -0.001728, -0.868564, -0.495575, -0.0, 0.0, 0.0, 0.0, 1.0],
                [0.999998, -0.000997, -0.00174, 0.0, 0.0011, -0.453118, 0.891439, 0.375166, -0.001677, -0.891457, -0.453107, -0.0, 0.0, 0.0, 0.0, 1.0],
                [0.999998, -0.001024, -0.001681, -0.0, 0.001129, -0.401136, 0.916006, 0.375167, -0.001612, -0.916027, -0.401126, 0.0, 0.0, 0.0, 0.0, 1.0],
                [0.999999, -0.001052, -0.001613, 0.0, 0.00116, -0.339314, 0.94066, 0.375166, -0.001537, -0.940683, -0.339303, 0.0, 0.0, 0.0, 0.0, 1.0],
                [0.999998, -0.001077, -0.001533, 0.0, 0.001188, -0.26797, 0.963413, 0.375166, -0.001449, -0.963438, -0.26796, -0.0, 0.0, 0.0, 0.0, 1.0],
                [0.999998, -0.001098, -0.001444, -0.0, 0.001211, -0.188933, 0.981975, 0.375167, -0.001351, -0.982003, -0.188923, -0.0, 0.0, 0.0, 0.0, 1.0],
                [0.999999, -0.001112, -0.00135, -0.0, 0.001227, -0.104163, 0.994545, 0.375166, -0.001247, -0.994575, -0.104154, -0.0, 0.0, 0.0, 0.0, 1.0],
                [0.999999, -0.001118, -0.001252, 0.0, 0.001233, -0.01625, 0.999852, 0.375166, -0.001138, -0.999885, -0.01624, 0.0, 0.0, 0.0, 0.0, 1.0],
                [0.999999, -0.001115, -0.001154, 0.0, 0.00123, 0.071045, 0.997457, 0.375166, -0.001031, -0.997491, 0.071056, -0.0, 0.0, 0.0, 0.0, 1.0],
                [0.999999, -0.001105, -0.00106, -0.0, 0.001218, 0.154501, 0.987976, 0.375166, -0.000928, -0.988012, 0.154512, 0.0, 0.0, 0.0, 0.0, 1.0],
                [0.999999, -0.001088, -0.000975, 0.0, 0.0012, 0.231056, 0.972924, 0.375166, -0.000833, -0.97296, 0.231068, -0.0, 0.0, 0.0, 0.0, 1.0],
                [0.999999, -0.001068, -0.000901, -0.0, 0.001178, 0.297362, 0.954748, 0.375166, -0.000751, -0.954785, 0.297374, -0.0, 0.0, 0.0, 0.0, 1.0],
                [0.999999, -0.001047, -0.00084, -0.0, 0.001155, 0.351359, 0.936224, 0.375166, -0.000685, -0.936261, 0.351372, -0.0, 0.0, 0.0, 0.0, 1.0],
                [0.999999, -0.001029, -0.000796, 0.0, 0.001135, 0.390955, 0.920392, 0.375166, -0.000636, -0.92043, 0.390968, 0.0, 0.0, 0.0, 0.0, 1.0],
                [0.999999, -0.001017, -0.000769, 0.0, 0.001122, 0.41519, 0.909717, 0.375166, -0.000606, -0.909755, 0.415204, -0.0, 0.0, 0.0, 0.0, 1.0],
                [0.999999, -0.001013, -0.00076, -0.0, 0.001117, 0.423551, 0.905854, 0.375166, -0.000596, -0.905893, 0.423564, 0.0, 0.0, 0.0, 0.0, 1.0],
                [0.999999, -0.001016, -0.000766, 0.0, 0.001121, 0.41776, 0.90854, 0.375166, -0.000603, -0.908578, 0.417773, 0.0, 0.0, 0.0, 0.0, 1.0],
                [0.999999, -0.001025, -0.000786, -0.0, 0.001131, 0.399669, 0.916642, 0.375166, -0.000625, -0.91668, 0.399682, 0.0, 0.0, 0.0, 0.0, 1.0],
                [0.999999, -0.001039, -0.000819, -0.0, 0.001145, 0.370679, 0.928743, 0.375166, -0.000661, -0.928782, 0.370692, 0.0, 0.0, 0.0, 0.0, 1.0],
                [0.999999, -0.001054, -0.00086, -0.0, 0.001162, 0.334108, 0.942518, 0.375166, -0.000706, -0.942555, 0.334121, -0.0, 0.0, 0.0, 0.0, 1.0],
                [0.999999, -0.001068, -0.000903, -0.0, 0.001178, 0.295458, 0.955339, 0.375166, -0.000754, -0.955376, 0.29547, -0.0, 0.0, 0.0, 0.0, 1.0],
                [0.999999, -0.00108, -0.000942, 0.0, 0.001191, 0.260255, 0.965523, 0.375166, -0.000797, -0.96556, 0.260267, 0.0, 0.0, 0.0, 0.0, 1.0],
                [0.999999, -0.001088, -0.000973, -0.0, 0.001199, 0.23301, 0.972458, 0.375166, -0.000831, -0.972494, 0.233022, 0.0, 0.0, 0.0, 0.0, 1.0],
                [0.999999, -0.001092, -0.000991, 0.0, 0.001204, 0.216233, 0.976325, 0.375166, -0.000852, -0.976362, 0.216245, -0.0, 0.0, 0.0, 0.0, 1.0],
                [0.999999, -0.001093, -0.000998, 0.0, 0.001206, 0.210673, 0.97754, 0.375166, -0.000858, -0.977576, 0.210685, 0.0, 0.0, 0.0, 0.0, 1.0],
                [0.999999, -0.001093, -0.000995, 0.0, 0.001205, 0.21336, 0.976957, 0.375166, -0.000855, -0.976993, 0.213372, 0.0, 0.0, 0.0, 0.0, 1.0],
                [0.999999, -0.001091, -0.000986, -0.0, 0.001203, 0.221549, 0.975133, 0.375166, -0.000845, -0.975169, 0.221561, 0.0, 0.0, 0.0, 0.0, 1.0],
                [0.999999, -0.001087, -0.00097, 0.0, 0.001199, 0.235475, 0.971864, 0.375166, -0.000828, -0.971901, 0.235487, -0.0, 0.0, 0.0, 0.0, 1.0],
                [0.999999, -0.001081, -0.000948, 0.0, 0.001192, 0.255404, 0.966818, 0.375166, -0.000803, -0.966855, 0.255416, 0.0, 0.0, 0.0, 0.0, 1.0],
                [0.999999, -0.001073, -0.000918, -0.0, 0.001183, 0.281591, 0.959518, 0.375166, -0.000771, -0.959555, 0.281603, -0.0, 0.0, 0.0, 0.0, 1.0],
                [0.999999, -0.001062, -0.000882, -0.0, 0.001171, 0.314211, 0.949336, 0.375166, -0.000731, -0.949374, 0.314223, -0.0, 0.0, 0.0, 0.0, 1.0],
                [0.999999, -0.001046, -0.000838, -0.0, 0.001154, 0.353435, 0.935442, 0.375166, -0.000682, -0.93548, 0.353448, -0.0, 0.0, 0.0, 0.0, 1.0],
                [0.999999, -0.001026, -0.000787, -0.0, 0.001131, 0.398761, 0.917037, 0.375166, -0.000627, -0.917075, 0.398774, -0.0, 0.0, 0.0, 0.0, 1.0],
                [0.999999, -0.000999, -0.00073, -0.0, 0.001102, 0.449782, 0.893121, 0.375166, -0.000564, -0.893159, 0.449795, -0.0, 0.0, 0.0, 0.0, 1.0],
                [0.999999, -0.000965, -0.000668, -0.0, 0.001064, 0.505692, 0.862695, 0.375166, -0.000495, -0.862734, 0.505706, 0.0, 0.0, 0.0, 0.0, 1.0],
                [0.999999, -0.000923, -0.000602, 0.0, 0.001018, 0.564965, 0.825096, 0.375166, -0.000421, -0.825134, 0.564979, -0.0, 0.0, 0.0, 0.0, 1.0],
                [0.999999, -0.000872, -0.000533, 0.0, 0.000962, 0.626165, 0.779671, 0.375166, -0.000346, -0.779709, 0.626178, 0.0, 0.0, 0.0, 0.0, 1.0],
                [0.999999, -0.000812, -0.000465, 0.0, 0.000896, 0.687254, 0.726398, 0.375166, -0.000271, -0.726434, 0.687266, -0.0, 0.0, 0.0, 0.0, 1.0],
                [1.0, -0.000744, -0.000399, 0.0, 0.000821, 0.746384, 0.665496, 0.375166, -0.000198, -0.66553, 0.746396, -0.0, 0.0, 0.0, 0.0, 1.0],
                [1.0, -0.000669, -0.000337, 0.0, 0.000737, 0.801532, 0.597933, 0.375166, -0.00013, -0.597964, 0.801542, 0.0, 0.0, 0.0, 0.0, 1.0],
                [0.999999, -0.000587, -0.000282, 0.0, 0.000648, 0.850929, 0.525265, 0.375166, -6.9e-05, -0.525291, 0.850937, -0.0, 0.0, 0.0, 0.0, 1.0],
                [1.0, -0.000503, -0.000235, 0.0, 0.000555, 0.893071, 0.449902, 0.375166, -1.7e-05, -0.449924, 0.893077, 0.0, 0.0, 0.0, 0.0, 1.0],
                [1.0, -0.00042, -0.000197, -0.0, 0.000463, 0.926833, 0.375461, 0.375166, 2.5e-05, -0.375478, 0.926838, -0.0, 0.0, 0.0, 0.0, 1.0],
                [1.0, -0.000345, -0.000169, -0.0, 0.00038, 0.951264, 0.308369, 0.375166, 5.5e-05, -0.308381, 0.951267, -0.0, 0.0, 0.0, 0.0, 1.0],
                [1.0, -0.000289, -0.000153, -0.0, 0.000319, 0.966036, 0.258402, 0.375166, 7.3e-05, -0.258409, 0.966038, -0.0, 0.0, 0.0, 0.0, 1.0],
                [1.0, -0.000268, -0.000147, 0.0, 0.000295, 0.970946, 0.239293, 0.375166, 7.9e-05, -0.239299, 0.970948, -0.0, 0.0, 0.0, 0.0, 1.0]
            ]
        },
        {
            "name": "Knee_R",
            "time": [0.0, 0.0167, 0.0333, 0.05, 0.0667, 0.0833, 0.1, 0.1167, 0.1333, 0.15, 0.1667, 0.1833, 0.2, 0.2167, 0.2333, 0.25, 0.2667, 0.2833, 0.3, 0.3167, 0.3333, 0.35, 0.3667, 0.3833, 0.4, 0.4167, 0.4333, 0.45, 0.4667, 0.4833, 0.5, 0.5167, 0.5333, 0.55, 0.5667, 0.5833, 0.6, 0.6167, 0.6333, 0.65, 0.6667, 0.6833, 0.7, 0.7167, 0.7333, 0.75, 0.7667, 0.7833, 0.8, 0.8167, 0.8333, 0.85, 0.8667, 0.8833, 0.9, 0.9167, 0.9333, 0.95, 0.9667, 0.9833, 1.0, 1.0167, 1.0333, 1.05, 1.0667, 1.0833, 1.1, 1.1167, 1.1333, 1.15, 1.1667, 1.1833, 1.2],
            "transform": [
                [1.0, -5.7e-05, 5.4e-05, 0.0, 5.7e-05, 0.048757, -0.998811, 0.375166, 5.4e-05, 0.998811, 0.048757, 0.0, 0.0, 0.0, 0.0, 1.0],
                [1.0, -5.7e-05, 5.4e-05, -0.0, 5.7e-05, 0.048757, -0.998811, 0.375166, 5.4e-05, 0.998811, 0.048757, -0.0, 0.0, 0.0, 0.0, 1.0],
                [1.0, -5.7e-05, 5.4e-05, 0.0, 5.7e-05, 0.048757, -0.998811, 0.375166, 5.4e-05, 0.998811, 0.048757, -0.0, 0.0, 0.0, 0.0, 1.0],
                [1.0, -5.7e-05, 5.4e-05, -0.0, 5.7e-05, 0.048757, -0.998811, 0.375166, 5.4e-05, 0.998811, 0.048757, -0.0, 0.0, 0.0, 0.0, 1.0],
                [1.0, -5.7e-05, 5.4e-05, 0.0, 5.7e-05, 0.048757, -0.998811, 0.375166, 5.4e-05, 0.998811, 0.048757, 0.0, 0.0, 0.0, 0.0, 1.0],
                [1.0, -5.7e-05, 5.4e-05, -0.0, 5.7e-05, 0.048757, -0.998811, 0.375166, 5.4e-05, 0.998811, 0.048757, -0.0, 0.0, 0.0, 0.0, 1.0],
                [1.0, -5.7e-05, 5.4e-05, 0.0, 5.7e-05, 0.048757, -0.998811, 0.375166, 5.4e-05, 0.998811, 0.048757, -0.0, 0.0, 0.0, 0.0, 1.0],
                [1.0, -5.7e-05, 5.4e-05, -0.0, 5.7e-05, 0.048757, -0.998811, 0.375166, 5.4e-05, 0.998811, 0.048757, 0.0, 0.0, 0.0, 0.0, 1.0],
                [1.0, -5.7e-05, 5.4e-05, 0.0, 5.7e-05, 0.048757, -0.998811, 0.375166, 5.4e-05, 0.998811, 0.048757, 0.0, 0.0, 0.0, 0.0, 1.0],
                [1.0, -5.7e-05, 5.4e-05, 0.0, 5.7e-05, 0.048757, -0.998811, 0.375166, 5.4e-05, 0.998811, 0.048757, 0.0, 0.0, 0.0, 0.0, 1.0],
                [1.0, -5.7e-05, 5.4e-05, 0.0, 5.7e-05, 0.048757, -0.998811, 0.375166, 5.4e-05, 0.998811, 0.048757, 0.0, 0.0, 0.0, 0.0, 1.0],
                [1.0, -5.7e-05, 5.4e-05, -0.0, 5.7e-05, 0.048757, -0.998811, 0.375167, 5.4e-05, 0.998811, 0.048757, -0.0, 0.0, 0.0, 0.0, 1.0],
                [1.0, -5.7e-05, 5.4e-05, 0.0, 5.7e-05, 0.048757, -0.998811, 0.375166, 5.4e-05, 0.998811, 0.048757, 0.0, 0.0, 0.0, 0.0, 1.0],
                [1.0, -5.7e-05, 5.4e-05, 0.0, 5.7e-05, 0.048757, -0.998811, 0.375166, 5.4e-05, 0.998811, 0.048757, -0.0, 0.0, 0.0, 0.0, 1.0],
                [1.0, -5.7e-05, 5.4e-05, 0.0, 5.7e-05, 0.048757, -0.998811, 0.375166, 5.4e-05, 0.998811, 0.048757, 0.0, 0.0, 0.0, 0.0, 1.0],
                [1.0, -5.7e-05, 5.4e-05, -0.0, 5.7e-05, 0.048757, -0.998811, 0.375166, 5.4e-05, 0.998811, 0.048757, 0.0, 0.0, 0.0, 0.0, 1.0],
                [1.0, -5.7e-05, 5.4e-05, 0.0, 5.7e-05, 0.048757, -0.998811, 0.375166, 5.4e-05, 0.998811, 0.048757, 0.0, 0.0, 0.0, 0.0, 1.0],
                [1.0, -5.7e-05, 5.4e-05, 0.0, 5.7e-05, 0.048757, -0.998811, 0.375166, 5.4e-05, 0.998811, 0.048757, -0.0, 0.0, 0.0, 0.0, 1.0],
                [1.0, -5.7e-05, 5.4e-05, -0.0, 5.7e-05, 0.048757, -0.998811, 0.375166, 5.4e-05, 0.998811, 0.048757, -0.0, 0.0, 0.0, 0.0, 1.0],
                [1.0, -5.7e-05, 5.4e-05, -0.0, 5.7e-05, 0.048757, -0.998811, 0.375166, 5.4e-05, 0.998811, 0.048757, 0.0, 0.0, 0.0, 0.0, 1.0],
                [1.0, -5.7e-05, 5.4e-05, -0.0, 5.7e-05, 0.048757, -0.998811, 0.375166, 5.4e-05, 0.998811, 0.048757, 0.0, 0.0, 0.0, 0.0, 1.0],
