{
    "animation": [
        {
            "name": "Root",
            "time": [0.0, 0.0167, 0.0333, 0.05, 0.0667, 0.0833, 0.1, 0.1167, 0.1333, 0.15, 0.1667, 0.1833, 0.2, 0.2167, 0.2333, 0.25, 0.2667, 0.2833, 0.3, 0.3167, 0.3333, 0.35, 0.3667, 0.3833, 0.4, 0.4167, 0.4333, 0.45, 0.4667, 0.4833, 0.5, 0.5167, 0.5333, 0.55, 0.5667, 0.5833, 0.6, 0.6167, 0.6333, 0.65, 0.6667, 0.6833, 0.7, 0.7167, 0.7333, 0.75, 0.7667, 0.7833, 0.8, 0.8167, 0.8333, 0.85, 0.8667, 0.8833, 0.9, 0.9167, 0.9333, 0.95, 0.9667, 0.9833, 1.0, 1.0167, 1.0333, 1.05, 1.0667, 1.0833, 1.1, 1.1167, 1.1333, 1.15, 1.1667, 1.1833, 1.2, 1.2167, 1.2333, 1.25, 1.2667, 1.2833, 1.3, 1.3167, 1.3333, 1.35, 1.3667, 1.3833, 1.4, 1.4167, 1.4333, 1.45, 1.4667, 1.4833, 1.5, 2.0],
            "transform": [
                [0.265047, 0.0, 0.964236, 0.007948, 0.964236, 0.0, -0.265047, -0.005684, 0.0, 1.0, 0.0, 0.724815, 0.0, 0.0, 0.0, 1.0],
                [0.265047, 0.0, 0.964236, 0.007948, 0.964236, 0.0, -0.265047, -0.005684, 0.0, 1.0, 0.0, 0.724815, 0.0, 0.0, 0.0, 1.0],
                [0.265047, 0.0, 0.964236, 0.007948, 0.964236, 0.0, -0.265047, -0.005684, 0.0, 1.0, 0.0, 0.724815, 0.0, 0.0, 0.0, 1.0],
                [0.265047, 0.0, 0.964236, 0.007948, 0.964236, 0.0, -0.265047, -0.005684, 0.0, 1.0, 0.0, 0.724815, 0.0, 0.0, 0.0, 1.0],
                [0.265047, 0.0, 0.964236, 0.007948, 0.964236, 0.0, -0.265047, -0.005684, 0.0, 1.0, 0.0, 0.724815, 0.0, 0.0, 0.0, 1.0],
                [0.265047, 0.0, 0.964236, 0.007948, 0.964236, 0.0, -0.265047, -0.005684, 0.0, 1.0, 0.0, 0.724815, 0.0, 0.0, 0.0, 1.0],
                [0.265047, 0.0, 0.964236, 0.007948, 0.964236, 0.0, -0.265047, -0.005684, 0.0, 1.0, 0.0, 0.724815, 0.0, 0.0, 0.0, 1.0],
                [0.265047, 0.0, 0.964236, 0.007948, 0.964236, 0.0, -0.265047, -0.005684, 0.0, 1.0, 0.0, 0.724815, 0.0, 0.0, 0.0, 1.0],
                [0.265047, 0.0, 0.964236, 0.007948, 0.964236, 0.0, -0.265047, -0.005684, 0.0, 1.0, 0.0, 0.724815, 0.0, 0.0, 0.0, 1.0],
                [0.265047, 0.0, 0.964236, 0.007948, 0.964236, 0.0, -0.265047, -0.005684, 0.0, 1.0, 0.0, 0.724815, 0.0, 0.0, 0.0, 1.0],
                [0.265047, 0.0, 0.964236, 0.007948, 0.964236, 0.0, -0.265047, -0.005684, 0.0, 1.0, 0.0, 0.724815, 0.0, 0.0, 0.0, 1.0],
                [0.265047, 0.0, 0.964236, 0.007948, 0.964236, 0.0, -0.265047, -0.005684, 0.0, 1.0, 0.0, 0.724815, 0.0, 0.0, 0.0, 1.0],
                [0.265047, 0.0, 0.964236, 0.007948, 0.964236, 0.0, -0.265047, -0.005684, 0.0, 1.0, 0.0, 0.724815, 0.0, 0.0, 0.0, 1.0],
                [0.265178, 0.0, 0.9642, 0.007949, 0.9642, 0.0, -0.265178, -0.002141, 0.0, 1.0, 0.0, 0.724815, 0.0, 0.0, 0.0, 1.0],
                [0.265573, 0.0, 0.964091, 0.007952, 0.964091, 0.0, -0.265573, 0.008553, 0.0, 1.0, 0.0, 0.724815, 0.0, 0.0, 0.0, 1.0],
                [0.266235, 0.0, 0.963908, 0.007958, 0.963908, 0.0, -0.266235, 0.02646, 0.0, 1.0, 0.0, 0.724815, 0.0, 0.0, 0.0, 1.0],
                [0.267165, 0.0, 0.963651, 0.007965, 0.963651, 0.0, -0.267165, 0.051589, 0.0, 1.0, 0.0, 0.724815, 0.0, 0.0, 0.0, 1.0],
                [0.26836, 0.0, 0.963319, 0.007975, 0.963319, 0.0, -0.26836, 0.08388, 0.0, 1.0, 0.0, 0.724815, 0.0, 0.0, 0.0, 1.0],
                [0.269815, 0.0, 0.962912, 0.007987, 0.962912, 0.0, -0.269815, 0.123198, 0.0, 1.0, 0.0, 0.724815, 0.0, 0.0, 0.0, 1.0],
                [0.271522, 0.0, 0.962432, 0.008001, 0.962432, 0.0, -0.271522, 0.169311, 0.0, 1.0, 0.0, 0.724815, 0.0, 0.0, 0.0, 1.0],
                [0.273469, 0.0, 0.961881, 0.008018, 0.961881, 0.0, -0.273469, 0.221889, 0.0, 1.0, 0.0, 0.724815, 0.0, 0.0, 0.0, 1.0],
                [0.275641, 0.0, 0.961261, 0.008035, 0.961261, 0.0, -0.275641, 0.280488, 0.0, 1.0, 0.0, 0.724815, 0.0, 0.0, 0.0, 1.0],
                [0.278015, 0.0, 0.960577, 0.008055, 0.960577, 0.0, -0.278015, 0.344547, 0.0, 1.0, 0.0, 0.724815, 0.0, 0.0, 0.0, 1.0],
                [0.280567, 0.0, 0.959834, 0.008076, 0.959834, 0.0, -0.280567, 0.413387, 0.0, 1.0, 0.0, 0.724815, 0.0, 0.0, 0.0, 1.0],
                [0.283269, 0.0, 0.959041, 0.008097, 0.959041, 0.0, -0.283269, 0.486215, 0.0, 1.0, 0.0, 0.724815, 0.0, 0.0, 0.0, 1.0],
                [0.286087, 0.0, 0.958204, 0.00812, 0.958204, 0.0, -0.286087, 0.562135, 0.0, 1.0, 0.0, 0.724815, 0.0, 0.0, 0.0, 1.0],
                [0.288984, 0.0, 0.957334, 0.008143, 0.957334, 0.0, -0.288984, 0.640167, 0.0, 1.0, 0.0, 0.724815, 0.0, 0.0, 0.0, 1.0],
                [0.291923, 0.0, 0.956442, 0.008167, 0.956442, 0.0, -0.291923, 0.71927, 0.0, 1.0, 0.0, 0.724815, 0.0, 0.0, 0.0, 1.0],
                [0.294863, 0.0, 0.95554, 0.00819, 0.95554, 0.0, -0.294863, 0.798374, 0.0, 1.0, 0.0, 0.724815, 0.0, 0.0, 0.0, 1.0],
                [0.297764, 0.0, 0.95464, 0.008213, 0.95464, 0.0, -0.297764, 0.876405, 0.0, 1.0, 0.0, 0.724815, 0.0, 0.0, 0.0, 1.0],
                [0.300588, 0.0, 0.953754, 0.008235, 0.953754, 0.0, -0.300588, 0.952325, 0.0, 1.0, 0.0, 0.724815, 0.0, 0.0, 0.0, 1.0],
                [0.303298, 0.0, 0.952896, 0.008256, 0.952896, 0.0, -0.303298, 1.025152, 0.0, 1.0, 0.0, 0.724815, 0.0, 0.0, 0.0, 1.0],
                [0.30586, 0.0, 0.952077, 0.008275, 0.952077, 0.0, -0.30586, 1.093992, 0.0, 1.0, 0.0, 0.724815, 0.0, 0.0, 0.0, 1.0],
                [0.308246, 0.0, 0.951307, 0.008294, 0.951307, 0.0, -0.308246, 1.15805, 0.0, 1.0, 0.0, 0.724815, 0.0, 0.0, 0.0, 1.0],
                [0.310428, 0.0, 0.950597, 0.00831, 0.950597, 0.0, -0.310428, 1.216648, 0.0, 1.0, 0.0, 0.724815, 0.0, 0.0, 0.0, 1.0],
                [0.312387, 0.0, 0.949955, 0.008325, 0.949955, 0.0, -0.312387, 1.269225, 0.0, 1.0, 0.0, 0.724815, 0.0, 0.0, 0.0, 1.0],
                [0.314105, 0.0, 0.949388, 0.008338, 0.949388, 0.0, -0.314105, 1.315338, 0.0, 1.0, 0.0, 0.724815, 0.0, 0.0, 0.0, 1.0],
                [0.315571, 0.0, 0.948902, 0.008349, 0.948902, 0.0, -0.315571, 1.354654, 0.0, 1.0, 0.0, 0.724815, 0.0, 0.0, 0.0, 1.0],
                [0.316774, 0.0, 0.948501, 0.008358, 0.948501, 0.0, -0.316774, 1.386946, 0.0, 1.0, 0.0, 0.724815, 0.0, 0.0, 0.0, 1.0],
                [0.317711, 0.0, 0.948188, 0.008365, 0.948188, 0.0, -0.317711, 1.412074, 0.0, 1.0, 0.0, 0.724815, 0.0, 0.0, 0.0, 1.0],
                [0.318379, 0.0, 0.947964, 0.00837, 0.947964, 0.0, -0.318379, 1.429981, 0.0, 1.0, 0.0, 0.724815, 0.0, 0.0, 0.0, 1.0],
                [0.318777, 0.0, 0.94783, 0.008373, 0.94783, 0.0, -0.318777, 1.440674, 0.0, 1.0, 0.0, 0.724815, 0.0, 0.0, 0.0, 1.0],
                [0.318909, 0.0, 0.947785, 0.008374, 0.947785, 0.0, -0.318909, 1.444217, 0.0, 1.0, 0.0, 0.724815, 0.0, 0.0, 0.0, 1.0],
                [0.318909, 0.0, 0.947785, 0.008374, 0.947785, 0.0, -0.318909, 1.444217, 0.0, 1.0, 0.0, 0.724815, 0.0, 0.0, 0.0, 1.0],
                [0.318909, 0.0, 0.947785, 0.008374, 0.947785, 0.0, -0.318909, 1.444217, 0.0, 1.0, 0.0, 0.724815, 0.0, 0.0, 0.0, 1.0],
                [0.318909, 0.0, 0.947785, 0.008374, 0.947785, 0.0, -0.318909, 1.444217, 0.0, 1.0, 0.0, 0.724815, 0.0, 0.0, 0.0, 1.0],
                [0.318909, 0.0, 0.947785, 0.008374, 0.947785, 0.0, -0.318909, 1.444217, 0.0, 1.0, 0.0, 0.724815, 0.0, 0.0, 0.0, 1.0],
                [0.318909, 0.0, 0.947785, 0.008374, 0.947785, 0.0, -0.318909, 1.444217, 0.0, 1.0, 0.0, 0.724815, 0.0, 0.0, 0.0, 1.0],
                [0.318909, 0.0, 0.947785, 0.008374, 0.947785, 0.0, -0.318909, 1.444217, 0.0, 1.0, 0.0, 0.724815, 0.0, 0.0, 0.0, 1.0],
                [0.318909, 0.0, 0.947785, 0.008374, 0.947785, 0.0, -0.318909, 1.444217, 0.0, 1.0, 0.0, 0.724815, 0.0, 0.0, 0.0, 1.0],
                [0.318909, 0.0, 0.947785, 0.008374, 0.947785, 0.0, -0.318909, 1.444217, 0.0, 1.0, 0.0, 0.724815, 0.0, 0.0, 0.0, 1.0],
                [0.318909, 0.0, 0.947785, 0.008374, 0.947785, 0.0, -0.318909, 1.444217, 0.0, 1.0, 0.0, 0.724815, 0.0, 0.0, 0.0, 1.0],
                [0.318909, 0.0, 0.947785, 0.008374, 0.947785, 0.0, -0.318909, 1.444217, 0.0, 1.0, 0.0, 0.724815, 0.0, 0.0, 0.0, 1.0],
                [0.318909, 0.0, 0.947785, 0.008374, 0.947785, 0.0, -0.318909, 1.444217, 0.0, 1.0, 0.0, 0.724815, 0.0, 0.0, 0.0, 1.0],
                [0.318909, 0.0, 0.947785, 0.008374, 0.947785, 0.0, -0.318909, 1.444217, 0.0, 1.0, 0.0, 0.724815, 0.0, 0.0, 0.0, 1.0],
                [0.318909, 0.0, 0.947785, 0.008374, 0.947785, 0.0, -0.318909, 1.444217, 0.0, 1.0, 0.0, 0.724815, 0.0, 0.0, 0.0, 1.0],
                [0.318909, 0.0, 0.947785, 0.008374, 0.947785, 0.0, -0.318909, 1.444217, 0.0, 1.0, 0.0, 0.724815, 0.0, 0.0, 0.0, 1.0],
                [0.318909, 0.0, 0.947785, 0.008374, 0.947785, 0.0, -0.318909, 1.444217, 0.0, 1.0, 0.0, 0.724815, 0.0, 0.0, 0.0, 1.0],
                [0.318909, 0.0, 0.947785, 0.008374, 0.947785, 0.0, -0.318909, 1.444217, 0.0, 1.0, 0.0, 0.724815, 0.0, 0.0, 0.0, 1.0],
                [0.318909, 0.0, 0.947785, 0.008374, 0.947785, 0.0, -0.318909, 1.444217, 0.0, 1.0, 0.0, 0.724815, 0.0, 0.0, 0.0, 1.0],
                [0.318909, 0.0, 0.947785, 0.008374, 0.947785, 0.0, -0.318909, 1.444217, 0.0, 1.0, 0.0, 0.724815, 0.0, 0.0, 0.0, 1.0],
                [0.322427, 0.0, 0.946594, 0.0084, 0.946594, 0.0, -0.322427, 1.444157, 0.0, 1.0, 0.0, 0.724815, 0.0, 0.0, 0.0, 1.0],
                [0.333051, 0.0, 0.942909, 0.008477, 0.942909, 0.0, -0.333051, 1.443977, 0.0, 1.0, 0.0, 0.724815, 0.0, 0.0, 0.0, 1.0],
                [0.350861, 0.0, 0.936428, 0.008603, 0.936428, 0.0, -0.350861, 1.443672, 0.0, 1.0, 0.0, 0.724815, 0.0, 0.0, 0.0, 1.0],
                [0.375873, 0.0, 0.926671, 0.008769, 0.926671, 0.0, -0.375873, 1.443239, 0.0, 1.0, 0.0, 0.724815, 0.0, 0.0, 0.0, 1.0],
                [0.408003, 0.0, 0.912981, 0.008966, 0.912981, 0.0, -0.408003, 1.442675, 0.0, 1.0, 0.0, 0.724815, 0.0, 0.0, 0.0, 1.0],
                [0.447012, 0.0, 0.894528, 0.009179, 0.894528, 0.0, -0.447012, 1.441977, 0.0, 1.0, 0.0, 0.724815, 0.0, 0.0, 0.0, 1.0],
                [0.492439, 0.0, 0.870347, 0.009389, 0.870347, 0.0, -0.492439, 1.441146, 0.0, 1.0, 0.0, 0.724815, 0.0, 0.0, 0.0, 1.0],
                [0.543531, 0.0, 0.839389, 0.009575, 0.839389, 0.0, -0.543531, 1.440184, 0.0, 1.0, 0.0, 0.724815, 0.0, 0.0, 0.0, 1.0],
                [0.599182, 0.0, 0.800613, 0.00971, 0.800613, 0.0, -0.599182, 1.439102, 0.0, 1.0, 0.0, 0.724815, 0.0, 0.0, 0.0, 1.0],
                [0.657886, 0.0, 0.753118, 0.009769, 0.753118, 0.0, -0.657886, 1.437913, 0.0, 1.0, 0.0, 0.724815, 0.0, 0.0, 0.0, 1.0],
                [0.717751, 0.0, 0.6963, 0.009726, 0.6963, 0.0, -0.717751, 1.436643, 0.0, 1.0, 0.0, 0.724815, 0.0, 0.0, 0.0, 1.0],
                [0.776572, 0.0, 0.630028, 0.009559, 0.630028, 0.0, -0.776572, 1.435321, 0.0, 1.0, 0.0, 0.724815, 0.0, 0.0, 0.0, 1.0],
                [0.831992, 0.0, 0.554787, 0.009253, 0.554787, 0.0, -0.831992, 1.433985, 0.0, 1.0, 0.0, 0.724815, 0.0, 0.0, 0.0, 1.0],
                [0.881726, 0.0, 0.471761, 0.008805, 0.471761, 0.0, -0.881726, 1.432678, 0.0, 1.0, 0.0, 0.724815, 0.0, 0.0, 0.0, 1.0],
                [0.92383, 0.0, 0.382804, 0.008223, 0.382804, 0.0, -0.92383, 1.43144, 0.0, 1.0, 0.0, 0.724815, 0.0, 0.0, 0.0, 1.0],
                [0.956937, 0.0, 0.290296, 0.007527, 0.290296, 0.0, -0.956937, 1.430309, 0.0, 1.0, 0.0, 0.724815, 0.0, 0.0, 0.0, 1.0],
                [0.980424, 0.0, 0.196899, 0.006744, 0.196899, 0.0, -0.980424, 1.429311, 0.0, 1.0, 0.0, 0.724815, 0.0, 0.0, 0.0, 1.0],
                [0.994443, 0.0, 0.105272, 0.005909, 0.105272, 0.0, -0.994443, 1.428464, 0.0, 1.0, 0.0, 0.724815, 0.0, 0.0, 0.0, 1.0],
                [0.999842, 0.0, 0.0178, 0.005058, 0.0178, 0.0, -0.999842, 1.427771, 0.0, 1.0, 0.0, 0.724815, 0.0, 0.0, 0.0, 1.0],
                [0.997976, 0.0, -0.063589, 0.004223, -0.063589, 0.0, -0.997976, 1.427227, 0.0, 1.0, 0.0, 0.724815, 0.0, 0.0, 0.0, 1.0],
                [0.990499, 0.0, -0.137517, 0.003432, -0.137517, 0.0, -0.990499, 1.426817, 0.0, 1.0, 0.0, 0.724815, 0.0, 0.0, 0.0, 1.0],
                [0.979148, 0.0, -0.203147, 0.002707, -0.203147, 0.0, -0.979148, 1.426522, 0.0, 1.0, 0.0, 0.724815, 0.0, 0.0, 0.0, 1.0],
                [0.965578, 0.0, -0.260112, 0.00206, -0.260112, 0.0, -0.965578, 1.42632, 0.0, 1.0, 0.0, 0.724815, 0.0, 0.0, 0.0, 1.0],
                [0.951256, 0.0, -0.308403, 0.001499, -0.308403, 0.0, -0.951256, 1.426189, 0.0, 1.0, 0.0, 0.724815, 0.0, 0.0, 0.0, 1.0],
                [0.937402, 0.0, -0.34825, 0.00103, -0.34825, 0.0, -0.937402, 1.426111, 0.0, 1.0, 0.0, 0.724815, 0.0, 0.0, 0.0, 1.0],
                [0.924979, 0.0, -0.380018, 0.00065, -0.380018, 0.0, -0.924979, 1.426069, 0.0, 1.0, 0.0, 0.724815, 0.0, 0.0, 0.0, 1.0],
                [0.914705, 0.0, -0.404122, 0.00036, -0.404122, 0.0, -0.914705, 1.42605, 0.0, 1.0, 0.0, 0.724815, 0.0, 0.0, 0.0, 1.0],
                [0.907078, 0.0, -0.420962, 0.000156, -0.420962, 0.0, -0.907078, 1.426043, 0.0, 1.0, 0.0, 0.724815, 0.0, 0.0, 0.0, 1.0],
                [0.902408, 0.0, -0.430884, 3.5e-05, -0.430884, 0.0, -0.902408, 1.426041, 0.0, 1.0, 0.0, 0.724815, 0.0, 0.0, 0.0, 1.0],
                [0.900842, 0.0, -0.434148, -5e-06, -0.434148, 0.0, -0.900842, 1.426041, 0.0, 1.0, 0.0, 0.724815, 0.0, 0.0, 0.0, 1.0],
                [0.900842, 0.0, -0.434148, -5e-06, -0.434148, 0.0, -0.900842, 1.426041, 0.0, 1.0, 0.0, 0.724815, 0.0, 0.0, 0.0, 1.0]
            ]
        },
        {
            "name": "Thigh_R",
            "time": [0.0, 0.0167, 0.0333, 0.05, 0.0667, 0.0833, 0.1, 0.1167, 0.1333, 0.15, 0.1667, 0.1833, 0.2, 0.2167, 0.2333, 0.25, 0.2667, 0.2833, 0.3, 0.3167, 0.3333, 0.35, 0.3667, 0.3833, 0.4, 0.4167, 0.4333, 0.45, 0.4667, 0.4833, 0.5, 0.5167, 0.5333, 0.55, 0.5667, 0.5833, 0.6, 0.6167, 0.6333, 0.65, 0.6667, 0.6833, 0.7, 0.7167, 0.7333, 0.75, 0.7667, 0.7833, 0.8, 0.8167, 0.8333, 0.85, 0.8667, 0.8833, 0.9, 0.9167, 0.9333, 0.95, 0.9667, 0.9833, 1.0, 1.0167, 1.0333, 1.05, 1.0667, 1.0833, 1.1, 1.1167, 1.1333, 1.15, 1.1667, 1.1833, 1.2, 1.2167, 1.2333, 1.25, 1.2667, 1.2833, 1.3, 1.3167, 1.3333, 1.35, 1.3667, 1.3833, 1.4, 1.4167, 1.4333, 1.45, 1.4667, 1.4833, 1.5, 2.0],
            "transform": [
                [0.939903, -0.044194, 0.338555, 0.086814, -0.135933, -0.958051, 0.252306, -0.002831, 0.313215, -0.283169, -0.906447, -0.089074, 0.0, 0.0, 0.0, 1.0],
                [0.939903, -0.044194, 0.338555, 0.086814, -0.135933, -0.958051, 0.252306, -0.002831, 0.313215, -0.283169, -0.906447, -0.089074, 0.0, 0.0, 0.0, 1.0],
                [0.939903, -0.044194, 0.338555, 0.086814, -0.135933, -0.958051, 0.252306, -0.002831, 0.313215, -0.283169, -0.906447, -0.089074, 0.0, 0.0, 0.0, 1.0],
                [0.939903, -0.044194, 0.338555, 0.086814, -0.135933, -0.958051, 0.252306, -0.002831, 0.313215, -0.283169, -0.906447, -0.089074, 0.0, 0.0, 0.0, 1.0],
                [0.939903, -0.044194, 0.338555, 0.086814, -0.135933, -0.958051, 0.252306, -0.002831, 0.313215, -0.283169, -0.906447, -0.089074, 0.0, 0.0, 0.0, 1.0],
                [0.939903, -0.044194, 0.338555, 0.086814, -0.135933, -0.958051, 0.252306, -0.002831, 0.313215, -0.283169, -0.906447, -0.089074, 0.0, 0.0, 0.0, 1.0],
                [0.939903, -0.044194, 0.338555, 0.086814, -0.135933, -0.958051, 0.252306, -0.002831, 0.313215, -0.283169, -0.906447, -0.089074, 0.0, 0.0, 0.0, 1.0],
                [0.939903, -0.044194, 0.338555, 0.086814, -0.135933, -0.958051, 0.252306, -0.002831, 0.313215, -0.283169, -0.906447, -0.089074, 0.0, 0.0, 0.0, 1.0],
                [0.939903, -0.044194, 0.338555, 0.086814, -0.135933, -0.958051, 0.252306, -0.002831, 0.313215, -0.283169, -0.906447, -0.089074, 0.0, 0.0, 0.0, 1.0],
                [0.939903, -0.044194, 0.338555, 0.086814, -0.135933, -0.958051, 0.252306, -0.002831, 0.313215, -0.283169, -0.906447, -0.089074, 0.0, 0.0, 0.0, 1.0],
                [0.939903, -0.044194, 0.338555, 0.086814, -0.135933, -0.958051, 0.252306, -0.002831, 0.313215, -0.283169, -0.906447, -0.089074, 0.0, 0.0, 0.0, 1.0],
                [0.939903, -0.044194, 0.338555, 0.086814, -0.135933, -0.958051, 0.252306, -0.002831, 0.313215, -0.283169, -0.906447, -0.089074, 0.0, 0.0, 0.0, 1.0],
                [0.939903, -0.044194, 0.338555, 0.086814, -0.135933, -0.958051, 0.252306, -0.002831, 0.313215, -0.283169, -0.906447, -0.089074, 0.0, 0.0, 0.0, 1.0],
                [0.939903, -0.044194, 0.338555, 0.086814, -0.135933, -0.958051, 0.252305, -0.002831, 0.313215, -0.283169, -0.906447, -0.089074, 0.0, 0.0, 0.0, 1.0],
                [0.939904, -0.044193, 0.338555, 0.086814, -0.135933, -0.958051, 0.252306, -0.002831, 0.313215, -0.283169, -0.906446, -0.089074, 0.0, 0.0, 0.0, 1.0],
                [0.939903, -0.044194, 0.338555, 0.086814, -0.135933, -0.958051, 0.252306, -0.002831, 0.313215, -0.283169, -0.906447, -0.089074, 0.0, 0.0, 0.0, 1.0],
                [0.939903, -0.044194, 0.338555, 0.086814, -0.135933, -0.958051, 0.252305, -0.002831, 0.313215, -0.283168, -0.906447, -0.089074, 0.0, 0.0, 0.0, 1.0],
                [0.939903, -0.044193, 0.338555, 0.086814, -0.135933, -0.95805, 0.252306, -0.002831, 0.313215, -0.28317, -0.906446, -0.089074, 0.0, 0.0, 0.0, 1.0],
                [0.939904, -0.044193, 0.338555, 0.086814, -0.135933, -0.958051, 0.252306, -0.002831, 0.313215, -0.28317, -0.906447, -0.089074, 0.0, 0.0, 0.0, 1.0],
                [0.939903, -0.044194, 0.338555, 0.086814, -0.135933, -0.958051, 0.252305, -0.002831, 0.313215, -0.283168, -0.906447, -0.089074, 0.0, 0.0, 0.0, 1.0],
                [0.939903, -0.044193, 0.338555, 0.086814, -0.135933, -0.958051, 0.252306, -0.002831, 0.313215, -0.28317, -0.906447, -0.089074, 0.0, 0.0, 0.0, 1.0],
                [0.939904, -0.044194, 0.338555, 0.086814, -0.135933, -0.958051, 0.252305, -0.002831, 0.313215, -0.283168, -0.906447, -0.089074, 0.0, 0.0, 0.0, 1.0],
                [0.939904, -0.044193, 0.338555, 0.086814, -0.135933, -0.958051, 0.252306, -0.002831, 0.313215, -0.28317, -0.906447, -0.089074, 0.0, 0.0, 0.0, 1.0],
                [0.939903, -0.044194, 0.338555, 0.086814, -0.135933, -0.958051, 0.252305, -0.002831, 0.313215, -0.283168, -0.906447, -0.089074, 0.0, 0.0, 0.0, 1.0],
                [0.939903, -0.044194, 0.338555, 0.086814, -0.135933, -0.958051, 0.252306, -0.002831, 0.313215, -0.283169, -0.906447, -0.089074, 0.0, 0.0, 0.0, 1.0],
                [0.939903, -0.044194, 0.338555, 0.086814, -0.135933, -0.958051, 0.252306, -0.002831, 0.313215, -0.283169, -0.906447, -0.089074, 0.0, 0.0, 0.0, 1.0],
                [0.939903, -0.044194, 0.338555, 0.086814, -0.135933, -0.958051, 0.252305, -0.002831, 0.313215, -0.283169, -0.906447, -0.089074, 0.0, 0.0, 0.0, 1.0],
                [0.939904, -0.044193, 0.338555, 0.086814, -0.135933, -0.95805, 0.252307, -0.002831, 0.313215, -0.28317, -0.906446, -0.089074, 0.0, 0.0, 0.0, 1.0],
                [0.939904, -0.044193, 0.338555, 0.086814, -0.135933, -0.95805, 0.252307, -0.002831, 0.313215, -0.28317, -0.906446, -0.089074, 0.0, 0.0, 0.0, 1.0],
                [0.939903, -0.044194, 0.338556, 0.086814, -0.135933, -0.958051, 0.252305, -0.002831, 0.313215, -0.283169, -0.906447, -0.089074, 0.0, 0.0, 0.0, 1.0],
                [0.939903, -0.044193, 0.338555, 0.086814, -0.135933, -0.958051, 0.252306, -0.002831, 0.313215, -0.28317, -0.906446, -0.089074, 0.0, 0.0, 0.0, 1.0],
                [0.939903, -0.044194, 0.338555, 0.086814, -0.135933, -0.958051, 0.252305, -0.002831, 0.313215, -0.283168, -0.906447, -0.089074, 0.0, 0.0, 0.0, 1.0],
                [0.939904, -0.044193, 0.338555, 0.086814, -0.135933, -0.958051, 0.252306, -0.002831, 0.313215, -0.283169, -0.906447, -0.089074, 0.0, 0.0, 0.0, 1.0],
                [0.939903, -0.044194, 0.338555, 0.086814, -0.135933, -0.958051, 0.252306, -0.002831, 0.313215, -0.283169, -0.906447, -0.089074, 0.0, 0.0, 0.0, 1.0],
                [0.939903, -0.044194, 0.338555, 0.086814, -0.135933, -0.958051, 0.252304, -0.002831, 0.313215, -0.283168, -0.906447, -0.089074, 0.0, 0.0, 0.0, 1.0],
                [0.939903, -0.044194, 0.338555, 0.086814, -0.135933, -0.958051, 0.252305, -0.002831, 0.313215, -0.283169, -0.906447, -0.089074, 0.0, 0.0, 0.0, 1.0],
                [0.939903, -0.044193, 0.338555, 0.086814, -0.135933, -0.95805, 0.252307, -0.002831, 0.313215, -0.28317, -0.906446, -0.089074, 0.0, 0.0, 0.0, 1.0],
                [0.939903, -0.044194, 0.338555, 0.086814, -0.135933, -0.958051, 0.252305, -0.002831, 0.313215, -0.283168, -0.906447, -0.089074, 0.0, 0.0, 0.0, 1.0],
                [0.939903, -0.044193, 0.338556, 0.086814, -0.135933, -0.958051, 0.252306, -0.002831, 0.313215, -0.283169, -0.906447, -0.089074, 0.0, 0.0, 0.0, 1.0],
                [0.939903, -0.044194, 0.338555, 0.086814, -0.135933, -0.958051, 0.252306, -0.002831, 0.313215, -0.283169, -0.906447, -0.089074, 0.0, 0.0, 0.0, 1.0],
                [0.939903, -0.044194, 0.338555, 0.086814, -0.135933, -0.958051, 0.252305, -0.002831, 0.313215, -0.283169, -0.906447, -0.089074, 0.0, 0.0, 0.0, 1.0],
                [0.939903, -0.044193, 0.338555, 0.086814, -0.135933, -0.958051, 0.252306, -0.002831, 0.313215, -0.283169, -0.906447, -0.089074, 0.0, 0.0, 0.0, 1.0],
                [0.939904, -0.044194, 0.338555, 0.086814, -0.135933, -0.958051, 0.252305, -0.002831, 0.313215, -0.283168, -0.906447, -0.089074, 0.0, 0.0, 0.0, 1.0],
                [0.939904, -0.044194, 0.338555, 0.086814, -0.135933, -0.958051, 0.252305, -0.002831, 0.313215, -0.283168, -0.906447, -0.089074, 0.0, 0.0, 0.0, 1.0],
                [0.939904, -0.044194, 0.338555, 0.086814, -0.135933, -0.958051, 0.252305, -0.002831, 0.313215, -0.283168, -0.906447, -0.089074, 0.0, 0.0, 0.0, 1.0],
                [0.939904, -0.044194, 0.338555, 0.086814, -0.135933, -0.958051, 0.252305, -0.002831, 0.313215, -0.283168, -0.906447, -0.089074, 0.0, 0.0, 0.0, 1.0],
                [0.939904, -0.044194, 0.338555, 0.086814, -0.135933, -0.958051, 0.252305, -0.002831, 0.313215, -0.283168, -0.906447, -0.089074, 0.0, 0.0, 0.0, 1.0],
                [0.939904, -0.044194, 0.338555, 0.086814, -0.135933, -0.958051, 0.252305, -0.002831, 0.313215, -0.283168, -0.906447, -0.089074, 0.0, 0.0, 0.0, 1.0],
                [0.939904, -0.044194, 0.338555, 0.086814, -0.135933, -0.958051, 0.252305, -0.002831, 0.313215, -0.283168, -0.906447, -0.089074, 0.0, 0.0, 0.0, 1.0],
                [0.939904, -0.044194, 0.338555, 0.086814, -0.135933, -0.958051, 0.252305, -0.002831, 0.313215, -0.283168, -0.906447, -0.089074, 0.0, 0.0, 0.0, 1.0],
                [0.939904, -0.044194, 0.338555, 0.086814, -0.135933, -0.958051, 0.252305, -0.002831, 0.313215, -0.283168, -0.906447, -0.089074, 0.0, 0.0, 0.0, 1.0],
                [0.939904, -0.044194, 0.338555, 0.086814, -0.135933, -0.958051, 0.252305, -0.002831, 0.313215, -0.283168, -0.906447, -0.089074, 0.0, 0.0, 0.0, 1.0],
                [0.939904, -0.044194, 0.338555, 0.086814, -0.135933, -0.958051, 0.252305, -0.002831, 0.313215, -0.283168, -0.906447, -0.089074, 0.0, 0.0, 0.0, 1.0],
                [0.939904, -0.044194, 0.338555, 0.086814, -0.135933, -0.958051, 0.252305, -0.002831, 0.313215, -0.283168, -0.906447, -0.089074, 0.0, 0.0, 0.0, 1.0],
                [0.939904, -0.044194, 0.338555, 0.086814, -0.135933, -0.958051, 0.252305, -0.002831, 0.313215, -0.283168, -0.906447, -0.089074, 0.0, 0.0, 0.0, 1.0],
                [0.939904, -0.044194, 0.338555, 0.086814, -0.135933, -0.958051, 0.252305, -0.002831, 0.313215, -0.283168, -0.906447, -0.089074, 0.0, 0.0, 0.0, 1.0],
                [0.939904, -0.044194, 0.338555, 0.086814, -0.135933, -0.958051, 0.252305, -0.002831, 0.313215, -0.283168, -0.906447, -0.089074, 0.0, 0.0, 0.0, 1.0],
                [0.939904, -0.044194, 0.338555, 0.086814, -0.135933, -0.958051, 0.252305, -0.002831, 0.313215, -0.283168, -0.906447, -0.089074, 0.0, 0.0, 0.0, 1.0],
                [0.939904, -0.044194, 0.338555, 0.086814, -0.135933, -0.958051, 0.252305, -0.002831, 0.313215, -0.283168, -0.906447, -0.089074, 0.0, 0.0, 0.0, 1.0],
                [0.939904, -0.044194, 0.338555, 0.086814, -0.135933, -0.958051, 0.252305, -0.002831, 0.313215, -0.283168, -0.906447, -0.089074, 0.0, 0.0, 0.0, 1.0],
                [0.939904, -0.044194, 0.338555, 0.086814, -0.135933, -0.958051, 0.252305, -0.002831, 0.313215, -0.283168, -0.906447, -0.089074, 0.0, 0.0, 0.0, 1.0],
                [0.939904, -0.044193, 0.338555, 0.086814, -0.135933, -0.958051, 0.252306, -0.002831, 0.313215, -0.28317, -0.906446, -0.089074, 0.0, 0.0, 0.0, 1.0],
                [0.939904, -0.044193, 0.338555, 0.086814, -0.135933, -0.95805, 0.252306, -0.002831, 0.313215, -0.28317, -0.906446, -0.089074, 0.0, 0.0, 0.0, 1.0],
                [0.939903, -0.044194, 0.338555, 0.086814, -0.135933, -0.958051, 0.252305, -0.002831, 0.313215, -0.283169, -0.906447, -0.089074, 0.0, 0.0, 0.0, 1.0],
                [0.939904, -0.044193, 0.338556, 0.086814, -0.135933, -0.958051, 0.252306, -0.002831, 0.313215, -0.283169, -0.906446, -0.089074, 0.0, 0.0, 0.0, 1.0],
                [0.939903, -0.044194, 0.338555, 0.086814, -0.135933, -0.958051, 0.252306, -0.002831, 0.313215, -0.283169, -0.906447, -0.089074, 0.0, 0.0, 0.0, 1.0],
                [0.939903, -0.044194, 0.338555, 0.086814, -0.135933, -0.958051, 0.252305, -0.002831, 0.313215, -0.283168, -0.906447, -0.089074, 0.0, 0.0, 0.0, 1.0],
                [0.939903, -0.044194, 0.338555, 0.086814, -0.135933, -0.958051, 0.252305, -0.002831, 0.313215, -0.283168, -0.906447, -0.089074, 0.0, 0.0, 0.0, 1.0],
                [0.939903, -0.044194, 0.338556, 0.086814, -0.135933, -0.958051, 0.252305, -0.002831, 0.313215, -0.283169, -0.906447, -0.089074, 0.0, 0.0, 0.0, 1.0],
                [0.939903, -0.044193, 0.338555, 0.086814, -0.135933, -0.958051, 0.252306, -0.002831, 0.313215, -0.28317, -0.906447, -0.089074, 0.0, 0.0, 0.0, 1.0],
                [0.939903, -0.044193, 0.338555, 0.086814, -0.135933, -0.958051, 0.252306, -0.002831, 0.313215, -0.28317, -0.906446, -0.089074, 0.0, 0.0, 0.0, 1.0],
                [0.939903, -0.044194, 0.338555, 0.086814, -0.135933, -0.958051, 0.252305, -0.002831, 0.313215, -0.283169, -0.906447, -0.089074, 0.0, 0.0, 0.0, 1.0],
                [0.939904, -0.044194, 0.338555, 0.086814, -0.135933, -0.958051, 0.252305, -0.002831, 0.313215, -0.283169, -0.906447, -0.089074, 0.0, 0.0, 0.0, 1.0],
                [0.939903, -0.044193, 0.338556, 0.086814, -0.135933, -0.958051, 0.252306, -0.002831, 0.313215, -0.283169, -0.906447, -0.089074, 0.0, 0.0, 0.0, 1.0],
                [0.939904, -0.044194, 0.338555, 0.086814, -0.135933, -0.958051, 0.252305, -0.002831, 0.313215, -0.283168, -0.906447, -0.089074, 0.0, 0.0, 0.0, 1.0],
                [0.939903, -0.044193, 0.338555, 0.086814, -0.135933, -0.958051, 0.252306, -0.002831, 0.313215, -0.283169, -0.906447, -0.089075, 0.0, 0.0, 0.0, 1.0],
                [0.939904, -0.044194, 0.338555, 0.086814, -0.135933, -0.958051, 0.252305, -0.002831, 0.313215, -0.283168, -0.906447, -0.089074, 0.0, 0.0, 0.0, 1.0],
                [0.939903, -0.044193, 0.338555, 0.086814, -0.135933, -0.958051, 0.252306, -0.002831, 0.313215, -0.283169, -0.906447, -0.089074, 0.0, 0.0, 0.0, 1.0],
                [0.939903, -0.044193, 0.338555, 0.086814, -0.135933, -0.958051, 0.252306, -0.002831, 0.313215, -0.283169, -0.906447, -0.089074, 0.0, 0.0, 0.0, 1.0],
                [0.939903, -0.044194, 0.338555, 0.086814, -0.135933, -0.958051, 0.252306, -0.002831, 0.313215, -0.283169, -0.906447, -0.089074, 0.0, 0.0, 0.0, 1.0],
                [0.939903, -0.044194, 0.338555, 0.086814, -0.135933, -0.958051, 0.252305, -0.002831, 0.313215, -0.283169, -0.906447, -0.089074, 0.0, 0.0, 0.0, 1.0],
                [0.939904, -0.044194, 0.338555, 0.086814, -0.135933, -0.958051, 0.252306, -0.002831, 0.313215, -0.283169, -0.906447, -0.089074, 0.0, 0.0, 0.0, 1.0],
                [0.939903, -0.044194, 0.338555, 0.086814, -0.135933, -0.958051, 0.252306, -0.002831, 0.313215, -0.283169, -0.906447, -0.089074, 0.0, 0.0, 0.0, 1.0],
                [0.939903, -0.044193, 0.338555, 0.086814, -0.135933, -0.958051, 0.252306, -0.002831, 0.313215, -0.28317, -0.906446, -0.089074, 0.0, 0.0, 0.0, 1.0],
                [0.939903, -0.044193, 0.338555, 0.086814, -0.135933, -0.958051, 0.252306, -0.002831, 0.313215, -0.283169, -0.906447, -0.089074, 0.0, 0.0, 0.0, 1.0],
                [0.939903, -0.044194, 0.338555, 0.086814, -0.135933, -0.958051, 0.252305, -0.002831, 0.313215, -0.283168, -0.906447, -0.089074, 0.0, 0.0, 0.0, 1.0],
                [0.939904, -0.044194, 0.338555, 0.086814, -0.135933, -0.958051, 0.252305, -0.002831, 0.313215, -0.283168, -0.906447, -0.089074, 0.0, 0.0, 0.0, 1.0],
                [0.939903, -0.044193, 0.338555, 0.086814, -0.135933, -0.95805, 0.252306, -0.002831, 0.313215, -0.28317, -0.906446, -0.089075, 0.0, 0.0, 0.0, 1.0],
                [0.939904, -0.044194, 0.338555, 0.086814, -0.135933, -0.958051, 0.252305, -0.002831, 0.313215, -0.283169, -0.906447, -0.089074, 0.0, 0.0, 0.0, 1.0],
                [0.939903, -0.044194, 0.338555, 0.086814, -0.135933, -0.958051, 0.252306, -0.002831, 0.313215, -0.283169, -0.906447, -0.089074, 0.0, 0.0, 0.0, 1.0],
                [0.939904, -0.044193, 0.338556, 0.086814, -0.135933, -0.958051, 0.252306, -0.002831, 0.313215, -0.28317, -0.906446, -0.089074, 0.0, 0.0, 0.0, 1.0],
                [0.939904, -0.044193, 0.338556, 0.086814, -0.135933, -0.958051, 0.252306, -0.002831, 0.313215, -0.28317, -0.906446, -0.089074, 0.0, 0.0, 0.0, 1.0]
            ]
        },
        {
            "name": "Leg_R",
            "time": [0.0, 0.0167, 0.0333, 0.05, 0.0667, 0.0833, 0.1, 0.1167, 0.1333, 0.15, 0.1667, 0.1833, 0.2, 0.2167, 0.2333, 0.25, 0.2667, 0.2833, 0.3, 0.3167, 0.3333, 0.35, 0.3667, 0.3833, 0.4, 0.4167, 0.4333, 0.45, 0.4667, 0.4833, 0.5, 0.5167, 0.5333, 0.55, 0.5667, 0.5833, 0.6, 0.6167, 0.6333, 0.65, 0.6667, 0.6833, 0.7, 0.7167, 0.7333, 0.75, 0.7667, 0.7833, 0.8, 0.8167, 0.8333, 0.85, 0.8667, 0.8833, 0.9, 0.9167, 0.9333, 0.95, 0.9667, 0.9833, 1.0, 1.0167, 1.0333, 1.05, 1.0667, 1.0833, 1.1, 1.1167, 1.1333, 1.15, 1.1667, 1.1833, 1.2, 1.2167, 1.2333, 1.25, 1.2667, 1.2833, 1.3, 1.3167, 1.3333, 1.35, 1.3667, 1.3833, 1.4, 1.4167, 1.4333, 1.45, 1.4667, 1.4833, 1.5, 2.0],
            "transform": [
                [1.0, -0.00024, -0.000141, -0.0, 0.000265, 0.976706, 0.214576, 0.375166, 8.6e-05, -0.21458, 0.976707, -0.0, 0.0, 0.0, 0.0, 1.0],
                [1.0, -0.00024, -0.000141, -0.0, 0.000265, 0.976706, 0.214576, 0.375166, 8.6e-05, -0.21458, 0.976707, -0.0, 0.0, 0.0, 0.0, 1.0],
                [1.0, -0.00024, -0.000141, -0.0, 0.000265, 0.976706, 0.214576, 0.375166, 8.6e-05, -0.21458, 0.976707, -0.0, 0.0, 0.0, 0.0, 1.0],
                [1.0, -0.00024, -0.000141, -0.0, 0.000265, 0.976706, 0.214576, 0.375166, 8.6e-05, -0.21458, 0.976707, -0.0, 0.0, 0.0, 0.0, 1.0],
                [1.0, -0.00024, -0.000141, -0.0, 0.000265, 0.976706, 0.214576, 0.375166, 8.6e-05, -0.21458, 0.976707, -0.0, 0.0, 0.0, 0.0, 1.0],
                [1.0, -0.00024, -0.000141, -0.0, 0.000265, 0.976706, 0.214576, 0.375166, 8.6e-05, -0.21458, 0.976707, -0.0, 0.0, 0.0, 0.0, 1.0],
                [1.0, -0.00024, -0.000141, -0.0, 0.000265, 0.976706, 0.214576, 0.375166, 8.6e-05, -0.21458, 0.976707, -0.0, 0.0, 0.0, 0.0, 1.0],
                [1.0, -0.00024, -0.000141, -0.0, 0.000265, 0.976706, 0.214576, 0.375166, 8.6e-05, -0.21458, 0.976707, -0.0, 0.0, 0.0, 0.0, 1.0],
                [1.0, -0.00024, -0.000141, -0.0, 0.000265, 0.976706, 0.214576, 0.375166, 8.6e-05, -0.21458, 0.976707, -0.0, 0.0, 0.0, 0.0, 1.0],
                [1.0, -0.00024, -0.000141, -0.0, 0.000265, 0.976706, 0.214576, 0.375166, 8.6e-05, -0.21458, 0.976707, -0.0, 0.0, 0.0, 0.0, 1.0],
                [1.0, -0.00024, -0.000141, -0.0, 0.000265, 0.976706, 0.214576, 0.375166, 8.6e-05, -0.21458, 0.976707, -0.0, 0.0, 0.0, 0.0, 1.0],
                [1.0, -0.00024, -0.000141, -0.0, 0.000265, 0.976706, 0.214576, 0.375166, 8.6e-05, -0.21458, 0.976707, -0.0, 0.0, 0.0, 0.0, 1.0],
                [1.0, -0.00024, -0.000141, -0.0, 0.000265, 0.976706, 0.214576, 0.375166, 8.6e-05, -0.21458, 0.976707, -0.0, 0.0, 0.0, 0.0, 1.0],
                [1.0, -0.00024, -0.000141, -0.0, 0.000265, 0.976707, 0.214576, 0.375166, 8.6e-05, -0.21458, 0.976708, 0.0, 0.0, 0.0, 0.0, 1.0],
                [1.0, -0.00024, -0.000141, 0.0, 0.000265, 0.976706, 0.214577, 0.375166, 8.6e-05, -0.214581, 0.976707, -0.0, 0.0, 0.0, 0.0, 1.0],
                [1.0, -0.00024, -0.000141, 0.0, 0.000265, 0.976706, 0.214576, 0.375166, 8.6e-05, -0.21458, 0.976708, -0.0, 0.0, 0.0, 0.0, 1.0],
                [1.0, -0.00024, -0.000141, -0.0, 0.000265, 0.976707, 0.214575, 0.375166, 8.6e-05, -0.214579, 0.976708, 0.0, 0.0, 0.0, 0.0, 1.0],
                [1.0, -0.00024, -0.000141, 0.0, 0.000265, 0.976706, 0.214578, 0.375166, 8.6e-05, -0.214582, 0.976707, 0.0, 0.0, 0.0, 0.0, 1.0],
                [1.0, -0.00024, -0.000141, -0.0, 0.000265, 0.976706, 0.214578, 0.375166, 8.6e-05, -0.214582, 0.976707, -0.0, 0.0, 0.0, 0.0, 1.0],
                [1.0, -0.00024, -0.000141, 0.0, 0.000265, 0.976707, 0.214575, 0.375166, 8.6e-05, -0.214579, 0.976708, -0.0, 0.0, 0.0, 0.0, 1.0],
                [1.0, -0.00024, -0.000141, -0.0, 0.000265, 0.976706, 0.214577, 0.375166, 8.6e-05, -0.214581, 0.976707, 0.0, 0.0, 0.0, 0.0, 1.0],
                [1.0, -0.00024, -0.000141, -0.0, 0.000265, 0.976707, 0.214575, 0.375166, 8.6e-05, -0.214579, 0.976708, 0.0, 0.0, 0.0, 0.0, 1.0],
                [1.0, -0.00024, -0.000141, 0.0, 0.000265, 0.976706, 0.214577, 0.375166, 8.6e-05, -0.214581, 0.976707, 0.0, 0.0, 0.0, 0.0, 1.0],
                [1.0, -0.00024, -0.000141, 0.0, 0.000265, 0.976707, 0.214574, 0.375166, 8.6e-05, -0.214578, 0.976708, 0.0, 0.0, 0.0, 0.0, 1.0],
                [1.0, -0.00024, -0.000141, 0.0, 0.000265, 0.976706, 0.214576, 0.375166, 8.6e-05, -0.21458, 0.976707, 0.0, 0.0, 0.0, 0.0, 1.0],
                [1.0, -0.00024, -0.000141, -0.0, 0.000265, 0.976706, 0.214576, 0.375166, 8.6e-05, -0.21458, 0.976708, 0.0, 0.0, 0.0, 0.0, 1.0],
                [1.0, -0.00024, -0.000141, 0.0, 0.000265, 0.976706, 0.214576, 0.375166, 8.6e-05, -0.21458, 0.976707, -0.0, 0.0, 0.0, 0.0, 1.0],
                [1.0, -0.00024, -0.000141, 0.0, 0.000265, 0.976706, 0.214579, 0.375166, 8.6e-05, -0.214583, 0.976707, 0.0, 0.0, 0.0, 0.0, 1.0],
                [1.0, -0.00024, -0.000141, -0.0, 0.000265, 0.976706, 0.214579, 0.375166, 8.6e-05, -0.214583, 0.976707, -0.0, 0.0, 0.0, 0.0, 1.0],
                [1.0, -0.00024, -0.000141, -0.0, 0.000265, 0.976707, 0.214576, 0.375166, 8.6e-05, -0.21458, 0.976708, 0.0, 0.0, 0.0, 0.0, 1.0],
                [1.0, -0.00024, -0.000141, 0.0, 0.000265, 0.976706, 0.214578, 0.375166, 8.6e-05, -0.214582, 0.976707, 0.0, 0.0, 0.0, 0.0, 1.0],
                [1.0, -0.00024, -0.000141, -0.0, 0.000265, 0.976707, 0.214575, 0.375166, 8.6e-05, -0.214579, 0.976708, 0.0, 0.0, 0.0, 0.0, 1.0],
                [1.0, -0.00024, -0.000141, 0.0, 0.000265, 0.976706, 0.214576, 0.375166, 8.6e-05, -0.21458, 0.976708, 0.0, 0.0, 0.0, 0.0, 1.0],
                [1.0, -0.00024, -0.000141, -0.0, 0.000265, 0.976706, 0.214576, 0.375166, 8.6e-05, -0.21458, 0.976707, 0.0, 0.0, 0.0, 0.0, 1.0],
                [1.0, -0.00024, -0.000141, 0.0, 0.000265, 0.976707, 0.214573, 0.375166, 8.6e-05, -0.214577, 0.976708, 0.0, 0.0, 0.0, 0.0, 1.0],
                [1.0, -0.00024, -0.000141, -0.0, 0.000265, 0.976707, 0.214576, 0.375166, 8.6e-05, -0.21458, 0.976707, 0.0, 0.0, 0.0, 0.0, 1.0],
                [1.0, -0.00024, -0.000141, -0.0, 0.000265, 0.976706, 0.214579, 0.375166, 8.6e-05, -0.214583, 0.976707, -0.0, 0.0, 0.0, 0.0, 1.0],
                [1.0, -0.00024, -0.000141, 0.0, 0.000265, 0.976707, 0.214575, 0.375166, 8.6e-05, -0.214579, 0.976708, 0.0, 0.0, 0.0, 0.0, 1.0],
                [1.0, -0.00024, -0.000141, -0.0, 0.000265, 0.976706, 0.214577, 0.375166, 8.6e-05, -0.214581, 0.976707, -0.0, 0.0, 0.0, 0.0, 1.0],
                [1.0, -0.00024, -0.000141, -0.0, 0.000265, 0.976706, 0.214576, 0.375166, 8.6e-05, -0.21458, 0.976708, 0.0, 0.0, 0.0, 0.0, 1.0],
                [1.0, -0.00024, -0.000141, -0.0, 0.000265, 0.976707, 0.214576, 0.375166, 8.6e-05, -0.21458, 0.976707, 0.0, 0.0, 0.0, 0.0, 1.0],
                [1.0, -0.00024, -0.000141, -0.0, 0.000265, 0.976707, 0.214576, 0.375166, 8.6e-05, -0.21458, 0.976708, 0.0, 0.0, 0.0, 0.0, 1.0],
                [1.0, -0.00024, -0.000141, 0.0, 0.000265, 0.976707, 0.214575, 0.375166, 8.6e-05, -0.214579, 0.976707, -0.0, 0.0, 0.0, 0.0, 1.0],
                [1.0, -0.00024, -0.000141, 0.0, 0.000265, 0.976707, 0.214575, 0.375166, 8.6e-05, -0.214579, 0.976707, -0.0, 0.0, 0.0, 0.0, 1.0],
                [1.0, -0.00024, -0.000141, 0.0, 0.000265, 0.976707, 0.214575, 0.375166, 8.6e-05, -0.214579, 0.976707, -0.0, 0.0, 0.0, 0.0, 1.0],
                [1.0, -0.00024, -0.000141, 0.0, 0.000265, 0.976707, 0.214575, 0.375166, 8.6e-05, -0.214579, 0.976707, -0.0, 0.0, 0.0, 0.0, 1.0],
                [1.0, -0.00024, -0.000141, 0.0, 0.000265, 0.976707, 0.214575, 0.375166, 8.6e-05, -0.214579, 0.976707, -0.0, 0.0, 0.0, 0.0, 1.0],
                [1.0, -0.00024, -0.000141, 0.0, 0.000265, 0.976707, 0.214575, 0.375166, 8.6e-05, -0.214579, 0.976707, -0.0, 0.0, 0.0, 0.0, 1.0],
                [1.0, -0.00024, -0.000141, 0.0, 0.000265, 0.976707, 0.214575, 0.375166, 8.6e-05, -0.214579, 0.976707, -0.0, 0.0, 0.0, 0.0, 1.0],
                [1.0, -0.00024, -0.000141, 0.0, 0.000265, 0.976707, 0.214575, 0.375166, 8.6e-05, -0.214579, 0.976707, -0.0, 0.0, 0.0, 0.0, 1.0],
                [1.0, -0.00024, -0.000141, 0.0, 0.000265, 0.976707, 0.214575, 0.375166, 8.6e-05, -0.214579, 0.976707, -0.0, 0.0, 0.0, 0.0, 1.0],
                [1.0, -0.00024, -0.000141, 0.0, 0.000265, 0.976707, 0.214575, 0.375166, 8.6e-05, -0.214579, 0.976707, -0.0, 0.0, 0.0, 0.0, 1.0],
                [1.0, -0.00024, -0.000141, 0.0, 0.000265, 0.976707, 0.214575, 0.375166, 8.6e-05, -0.214579, 0.976707, -0.0, 0.0, 0.0, 0.0, 1.0],
                [1.0, -0.00024, -0.000141, 0.0, 0.000265, 0.976707, 0.214575, 0.375166, 8.6e-05, -0.214579, 0.976707, -0.0, 0.0, 0.0, 0.0, 1.0],
                [1.0, -0.00024, -0.000141, 0.0, 0.000265, 0.976707, 0.214575, 0.375166, 8.6e-05, -0.214579, 0.976707, -0.0, 0.0, 0.0, 0.0, 1.0],
                [1.0, -0.00024, -0.000141, 0.0, 0.000265, 0.976707, 0.214575, 0.375166, 8.6e-05, -0.214579, 0.976707, -0.0, 0.0, 0.0, 0.0, 1.0],
                [1.0, -0.00024, -0.000141, 0.0, 0.000265, 0.976707, 0.214575, 0.375166, 8.6e-05, -0.214579, 0.976707, -0.0, 0.0, 0.0, 0.0, 1.0],
                [1.0, -0.00024, -0.000141, 0.0, 0.000265, 0.976707, 0.214575, 0.375166, 8.6e-05, -0.214579, 0.976707, -0.0, 0.0, 0.0, 0.0, 1.0],
                [1.0, -0.00024, -0.000141, 0.0, 0.000265, 0.976707, 0.214575, 0.375166, 8.6e-05, -0.214579, 0.976707, -0.0, 0.0, 0.0, 0.0, 1.0],
                [1.0, -0.00024, -0.000141, 0.0, 0.000265, 0.976707, 0.214575, 0.375166, 8.6e-05, -0.214579, 0.976707, -0.0, 0.0, 0.0, 0.0, 1.0],
                [1.0, -0.00024, -0.000141, 0.0, 0.000265, 0.976707, 0.214575, 0.375166, 8.6e-05, -0.214579, 0.976707, -0.0, 0.0, 0.0, 0.0, 1.0],
                [1.0, -0.00024, -0.000141, -0.0, 0.000265, 0.976706, 0.214578, 0.375166, 8.6e-05, -0.214582, 0.976707, -0.0, 0.0, 0.0, 0.0, 1.0],
                [1.0, -0.00024, -0.000141, -0.0, 0.000265, 0.976706, 0.214578, 0.375166, 8.6e-05, -0.214582, 0.976707, 0.0, 0.0, 0.0, 0.0, 1.0],
                [1.0, -0.00024, -0.000141, 0.0, 0.000265, 0.976706, 0.214576, 0.375166, 8.6e-05, -0.21458, 0.976707, 0.0, 0.0, 0.0, 0.0, 1.0],
                [1.0, -0.00024, -0.000141, 0.0, 0.000265, 0.976706, 0.214576, 0.375166, 8.6e-05, -0.21458, 0.976707, 0.0, 0.0, 0.0, 0.0, 1.0],
                [1.0, -0.00024, -0.000141, 0.0, 0.000265, 0.976706, 0.214576, 0.375166, 8.6e-05, -0.21458, 0.976707, -0.0, 0.0, 0.0, 0.0, 1.0],
                [1.0, -0.00024, -0.000141, -0.0, 0.000265, 0.976707, 0.214575, 0.375166, 8.6e-05, -0.214579, 0.976708, 0.0, 0.0, 0.0, 0.0, 1.0],
                [1.0, -0.00024, -0.000141, -0.0, 0.000265, 0.976707, 0.214574, 0.375166, 8.6e-05, -0.214578, 0.976707, -0.0, 0.0, 0.0, 0.0, 1.0],
                [1.0, -0.00024, -0.000141, -0.0, 0.000265, 0.976707, 0.214576, 0.375166, 8.6e-05, -0.21458, 0.976708, 0.0, 0.0, 0.0, 0.0, 1.0],
                [1.0, -0.00024, -0.000141, 0.0, 0.000265, 0.976706, 0.214578, 0.375166, 8.6e-05, -0.214582, 0.976707, -0.0, 0.0, 0.0, 0.0, 1.0],
