{
    "animation": [
        {
            "name": "Root",
            "time": [0.0, 0.0167, 0.0333, 0.05, 0.0667, 0.0833, 0.1, 0.1167, 0.1333, 0.15, 0.1667, 0.1833, 0.2, 0.2167, 0.2333, 0.25, 0.2667, 0.2833, 0.3, 0.3167, 0.3333, 0.35, 0.3667, 0.3833, 0.4],
            "transform": [
                [0.900842, 0.0, -0.434148, -5e-06, -0.434148, 0.0, -0.900842, 0.000946, 0.0, 1.0, 0.0, 0.438065, 0.0, 0.0, 0.0, 1.0],
                [0.86723, 0.0, -0.497908, -5e-06, -0.497908, 0.0, -0.86723, 0.030102, 0.0, 1.0, 0.0, 0.438893, 0.0, 0.0, 0.0, 1.0],
                [0.745516, 0.0, -0.666488, -5e-06, -0.666488, 0.0, -0.745516, 0.121309, 0.0, 1.0, 0.0, 0.442385, 0.0, 0.0, 0.0, 1.0],
                [0.561536, 0.0, -0.827452, -5e-06, -0.827452, 0.0, -0.561536, 0.239299, 0.0, 1.0, 0.0, 0.44852, 0.0, 0.0, 0.0, 1.0],
                [0.313228, 0.0, -0.949678, -5e-06, -0.949678, 0.0, -0.313228, 0.375364, 0.0, 1.0, 0.0, 0.456176, 0.0, 0.0, 0.0, 1.0],
                [-0.006843, 0.0, -0.999977, -5e-06, -0.999977, 0.0, 0.006843, 0.540936, 0.0, 1.0, 0.0, 0.466462, 0.0, 0.0, 0.0, 1.0],
                [-0.295152, 0.0, -0.95545, -5e-06, -0.95545, 0.0, 0.295152, 0.698171, 0.0, 1.0, 0.0, 0.479728, 0.0, 0.0, 0.0, 1.0],
                [-0.561461, 0.0, -0.827503, -5e-06, -0.827503, 0.0, 0.561461, 0.848589, 0.0, 1.0, 0.0, 0.494919, 0.0, 0.0, 0.0, 1.0],
                [-0.813394, 0.0, -0.581712, -5e-06, -0.581712, 0.0, 0.813394, 1.008217, 0.0, 1.0, 0.0, 0.512019, 0.0, 0.0, 0.0, 1.0],
                [-0.974927, 0.0, -0.222527, -5e-06, -0.222527, 0.0, 0.974927, 1.166225, 0.0, 1.0, 0.0, 0.530808, 0.0, 0.0, 0.0, 1.0],
                [-0.985815, 0.0, 0.167837, -5e-06, 0.167837, 0.0, 0.985815, 1.307746, 0.0, 1.0, 0.0, 0.550482, 0.0, 0.0, 0.0, 1.0],
                [-0.873913, 0.0, 0.486082, -5e-06, 0.486082, 0.0, 0.873913, 1.422054, 0.0, 1.0, 0.0, 0.570013, 0.0, 0.0, 0.0, 1.0],
                [-0.717193, 0.0, 0.696874, -5e-06, 0.696874, 0.0, 0.717193, 1.507177, 0.0, 1.0, 0.0, 0.588706, 0.0, 0.0, 0.0, 1.0],
                [-0.546698, 0.0, 0.83733, -5e-06, 0.83733, 0.0, 0.546698, 1.570311, 0.0, 1.0, 0.0, 0.607635, 0.0, 0.0, 0.0, 1.0],
                [-0.35188, 0.0, 0.936045, -5e-06, 0.936045, 0.0, 0.35188, 1.614817, 0.0, 1.0, 0.0, 0.627775, 0.0, 0.0, 0.0, 1.0],
                [-0.134655, 0.0, 0.990893, -5e-06, 0.990893, 0.0, 0.134655, 1.640821, 0.0, 1.0, 0.0, 0.648122, 0.0, 0.0, 0.0, 1.0],
                [0.095914, 0.0, 0.99539, -5e-06, 0.99539, 0.0, -0.095914, 1.653894, 0.0, 1.0, 0.0, 0.66719, 0.0, 0.0, 0.0, 1.0],
                [0.320731, 0.0, 0.94717, -5e-06, 0.94717, 0.0, -0.320731, 1.662856, 0.0, 1.0, 0.0, 0.683817, 0.0, 0.0, 0.0, 1.0],
                [0.518933, 0.0, 0.854815, -5e-06, 0.854815, 0.0, -0.518933, 1.674779, 0.0, 1.0, 0.0, 0.697683, 0.0, 0.0, 0.0, 1.0],
                [0.713175, 0.0, 0.700986, -5e-06, 0.700986, 0.0, -0.713175, 1.688264, 0.0, 1.0, 0.0, 0.709872, 0.0, 0.0, 0.0, 1.0],
                [0.897872, 0.0, 0.440256, -5e-06, 0.440256, 0.0, -0.897872, 1.698555, 0.0, 1.0, 0.0, 0.7208, 0.0, 0.0, 0.0, 1.0],
                [0.994663, 0.0, 0.103179, -5e-06, 0.103179, 0.0, -0.994663, 1.70513, 0.0, 1.0, 0.0, 0.729542, 0.0, 0.0, 0.0, 1.0],
                [0.980155, 0.0, -0.19823, -5e-06, -0.19823, 0.0, -0.980155, 1.70833, 0.0, 1.0, 0.0, 0.735422, 0.0, 0.0, 0.0, 1.0],
                [0.925498, 0.0, -0.378752, -5e-06, -0.378752, 0.0, -0.925498, 1.709346, 0.0, 1.0, 0.0, 0.738487, 0.0, 0.0, 0.0, 1.0],
                [0.900842, 0.0, -0.434148, -5e-06, -0.434148, 0.0, -0.900842, 1.709466, 0.0, 1.0, 0.0, 0.739346, 0.0, 0.0, 0.0, 1.0]
            ]
        },
        {
            "name": "Thigh_R",
            "time": [0.0, 0.0167, 0.0333, 0.05, 0.0667, 0.0833, 0.1, 0.1167, 0.1333, 0.15, 0.1667, 0.1833, 0.2, 0.2167, 0.2333, 0.25, 0.2667, 0.2833, 0.3, 0.3167, 0.3333, 0.35, 0.3667, 0.3833, 0.4],
            "transform": [
                [0.988807, 0.10863, 0.102272, 0.124994, -0.036334, -0.489527, 0.871219, -0.002831, 0.144711, -0.865175, -0.480078, -1.2e-05, 0.0, 0.0, 0.0, 1.0],
                [0.988838, 0.108749, 0.101841, 0.124994, -0.035529, -0.491719, 0.870017, -0.002831, 0.144696, -0.863916, -0.482345, -1.2e-05, 0.0, 0.0, 0.0, 1.0],
                [0.988966, 0.10925, 0.100049, 0.124994, -0.032164, -0.500917, 0.864886, -0.002831, 0.144611, -0.858552, -0.491854, -1.2e-05, 0.0, 0.0, 0.0, 1.0],
                [0.989173, 0.110118, 0.097006, 0.124994, -0.026375, -0.516868, 0.855647, -0.002831, 0.144367, -0.848933, -0.508345, -1.2e-05, 0.0, 0.0, 0.0, 1.0],
                [0.989402, 0.111177, 0.09339, 0.124994, -0.019368, -0.536401, 0.84373, -0.002831, 0.143903, -0.836589, -0.52854, -1.2e-05, 0.0, 0.0, 0.0, 1.0],
                [0.989666, 0.112539, 0.08885, 0.124994, -0.010322, -0.562141, 0.826966, -0.002831, 0.143017, -0.819328, -0.555147, -1.2e-05, 0.0, 0.0, 0.0, 1.0],
                [0.989943, 0.114224, 0.083454, 0.124994, 0.00074, -0.594114, 0.80437, -0.002831, 0.141465, -0.796209, -0.588199, -1.2e-05, 0.0, 0.0, 0.0, 1.0],
                [0.990188, 0.116014, 0.077896, 0.124994, 0.012609, -0.629347, 0.777012, -0.002831, 0.139173, -0.768397, -0.62461, -1.2e-05, 0.0, 0.0, 0.0, 1.0],
                [0.990391, 0.117838, 0.072373, 0.124994, 0.025004, -0.667316, 0.744345, -0.002831, 0.136013, -0.735374, -0.663825, -1.2e-05, 0.0, 0.0, 0.0, 1.0],
                [0.99055, 0.119591, 0.067145, 0.124994, 0.037517, -0.707166, 0.706042, -0.002831, 0.131924, -0.696841, -0.704944, -1.2e-05, 0.0, 0.0, 0.0, 1.0],
                [0.990662, 0.121169, 0.062503, 0.124994, 0.049467, -0.746633, 0.663385, -0.002831, 0.127053, -0.654088, -0.745628, -1.2e-05, 0.0, 0.0, 0.0, 1.0],
                [0.990735, 0.122471, 0.058699, 0.124994, 0.060251, -0.783703, 0.618199, -0.002831, 0.121718, -0.608923, -0.783792, -1.2e-05, 0.0, 0.0, 0.0, 1.0],
                [0.990778, 0.123472, 0.055791, 0.124994, 0.069645, -0.817307, 0.57197, -0.002831, 0.116225, -0.562799, -0.81834, -1.2e-05, 0.0, 0.0, 0.0, 1.0],
                [0.990804, 0.124257, 0.053543, 0.124994, 0.078304, -0.849328, 0.522018, -0.002831, 0.110344, -0.513013, -0.851218, -1.2e-05, 0.0, 0.0, 0.0, 1.0],
                [0.990816, 0.124828, 0.051966, 0.124994, 0.08665, -0.881228, 0.464675, -0.002831, 0.103802, -0.455893, -0.883921, -1.2e-05, 0.0, 0.0, 0.0, 1.0],
                [0.990816, 0.125114, 0.051278, 0.124994, 0.094248, -0.910961, 0.401576, -0.002831, 0.096958, -0.393044, -0.914354, -1.2e-05, 0.0, 0.0, 0.0, 1.0],
                [0.990806, 0.125056, 0.051607, 0.124994, 0.100669, -0.936364, 0.33628, -0.002831, 0.09038, -0.327981, -0.940312, -1.2e-05, 0.0, 0.0, 0.0, 1.0],
                [0.990791, 0.124663, 0.052839, 0.124994, 0.105759, -0.956213, 0.272889, -0.002831, 0.084547, -0.264776, -0.960558, -1.2e-05, 0.0, 0.0, 0.0, 1.0],
                [0.990774, 0.123973, 0.054752, 0.124994, 0.109665, -0.970749, 0.213585, -0.002831, 0.079632, -0.205599, -0.975353, -1.2e-05, 0.0, 0.0, 0.0, 1.0],
                [0.990755, 0.122936, 0.057362, 0.124994, 0.112856, -0.981544, 0.154378, -0.002831, 0.075285, -0.146466, -0.986308, -1.2e-05, 0.0, 0.0, 0.0, 1.0],
                [0.990736, 0.12142, 0.060813, 0.124994, 0.115531, -0.988991, 0.092459, -0.002831, 0.071372, -0.084566, -0.993821, -1.2e-05, 0.0, 0.0, 0.0, 1.0],
                [0.99072, 0.119449, 0.064843, 0.124994, 0.117545, -0.992536, 0.032453, -0.002831, 0.068237, -0.024519, -0.99733, -1.2e-05, 0.0, 0.0, 0.0, 1.0],
                [0.99071, 0.117341, 0.068739, 0.124994, 0.118834, -0.99275, -0.018024, -0.002831, 0.066128, 0.026035, -0.997434, -1.2e-05, 0.0, 0.0, 0.0, 1.0],
                [0.990705, 0.115713, 0.071517, 0.124994, 0.119481, -0.991533, -0.050843, -0.002831, 0.06503, 0.058925, -0.996104, -1.2e-05, 0.0, 0.0, 0.0, 1.0],
                [0.990703, 0.115139, 0.072456, 0.124994, 0.119659, -0.99091, -0.061466, -0.002831, 0.064723, 0.069574, -0.995437, -1.2e-05, 0.0, 0.0, 0.0, 1.0]
            ]
        },
        {
            "name": "Leg_R",
            "time": [0.0, 0.0167, 0.0333, 0.05, 0.0667, 0.0833, 0.1, 0.1167, 0.1333, 0.15, 0.1667, 0.1833, 0.2, 0.2167, 0.2333, 0.25, 0.2667, 0.2833, 0.3, 0.3167, 0.3333, 0.35, 0.3667, 0.3833, 0.4],
            "transform": [
                [0.999998, -0.001048, -0.001623, -0.0, 0.001156, -0.348414, 0.937328, 0.375166, -0.001548, -0.93735, -0.348403, 0.0, 0.0, 0.0, 0.0, 1.0],
                [0.999998, -0.001049, -0.00162, -0.0, 0.001157, -0.346076, 0.938193, 0.375166, -0.001545, -0.938215, -0.346066, 0.0, 0.0, 0.0, 0.0, 1.0],
                [0.999998, -0.001053, -0.001609, 0.0, 0.001162, -0.336131, 0.941802, 0.375166, -0.001533, -0.941825, -0.336121, -0.0, 0.0, 0.0, 0.0, 1.0],
                [0.999998, -0.00106, -0.001589, -0.0, 0.001169, -0.318353, 0.947959, 0.375166, -0.001511, -0.947982, -0.318343, 0.0, 0.0, 0.0, 0.0, 1.0],
                [0.999998, -0.001068, -0.001564, -0.0, 0.001178, -0.295627, 0.95529, 0.375166, -0.001483, -0.955314, -0.295617, -0.0, 0.0, 0.0, 0.0, 1.0],
                [0.999999, -0.001079, -0.001528, -0.0, 0.00119, -0.263945, 0.964524, 0.375166, -0.001444, -0.964549, -0.263936, -0.0, 0.0, 0.0, 0.0, 1.0],
                [0.999998, -0.00109, -0.001481, -0.0, 0.001203, -0.221746, 0.97509, 0.375166, -0.001392, -0.975117, -0.221736, 0.0, 0.0, 0.0, 0.0, 1.0],
                [0.999999, -0.001102, -0.001425, 0.0, 0.001215, -0.171195, 0.985222, 0.375166, -0.001329, -0.985251, -0.171185, 0.0, 0.0, 0.0, 0.0, 1.0],
                [0.999998, -0.001111, -0.001358, -0.0, 0.001226, -0.111448, 0.993755, 0.375166, -0.001256, -0.993785, -0.111438, -0.0, 0.0, 0.0, 0.0, 1.0],
                [0.999999, -0.001117, -0.00128, 0.0, 0.001232, -0.042079, 0.999099, 0.375166, -0.00117, -0.99913, -0.04207, 0.0, 0.0, 0.0, 0.0, 1.0],
                [0.999999, -0.001118, -0.001195, 0.0, 0.001233, 0.034239, 0.999398, 0.375166, -0.001076, -0.999431, 0.034249, -0.0, 0.0, 0.0, 0.0, 1.0],
                [0.999999, -0.001111, -0.001106, 0.0, 0.001225, 0.11394, 0.993472, 0.375166, -0.000978, -0.993506, 0.113951, -0.0, 0.0, 0.0, 0.0, 1.0],
                [0.999999, -0.001097, -0.001016, -0.0, 0.00121, 0.194097, 0.980966, 0.375166, -0.000879, -0.981001, 0.194108, -0.0, 0.0, 0.0, 0.0, 1.0],
                [0.999999, -0.001074, -0.000922, -0.0, 0.001184, 0.278774, 0.96034, 0.375166, -0.000774, -0.960377, 0.278786, 0.0, 0.0, 0.0, 0.0, 1.0],
                [0.999999, -0.001038, -0.000816, 0.0, 0.001144, 0.373056, 0.927791, 0.375166, -0.000658, -0.927828, 0.373069, -0.0, 0.0, 0.0, 0.0, 1.0],
                [0.999999, -0.000986, -0.000705, 0.0, 0.001087, 0.472431, 0.881349, 0.375166, -0.000536, -0.881387, 0.472445, 0.0, 0.0, 0.0, 0.0, 1.0],
                [1.0, -0.000919, -0.000596, 0.0, 0.001014, 0.569552, 0.821936, 0.375166, -0.000416, -0.821974, 0.569566, 0.0, 0.0, 0.0, 0.0, 1.0],
                [1.0, -0.000843, -0.000498, -0.0, 0.000929, 0.657286, 0.753622, 0.375166, -0.000308, -0.753658, 0.657299, -0.0, 0.0, 0.0, 0.0, 1.0],
                [0.999999, -0.000761, -0.000414, 0.0, 0.000839, 0.732632, 0.680606, 0.375166, -0.000215, -0.68064, 0.732644, -0.0, 0.0, 0.0, 0.0, 1.0],
                [1.0, -0.00067, -0.000338, 0.0, 0.000739, 0.800498, 0.599317, 0.375166, -0.000131, -0.599348, 0.800508, 0.0, 0.0, 0.0, 0.0, 1.0],
                [1.0, -0.000566, -0.000269, -0.0, 0.000624, 0.862643, 0.505797, 0.375166, -5.4e-05, -0.505822, 0.86265, 0.0, 0.0, 0.0, 0.0, 1.0],
                [1.0, -0.000456, -0.000212, -0.0, 0.000502, 0.913258, 0.407368, 0.375166, 8e-06, -0.407387, 0.913263, -0.0, 0.0, 0.0, 0.0, 1.0],
                [1.0, -0.000357, -0.000173, 0.0, 0.000393, 0.947736, 0.319045, 0.375166, 5.1e-05, -0.319058, 0.94774, 0.0, 0.0, 0.0, 0.0, 1.0],
                [1.0, -0.00029, -0.000153, -0.0, 0.00032, 0.965849, 0.259098, 0.375166, 7.3e-05, -0.259105, 0.965851, 0.0, 0.0, 0.0, 0.0, 1.0],
                [1.0, -0.000268, -0.000147, 0.0, 0.000295, 0.970946, 0.239292, 0.375166, 7.9e-05, -0.239299, 0.970948, 0.0, 0.0, 0.0, 0.0, 1.0]
            ]
        },
        {
            "name": "Knee_R",
            "time": [0.0, 0.0167, 0.0333, 0.05, 0.0667, 0.0833, 0.1, 0.1167, 0.1333, 0.15, 0.1667, 0.1833, 0.2, 0.2167, 0.2333, 0.25, 0.2667, 0.2833, 0.3, 0.3167, 0.3333, 0.35, 0.3667, 0.3833, 0.4],
            "transform": [
                [1.0, -5.7e-05, 5.4e-05, -0.0, 5.7e-05, 0.048757, -0.998811, 0.375166, 5.4e-05, 0.998811, 0.048757, 0.0, 0.0, 0.0, 0.0, 1.0],
                [1.0, -5.7e-05, 5.4e-05, -0.0, 5.7e-05, 0.048757, -0.998811, 0.375166, 5.4e-05, 0.998811, 0.048757, 0.0, 0.0, 0.0, 0.0, 1.0],
                [1.0, -5.7e-05, 5.4e-05, 0.0, 5.7e-05, 0.048757, -0.998811, 0.375166, 5.4e-05, 0.998811, 0.048757, -0.0, 0.0, 0.0, 0.0, 1.0],
                [1.0, -5.7e-05, 5.4e-05, -0.0, 5.7e-05, 0.048757, -0.998811, 0.375166, 5.4e-05, 0.998811, 0.048757, 0.0, 0.0, 0.0, 0.0, 1.0],
                [1.0, -5.7e-05, 5.4e-05, -0.0, 5.7e-05, 0.048757, -0.998811, 0.375166, 5.4e-05, 0.998811, 0.048757, -0.0, 0.0, 0.0, 0.0, 1.0],
                [1.0, -5.7e-05, 5.4e-05, -0.0, 5.7e-05, 0.048757, -0.998811, 0.375166, 5.4e-05, 0.998811, 0.048757, -0.0, 0.0, 0.0, 0.0, 1.0],
                [1.0, -5.7e-05, 5.4e-05, -0.0, 5.7e-05, 0.048757, -0.998811, 0.375166, 5.4e-05, 0.998811, 0.048757, 0.0, 0.0, 0.0, 0.0, 1.0],
                [1.0, -5.7e-05, 5.4e-05, 0.0, 5.7e-05, 0.048757, -0.998811, 0.375166, 5.4e-05, 0.998811, 0.048757, 0.0, 0.0, 0.0, 0.0, 1.0],
                [1.0, -5.7e-05, 5.4e-05, -0.0, 5.7e-05, 0.048757, -0.998811, 0.375166, 5.4e-05, 0.998811, 0.048757, -0.0, 0.0, 0.0, 0.0, 1.0],
                [1.0, -5.7e-05, 5.4e-05, 0.0, 5.7e-05, 0.048757, -0.998811, 0.375166, 5.4e-05, 0.998811, 0.048757, 0.0, 0.0, 0.0, 0.0, 1.0],
                [1.0, -5.7e-05, 5.4e-05, 0.0, 5.7e-05, 0.048757, -0.998811, 0.375166, 5.4e-05, 0.998811, 0.048757, -0.0, 0.0, 0.0, 0.0, 1.0],
                [1.0, -5.7e-05, 5.4e-05, 0.0, 5.7e-05, 0.048757, -0.998811, 0.375166, 5.4e-05, 0.998811, 0.048757, -0.0, 0.0, 0.0, 0.0, 1.0],
                [1.0, -5.7e-05, 5.4e-05, -0.0, 5.7e-05, 0.048757, -0.998811, 0.375166, 5.4e-05, 0.998811, 0.048757, -0.0, 0.0, 0.0, 0.0, 1.0],
                [1.0, -5.7e-05, 5.4e-05, -0.0, 5.7e-05, 0.048757, -0.998811, 0.375166, 5.4e-05, 0.998811, 0.048757, 0.0, 0.0, 0.0, 0.0, 1.0],
                [1.0, -5.7e-05, 5.4e-05, 0.0, 5.7e-05, 0.048757, -0.998811, 0.375166, 5.4e-05, 0.998811, 0.048757, -0.0, 0.0, 0.0, 0.0, 1.0],
                [1.0, -5.7e-05, 5.4e-05, 0.0, 5.7e-05, 0.048757, -0.998811, 0.375166, 5.4e-05, 0.998811, 0.048757, 0.0, 0.0, 0.0, 0.0, 1.0],
                [1.0, -5.7e-05, 5.4e-05, 0.0, 5.7e-05, 0.048757, -0.998811, 0.375166, 5.4e-05, 0.998811, 0.048757, 0.0, 0.0, 0.0, 0.0, 1.0],
                [1.0, -5.7e-05, 5.4e-05, -0.0, 5.7e-05, 0.048757, -0.998811, 0.375166, 5.4e-05, 0.998811, 0.048757, -0.0, 0.0, 0.0, 0.0, 1.0],
                [1.0, -5.7e-05, 5.4e-05, 0.0, 5.7e-05, 0.048757, -0.998811, 0.375166, 5.4e-05, 0.998811, 0.048757, -0.0, 0.0, 0.0, 0.0, 1.0],
                [1.0, -5.7e-05, 5.4e-05, 0.0, 5.7e-05, 0.048757, -0.998811, 0.375166, 5.4e-05, 0.998811, 0.048757, 0.0, 0.0, 0.0, 0.0, 1.0],
                [1.0, -5.7e-05, 5.4e-05, -0.0, 5.7e-05, 0.048757, -0.998811, 0.375166, 5.4e-05, 0.998811, 0.048757, 0.0, 0.0, 0.0, 0.0, 1.0],
                [1.0, -5.7e-05, 5.4e-05, -0.0, 5.7e-05, 0.048757, -0.998811, 0.375166, 5.4e-05, 0.998811, 0.048757, -0.0, 0.0, 0.0, 0.0, 1.0],
                [1.0, -5.7e-05, 5.4e-05, 0.0, 5.7e-05, 0.048757, -0.998811, 0.375166, 5.4e-05, 0.998811, 0.048757, 0.0, 0.0, 0.0, 0.0, 1.0],
                [1.0, -5.7e-05, 5.4e-05, -0.0, 5.7e-05, 0.048757, -0.998811, 0.375166, 5.4e-05, 0.998811, 0.048757, 0.0, 0.0, 0.0, 0.0, 1.0],
                [1.0, -5.7e-05, 5.4e-05, 0.0, 5.7e-05, 0.048757, -0.998811, 0.375166, 5.4e-05, 0.998811, 0.048757, 0.0, 0.0, 0.0, 0.0, 1.0]
            ]
        },
        {
            "name": "Thigh_L",
            "time": [0.0, 0.0167, 0.0333, 0.05, 0.0667, 0.0833, 0.1, 0.1167, 0.1333, 0.15, 0.1667, 0.1833, 0.2, 0.2167, 0.2333, 0.25, 0.2667, 0.2833, 0.3, 0.3167, 0.3333, 0.35, 0.3667, 0.3833, 0.4],
            "transform": [
                [0.930946, -0.095493, -0.352439, -0.125006, 0.232345, -0.589677, 0.773482, -0.002831, -0.281701, -0.80194, -0.526755, -1.2e-05, 0.0, 0.0, 0.0, 1.0],
                [0.931229, -0.096869, -0.351313, -0.125006, 0.231029, -0.588623, 0.774678, -0.002831, -0.281847, -0.80255, -0.525749, -1.2e-05, 0.0, 0.0, 0.0, 1.0],
                [0.932382, -0.102466, -0.346637, -0.125006, 0.225594, -0.584332, 0.779514, -0.002831, -0.282438, -0.804987, -0.52169, -1.2e-05, 0.0, 0.0, 0.0, 1.0],
                [0.934252, -0.111518, -0.338717, -0.125006, 0.216486, -0.577423, 0.787206, -0.002831, -0.283385, -0.80876, -0.515301, -1.2e-05, 0.0, 0.0, 0.0, 1.0],
                [0.93634, -0.12154, -0.329376, -0.125006, 0.205849, -0.569936, 0.795473, -0.002831, -0.284419, -0.812619, -0.508618, -1.2e-05, 0.0, 0.0, 0.0, 1.0],
                [0.938782, -0.133045, -0.317774, -0.125006, 0.192695, -0.561839, 0.804478, -0.002831, -0.285583, -0.816447, -0.501789, -1.2e-05, 0.0, 0.0, 0.0, 1.0],
                [0.941432, -0.145054, -0.304397, -0.125006, 0.177405, -0.55463, 0.812952, -0.002831, -0.286764, -0.819326, -0.496394, -1.2e-05, 0.0, 0.0, 0.0, 1.0],
                [0.943928, -0.155531, -0.291209, -0.125006, 0.161862, -0.550772, 0.818797, -0.002831, -0.287752, -0.820008, -0.494693, -1.2e-05, 0.0, 0.0, 0.0, 1.0],
                [0.946216, -0.164099, -0.278817, -0.125006, 0.146449, -0.551215, 0.821397, -0.002831, -0.288492, -0.818039, -0.497513, -1.2e-05, 0.0, 0.0, 0.0, 1.0],
                [0.948258, -0.170284, -0.267961, -0.125006, 0.131603, -0.557271, 0.819823, -0.002831, -0.288943, -0.812655, -0.506001, -1.2e-05, 0.0, 0.0, 0.0, 1.0],
                [0.950005, -0.173829, -0.259358, -0.125006, 0.117971, -0.569269, 0.81363, -0.002831, -0.289091, -0.803539, -0.520275, -1.2e-05, 0.0, 0.0, 0.0, 1.0],
                [0.951448, -0.174881, -0.253289, -0.125006, 0.106023, -0.586351, 0.803076, -0.002831, -0.288973, -0.79093, -0.539312, -1.2e-05, 0.0, 0.0, 0.0, 1.0],
                [0.952627, -0.173946, -0.249476, -0.125006, 0.095813, -0.606887, 0.788979, -0.002831, -0.288657, -0.775497, -0.56144, -1.2e-05, 0.0, 0.0, 0.0, 1.0],
                [0.953666, -0.171128, -0.247444, -0.125006, 0.086495, -0.631807, 0.770272, -0.002831, -0.288166, -0.755978, -0.587699, -1.2e-05, 0.0, 0.0, 0.0, 1.0],
                [0.954642, -0.166183, -0.247051, -0.125006, 0.077536, -0.662376, 0.745136, -0.002831, -0.287483, -0.730489, -0.619412, -1.2e-05, 0.0, 0.0, 0.0, 1.0],
                [0.955525, -0.158939, -0.248402, -0.125006, 0.06933, -0.697662, 0.713052, -0.002831, -0.286646, -0.698558, -0.655578, -1.2e-05, 0.0, 0.0, 0.0, 1.0],
                [0.956279, -0.149808, -0.251159, -0.125006, 0.062299, -0.734774, 0.675433, -0.002831, -0.285744, -0.661548, -0.693278, -1.2e-05, 0.0, 0.0, 0.0, 1.0],
                [0.956892, -0.139511, -0.25473, -0.125006, 0.056616, -0.770656, 0.634719, -0.002831, -0.284873, -0.62178, -0.729497, -1.2e-05, 0.0, 0.0, 0.0, 1.0],
                [0.957377, -0.128669, -0.258584, -0.125006, 0.052161, -0.803556, 0.592928, -0.002831, -0.284092, -0.581145, -0.762555, -1.2e-05, 0.0, 0.0, 0.0, 1.0],
                [0.957788, -0.116726, -0.262698, -0.125006, 0.048437, -0.835262, 0.547703, -0.002831, -0.283366, -0.53731, -0.794309, -1.2e-05, 0.0, 0.0, 0.0, 1.0],
                [0.958145, -0.103034, -0.267085, -0.125006, 0.045238, -0.866774, 0.496635, -0.002831, -0.282686, -0.487935, -0.825792, -1.2e-05, 0.0, 0.0, 0.0, 1.0],
                [0.958425, -0.088568, -0.271238, -0.125006, 0.042768, -0.895282, 0.443432, -0.002831, -0.282122, -0.436602, -0.85423, -1.2e-05, 0.0, 0.0, 0.0, 1.0],
                [0.95861, -0.075506, -0.274514, -0.125006, 0.041148, -0.917333, 0.395978, -0.002831, -0.281733, -0.39089, -0.876215, -1.2e-05, 0.0, 0.0, 0.0, 1.0],
                [0.958706, -0.066644, -0.276468, -0.125006, 0.040316, -0.930492, 0.364078, -0.002831, -0.281528, -0.360196, -0.889338, -1.2e-05, 0.0, 0.0, 0.0, 1.0],
                [0.958733, -0.063711, -0.277066, -0.125006, 0.040085, -0.934542, 0.353577, -0.002831, -0.28147, -0.350099, -0.893379, -1.2e-05, 0.0, 0.0, 0.0, 1.0]
            ]
        },
        {
            "name": "Leg_L",
            "time": [0.0, 0.0167, 0.0333, 0.05, 0.0667, 0.0833, 0.1, 0.1167, 0.1333, 0.15, 0.1667, 0.1833, 0.2, 0.2167, 0.2333, 0.25, 0.2667, 0.2833, 0.3, 0.3167, 0.3333, 0.35, 0.3667, 0.3833, 0.4],
            "transform": [
                [1.0, 2e-06, 5e-06, -0.0, -2e-06, -0.694888, 0.719113, 0.375166, 4e-06, -0.719121, -0.694875, -0.0, 0.0, 0.0, 0.0, 1.0],
                [1.0, 2e-06, 5e-06, -0.0, -2e-06, -0.692833, 0.721093, 0.375166, 5e-06, -0.721101, -0.692819, 0.0, 0.0, 0.0, 0.0, 1.0],
                [1.0, 2e-06, 5e-06, -0.0, -2e-06, -0.684006, 0.729469, 0.375166, 5e-06, -0.729479, -0.683994, 0.0, 0.0, 0.0, 0.0, 1.0],
                [1.0, 2e-06, 5e-06, 0.0, -2e-06, -0.667913, 0.744232, 0.375166, 5e-06, -0.744242, -0.667901, 0.0, 0.0, 0.0, 0.0, 1.0],
                [1.0, 2e-06, 5e-06, -0.0, -3e-06, -0.646783, 0.762666, 0.375166, 4e-06, -0.762677, -0.64677, 0.0, 0.0, 0.0, 0.0, 1.0],
                [1.0, 2e-06, 5e-06, 0.0, -2e-06, -0.616553, 0.787305, 0.375166, 4e-06, -0.787318, -0.616541, -0.0, 0.0, 0.0, 0.0, 1.0],
                [1.0, 2e-06, 4e-06, 0.0, -3e-06, -0.574459, 0.818523, 0.375166, 4e-06, -0.818539, -0.574447, 0.0, 0.0, 0.0, 0.0, 1.0],
                [1.0, 2e-06, 4e-06, -0.0, -3e-06, -0.521804, 0.853053, 0.375166, 4e-06, -0.853073, -0.521793, -0.0, 0.0, 0.0, 0.0, 1.0],
                [1.0, 2e-06, 4e-06, -0.0, -3e-06, -0.457252, 0.889324, 0.375166, 4e-06, -0.889347, -0.45724, 0.0, 0.0, 0.0, 0.0, 1.0],
                [1.0, 2e-06, 4e-06, 0.0, -3e-06, -0.379625, 0.925126, 0.375166, 3e-06, -0.925152, -0.379615, 0.0, 0.0, 0.0, 0.0, 1.0],
                [1.0, 2e-06, 4e-06, 0.0, -3e-06, -0.290745, 0.956785, 0.375166, 3e-06, -0.956814, -0.290735, -0.0, 0.0, 0.0, 0.0, 1.0],
                [1.0, 2e-06, 4e-06, -0.0, -3e-06, -0.194756, 0.980835, 0.375166, 3e-06, -0.980868, -0.194746, 0.0, 0.0, 0.0, 0.0, 1.0],
                [1.0, 2e-06, 3e-06, -0.0, -3e-06, -0.096, 0.995364, 0.375166, 3e-06, -0.9954, -0.095991, -0.0, 0.0, 0.0, 0.0, 1.0],
                [1.0, 2e-06, 3e-06, -0.0, -3e-06, 0.011347, 0.999918, 0.375166, 2e-06, -0.999956, 0.011357, 0.0, 0.0, 0.0, 0.0, 1.0],
                [1.0, 2e-06, 3e-06, -0.0, -3e-06, 0.133117, 0.991082, 0.375166, 2e-06, -0.991123, 0.133129, 0.0, 0.0, 0.0, 0.0, 1.0],
                [1.0, 2e-06, 2e-06, -0.0, -3e-06, 0.264531, 0.964358, 0.375166, 2e-06, -0.964401, 0.264544, 0.0, 0.0, 0.0, 0.0, 1.0],
                [1.0, 2e-06, 2e-06, 0.0, -3e-06, 0.395118, 0.91861, 0.375166, 1e-06, -0.918655, 0.395132, 0.0, 0.0, 0.0, 0.0, 1.0],
                [1.0, 2e-06, 2e-06, 0.0, -3e-06, 0.514866, 0.857249, 0.375166, 1e-06, -0.857295, 0.514881, -0.0, 0.0, 0.0, 0.0, 1.0],
                [1.0, 2e-06, 2e-06, 0.0, -2e-06, 0.618975, 0.785388, 0.375166, 0.0, -0.785433, 0.61899, -0.0, 0.0, 0.0, 0.0, 1.0],
                [1.0, 2e-06, 1e-06, -0.0, -2e-06, 0.713586, 0.700545, 0.375166, 0.0, -0.700587, 0.7136, -0.0, 0.0, 0.0, 0.0, 1.0],
                [1.0, 1e-06, 1e-06, 0.0, -2e-06, 0.800914, 0.598758, 0.375166, -0.0, -0.598794, 0.800925, -0.0, 0.0, 0.0, 0.0, 1.0],
                [1.0, 1e-06, 1e-06, -0.0, -1e-06, 0.872556, 0.488496, 0.375166, -0.0, -0.488525, 0.872563, -0.0, 0.0, 0.0, 0.0, 1.0],
                [1.000001, 1e-06, 1e-06, 0.0, -1e-06, 0.921588, 0.388156, 0.375166, -0.0, -0.388177, 0.921593, 0.0, 0.0, 0.0, 0.0, 1.0],
                [1.0, 1e-06, 1e-06, 0.0, -1e-06, 0.947329, 0.320251, 0.375166, -1e-06, -0.320266, 0.947332, -0.0, 0.0, 0.0, 0.0, 1.0],
                [1.0, 1e-06, 1e-06, 0.0, -1e-06, 0.954598, 0.297889, 0.375166, -1e-06, -0.297901, 0.9546, 0.0, 0.0, 0.0, 0.0, 1.0]
            ]
        },
        {
            "name": "Knee_L",
            "time": [0.0, 0.0167, 0.0333, 0.05, 0.0667, 0.0833, 0.1, 0.1167, 0.1333, 0.15, 0.1667, 0.1833, 0.2, 0.2167, 0.2333, 0.25, 0.2667, 0.2833, 0.3, 0.3167, 0.3333, 0.35, 0.3667, 0.3833, 0.4],
            "transform": [
                [1.0, 0.0, -0.0, -0.0, -0.0, 0.048757, -0.998811, 0.375166, -0.0, 0.998811, 0.048757, -0.0, 0.0, 0.0, 0.0, 1.0],
                [1.0, 0.0, -0.0, -0.0, -0.0, 0.048757, -0.998811, 0.375166, -0.0, 0.998811, 0.048757, 0.0, 0.0, 0.0, 0.0, 1.0],
                [1.0, 0.0, -0.0, -0.0, -0.0, 0.048757, -0.998811, 0.375166, -0.0, 0.998811, 0.048757, 0.0, 0.0, 0.0, 0.0, 1.0],
                [1.0, 0.0, -0.0, 0.0, -0.0, 0.048757, -0.998811, 0.375166, -0.0, 0.998811, 0.048757, 0.0, 0.0, 0.0, 0.0, 1.0],
                [1.0, 0.0, -0.0, -0.0, -0.0, 0.048757, -0.998811, 0.375166, -0.0, 0.998811, 0.048757, 0.0, 0.0, 0.0, 0.0, 1.0],
                [1.0, 0.0, -0.0, 0.0, -0.0, 0.048757, -0.998811, 0.375166, -0.0, 0.998811, 0.048757, -0.0, 0.0, 0.0, 0.0, 1.0],
                [1.0, 0.0, -0.0, 0.0, -0.0, 0.048757, -0.998811, 0.375166, -0.0, 0.998811, 0.048757, 0.0, 0.0, 0.0, 0.0, 1.0],
                [1.0, 0.0, -0.0, -0.0, -0.0, 0.048757, -0.998811, 0.375166, -0.0, 0.998811, 0.048757, -0.0, 0.0, 0.0, 0.0, 1.0],
                [1.0, 0.0, -0.0, -0.0, -0.0, 0.048757, -0.998811, 0.375166, -0.0, 0.998811, 0.048757, 0.0, 0.0, 0.0, 0.0, 1.0],
                [1.0, 0.0, -0.0, 0.0, -0.0, 0.048757, -0.998811, 0.375166, -0.0, 0.998811, 0.048757, 0.0, 0.0, 0.0, 0.0, 1.0],
                [1.0, 0.0, -0.0, 0.0, -0.0, 0.048757, -0.998811, 0.375166, -0.0, 0.998811, 0.048757, -0.0, 0.0, 0.0, 0.0, 1.0],
                [1.0, 0.0, -0.0, -0.0, -0.0, 0.048757, -0.998811, 0.375166, -0.0, 0.998811, 0.048757, 0.0, 0.0, 0.0, 0.0, 1.0],
                [1.0, 0.0, -0.0, -0.0, -0.0, 0.048757, -0.998811, 0.375166, -0.0, 0.998811, 0.048757, -0.0, 0.0, 0.0, 0.0, 1.0],
                [1.0, 0.0, -0.0, -0.0, -0.0, 0.048757, -0.998811, 0.375166, -0.0, 0.998811, 0.048757, 0.0, 0.0, 0.0, 0.0, 1.0],
                [1.0, 0.0, -0.0, -0.0, -0.0, 0.048757, -0.998811, 0.375166, -0.0, 0.998811, 0.048757, 0.0, 0.0, 0.0, 0.0, 1.0],
                [1.0, 0.0, -0.0, -0.0, -0.0, 0.048757, -0.998811, 0.375166, -0.0, 0.998811, 0.048757, 0.0, 0.0, 0.0, 0.0, 1.0],
                [1.0, 0.0, -0.0, 0.0, -0.0, 0.048757, -0.998811, 0.375166, -0.0, 0.998811, 0.048757, 0.0, 0.0, 0.0, 0.0, 1.0],
                [1.0, 0.0, -0.0, 0.0, -0.0, 0.048757, -0.998811, 0.375166, -0.0, 0.998811, 0.048757, -0.0, 0.0, 0.0, 0.0, 1.0],
                [1.0, 0.0, -0.0, 0.0, -0.0, 0.048757, -0.998811, 0.375166, -0.0, 0.998811, 0.048757, -0.0, 0.0, 0.0, 0.0, 1.0],
                [1.0, 0.0, -0.0, -0.0, -0.0, 0.048757, -0.998811, 0.375166, -0.0, 0.998811, 0.048757, -0.0, 0.0, 0.0, 0.0, 1.0],
                [1.0, 0.0, -0.0, 0.0, -0.0, 0.048757, -0.998811, 0.375166, -0.0, 0.998811, 0.048757, -0.0, 0.0, 0.0, 0.0, 1.0],
                [1.0, 0.0, -0.0, -0.0, -0.0, 0.048757, -0.998811, 0.375166, -0.0, 0.998811, 0.048757, -0.0, 0.0, 0.0, 0.0, 1.0],
                [1.0, 0.0, -0.0, 0.0, -0.0, 0.048757, -0.998811, 0.375166, -0.0, 0.998811, 0.048757, 0.0, 0.0, 0.0, 0.0, 1.0],
                [1.0, 0.0, -0.0, 0.0, -0.0, 0.048757, -0.998811, 0.375166, -0.0, 0.998811, 0.048757, -0.0, 0.0, 0.0, 0.0, 1.0],
                [1.0, 0.0, -0.0, 0.0, -0.0, 0.048757, -0.998811, 0.375166, -0.0, 0.998811, 0.048757, 0.0, 0.0, 0.0, 0.0, 1.0]
            ]
        },
        {
            "name": "Torso",
            "time": [0.0, 0.0167, 0.0333, 0.05, 0.0667, 0.0833, 0.1, 0.1167, 0.1333, 0.15, 0.1667, 0.1833, 0.2, 0.2167, 0.2333, 0.25, 0.2667, 0.2833, 0.3, 0.3167, 0.3333, 0.35, 0.3667, 0.3833, 0.4],
            "transform": [
                [0.405943, -0.316961, 0.857173, -0.0, -0.256023, 0.860932, 0.4396, 0.05, -0.877304, -0.397909, 0.26834, -0.0, 0.0, 0.0, 0.0, 1.0],
                [0.481964, -0.284539, 0.828703, 0.0, -0.254889, 0.859366, 0.443308, 0.05, -0.838297, -0.424886, 0.341658, -0.0, 0.0, 0.0, 0.0, 1.0],
                [0.705488, -0.15907, 0.69064, 0.0, -0.248851, 0.85684, 0.451551, 0.05, -0.663596, -0.49043, 0.564906, -0.0, 0.0, 0.0, 0.0, 1.0],
                [0.893797, 0.01474, 0.44823, 0.0, -0.241502, 0.85799, 0.453355, 0.05, -0.377894, -0.513455, 0.770428, -0.0, 0.0, 0.0, 0.0, 1.0],
                [0.971024, 0.193327, 0.140488, 0.0, -0.236534, 0.861399, 0.449493, 0.05, -0.034117, -0.469699, 0.882167, -0.0, 0.0, 0.0, 0.0, 1.0],
                [0.941353, 0.318146, -0.112418, -0.0, -0.23915, 0.864102, 0.442871, 0.05, 0.238038, -0.390013, 0.88951, -0.0, 0.0, 0.0, 0.0, 1.0],
                [0.92428, 0.351211, -0.149528, -0.0, -0.256023, 0.860932, 0.4396, 0.05, 0.283126, -0.368031, 0.88566, 0.0, 0.0, 0.0, 0.0, 1.0],
                [0.935978, 0.342815, -0.080145, -0.0, -0.275043, 0.85413, 0.441377, 0.05, 0.219765, -0.391076, 0.893736, 0.0, 0.0, 0.0, 0.0, 1.0],
                [0.954103, 0.296228, 0.044003, 0.0, -0.28407, 0.848671, 0.446163, 0.05, 0.094822, -0.438185, 0.89387, -0.0, 0.0, 0.0, 0.0, 1.0],
                [0.955991, 0.211026, 0.203839, -0.0, -0.282962, 0.846785, 0.45043, 0.05, -0.077555, -0.488285, 0.869231, -0.0, 0.0, 0.0, 0.0, 1.0],
                [0.9297, 0.114829, 0.349958, -0.0, -0.274707, 0.849101, 0.45118, 0.05, -0.245341, -0.515599, 0.820954, 0.0, 0.0, 0.0, 0.0, 1.0],
                [0.896606, 0.046807, 0.440349, -0.0, -0.26427, 0.854469, 0.447263, 0.05, -0.35533, -0.517389, 0.778491, 0.0, 0.0, 0.0, 0.0, 1.0],
                [0.883226, 0.023505, 0.468358, -0.0, -0.256023, 0.860932, 0.4396, 0.05, -0.392891, -0.508176, 0.766416, 0.0, 0.0, 0.0, 0.0, 1.0],
                [0.891864, 0.041473, 0.450399, 0.0, -0.256008, 0.867213, 0.427084, 0.05, -0.37288, -0.496207, 0.784053, -0.0, 0.0, 0.0, 0.0, 1.0],
                [0.914217, 0.09572, 0.393758, -0.0, -0.268552, 0.870787, 0.411836, 0.05, -0.303458, -0.482252, 0.821795, -0.0, 0.0, 0.0, 0.0, 1.0],
                [0.937608, 0.170298, 0.303135, 0.0, -0.288162, 0.868463, 0.403404, 0.05, -0.194563, -0.465586, 0.863351, -0.0, 0.0, 0.0, 0.0, 1.0],
                [0.950775, 0.235963, 0.200871, -0.0, -0.300259, 0.861784, 0.408868, 0.05, -0.07663, -0.449055, 0.890212, 0.0, 0.0, 0.0, 0.0, 1.0],
                [0.956722, 0.267007, 0.115718, -0.0, -0.290663, 0.857537, 0.424436, 0.05, 0.014095, -0.439702, 0.898033, -0.0, 0.0, 0.0, 0.0, 1.0],
                [0.964757, 0.256167, 0.060185, -0.0, -0.256023, 0.860932, 0.4396, 0.05, 0.060796, -0.439516, 0.896175, -0.0, 0.0, 0.0, 0.0, 1.0],
                [0.981208, 0.192333, 0.015447, 0.0, -0.181039, 0.889981, 0.41852, 0.05, 0.066748, -0.413452, 0.908076, -0.0, 0.0, 0.0, 0.0, 1.0],
                [0.996469, 0.080326, -0.02443, -0.0, -0.069102, 0.949919, 0.30476, 0.05, 0.047687, -0.301996, 0.952116, -0.0, 0.0, 0.0, 0.0, 1.0],
                [0.999222, -0.016584, -0.03578, -0.0, 0.019743, 0.995763, 0.08981, 0.05, 0.034139, -0.090446, 0.995316, 0.0, 0.0, 0.0, 0.0, 1.0],
                [0.998755, -0.041502, -0.027674, -0.0, 0.037153, 0.989101, -0.142473, 0.05, 0.033286, 0.141268, 0.989412, -0.0, 0.0, 0.0, 0.0, 1.0],
                [0.999436, -0.021863, -0.025492, -0.0, 0.013427, 0.9559, -0.293385, 0.05, 0.030783, 0.292877, 0.955655, -0.0, 0.0, 0.0, 0.0, 1.0],
                [0.999593, -0.009731, -0.026806, 0.0, 0.0, 0.939982, -0.341224, 0.05, 0.028518, 0.341085, 0.9396, -0.0, 0.0, 0.0, 0.0, 1.0]
            ]
        },
        {
            "name": "Chest",
            "time": [0.0, 0.0167, 0.0333, 0.05, 0.0667, 0.0833, 0.1, 0.1167, 0.1333, 0.15, 0.1667, 0.1833, 0.2, 0.2167, 0.2333, 0.25, 0.2667, 0.2833, 0.3, 0.3167, 0.3333, 0.35, 0.3667, 0.3833, 0.4],
            "transform": [
                [0.999476, 0.031909, 0.005435, 0.0, -0.030756, 0.88388, 0.466701, 0.304568, 0.010088, -0.466624, 0.884398, -0.0, 0.0, 0.0, 0.0, 1.0],
                [0.999476, 0.031909, 0.005435, -0.0, -0.030756, 0.88388, 0.466701, 0.304568, 0.010088, -0.466624, 0.884398, -0.0, 0.0, 0.0, 0.0, 1.0],
                [0.999476, 0.031909, 0.005435, -0.0, -0.030756, 0.88388, 0.466701, 0.304568, 0.010088, -0.466624, 0.884398, -0.0, 0.0, 0.0, 0.0, 1.0],
                [0.999476, 0.031909, 0.005435, 0.0, -0.030756, 0.88388, 0.466701, 0.304568, 0.010088, -0.466624, 0.884398, -0.0, 0.0, 0.0, 0.0, 1.0],
                [0.999476, 0.031909, 0.005435, 0.0, -0.030756, 0.88388, 0.466701, 0.304568, 0.010088, -0.466624, 0.884399, 0.0, 0.0, 0.0, 0.0, 1.0],
                [0.999476, 0.031909, 0.005435, -0.0, -0.030756, 0.88388, 0.466701, 0.304568, 0.010088, -0.466624, 0.884398, -0.0, 0.0, 0.0, 0.0, 1.0],
                [0.999476, 0.031909, 0.005435, -0.0, -0.030756, 0.88388, 0.466701, 0.304568, 0.010088, -0.466624, 0.884398, 0.0, 0.0, 0.0, 0.0, 1.0],
                [0.999476, 0.031909, 0.005435, -0.0, -0.030756, 0.88388, 0.466701, 0.304568, 0.010088, -0.466624, 0.884398, -0.0, 0.0, 0.0, 0.0, 1.0],
                [0.999476, 0.031909, 0.005435, 0.0, -0.030756, 0.88388, 0.466701, 0.304568, 0.010088, -0.466624, 0.884398, 0.0, 0.0, 0.0, 0.0, 1.0],
                [0.999476, 0.031909, 0.005435, -0.0, -0.030756, 0.88388, 0.466701, 0.304568, 0.010088, -0.466624, 0.884398, 0.0, 0.0, 0.0, 0.0, 1.0],
                [0.999476, 0.031909, 0.005435, -0.0, -0.030756, 0.88388, 0.466701, 0.304568, 0.010088, -0.466624, 0.884398, 0.0, 0.0, 0.0, 0.0, 1.0],
                [0.999476, 0.031909, 0.005435, 0.0, -0.030756, 0.88388, 0.466701, 0.304568, 0.010088, -0.466624, 0.884398, 0.0, 0.0, 0.0, 0.0, 1.0],
                [0.999476, 0.031909, 0.005435, 0.0, -0.030756, 0.88388, 0.466701, 0.304568, 0.010088, -0.466624, 0.884398, -0.0, 0.0, 0.0, 0.0, 1.0],
                [0.999476, 0.031909, 0.005435, 0.0, -0.030756, 0.88388, 0.466701, 0.304568, 0.010088, -0.466624, 0.884398, -0.0, 0.0, 0.0, 0.0, 1.0],
                [0.999476, 0.031909, 0.005435, 0.0, -0.030756, 0.88388, 0.466701, 0.304568, 0.010088, -0.466624, 0.884398, 0.0, 0.0, 0.0, 0.0, 1.0],
                [0.999476, 0.031909, 0.005435, 0.0, -0.030756, 0.88388, 0.466701, 0.304568, 0.010088, -0.466624, 0.884398, 0.0, 0.0, 0.0, 0.0, 1.0],
                [0.999476, 0.031909, 0.005435, -0.0, -0.030756, 0.88388, 0.466701, 0.304568, 0.010088, -0.466624, 0.884398, -0.0, 0.0, 0.0, 0.0, 1.0],
                [0.999476, 0.031909, 0.005435, 0.0, -0.030756, 0.88388, 0.466701, 0.304568, 0.010088, -0.466624, 0.884398, 0.0, 0.0, 0.0, 0.0, 1.0],
                [0.999476, 0.031909, 0.005435, -0.0, -0.030756, 0.88388, 0.466701, 0.304568, 0.010088, -0.466624, 0.884398, 0.0, 0.0, 0.0, 0.0, 1.0],
                [0.999476, 0.031909, 0.005435, 0.0, -0.030756, 0.88388, 0.466701, 0.304568, 0.010088, -0.466624, 0.884398, 0.0, 0.0, 0.0, 0.0, 1.0],
                [0.999476, 0.031909, 0.005435, 0.0, -0.030756, 0.88388, 0.466701, 0.304568, 0.010088, -0.466624, 0.884398, 0.0, 0.0, 0.0, 0.0, 1.0],
                [0.999476, 0.031909, 0.005435, 0.0, -0.030756, 0.88388, 0.466701, 0.304568, 0.010088, -0.466624, 0.884399, -0.0, 0.0, 0.0, 0.0, 1.0],
                [0.999476, 0.031909, 0.005435, 0.0, -0.030756, 0.88388, 0.466701, 0.304568, 0.010088, -0.466624, 0.884398, -0.0, 0.0, 0.0, 0.0, 1.0],
                [0.999476, 0.031909, 0.005435, 0.0, -0.030756, 0.88388, 0.466701, 0.304568, 0.010088, -0.466624, 0.884398, -0.0, 0.0, 0.0, 0.0, 1.0],
                [0.999476, 0.031909, 0.005435, -0.0, -0.030756, 0.88388, 0.466701, 0.304568, 0.010088, -0.466624, 0.884398, -0.0, 0.0, 0.0, 0.0, 1.0]
            ]
        },
        {
            "name": "Head",
            "time": [0.0, 0.0167, 0.0333, 0.05, 0.0667, 0.0833, 0.1, 0.1167, 0.1333, 0.15, 0.1667, 0.1833, 0.2, 0.2167, 0.2333, 0.25, 0.2667, 0.2833, 0.3, 0.3167, 0.3333, 0.35, 0.3667, 0.3833, 0.4],
            "transform": [
                [0.564185, -0.284556, -0.775064, -0.0, -0.383094, 0.741347, -0.551039, 0.403437, 0.731392, 0.60781, 0.309245, 0.0, 0.0, 0.0, 0.0, 1.0],
                [0.457922, -0.289473, -0.840544, 0.0, -0.396498, 0.779747, -0.484544, 0.403437, 0.795674, 0.555157, 0.242288, -0.0, 0.0, 0.0, 0.0, 1.0],
                [0.451882, -0.296055, -0.841519, -0.0, -0.403151, 0.773725, -0.48869, 0.403437, 0.795784, 0.56009, 0.230278, -0.0, 0.0, 0.0, 0.0, 1.0],
                [0.779111, -0.227761, -0.584047, 0.0, -0.3019, 0.680187, -0.667983, 0.403437, 0.549402, 0.696757, 0.46118, -0.0, 0.0, 0.0, 0.0, 1.0],
                [0.989764, -0.043812, -0.135821, -0.0, -0.061131, 0.729828, -0.680893, 0.403437, 0.128957, 0.682226, 0.719679, -0.0, 0.0, 0.0, 0.0, 1.0],
                [0.998775, -0.011477, -0.048137, 0.0, -0.01765, 0.826149, -0.563175, 0.403437, 0.046232, 0.563334, 0.824935, -0.0, 0.0, 0.0, 0.0, 1.0],
                [0.93783, -0.085445, -0.336413, 0.0, -0.12854, 0.814817, -0.565289, 0.403437, 0.322417, 0.573387, 0.753176, 0.0, 0.0, 0.0, 0.0, 1.0],
                [0.83648, -0.152044, -0.526482, 0.0, -0.21933, 0.787543, -0.575909, 0.403437, 0.502191, 0.597209, 0.625416, -0.0, 0.0, 0.0, 0.0, 1.0],
                [0.749921, -0.208295, -0.627879, 0.0, -0.288309, 0.751343, -0.593601, 0.403437, 0.595396, 0.626177, 0.503394, -0.0, 0.0, 0.0, 0.0, 1.0],
                [0.750207, -0.227439, -0.620855, -0.0, -0.306376, 0.712522, -0.631226, 0.403437, 0.585938, 0.663765, 0.464857, 0.0, 0.0, 0.0, 0.0, 1.0],
                [0.829216, -0.199771, -0.522009, 0.0, -0.266067, 0.680254, -0.682981, 0.403437, 0.491538, 0.705227, 0.510925, 0.0, 0.0, 0.0, 0.0, 1.0],
                [0.933443, -0.125959, -0.335884, -0.0, -0.168639, 0.672328, -0.720788, 0.403437, 0.316614, 0.729458, 0.606338, 0.0, 0.0, 0.0, 0.0, 1.0],
                [0.997006, -0.024866, -0.073216, 0.0, -0.034191, 0.707508, -0.705877, 0.403437, 0.069353, 0.706267, 0.70454, 0.0, 0.0, 0.0, 0.0, 1.0],
                [0.979985, 0.052028, 0.19215, 0.0, 0.076615, 0.792318, -0.605278, 0.403437, -0.183735, 0.607885, 0.772474, 0.0, 0.0, 0.0, 0.0, 1.0],
                [0.922096, 0.062606, 0.381863, 0.0, 0.111816, 0.901621, -0.417824, 0.403437, -0.370454, 0.427972, 0.824381, 0.0, 0.0, 0.0, 0.0, 1.0],
                [0.935123, 0.014501, 0.354026, -0.0, 0.060494, 0.977959, -0.199845, 0.403437, -0.349121, 0.208296, 0.913634, -0.0, 0.0, 0.0, 0.0, 1.0],
                [0.986172, -0.005666, -0.165627, -0.0, -0.027193, 0.980337, -0.19545, 0.403437, 0.163478, 0.197252, 0.966627, -0.0, 0.0, 0.0, 0.0, 1.0],
                [0.903375, -0.063495, -0.424125, 0.0, -0.118202, 0.913805, -0.388572, 0.403437, 0.41224, 0.401159, 0.818003, 0.0, 0.0, 0.0, 0.0, 1.0],
                [0.962495, -0.048554, -0.266918, 0.0, -0.08291, 0.884142, -0.459803, 0.403437, 0.258319, 0.464688, 0.846957, -0.0, 0.0, 0.0, 0.0, 1.0],
                [0.9999, -0.002064, -0.01399, 0.0, -0.003869, 0.911604, -0.411051, 0.403437, 0.013602, 0.411064, 0.911505, -0.0, 0.0, 0.0, 0.0, 1.0],
                [0.977084, 0.019904, 0.21192, 0.0, 0.04734, 0.950362, -0.307525, 0.403437, -0.207521, 0.31051, 0.927641, 0.0, 0.0, 0.0, 0.0, 1.0],
                [0.932703, 0.015762, 0.360301, 0.0, 0.062562, 0.976826, -0.204686, 0.403437, -0.355178, 0.213452, 0.910103, 0.0, 0.0, 0.0, 0.0, 1.0],
                [0.90584, 0.004743, 0.423593, -0.0, 0.059882, 0.988463, -0.139123, 0.403437, -0.419366, 0.151389, 0.895105, 0.0, 0.0, 0.0, 0.0, 1.0],
                [0.895989, -0.003235, 0.444065, 0.0, 0.054638, 0.993179, -0.103008, 0.403437, -0.440703, 0.116557, 0.890053, 0.0, 0.0, 0.0, 0.0, 1.0],
                [0.893702, -0.006071, 0.44862, -0.0, 0.05242, 0.994473, -0.090968, 0.403437, -0.445588, 0.104815, 0.889081, 0.0, 0.0, 0.0, 0.0, 1.0]
            ]
        },
        {
            "name": "Shoulder_R",
            "time": [0.0, 0.0167, 0.0333, 0.05, 0.0667, 0.0833, 0.1, 0.1167, 0.1333, 0.15, 0.1667, 0.1833, 0.2, 0.2167, 0.2333, 0.25, 0.2667, 0.2833, 0.3, 0.3167, 0.3333, 0.35, 0.3667, 0.3833, 0.4],
            "transform": [
                [-0.0, 0.952114, 0.305743, -0.0, -0.130263, -0.303138, 0.944001, 0.403437, 0.991479, -0.039827, 0.124026, 0.0, 0.0, 0.0, 0.0, 1.0],
